0.2288447584324933 1
0.22903395255456582 1
0.2292320499294417 2
0.229243178995446 3
0.22927879200665963 4
0.2292899210726639 5
0.22932553408387754 6
0.2293366631498818 7
0.22937227616109546 8
0.2293834052270997 9
0.22941901823831337 10
0.22943014730431763 11
0.22961934142639012 12
0.22981743880126604 13
0.2298285678672703 14
0.2301980528586119 15
0.23020918192461615 16
0.23040727929949206 17
0.23042731161829974 18
0.230438440684304 19
0.23062763480637652 19
0.23066324781759015 20
0.23067437688359443 21
0.23087247425847032 22
0.2308836033244746 23
0.23092366796208996 24
0.23112176533696585 25
0.23114179765577353 26
0.2311618299745812 27
0.2311729590405855 28
0.23136215316265799 29
0.23155134728473048 30
0.23174054140680297 31
0.23177615441801663 32
0.2317961867368243 33
0.23180731580282857 34
0.23199650992490106 35
0.23200763899090532 36
0.23206551013412752 37
0.23208554245293517 38
0.23209667151893945 39
0.23228586564101195 40
0.23247505976308444 41
0.23252402765350322 42
0.2325440599723109 43
0.23255518903831515 44
0.23274438316038765 45
0.23279335105080642 46
0.2328133833696141 47
0.23282451243561836 48
0.23301370655769085 49
0.23306267444810963 50
0.23308270676691728 51
0.23310273908572496 52
0.23311386815172924 53
0.23330306227380174 54
0.233314191339806 55
0.23334980435101965 56
0.2333609334170239 57
0.23338096573583159 58
0.23340099805463926 59
0.23342103037344694 60
0.2527121533852393 61
0.2531038965085894 62
0.31661970200812867 63
0.316826702635808 64
0.31686231564702166 65
0.3168734447130259 65
0.31690905772423955 66
0.3169201867902438 67
0.3172162199459573 68
0.31723625226476493 69
0.32645557054269775 70
0.3267004099947916 71
0.3467082448572586 72
0.3469152454849379 73
0.3469508584961516 74
0.34696198756215585 74
0.3469976005733695 75
0.34700872963937374 76
0.3473047627950872 77
0.34732479511389486 78
0.35571611088111044 79
0.35596095033320424 80
0.3757016876115689 81
0.3759086882392482 82
0.37594430125046185 83
0.3759554303164661 83
0.37599104332767974 84
0.37600217239368405 85
0.37629820554939747 86
0.3763182378682052 87
0.3847095536354207 88
0.3849543930875145 89
0.40470403361868257 90
0.40491103424636193 91
0.40494664725757556 92
0.4049577763235798 92
0.40499338933479345 93
0.4050045184007977 94
0.4053005515565112 95
0.40532058387531883 96
0.4137118996425344 97
0.4139567390946282 98
0.4337152828785997 99
0.43392228350627904 100
0.43395789651749267 101
0.4339690255834969 101
0.43400463859471056 102
0.43401576766071487 103
0.4343118008164283 104
0.43433183313523593 105
0.4427231489024515 106
0.4429679883545453 107
0.49963496663506013 108
0.49984196726273944 109
0.49987758027395307 110
0.4998887093399573 110
0.499924322351171 111
0.49993545141717527 112
0.5002314845728887 113
0.5002515168916963 114
0.508642832658912 115
0.5088876721110057 116
0.528891055347071 117
0.5290980559747503 118
0.529133668985964 119
0.5291447980519682 119
0.5291804110631819 120
0.5291915401291862 121
0.5294875732848996 122
0.5295076056037074 123
0.5378989213709229 124
0.5381437608230167 125
0.5579067562333899 126
0.5581137568610692 127
0.5581493698722828 128
0.5581604989382871 128
0.5581961119495007 129
0.558207241015505 130
0.5585032741712185 131
0.5585233064900261 132
0.5669146222572417 133
0.5671594617093355 134
0.5869313603725121 135
0.5871383610001915 136
0.587173974011405 137
0.5871851030774093 137
0.587220716088623 138
0.5872318451546272 139
0.5875278783103407 140
0.5875479106291484 141
0.5959392263963639 142
0.5961840658484577 143
0.6159648677644377 144
0.616171868392117 145
0.6162074814033307 146
0.616218610469335 146
0.6162542234805486 147
0.6162653525465529 148
0.6165613857022664 149
0.616581418021074 150
0.6249727337882895 151
0.6252175732403834 152
0.6824209725023037 153
0.682627973129983 154
0.6826635861411967 155
0.6826747152072009 155
0.6827103282184146 156
0.6827214572844189 157
0.6830174904401323 158
0.68303752275894 159
0.6914288385261556 160
0.6916736779782493 161
0.7116993193463231 162
0.7119063199740026 163
0.7119419329852161 164
0.7119530620512204 164
0.711988675062434 165
0.7119998041284383 166
0.7122958372841518 167
0.7123158696029595 168
0.720707185370175 169
0.7209520248222688 170
0.7407372783646505 171
0.7409442789923298 172
0.7409798920035435 173
0.7409910210695477 173
0.7410266340807614 174
0.7410377631467656 175
0.7413337963024791 176
0.7413538286212867 177
0.7497451443885024 178
0.7499899838405961 179
0.7697841406357813 180
0.7699911412634606 181
0.7700267542746743 182
0.7700378833406785 182
0.7700734963518922 183
0.7700846254178965 184
0.7703806585736098 185
0.7704006908924176 186
0.7787920066596331 187
0.779036846111727 188
0.7988399061597155 189
0.7990469067873948 190
0.7990825197986084 191
0.7990936488646126 191
0.7991292618758263 192
0.7991403909418306 193
0.799436424097544 194
0.7994564564163518 195
0.8078477721835673 196
0.808092611635661 197
0.8645792990469068 198
0.8647862996745861 199
0.8648219126857998 200
0.864833041751804 200
0.8648686547630177 201
0.864879783829022 202
0.8651758169847353 203
0.8651958493035431 204
0.8735871650707586 205
0.8738320045228525 206
0.8938799040229348 207
0.8940869046506141 208
0.8941225176618277 209
0.894133646727832 209
0.8941692597390457 210
0.8941803888050499 211
0.8944764219607634 212
0.894496454279571 213
0.9028877700467866 214
0.9031326094988804 215
0.9229401211732706 216
0.9231471218009499 217
0.9231827348121636 218
0.9231938638781679 218
0.9232294768893815 219
0.9232406059553858 220
0.9235366391110993 221
0.9235566714299069 222
0.9319479871971225 223
0.9321928266492163 224
0.95200924157641 225
0.9522162422040893 226
0.9522518552153029 227
0.9522629842813072 227
0.9522985972925209 228
0.9523097263585251 229
0.9526057595142385 230
0.9526257918330462 231
0.9610171076002617 232
0.9612619470523556 233
