0.3332665589373077 0
0.3382345740016115 0
0.3624981637041093 0
0.36746617876841303 0
0.39149160645841957 0
0.396464073149125 0
0.4204939524655333 0
0.42547087078264045 0
0.4495052017254504 0
0.4544865716689592 0
0.5154293371083125 0
0.5203951263594154 0
0.5446809741939217 0
0.5496489892582255 0
0.5736966750802406 0
0.578669141770946 0
0.6027212792193628 0
0.6076981975364699 0
0.6317547866112885 0
0.6367361565547973 0
0.6982153429755561 0
0.703181132226659 0
0.7274892381931739 0
0.7324572532574776 0
0.7565271972115012 0
0.7614996639022067 0
0.7855740594826319 0
0.7905509777997392 0
0.8146298250065661 0
0.8196111949500751 0
0.8803736695201592 0
0.8853394587712621 0
0.9096698228697855 0
0.9146378379340893 0
0.9387300400201214 0
0.9437025067108268 0
0.9677991604232606 0
0.9727760787403678 0
