0.3099489398451724 0
0.34086548520501964 0
0.37005257370780414 0
0.39905046808851613 0
0.42805726572203157 0
0.46105494642467626 0
0.46786593481928623 0
0.47345940339302967 0
0.48020361739161405 0
0.4859150540650026 0
0.49350952870631287 0
0.5230260375628236 0
0.5522353841976166 0
0.5812555367103371 0
0.6102845924758611 0
0.6414682354198106 0
0.6482792238144206 0
0.6550523733846161 0
0.6617921357567987 0
0.6686832534266394 0
0.6762732764415479 0
0.7058120434300672 0
0.7350436481968687 0
0.7640860588415977 0
0.7931373727391302 0
0.824334370562285 0
0.8311453589568949 0
0.8379185085270904 0
0.844658270899273 0
0.8515493885691138 0
0.8584093448541424 0
0.8879703699746703 0
0.9172242328734803 0
0.946288901650218 0
0.9774881252865735 0
0.9830860454867185 0
0.9886505784888509 0
0.9943664667886413 0
