0.1455837640281877 1
0.14653196045175104 2
0.1476916091293954 3
0.16577856719952636 4
0.170263580799245 5
0.17430120594559223 6
0.18541691707065175 7
0.18703508326767185 8
0.18981734976873801 9
0.1909725468199807 10
0.19208100179400545 11
0.1945271705017428 12
0.1999804128438325 13
0.20080173791494724 14
0.20296967997257798 15
0.2035261332727912 16
0.20610362495937892 17
0.20682033681005355 18
0.2075993714303521 19
0.20797998548769794 20
0.21011231453411505 21
0.21075780036236239 22
0.21185957789678458 23
0.21230028891055347 24
0.22207606048869954 25
0.22261915890970765 26
0.2230709989894808 27
0.22577758784171797 28
