0.3087225167715025 0
0.309274518445314 0
0.3396390621313497 0
0.34019106380516123 0
0.36882615063413415 0
0.3693781523079457 0
0.3978240450148462 0
0.3983760466886577 0
0.4268308426483616 0
0.4273828443221731 0
0.4922831056326429 0
0.4928351073064544 0
0.5217996144891536 0
0.5223516161629651 0
0.5510089611239466 0
0.5515609627977581 0
0.5800291136366672 0
0.5805811153104787 0
0.609058169402191 0
0.6096101710760026 0
0.675046853367878 0
0.6755988550416895 0
0.7045856203563972 0
0.7051376220302087 0
0.7338172251231988 0
0.7343692267970103 0
0.7628596357679278 0
0.7634116374417393 0
0.7919109496654603 0
0.7924629513392718 0
0.8571829217804725 0
0.857734923454284 0
0.8867439469010003 0
0.8872959485748118 0
0.9159978097998104 0
0.9165498114736219 0
0.9450624785765479 0
0.9456144802503594 0
