0.00012909716564947003 0
0.002506265664160401 0
0.004714272359406509 0
0.006695246108165618 0
0.009484190048834341 0
0.011812390656926509 0
0.014102752440604174 0
0.01595908065011552 0
0.020395126359415414 0
0.025354238170915745 0
0.029977252189087283 0
0.032134065180713774 0
0.034787234516130465 0
0.037266790421880636 0
0.041117447259356205 0
0.04373945520996096 0
0.047345272595342706 0
0.050697347275827226 0
0.05315909667597057 0
0.05641546138881841 0
0.05926450228591016 0
0.06190876836852344 0
0.06475558345241433 0
0.07295547928435654 0
0.07595364966590544 0
0.07928569202758227 0
0.08244412095959258 0
0.08689129573489675 0
0.09172576200714931 0
0.09605274286960741 0
0.1010897581431376 0
0.1072085186322823 0
0.11322266590098692 0
0.11677951539594991 0
0.14924522674359078 0
0.21609975204440943 1
