0.3067838334735596 0
0.3070843182556747 0
0.30714886683849946 0
0.31008471445042446 0
0.31026500531969353 0
0.3103473604081251 0
0.3118564617583034 0
0.3143382434772544 0
0.31503269719592053 0
0.3410012598102717 0
0.34118155067954076 0
0.34126390576797233 0
0.3423100379723732 0
0.34498991706620014 0
0.34568437078486625 0
0.3701883483130562 0
0.37036863918232527 0
0.37045099427075684 0
0.3714971264751577 0
0.37397890819410873 0
0.37467336191277484 0
0.3991862426937682 0
0.39936653356303725 0
0.3994488886514688 0
0.4004950208558697 0
0.4029768025748207 0
0.4036712562934868 0
0.42819304032728356 0
0.4283733311965527 0
0.4284556862849842 0
0.4295018184893851 0
0.4319836002083361 0
0.4326780539270022 0
0.4590049724666907 0
0.4601490404519291 0
0.46022026647435643 0
0.4611862694035266 0
0.46136656027279566 0
0.46144891536122723 0
0.4624950475656281 0
0.4638861808161612 0
0.4639574068385885 0
0.4640464393666226 0
0.46566905719004437 0
0.4669822869785476 0
0.46705128718777406 0
0.46799725779813656 0
0.46817754866740563 0
0.4682599037558372 0
0.46930603596023807 0
0.47148065545747136 0
0.4725846588050944 0
0.47265588482752174 0
0.47359072637188 0
0.47377101724114906 0
0.47385337232958064 0
0.4748995045339815 0
0.47625502477330095 0
0.4763262507957282 0
0.4764152833237623 0
0.47803790114718414 0
0.4793511309356874 0
0.4794201311449138 0
0.48033494037046437 0
0.48051523123973344 0
0.480597586328165 0
0.4816437185325659 0
0.48396746751425634 0
0.4850714708618794 0
0.48514269688430667 0
0.48604637704385295 0
0.4862266679131221 0
0.4863090230015536 0
0.4878559631761464 0
0.48923374154747434 0
0.48930496756990166 0
0.48939400009793577 0
0.4909253595801226 0
0.4916442972439981 0
0.49171329745322456 0
0.49364530331156486 0
0.493825594180834 0
0.4939079492692655 0
0.4954170506194438 0
0.4978988323383948 0
0.49859328605706094 0
0.5231618121680756 0
0.5233421030373447 0
0.5234244581257762 0
0.5244705903301772 0
0.527150469424004 0
0.5278449231426702 0
0.5523711588028686 0
0.5525514496721378 0
0.5526338047605692 0
0.5536799369649702 0
0.5561617186839212 0
0.5568561724025873 0
0.5813913113155892 0
0.5815716021848583 0
0.5816539572732898 0
0.5827000894776907 0
0.5851818711966417 0
0.5858763249153078 0
0.6104203670811131 0
0.6106006579503822 0
0.6106830130388138 0
0.6117291452432146 0
0.6142109269621656 0
0.6149053806808318 0
0.6394182614618251 0
0.6405623294470635 0
0.6406335554694907 0
0.6415995583986609 0
0.6417798492679301 0
0.6418622043563615 0
0.6429083365607625 0
0.6442994698112956 0
0.6443706958337229 0
0.644459728361757 0
0.6460823461851788 0
0.647395575973682 0
0.6474645761829084 0
0.6484105467932709 0
0.64859083766254 0
0.6486731927509716 0
0.6497193249553724 0
0.6510926517002987 0
0.6511594260963243 0
0.6512484586243584 0
0.6528710764477802 0
0.6541843062362834 0
0.6542533064455098 0
0.6551836963634664 0
0.6553639872327355 0
0.655446342321167 0
0.6564924745255679 0
0.6578479947648873 0
0.657914769160913 0
0.658003801688947 0
0.6596264195123689 0
0.6609396493008721 0
0.6610086495100985 0
0.6619234587356491 0
0.6621037496049181 0
0.6621861046933497 0
0.6632322368977506 0
0.664754693127134 0
0.6648214675231596 0
0.6649105000511937 0
0.6665331178746154 0
0.6678463476631187 0
0.6679153478723452 0
0.6688145764054897 0
0.6689948672747589 0
0.6690772223631903 0
0.6706241625377832 0
0.6720019409091111 0
0.6720687153051367 0
0.6721577478331708 0
0.6736891073153577 0
0.6744080449792331 0
0.6744770451884596 0
0.6764090510467999 0
0.676589341916069 0
0.6766716970045006 0
0.6781807983546789 0
0.6806625800736299 0
0.6813570337922961 0
0.7059478180353193 0
0.7061281089045883 0
0.7062104639930199 0
0.7072565961974208 0
0.7099364752912477 0
0.7106309290099138 0
0.7351794228021208 0
0.7353597136713899 0
0.7354420687598214 0
0.7364882009642223 0
0.7389699826831733 0
0.7396644364018394 0
0.7642218334468498 0
0.7644021243161189 0
0.7644844794045504 0
0.7655306116089513 0
0.7680123933279024 0
0.7687068470465684 0
0.7932731473443823 0
0.7934534382136513 0
0.7935357933020829 0
0.7945819255064838 0
0.7970637072254348 0
0.7977581609441009 0
0.8222843966042994 0
0.8234284645895378 0
0.823499690611965 0
0.8244656935411353 0
0.8246459844104044 0
0.824728339498836 0
0.8257744717032368 0
0.8271656049537699 0
0.8272368309761972 0
0.8273258635042313 0
0.8289484813276531 0
0.8302617111161563 0
0.8303307113253827 0
0.8312766819357452 0
0.8314569728050143 0
0.8315393278934459 0
0.8325854600978467 0
0.833958786842773 0
0.8340255612387986 0
0.8341145937668327 0
0.8357372115902545 0
0.8370504413787577 0
0.8371194415879841 0
0.8380498315059407 0
0.8382301223752098 0
0.8383124774636413 0
0.8393586096680422 0
0.8407141299073616 0
0.8407809043033873 0
0.8408699368314213 0
0.8424925546548432 0
0.8438057844433464 0
0.8438747846525728 0
0.8447895938781234 0
0.8449698847473924 0
0.845052239835824 0
0.8460983720402249 0
0.8476208282696083 0
0.8476876026656339 0
0.847776635193668 0
0.8493992530170897 0
0.850712482805593 0
0.8507814830148195 0
0.8516807115479641 0
0.8518610024172332 0
0.8519433575056647 0
0.8534902976802575 0
0.8555781104626575 0
0.8565374359522251 0
0.8566086619746525 0
0.8585451194593945 0
0.8587254103286636 0
0.8588077654170951 0
0.8603168667672734 0
0.8627986484862245 0
0.8634931022048905 0
0.8881061445799223 0
0.8882864354491914 0
0.888368790537623 0
0.8894149227420238 0
0.8920948018358508 0
0.8927892555545168 0
0.9173600074787324 0
0.9175402983480014 0
0.917622653436433 0
0.9186687856408339 0
0.9211505673597848 0
0.921845021078451 0
0.9464246762554699 0
0.9466049671247391 0
0.9466873222131705 0
0.9477334544175715 0
0.9502152361365225 0
0.9509096898551886 0
0.9754492803945921 0
0.9765933483798306 0
0.9766690260286596 0
0.9776194482654238 0
0.9777997391346929 0
0.9778820942231244 0
0.9789282264275253 0
0.9811028459247586 0
0.9822068492723817 0
0.9822825269212107 0
0.9832173684655688 0
0.983397659334838 0
0.9834800144232695 0
0.9845261466276705 0
0.9866829596192969 0
0.9877869629669199 0
0.9878626406157489 0
0.9887819014677012 0
0.9889621923369704 0
0.9890445474254018 0
0.9900906796298028 0
0.9924144286114932 0
0.9935184319591163 0
0.9935941096079453 0
0.9944977897674916 0
0.9946780806367607 0
0.9947604357251922 0
0.996307375899785 0
0.9976851542711129 0
0.9977563802935402 0
0.9978454128215744 0
