0.00024929107849552834 0
0.0003605817385381749 0
0.0004718723985808215 0
0.0005764856190209092 0
0.0006810988394609971 0
0.0007901636863027907 0
0.0026264595770064594 0
0.0027377502370491058 0
0.002822331138681517 0
0.0029202669195190463 0
0.004834466272252568 0
0.004945756932295214 0
0.0050570475923378605 0
0.006815440021011677 0
0.006926730681054323 0
0.0070380213410969695 0
0.007149312001139617 0
0.007253925221579704 0
0.0073629900684214974 0
0.00747873235486585 0
0.0076033778941136144 0
0.0096043839616804 0
0.009715674621723047 0
0.0098314169081674 0
0.009971643139821134 0
0.010111869371474869 0
0.011932584569772567 0
0.012043875229815213 0
0.01215516588985786 0
0.012264230736699654 0
0.012404456968353388 0
0.014222946353450233 0
0.01433423701349288 0
0.016083726189363285 0
0.016219500794615312 0
0.016319662388653695 0
0.01645321118070487 0
0.016593437412358605 0
0.01673366364401234 0
0.016882793128469485 0
0.01707421306374284 0
0.01718995535018719 0
0.017450375494686983 0
0.017579472660336454 0
0.01794228021207548 0
0.01803353855331045 0
0.02051532027226147 0
0.02061993349270156 0
0.020731224152744206 0
0.02084251481278685 0
0.020953805472829497 0
0.021058418693269586 0
0.021169709353312232 0
0.021281000013354878 0
0.021385613233794967 0
0.02149467808063676 0
0.021628226872687936 0
0.02176177566473911 0
0.021875292137982612 0
0.021993260237627817 0
0.022106776710871318 0
0.022220293184114816 0
0.022304874085747228 0
0.022407261492986462 0
0.022520777966229963 0
0.0254744320837618 0
0.02557904530420189 0
0.025690335964244537 0
0.025794949184684623 0
0.025899562405124713 0
0.0260041756255648 0
0.02610878884600489 0
0.026213402066444975 0
0.026324692726487624 0
0.02642930594692771 0
0.026533919167367796 0
0.026638532387807886 0
0.026743145608247972 0
0.02685443626829062 0
0.026939017169923033 0
0.027041404577162267 0
0.027154921050405765 0
0.02727288915005097 0
0.02740643794210215 0
0.030101897728335048 0
0.03225871071996154 0
0.032398936951615276 0
0.03254806643607242 0
0.03269719592052957 0
0.03491188005537823 0
0.03505210628703197 0
0.035192332518685705 0
0.0373914359611284 0
0.03752275893997872 0
0.03763182378682051 0
0.03774756607326487 0
0.03785663092010666 0
0.037972373206551016 0
0.038081438053392806 0
0.03819718033983716 0
0.03830624518667895 0
0.041237641172202265 0
0.04134893183224491 0
0.041453545052685 0
0.041562609899526794 0
0.043859649122807015 0
0.04397093978284967 0
0.04408223044289231 0
0.0441868436633324 0
0.044291456883772486 0
0.04439607010421257 0
0.04450736076425522 0
0.04461197398469531 0
0.0447165872051354 0
0.04482120042557548 0
0.04493694271201984 0
0.04507049150407101 0
0.04746546650818877 0
0.04757675716823141 0
0.04768804782827406 0
0.04779266104871415 0
0.04789727426915424 0
0.04800856492919688 0
0.04811317814963697 0
0.048217791370077055 0
0.04832240459051715 0
0.04843146943735894 0
0.05081754118867328 0
0.05092883184871593 0
0.05103344506915602 0
0.05328374221521833 0
0.05341951682047036 0
0.05351967841450874 0
0.05365990464616247 0
0.05379345343821365 0
0.05393367966986739 0
0.05406722846191856 0
0.05420077725396974 0
0.05653565530166446 0
0.05664026852210455 0
0.0567515591821472 0
0.056856172402587286 0
0.05696746306262993 0
0.05707652790947172 0
0.059389147825157924 0
0.059522696617209096 0
0.059651793782858564 0
0.05976308444290122 0
0.0620334139077712 0
0.06216696269982238 0
0.06230718893147612 0
0.06244073772352729 0
0.06257428651557846 0
0.0648802289916621 0
0.06502045522331584 0
0.06515622982856786 0
0.06525639142260625 0
0.06538103696185402 0
0.06548342436909325 0
0.0656325538535504 0
0.06575719939279816 0
0.0658595868000374 0
0.06597532908648175 0
0.06608439393332353 0
0.06622462016497728 0
0.06636484639663101 0
0.06650507262828474 0
0.06664529885993847 0
0.06679442834439563 0
0.06694355782885276 0
0.06709936475291248 0
0.06725517167697218 0
0.0730756731972026 0
0.07318028641764268 0
0.0732648673192751 0
0.07336280310011263 0
0.07346741632055272 0
0.0760782952051532 0
0.07621852143680694 0
0.07635207022885811 0
0.07649229646051185 0
0.07662584525256302 0
0.0767593940446142 0
0.07689294283666538 0
0.07940588594042834 0
0.07951717660047099 0
0.07962178982091107 0
0.07972640304135116 0
0.07983101626179125 0
0.07994230692183389 0
0.08005137176867569 0
0.08256876649884035 0
0.08701594127414451 0
0.08715616750579824 0
0.08728749048464857 0
0.08739655533149036 0
0.08755236225555006 0
0.08771707243241318 0
0.0879240730600925 0
0.08824236434781448 0
0.08888339854966011 0
0.09185040754639708 0
0.09199953703085423 0
0.09215534395491393 0
0.09231115087897364 0
0.09246918361623419 0
0.09267618424391351 0
0.09322373429132333 0
0.09617738840885517 0
0.10120995205598365 0
0.10131011365002203 0
0.10146592057408174 0
0.10162172749814144 0
0.10177085698259859 0
0.10191998646705575 0
0.10207579339111544 0
0.10223160031517516 0
0.10733316417153006 0
0.10747339040318381 0
0.10760693919523498 0
0.10774048798728615 0
0.11334285981383298 0
0.11344302140787137 0
0.1135832476395251 0
0.11371679643157627 0
0.11385034522362746 0
0.11398389401567863 0
0.1141174428077298 0
0.11690416093519768 0
0.11704438716685141 0
0.12357269728495306 0
0.12368176213179485 0
0.12388653694627332 0
0.1239777952875083 0
0.12499499192029809 0
0.1251218632727467 0
0.1253199606476226 0
0.1254290254944644 0
0.12642396399524566 0
0.1265508353476943 0
0.12674893272257018 0
0.126857997569412 0
0.12785293607019324 0
0.1279731299830393 0
0.12816454991831266 0
0.1282669373255519 0
0.12925519838673058 0
0.1293820697391792 0
0.12958016711405512 0
0.1296892319608969 0
0.14435734095451774 0
0.14445527673535527 0
0.14936987228283855 0
0.14951009851449226 0
0.14965922799894943 0
0.14981503492300913 0
0.14997084184706883 0
0.15011997133152596 0
0.1502601975631797 0
0.15428224201712096 0
0.15440243592996702 0
0.15475411441570178 0
0.15484982438333844 0
0.16850741418377205 0
0.16862983390981895 0
0.2185414691257451 0
0.22607807262383312 0
0.2340086450584721 0
0.2341221615317156 0
0.23423567800495912 0
0.2343491944782026 0
0.23556226267266747 0
0.23586942489438517 0
0.23614319991809007 0
0.23641697494179498 0
0.23686213758196556 0
0.23719600956209352 0
0.23762336569665726 0
0.23805517345762275 0
0.24028766409807822 0
0.2415608292489661 0
0.2455005186144758 0
0.24627510160837263 0
0.24750820212164515 0
0.24820488165351212 0
0.2491130134394601 0
0.25289912169411094 0
0.25651606814549693 0
0.2601686276080966 0
0.26352292810178196 0
0.26696848693670233 0
0.26953039793088407 0
0.2720767282326598 0
0.27458521971002103 0
0.2827539541571513 0
0.28948036165012886 0
0.2913322382332385 0
0.29258759687851954 0
0.29484902309058614 0
0.29653396368363183 0
0.29833464656312186 0
0.30025997498185963 0
0.301419623659504 0
0.30258594977675096 0
0.3037522758939979 0
0.3131518850411998 0
0.31381740318825485 0
0.31451630853332263 0
0.31777935068577307 0
0.3191994195079172 0
0.3248418559720794 0
0.33369836669827324 0
0.33466214381424253 0
0.3357950827334767 0
0.3366253110573948 0
0.3375779591073599 0
0.3438035586301455 0
0.34446907677720057 0
0.34516798212226835 0
0.34912770380658575 0
0.35410239631049206 0
0.3629299714650748 0
0.36389374858104406 0
0.3650266875002782 0
0.3658569158241964 0
0.3668095638741614 0
0.3727925497580541 0
0.37345806790510916 0
0.37415697325017694 0
0.378121146560896 0
0.3830958390648023 0
0.39192786584578676 0
0.3928916429617561 0
0.3940245818809902 0
0.39485481020490837 0
0.3958074582548734 0
0.4017904441387661 0
0.40245596228582114 0
0.4031548676308889 0
0.4071234925680097 0
0.41209818507191603 0
0.42093466347930214 0
0.4218984405952715 0
0.42303137951450565 0
0.42386160783842375 0
0.42481425588838884 0
0.4307972417722815 0
0.4314627599193365 0
0.43216166526440436 0
0.43613474182792683 0
0.44110943433183314 0
0.44995036436562097 0
0.4509141414815903 0
0.4520470804008244 0
0.4528773087247426 0
0.45382995677470767 0
0.49671247390234025 0
0.49737799204939526 0
0.4980768973944631 0
0.5020544255843873 0
0.5070291180882935 0
0.5158589190560772 0
0.5168226961720465 0
0.5179556350912806 0
0.5187858634151987 0
0.5197385114651638 0
0.5259641109879495 0
0.5266296291350044 0
0.5273285344800723 0
0.5313105142963982 0
0.5362852068003044 0
0.5451127819548872 0
0.5460765590708565 0
0.5472094979900907 0
0.5480397263140088 0
0.5489923743639739 0
0.5549753602478665 0
0.5556408783949216 0
0.5563397837399894 0
0.560326215182717 0
0.5653009076866233 0
0.5741329344676077 0
0.5750967115835771 0
0.5762296505028112 0
0.5770598788267294 0
0.5780125268766944 0
0.583995512760587 0
0.5846610309076421 0
0.5853599362527099 0
0.5893508193218392 0
0.5943255118257456 0
0.6031619902331317 0
0.604125767349101 0
0.6052587062683351 0
0.6060889345922533 0
0.6070415826422183 0
0.613024568526111 0
0.613690086673166 0
0.6143889920182338 0
0.6183843267137649 0
0.6233590192176712 0
0.6321999492514591 0
0.6331637263674283 0
0.6342966652866625 0
0.6351268936105806 0
0.6360795416605457 0
0.6794762216375753 0
0.6801417397846303 0
0.6808406451296981 0
0.6848404314516309 0
0.6898151239555371 0
0.6986449249233208 0
0.69960870203929 0
0.7007416409585242 0
0.7015718692824423 0
0.7025245173324074 0
0.7087501168551931 0
0.709415635002248 0
0.7101145403473159 0
0.7141187782956503 0
0.7190934707995567 0
0.7279210459541393 0
0.7288848230701087 0
0.7300177619893428 0
0.730847990313261 0
0.731800638363226 0
0.7377836242471186 0
0.7384491423941737 0
0.7391480477392416 0
0.7431567373139777 0
0.7481314298178839 0
0.7569634565988684 0
0.7579272337148377 0
0.7590601726340719 0
0.75989040095799 0
0.7608430490079551 0
0.7668260348918478 0
0.7674915530389028 0
0.7681904583839706 0
0.7722035995851084 0
0.7771782920890147 0
0.7860147704964009 0
0.7869785476123702 0
0.7881114865316043 0
0.7889417148555224 0
0.7898943629054875 0
0.7958773487893802 0
0.7965428669364353 0
0.7972417722815031 0
0.8012593651090426 0
0.8062340576129489 0
0.8150749876467367 0
0.8160387647627061 0
0.8171717036819401 0
0.8180019320058584 0
0.8189545800558234 0
0.8616122900501698 0
0.8622778081972249 0
0.8629767135422927 0
0.8669987579962339 0
0.8719734505001402 0
0.8808032514679238 0
0.8817670285838931 0
0.8828999675031273 0
0.8837301958270454 0
0.8846828438770105 0
0.8909084433997961 0
0.8915739615468511 0
0.892272866891919 0
0.8962993629722619 0
0.9012740554761682 0
0.9101016306307509 0
0.9110654077467203 0
0.9121983466659545 0
0.9130285749898726 0
0.9139812230398376 0
0.9199642089237303 0
0.9206297270707853 0
0.9213286324158532 0
0.9253595801225978 0
0.9303342726265041 0
0.9391662994074885 0
0.9401300765234578 0
0.941263015442692 0
0.9420932437666101 0
0.9430458918165752 0
0.9490288777004678 0
0.9496943958475229 0
0.9503933011925907 0
0.954428700525737 0
0.9594033930296434 0
0.9682398714370295 0
0.9692036485529988 0
0.970336587472233 0
0.9711668157961512 0
0.9721194638461161 0
