0.14290165912115993 1
0.14344030591576631 1
0.14560602216019622 1
0.14607344293237534 1
0.14655421858375958 1
0.14714628489518647 1
0.14771386726140395 1
0.16329233385417363 1
0.16580082533153487 1
0.1670762162956236 1
0.17028583893125354 1
0.17119397071720152 1
0.1728499757386361 1
0.17432346407760074 1
0.17489994969662165 1
0.1854391752026603 1
0.1859310799200488 1
0.18705734139968036 1
0.18757373006227826 1
0.18983960790074653 1
0.1909948049519892 1
0.19210325992601396 1
0.19306258541558158 1
0.19454942863375135 1
0.19671514487818123 1
0.19865382817612415 1
0.200002670975841 1
0.20082399604695575 1
0.201289191005934 1
0.20172767620650203 1
0.20299193810458652 1
0.20354839140479974 1
0.20504191206257205 1
0.20612588309138744 1
0.20684259494206209 1
0.2076216295623606 1
0.20800224361970646 1
0.21013457266612356 1
0.21078005849437093 1
0.21188183602879312 1
0.212322547042562 1
0.22209831862070809 1
0.2226414170417162 1
0.22309325712148934 1
0.2246980684393043 1
0.2257998459737265 1
