0.22830833745108775 1
0.22853091877117304 1
0.22870898382724128 1
0.22889372632291208 1
0.22908292044498457 1
0.2294791151947364 1
0.2296683093168089 1
0.22987753575768907 1
0.23025814981503492 1
0.23048740857472277 1
0.23072334477401318 1
0.2309726358525087 1
0.23122192693100424 1
0.23141112105307673 1
0.23160031517514923 1
0.23185628369324732 1
0.2321456394093582 1
0.2323348335314307 1
0.2326041569287339 1
0.2328734803260371 1
0.233162836042148 1
0.24003169557998014 2
0.2412069249500305 3
0.24218628275840579 3
0.24236879944087572 3
0.2425357354309397 3
0.24271825211340964 3
0.24286960741106764 3
0.24303431758793076 3
0.24318567288558876 3
0.24339712513966977 3
0.2435863192617423 3
0.24373767455940026 3
0.24390461054946425 3
0.24405596584712225 3
0.24426964391440412 3
0.24445883803647664 3
0.2446101933341346 3
0.2447771293241986 3
0.2449284846218566 3
0.24514216268913847 3
0.24532467937160843 3
0.24605474610148817 4
0.24661787684130396 4
0.24681597421617987 4
0.24695842626103448 4
0.24720326571312828 4
0.24951811144201533 4
0.24971620881689124 4
0.24985866086174585 4
0.25010350031383966 4
0.2504930176239889 5
0.2516971825656504 5
0.25220911960184655 5
0.25315731602540986 5
0.25356463984116595 5
0.2555723233483353 5
0.25686106919162915 5
0.2570480375005008 5
0.25816094410092727 6
0.2583657189154057 6
0.260511402841028 6
0.2607095002159039 6
0.26085195226075847 6
0.26109679171285227 6
0.26392802610433724 6
0.2641261234792131 6
0.26426857552406774 6
0.26451341497616154 6
0.26567528946700675 7
0.2680301998335092 7
0.2686356210241412 7
0.27058098176168666 7
0.2711841771391178 7
0.2731273120634624 7
0.27373050744089356 7
0.2749279949429524 7
0.2751260923178283 7
0.2752685443626829 7
0.27551338381477675 7
0.2786918450655947 7
0.27886545849526123 7
0.2790390719249278 7
0.2792126853545943 7
0.27938629878426086 7
0.27955991221392734 7
0.2797335256435939 7
0.2799071390732604 7
0.28008075250292697 7
0.28025436593259345 7
0.28042797936226 7
0.28060159279192654 7
0.28135614346701565 7
0.282092887636498 7
0.28258256654068564 7
0.28321024586332616 7
0.2834083432382021 7
0.28355079528305666 7
0.2837978605483513 7
0.28398037723082126 7
0.28489518645637185 7
0.2858188989347258 7
0.2860080930567983 7
0.2861594483544563 7
0.2863263843445203 7
0.28647773964217826 7
0.2867114500282678 7
0.28690064415034033 7
0.2870430961951949 7
0.28721003218525887 7
0.28735248423011345 7
0.2880736477071898 7
0.28826061601606146 7
0.28854997173217234 7
0.28871913353543716 7
0.2888704888330952 7
0.28903742482315914 7
0.28918878012081717 7
0.2898097820038551 7
0.290007879378731 7
0.2901503314235856 7
0.2904485903924999 7
0.2907935914386321 7
0.2909026562854739 7
0.2911163343527558 7
0.2921557891175541 7
0.2923961769432462 7
0.29310843716751916 7
0.2933065345423951 7
0.29344898658724966 7
0.29374724555616394 7
0.29465982896851367 7
0.29530754060996184 7
0.2954945089188335 7
0.2970080618954135 7
0.2972061592702894 7
0.297348611315144 7
0.2976468702840583 7
0.29887774498412994 7
0.29907584235900586 7
0.29921829440386044 7
0.2995165533727747 7
0.3042174708529761 7
0.30441556822785204 7
0.3045580202727066 7
0.30485627924162095 7
0.31149810583296605 7
0.311680622515436 7
0.316221281445176 8
0.3164616692708681 8
0.3166686698985474 8
0.31696915468066256 8
0.3202121645143053 9
0.32070184341849295 9
0.3211870706962789 9
0.3216722979740648 9
0.32215752525185076 9
0.3239582081313408 9
0.325075566358169 9
0.32543169647030545 9
0.325952536759305 9
0.3267538295116121 9
0.3271500242613639 9
0.3291554819553324 9
0.3308270676691729 9
0.33104519736285654 9
0.3315571343990527 9
0.3320690714352489 9
0.3355858562925965 9
0.3419516820470359 9
0.34213419872950585 9
0.3463098242943059 9
0.34655021211999804 9
0.34675721274767735 9
0.3470576975297925 9
0.3494927371715256 9
0.3499824160757133 9
0.3504676433534992 9
0.35095287063128516 9
0.3514380979090711 9
0.35321874846975343 9
0.3543361066965816 9
0.3546922368087181 9
0.35521307709771766 9
0.3560143698500247 9
0.35641056459977655 9
0.35841602229374503 9
0.36008760800758555 9
0.36030573770126917 9
0.36081767473746534 9
0.36131848270765726 9
0.36481746105939805 9
0.37113877054982036 9
0.3713212872322903 9
0.3753032670486162 9
0.37554365487430835 9
0.37575065550198766 9
0.3760511402841028 9
0.3784861799258359 9
0.37897585883002355 9
0.3794610861078095 9
0.3799463133855954 9
0.38043154066338136 9
0.3822121912240637 9
0.38332954945089187 9
0.38368567956302835 9
0.3842065198520279 9
0.385007812604335 9
0.3854040073540868 9
0.3874094650480553 9
0.38908105076189586 9
0.38929918045557943 9
0.3898111174917756 9
0.3903119254619675 9
0.39381535544011004 9
0.40013666493053235 9
0.4003191816130023 9
0.40430561305572993 9
0.404546000881422 9
0.4047530015091014 9
0.4050534862912165 9
0.4074885259329496 9
0.40797820483713726 9
0.4084634321149232 9
0.40894865939270914 9
0.4094338866704951 9
0.4112145372311774 9
0.4123318954580056 9
0.41268802557014206 9
0.4132088658591416 9
0.4140101586114487 9
0.4144063533612005 9
0.416411811055169 9
0.4180833967690096 9
0.41830152646269314 9
0.4188134634988893 9
0.41931427146908123 9
0.4228221530736255 9
0.4291434625640478 9
0.4293259792465177 9
0.43331686231564703 9
0.4335572501413391 9
0.4337642507690185 9
0.4340647355511336 9
0.4364997751928667 9
0.43698945409705436 9
0.4374746813748403 9
0.43795990865262624 9
0.4384451359304122 9
0.4402257864910945 9
0.4413431447179227 9
0.44169927483005916 9
0.44222011511905873 9
0.4430214078713658 9
0.4434176026211176 9
0.4454230603150861 9
0.4470946460289267 9
0.44731277572261025 9
0.4478247127588064 9
0.44832552072899834 9
0.45183785395994425 9
0.46213669164029075 9
0.46231920832276074 9
0.4689476800349007 9
0.4691301967173707 9
0.47454114860864416 9
0.4747236652911141 9
0.48128536260722854 9
0.4814678792896985 9
0.48749315562440737 9
0.48768012393327903 9
0.4950586946941065 9
0.49524121137657645 9
0.49923654607210743 9
0.49947693389779957 9
0.4996839345254789 9
0.499984419307594 9
0.5024194589493272 9
0.5029091378535148 9
0.5033943651313008 9
0.5038795924090866 9
0.5043648196868726 9
0.506145470247555 9
0.5072628284743831 9
0.5076189585865196 9
0.5081397988755192 9
0.5089410916278262 9
0.509337286377578 9
0.5113427440715466 9
0.5130143297853871 9
0.5132324594790707 9
0.5137443965152668 9
0.5142452044854587 9
0.5177464086504004 9
0.5241122344048398 9
0.5242947510873097 9
0.5284926347841183 9
0.5287330226098105 9
0.5289400232374898 9
0.529240508019605 9
0.5316755476613381 9
0.5321652265655257 9
0.5326504538433117 9
0.5331356811210975 9
0.5336209083988835 9
0.5354015589595659 9
0.536518917186394 9
0.5368750472985305 9
0.5373958875875301 9
0.5381971803398372 9
0.5385933750895889 9
0.5405988327835575 9
0.542270418497398 9
0.5424885481910816 9
0.5430004852272778 9
0.5435012931974696 9
0.5470002715492105 9
0.5533215810396328 9
0.5535040977221027 9
0.5575083356704372 9
0.5577487234961294 9
0.5579557241238087 9
0.5582562089059238 9
0.5606912485476568 9
0.5611809274518446 9
0.5616661547296304 9
0.5621513820074164 9
0.5626366092852023 9
0.5644172598458846 9
0.5655346180727129 9
0.5658907481848493 9
0.5664115884738489 9
0.567212881226156 9
0.5676090759759078 9
0.5696145336698762 9
0.5712861193837169 9
0.5715042490774004 9
0.5720161861135966 9
0.5725169940837885 9
0.576020424061931 9
0.5823417335523533 9
0.5825242502348232 9
0.5865329398095595 9
0.5867733276352516 9
0.5869803282629309 9
0.587280813045046 9
0.5897158526867791 9
0.5902055315909668 9
0.5906907588687527 9
0.5911759861465387 9
0.5916612134243245 9
0.5934418639850069 9
0.5945592222118351 9
0.5949153523239715 9
0.5954361926129711 9
0.5962374853652782 9
0.59663368011503 9
0.5986391378089985 9
0.6003107235228391 9
0.6005288532165226 9
0.6010407902527188 9
0.6015415982229108 9
0.6050494798274549 9
0.6113707893178773 9
0.6115533060003472 9
0.615566447201485 9
0.6158068350271771 9
0.6160138356548565 9
0.6163143204369717 9
0.6187493600787047 9
0.6192390389828925 9
0.6197242662606783 9
0.6202094935384643 9
0.6206947208162502 9
0.6224753713769325 9
0.6235927296037608 9
0.6239488597158972 9
0.6244697000048968 9
0.6252709927572039 9
0.6256671875069557 9
0.6276726452009241 9
0.6293442309147647 9
0.6295623606084483 9
0.6300742976446445 9
0.6305751056148364 9
0.6340874388457823 9
0.6425499806354251 9
0.6427324973178951 9
0.6493609690300352 9
0.6495434857125051 9
0.6561341186002306 9
0.6563166352827006 9
0.6628738809724133 9
0.6630563976548832 9
0.6702613549860441 9
0.6704483232949158 9
0.6778224424293415 9
0.6780049591118115 9
0.682022551939351 9
0.6822629397650432 9
0.6824699403927225 9
0.6827704251748377 9
0.6852054648165707 9
0.6856951437207583 9
0.6861803709985443 9
0.6866655982763302 9
0.6871508255541162 9
0.6889314761147985 9
0.6900488343416267 9
0.6904049644537632 9
0.6909258047427628 9
0.6917270974950698 9
0.6921232922448216 9
0.6941287499387901 9
0.6958003356526307 9
0.6960184653463143 9
0.6965304023825104 9
0.6970312103527023 9
0.700532414517644 9
0.7068982402720834 9
0.7070807569545533 9
0.7113008987833705 9
0.7115412866090626 9
0.711748287236742 9
0.7120487720188571 9
0.7144838116605902 9
0.7149734905647779 9
0.7154587178425638 9
0.7159439451203498 9
0.7164291723981356 9
0.718209822958818 9
0.7193271811856462 9
0.7196833112977826 9
0.7202041515867822 9
0.7210054443390893 9
0.7214016390888411 9
0.7234070967828096 9
0.7250786824966502 9
0.7252968121903337 9
0.7258087492265299 9
0.7263095571967219 9
0.7298085355484626 9
0.736129845038885 9
0.736312361721355 9
0.7403388578016978 9
0.74057924562739 9
0.7407862462550693 9
0.7410867310371845 9
0.7435217706789176 9
0.7440114495831052 9
0.7444966768608912 9
0.744981904138677 9
0.745467131416463 9
0.7472477819771454 9
0.7483651402039735 9
0.74872127031611 9
0.7492421106051096 9
0.7500434033574166 9
0.7504395981071684 9
0.752445055801137 9
0.7541166415149775 9
0.7543347712086611 9
0.7548467082448572 9
0.7553475162150491 9
0.7588509461931917 9
0.765172255683614 9
0.765354772366084 9
0.7693857200728286 9
0.7696261078985207 9
0.7698331085262 9
0.7701335933083152 9
0.7725686329500483 9
0.7730583118542359 9
0.7735435391320219 9
0.7740287664098078 9
0.7745139936875938 9
0.7762946442482761 9
0.7774120024751042 9
0.7777681325872408 9
0.7782889728762403 9
0.7790902656285474 9
0.7794864603782992 9
0.7814919180722677 9
0.7831635037861082 9
0.7833816334797918 9
0.7838935705159881 9
0.7843943784861799 9
0.7879022600907242 9
0.7942235695811465 9
0.7944060862636164 9
0.7984414855967628 9
0.7986818734224549 9
0.7988888740501342 9
0.7991893588322494 9
0.8016243984739825 9
0.8021140773781701 9
0.8025993046559561 9
0.803084531933742 9
0.803569759211528 9
0.8053504097722103 9
0.8064677679990384 9
0.8068238981111749 9
0.8073447384001745 9
0.8081460311524815 9
0.8085422259022333 9
0.8105476835962019 9
0.8122192693100424 9
0.812437399003726 9
0.8129493360399221 9
0.8134501440101141 9
0.81696247724106 9
0.8254161157778994 9
0.8255986324603694 9
0.8322271041725094 9
0.8324096208549794 9
0.8390002537427049 9
0.8391827704251749 9
0.8457400161148876 9
0.8459225327973575 9
0.8531274901285184 9
0.8533144584373901 9
0.8599585108419361 9
0.860141027524406 9
0.8641808784839541 9
0.8644212663096462 9
0.8646282669373255 9
0.8649287517194407 9
0.8673637913611738 9
0.8678534702653614 9
0.8683386975431474 9
0.8688239248209333 9
0.8693091520987193 9
0.8710898026594016 9
0.8722071608862297 9
0.8725632909983663 9
0.8730841312873658 9
0.8738854240396728 9
0.8742816187894247 9
0.8762870764833932 9
0.8779586621972337 9
0.8781767918909174 9
0.8786887289271135 9
0.8791895368973054 9
0.8826907410622471 9
0.8890565668166864 9
0.8892390834991564 9
0.8934814834599821 9
0.8937218712856743 9
0.8939288719133536 9
0.8942293566954687 9
0.8966643963372017 9
0.8971540752413895 9
0.8976393025191753 9
0.8981245297969613 9
0.8986097570747472 9
0.9003904076354297 9
0.9015077658622578 9
0.9018638959743942 9
0.9023847362633939 9
0.9031860290157009 9
0.9035822237654527 9
0.9055876814594211 9
0.9072592671732618 9
0.9074773968669453 9
0.9079893339031415 9
0.9084901418733334 9
0.9119891202250743 9
0.9183104297154966 9
0.9184929463979665 9
0.9225417006103179 9
0.9227820884360101 9
0.9229890890636894 9
0.9232895738458046 9
0.9257246134875377 9
0.9262142923917254 9
0.9266995196695113 9
0.9271847469472972 9
0.9276699742250831 9
0.9294506247857655 9
0.9305679830125937 9
0.9309241131247301 9
0.9314449534137297 9
0.9322462461660368 9
0.9326424409157886 9
0.934647898609757 9
0.9363194843235976 9
0.9365376140172812 9
0.9370495510534774 9
0.9375503590236693 9
0.9410537890018118 9
0.9473750984922341 9
0.947557615174704 9
0.9516108210134573 9
0.9518512088391494 9
0.9520582094668287 9
0.9523586942489438 9
0.954793733890677 9
0.9552834127948646 9
0.9557686400726505 9
0.9562538673504365 9
0.9567390946282224 9
0.9585197451889048 9
0.9596371034157329 9
0.9599932335278694 9
0.960514073816869 9
0.961315366569176 9
0.9617115613189279 9
0.9637170190128964 9
0.9653886047267369 9
0.9656067344204206 9
0.9661186714566167 9
0.9666194794268086 9
0.9701273610313528 9
0.978569870502188 9
0.978752387184658 9
0.9841677907023331 9
0.984350307384803 9
0.9897323237044654 9
0.9899148403869353 9
0.995944568348046 9
0.9961315366569176 9
