0.1242471186848115 0
0.12432947377324305 0
0.12441628048807632 0
0.12450086138970873 0
0.12464108762136246 0
0.12484808824904178 0
0.12568054238616078 0
0.12576289747459235 0
0.1258497041894256 0
0.12593428509105803 0
0.12607451132271175 0
0.12627706032398936 0
0.12710951446110835 0
0.12719186954953993 0
0.1272786762643732 0
0.1273632571660056 0
0.12750348339765932 0
0.12770603239893696 0
0.12851177677764572 0
0.12859413186607727 0
0.12868093858091054 0
0.12876551948254294 0
0.1289057457141967 0
0.1291082947154743 0
0.1299407488525933 0
0.13002310394102484 0
0.1301099106558581 0
0.13019449155749052 0
0.13033471778914427 0
0.13053726679042188 0
0.2335078370882802 0
0.23373264422156634 0
0.2338239025628013 0
0.23511932584569772 0
0.23530406834136852 0
0.23927937071809185 0
0.23941737113654474 0
0.23959543619261298 0
0.2770269367913567 0
0.27711151769298914 0
0.27775922933443736 0
0.2779439718301081 0
0.27812203688617637 0
0.27827784381023607 0
0.27856274789994523 0
0.28164549918312654 0
0.28173008008475897 0
0.28196156465764766 0
0.3057866691595775 0
0.31732305897959817 0
0.31753896286008093 0
0.3181421582375121 0
0.318280158655965 0
0.3184582237120332 0
0.3295405476390799 0
0.32962512854071235 0
0.32989445193801553 0
0.33007919443368633 0
0.3302572594897546 0
0.3304130664138143 0
0.33069797050352345 0
0.3474116018287281 0
0.34762750570921086 0
0.3480704425361806 0
0.3482084429546335 0
0.3483865080107017 0
0.35880108797749255 0
0.358885668879125 0
0.3591549922764282 0
0.35933973477209896 0
0.35951779982816723 0
0.3596736067522269 0
0.3599585108419361 0
0.3764050445830384 0
0.3766209484635211 0
0.3770638852904909 0
0.37720188570894375 0
0.377379950765012 0
0.38779453073180287 0
0.3878791116334353 0
0.3881484350307385 0
0.3883331775264093 0
0.3885112425824775 0
0.3886670495065372 0
0.3889519535962464 0
0.40540739059015213 0
0.40562329447063483 0
0.4060662312976046 0
0.40620423171605746 0
0.4063822967721257 0
0.4167968767389166 0
0.41688145764054896 0
0.4171507810378522 0
0.417335523533523 0
0.4175135885895912 0
0.4176693955136509 0
0.4179542996033601 0
0.43441863985006923 0
0.43463454373055194 0
0.4350774805575217 0
0.43521548097597457 0
0.43539354603204283 0
0.4458081259988337 0
0.44589270690046606 0
0.4461620302977693 0
0.4463467727934401 0
0.4465248378495083 0
0.446680644773568 0
0.4469655488632772 0
0.5003383236065296 0
0.5005542274870124 0
0.5009971643139821 0
0.501135164732435 0
0.5013132297885032 0
0.5117278097552941 0
0.5118123906569265 0
0.5120817140542298 0
0.5122664565499006 0
0.5124445216059688 0
0.5126003285300285 0
0.5128852326197376 0
0.5295944123185405 0
0.5298103161990233 0
0.530253253025993 0
0.5303912534444459 0
0.5305693185005141 0
0.540983898467305 0
0.5410684793689374 0
0.5413378027662407 0
0.5415225452619115 0
0.5417006103179797 0
0.5418564172420394 0
0.5421413213317485 0
0.5586101132048594 0
0.5588260170853421 0
0.5592689539123119 0
0.5594069543307647 0
0.559585019386833 0
0.5699995993536239 0
0.5700841802552563 0
0.5703535036525594 0
0.5705382461482302 0
0.5707163112042984 0
0.5708721181283581 0
0.5711570222180674 0
0.5876347173439816 0
0.5878506212244644 0
0.5882935580514341 0
0.5884315584698869 0
0.5886096235259553 0
0.5990242034927461 0
0.5991087843943785 0
0.5993781077916817 0
0.5995628502873525 0
0.5997409153434207 0
0.5998967222674805 0
0.6001816263571896 0
0.6166682247359072 0
0.61688412861639 0
0.6173270654433597 0
0.6174650658618126 0
0.6176431309178808 0
0.6280577108846717 0
0.6281422917863041 0
0.6284116151836073 0
0.6285963576792781 0
0.6287744227353463 0
0.628930229659406 0
0.6292151337491152 0
0.6831243294737732 0
0.683340233354256 0
0.6837831701812257 0
0.6839211705996786 0
0.6840992356557468 0
0.6945138156225377 0
0.6945983965241701 0
0.6948677199214733 0
0.6950524624171441 0
0.6952305274732123 0
0.695386334397272 0
0.6956712384869812 0
0.7124026763177927 0
0.7126185801982754 0
0.7130615170252452 0
0.713199517443698 0
0.7133775824997662 0
0.7237921624665572 0
0.7238767433681895 0
0.7241460667654928 0
0.7243308092611636 0
0.7245088743172318 0
0.7246646812412915 0
0.7249495853310007 0
0.74144063533612 0
0.7416565392166028 0
0.7420994760435725 0
0.7422374764620254 0
0.7424155415180936 0
0.7528301214848845 0
0.7529147023865169 0
0.7531840257838202 0
0.753368768279491 0
0.7535468333355592 0
0.7537026402596189 0
0.753987544349328 0
0.7704874976072508 0
0.7707034014877335 0
0.7711463383147033 0
0.7712843387331562 0
0.7714624037892244 0
0.7818769837560152 0
0.7819615646576477 0
0.7822308880549509 0
0.7824156305506217 0
0.7825936956066899 0
0.7827495025307496 0
0.7830344066204588 0
0.799543263131185 0
0.7997591670116677 0
0.8002021038386374 0
0.8003401042570903 0
0.8005181693131586 0
0.8109327492799494 0
0.8110173301815818 0
0.8112866535788851 0
0.8114713960745559 0
0.8116494611306241 0
0.8118052680546838 0
0.8120901721443929 0
0.8652826560183763 0
0.865498559898859 0
0.8659414967258288 0
0.8660794971442817 0
0.8662575622003499 0
0.8766721421671407 0
0.8767567230687732 0
0.8770260464660764 0
0.8772107889617472 0
0.8773888540178154 0
0.8775446609418751 0
0.8778295650315843 0
0.8945832609944043 0
0.8947991648748871 0
0.8952421017018568 0
0.8953801021203096 0
0.8955581671763779 0
0.9059727471431688 0
0.9060573280448012 0
0.9063266514421043 0
0.9065113939377751 0
0.9066894589938435 0
0.9068452659179032 0
0.9071301700076123 0
0.9236434781447401 0
0.9238593820252229 0
0.9243023188521926 0
0.9244403192706455 0
0.9246183843267137 0
0.9350329642935047 0
0.935117545195137 0
0.9353868685924402 0
0.935571611088111 0
0.9357496761441793 0
0.935905483068239 0
0.9361903871579481 0
0.9527125985478795 0
0.9529285024283622 0
0.953371439255332 0
0.9535094396737848 0
0.9536875047298531 0
0.9641020846966439 0
0.9641866655982764 0
0.9644559889955795 0
0.9646407314912503 0
0.9648187965473186 0
0.9649746034713783 0
0.9652595075610875 0
