0.2268637846837342 0
0.25044404973357015 0
0.2574865227010688 0
0.26143511531938196 0
0.26485396439589204 0
0.2676139727649497 0
0.2701758837591314 0
0.27272221406090713 0
0.2758517074213064 0
0.2945819255064838 0
0.29597973619661944 0
0.2981988719578698 0
0.3001242003766076 0
0.301283849054252 0
0.3024501751714989 0
0.30361650128874584 0
0.30540828091543243 0
0.3055640878394922 0
0.3154177628796681 0
0.319384162003588 0
0.32502659846775017 0
0.3345263692089905 0
0.3355235335229726 0
0.3385684459817394 0
0.3460738880950155 0
0.34931244630225655 0
0.3542871388061628 0
0.36375797397579207 0
0.3647551382897742 0
0.367800050748541 0
0.3750673308493258 0
0.3783058890565668 0
0.3832805815604731 0
0.39275586835650406 0
0.39375303267048617 0
0.396797945129253 0
0.4040696768564395 0
0.4073082350636805 0
0.41228292756758683 0
0.42176266599001944 0
0.42275983030400155 0
0.42580474276276836 0
0.4330809261163566 0
0.43631948432359763 0
0.44129417682750394 0
0.45077836687633827 0
0.4517755311903204 0
0.4548204436490872 0
0.499000609872817 0
0.5022391680800581 0
0.5072138605839643 0
0.5166869215667944 0
0.5176840858807765 0
0.5207289983395433 0
0.5282566985848279 0
0.531495256792069 0
0.5364699492959752 0
0.5459407844656045 0
0.5469379487795866 0
0.5499828612383534 0
0.5572723994711468 0
0.5605109576783878 0
0.5654856501822941 0
0.5749609369783251 0
0.5759581012923072 0
0.579003013751074 0
0.586297003610269 0
0.58953556181751 0
0.5945102543214164 0
0.603989992743849 0
0.6049871570578311 0
0.6080320695165979 0
0.6153305110021946 0
0.6185690692094357 0
0.6235437617133419 0
0.6330279517621763 0
0.6340251160761584 0
0.6370700285349252 0
0.6817866157400606 0
0.6850251739473017 0
0.6899998664512079 0
0.699472927434038 0
0.7004700917480201 0
0.7035150042067869 0
0.7110649625840801 0
0.7143035207913211 0
0.7192782132952275 0
0.7287490484648567 0
0.7297462127788388 0
0.7327911252376056 0
0.7401029216024074 0
0.7433414798096485 0
0.7483161723135547 0
0.7577914591095857 0
0.7587886234235678 0
0.7618335358823346 0
0.7691497838735382 0
0.7723883420807792 0
0.7773630345846855 0
0.7868427730071181 0
0.7878399373211002 0
0.7908848497798671 0
0.7982055493974723 0
0.8014441076047134 0
0.8064188001086197 0
0.815902990157454 0
0.8169001544714362 0
0.819945066930203 0
0.8639449422846637 0
0.8671835004919047 0
0.872158192995811 0
0.8816312539786411 0
0.8826284182926232 0
0.88567333075139 0
0.8932455472606917 0
0.8964841054679327 0
0.901458797971839 0
0.9109296331414682 0
0.9119267974554504 0
0.9149717099142172 0
0.9223057644110275 0
0.9255443226182686 0
0.9305190151221749 0
0.9399943019182058 0
0.9409914662321879 0
0.9440363786909547 0
0.9513748848141669 0
0.9546134430214078 0
0.9595881355253142 0
0.9690678739477468 0
0.970065038261729 0
0.9731099507204958 0
