0.07051153638982002 0
0.08456977256640713 0
0.08923062540899318 0
0.0893330128162324 0
0.0935709611506564 0
0.09367334855789562 0
0.09857458922617378 0
0.1046644141437074 0
0.11046933497153184 0
0.11067188397280947 0
0.11925907130170008 0
0.11959739490822972 0
0.12006036405400713 0
0.120576752716605 0
0.12076372102547665 0
0.12086610843271589 0
0.1224731455637317 0
0.1226489848065991 0
0.12274469477423576 0
0.12344582593250444 0
0.13591260567048172 0
0.13675173724720327 0
0.13746177165827536 0
0.13809612842051844 0
0.13828977416899263 0
0.13879948539198797 0
0.13927358360376962 0
0.13946277772584215 0
0.1396586492875172 0
0.14002368265245707 0
0.14111433112087501 0
0.14171307487190446 0
0.14296620770398466 0
0.14350485449859107 0
0.14392775900675311 0
0.14412585638162903 0
0.14568392562222607 0
0.14622034660363165 0
0.14663657367219113 0
0.1472108334780112 0
0.1477494802726176 0
0.1521721711027124 0
0.15251272052244289 0
0.1532294323731175 0
0.1533919167367798 0
0.15347427182521134 0
0.1541575964778732 0
0.16060577732074413 0
0.1630764299736909 0
0.16336133406340006 0
0.16447646647702738 0
0.16506853278845426 0
0.16664440853465814 0
0.16714076487844834 0
0.1677573151350846 0
0.16881457640548975 0
0.16910170630839977 0
0.1703637423932834 0
0.17197968277710263 0
0.1729256533874651 0
0.1743969159132289 0
0.17498675641145492 0
0.17715692428228652 0
0.17913789803104566 0
0.18111887177980476 0
0.18309984552856387 0
0.18552598191749356 0
0.18600453175567694 0
0.1871307932353085 0
0.1876471818979064 0
0.18853973299144844 0
0.18991305973637468 0
0.19106825678761735 0
0.1921767117616421 0
0.19315384375681655 0
0.19464736441458888 0
0.19536852789166523 0
0.19633453082083538 0
0.196779693461006 0
0.19697779083588188 0
0.19746301811366782 0
0.19767224455454802 0
0.19871837675894888 0
0.20007612281146916 0
0.20089967369578476 0
0.20136264284156216 0
0.2017632892177157 0
0.2035840044160134 0
0.20456336222438867 0
0.20507975088698657 0
0.20527562244866163 0
0.2061993349270156 0
0.20687820795327572 0
0.20769508139798876 0
0.20803785663092011 0
0.20877014917400072 0
0.2094378931342566 0
0.20971166815796152 0
0.21020802450175172 0
0.21085351032999908 0
0.21195528786442128 0
0.21235816005377564 0
0.21624442990246487 0
0.2189287606226935 0
0.2190044382715225 0
0.2191135031183643 0
0.2227215463169469 0
0.22317783802312174 0
0.22357403277287358 0
0.22411267956748 0
0.22436197064597552 0
0.22473368145051795 0
0.22583545898494015 0
0.2349924544932491 0
0.3061583799641199 0
