0.1391756478229321 1
0.13918232526253466 2
0.13918900270213722 3
0.13919568014173977 4
0.13920235758134233 5
0.1392090350209449 6
0.13921571246054745 7
0.13922238990015 7
0.14585086161229005 8
0.1458575390518926 9
0.14586421649149517 9
0.1520809127614774 10
0.15208759020107995 11
0.1520942676406825 12
0.15305804475665186 13
0.1530647221962544 14
0.15307139963585695 15
0.1530780770754595 16
0.15308475451506207 17
0.15309143195466463 18
0.15309810939426718 19
0.15310478683386974 20
0.1531114642734723 21
0.15311814171307486 22
0.15312481915267742 23
0.15313149659227998 24
0.15313817403188254 25
0.1531448514714851 26
0.15315152891108766 27
0.15315820635069022 28
0.15316488379029278 29
0.15317156122989534 30
0.1531782386694979 31
0.15408859626864674 32
0.1540952737082493 33
0.15410195114785186 34
0.15410862858745442 35
0.16497059700761674 36
0.1649772744472193 37
0.16498395188682186 38
0.16499062932642442 39
0.16499730676602697 40
0.16500398420562953 41
0.1650106616452321 42
0.16501733908483465 43
0.16555598587944106 44
0.16556266331904362 45
0.16693376425076903 46
0.1669404416903716 47
0.16694711912997415 48
0.1669537965695767 49
0.18834163561657252 50
0.18834831305617508 51
0.18835499049577764 52
0.1883616679353802 53
0.18836834537498276 54
0.18837502281458532 55
0.18838170025418788 56
0.18838837769379044 57
0.188395055133393 58
0.18840173257299556 59
0.18840841001259812 60
0.18841508745220067 61
0.18842176489180323 62
0.18842844233140577 63
0.18843511977100832 64
0.18844179721061088 65
0.18844847465021344 66
0.188455152089816 67
0.18846850696902112 68
0.19524833397881916 69
0.19717366239755696 70
0.19718033983715952 71
0.19718701727676208 72
0.19719369471636464 73
0.1972003721559672 74
0.19720704959556973 75
0.1972137270351723 76
0.2086677617667615 77
0.20867443920636405 78
0.2086811166459666 79
0.20868779408556917 80
0.20960928075072227 81
0.20961595819032483 82
0.2096226356299274 83
0.20962931306952995 84
0.2409286982999239 85
0.24093537573952645 86
0.240942053179129 87
0.24582326152859948 88
0.24582993896820204 89
0.2485365278204392 90
0.24854320526004176 91
0.2516393114224282 91
0.2561243250221468 92
0.2561354540881511 93
0.25810084714450426 93
0.25984811050717377 94
0.25985478794677636 95
0.2619426007291764 95
0.2631779270556498 96
0.26318460449525233 97
0.2631912819348549 98
0.2653525465528831 98
0.2653592239924857 98
0.2656329990161906 99
0.2666323891433735 100
0.2666390665829761 101
0.2677030052929838 101
0.26798790938269296 101
0.2685955563865258 101
0.26919430013755524 102
0.26920097757715783 103
0.27026491628716554 103
0.27053869131087044 103
0.27114411250150244 103
0.271740630439331 104
0.2717473078789336 105
0.2728112465889413 105
0.2730850216126462 105
0.2736904428032782 105
0.27426470260909824 106
0.2742713800487008 107
0.2759451915757422 107
0.27842029585509065 107
0.27842697329469324 107
0.27843365073429577 107
0.27844032817389835 107
0.2784470056135009 107
0.2784536830531035 107
0.278460360492706 108
0.2784670379323086 109
0.2784737153719111 110
0.2784803928115137 111
0.27848707025111624 112
0.2813160788294003 112
0.2843609912881671 113
0.2843743461673722 114
0.28438770104657735 115
0.28440105592578246 116
0.2844144108049876 117
0.2844277656841927 118
0.2844411205633978 119
0.28445447544260294 120
0.28446783032180806 121
0.2844811852010132 122
0.2844945400802183 123
0.28452570146503026 124
0.2845323789046328 125
0.2845390563442354 126
0.2845457337838379 127
0.2845524112234405 128
0.284559088663043 129
0.2845657661026456 130
0.28457244354224814 131
0.28457912098185073 132
0.2845969274874575 133
0.2846036049270601 134
0.28461028236666264 135
0.2846169598062652 135
0.28465257281747885 136
0.284665927696684 137
0.28480837974153855 138
0.28481505718114114 139
0.28482173462074367 140
0.28482841206034626 141
0.28530251027212794 142
0.28531586515133306 143
0.2853292200305382 144
0.2853425749097433 145
0.2853559297889484 146
0.28536928466815353 147
0.28538263954735865 148
0.28539599442656377 149
0.2854093493057689 150
0.285422704184974 151
0.28543605906417907 152
0.28546722044899103 152
0.2854738978885936 152
0.28548057532819615 152
0.28548725276779874 152
0.28549393020740127 152
0.28550060764700386 152
0.2855072850866064 152
0.285513962526209 152
0.2855206399658115 152
0.28553844647141835 152
0.2855451239110209 152
0.28555180135062347 152
0.285558478790226 152
0.28559409180143963 153
0.28560744668064475 154
0.2857498987254994 155
0.2857565761651019 156
0.2857632536047045 157
0.28576993104430704 158
0.30842870942898987 159
0.3084398384949941 159
0.3084554191874001 160
0.3084843547590112 160
0.3084910321986138 160
0.30850216126461805 161
0.3085088387042206 162
0.30853332264942995 163
0.30854000008903254 164
0.30854667752863507 165
0.30855335496823766 166
0.3085600324078402 167
0.3089807111028014 167
0.30899184016880565 167
0.30900742086121163 167
0.30903635643282273 167
0.30904303387242527 167
0.3090541629384296 167
0.3090608403780321 167
0.3090853243232415 167
0.30909200176284407 167
0.3090986792024466 167
0.3091053566420492 167
0.3091120340816517 167
0.30960393879904025 167
0.30961729367824536 167
0.3096306485574505 167
0.3096440034366556 167
0.3096573583158607 167
0.30967071319506584 167
0.30968406807427096 167
0.3096974229534761 167
0.3097107778326812 167
0.3097241327118863 167
0.30973748759109143 167
0.30976864897590334 167
0.3097753264155059 167
0.30978200385510846 167
0.30978868129471104 167
0.3097953587343136 167
0.30980203617391616 167
0.3098087136135187 167
0.3098153910531213 167
0.3098220684927238 167
0.30983987499833066 167
0.3098465524379332 167
0.3098532298775358 167
0.3098599073171383 167
0.30989552032835194 167
0.30990887520755706 167
0.3124106892453158 168
0.3127601419178497 169
0.31276681935745226 170
0.3127779484234565 171
0.3160031517514924 171
0.3160165066306975 171
0.3160276356967018 171
0.31875870849414834 172
0.32428762848506704 173
0.3305555184586689 173
0.33056219589827146 173
0.330568873337874 173
0.3305755507774765 173
0.3305822282170791 173
0.33058890565668164 173
0.33059558309628423 173
0.33060226053588676 173
0.33060893797548935 173
0.3306156154150919 173
0.33062229285469447 173
0.33202900679763353 173
0.3393452547888371 173
0.33935638385484135 173
0.33937196454724733 173
0.33940090011885843 173
0.33940757755846096 173
0.33941870662446527 173
0.3394253840640678 173
0.3394498680092772 173
0.33945654544887977 173
0.3394632228884823 173
0.3394699003280849 173
0.3394765777676874 173
0.3398972564626486 173
0.3399083855286529 173
0.33992396622105886 173
0.33995290179266996 173
0.3399595792322725 173
0.3399707082982768 173
0.33997738573787933 173
0.3400018696830887 173
0.3400085471226913 173
0.3400152245622938 173
0.3400219020018964 173
0.34002857944149895 173
0.34052048415888747 173
0.3405338390380926 173
0.3405471939172977 173
0.3405605487965028 173
0.34057390367570795 173
0.34058725855491306 173
0.3406006134341182 173
0.34061396831332325 173
0.34062732319252836 173
0.3406406780717335 173
0.3406540329509386 173
0.34068519433575056 173
0.34069187177535315 173
0.3406985492149557 173
0.34070522665455827 173
0.3407119040941608 173
0.3407185815337634 173
0.3407252589733659 173
0.3407319364129685 173
0.34073861385257104 173
0.3407564203581779 173
0.3407630977977804 173
0.340769775237383 173
0.34077645267698553 173
0.34081206568819916 173
0.3408254205674043 173
0.3430668144606632 174
0.3434162671331971 174
0.34342294457279965 174
0.34343407363880396 175
0.3461362108646394 175
0.34614956574384453 175
0.3461606948098488 175
0.34868699279281684 176
0.35354816882347967 177
0.3598160587970815 177
0.3598227362366841 177
0.3598294136762866 177
0.3598360911158892 177
0.35984276855549174 177
0.35984944599509433 177
0.35985612343469686 177
0.35986280087429945 177
0.359869478313902 177
0.35987615575350457 177
0.3598828331931071 177
0.3612784180700419 177
0.3685323432916216 177
0.36854347235762586 177
0.36855905305003184 177
0.36858798862164294 177
0.36859466606124547 177
0.3686057951272497 177
0.3686124725668523 177
0.3686369565120617 177
0.3686436339516642 177
0.3686503113912668 177
0.36865698883086934 177
0.3686636662704719 177
0.36908434496543313 177
0.3690954740314374 177
0.36911105472384337 177
0.36913999029545447 177
0.369146667735057 177
0.36915779680106126 177
0.36916447424066384 177
0.3691889581858732 177
0.36919563562547575 177
0.36920231306507834 177
0.36920899050468087 177
0.36921566794428345 177
0.3697075726616719 177
0.36972092754087704 177
0.36973428242008216 177
0.3697476372992873 177
0.3697609921784924 177
0.3697743470576975 177
0.36978770193690264 177
0.36980105681610775 177
0.3698144116953129 177
0.369827766574518 177
0.3698411214537231 177
0.36987228283853507 177
0.3698789602781376 177
0.3698856377177402 177
0.3698923151573427 177
0.3698989925969453 177
0.36990567003654784 177
0.3699123474761504 177
0.36991902491575296 177
0.36992570235535555 177
0.36994350886096233 177
0.3699501863005649 177
0.36995686374016745 177
0.36996354117977004 177
0.36999915419098367 177
0.3700125090701888 177
0.37205580558857176 178
0.3724052582611057 178
0.37241193570070824 178
0.3724230647667125 179
0.3751296536189497 179
0.3751430084981548 179
0.37515413756415905 179
0.37768043554712716 180
0.38254161157778993 181
0.3888095015513918 181
0.38881617899099435 181
0.38882285643059694 181
0.3888295338701995 181
0.38883621130980206 181
0.3888428887494046 181
0.3888495661890072 181
0.3888562436286097 181
0.3888629210682123 181
0.38886959850781483 181
0.3888762759474174 181
0.39027186082435217 181
0.3975302376723336 181
0.39754136673833784 181
0.3975569474307438 181
0.3975858830023549 181
0.39759256044195745 181
0.3976036895079617 181
0.3976103669475643 181
0.3976348508927737 181
0.39764152833237626 181
0.3976482057719788 181
0.3976548832115814 181
0.3976615606511839 181
0.3980822393461451 181
0.3980933684121494 181
0.39810894910455535 181
0.39813788467616645 181
0.398144562115769 181
0.39815569118177324 181
0.39816236862137583 181
0.3981868525665852 181
0.39819353000618773 181
0.3982002074457903 181
0.39820688488539285 181
0.39821356232499544 181
0.3987054670423839 181
0.39871882192158903 181
0.39873217680079415 181
0.39874553167999927 181
0.3987588865592044 181
0.3987722414384095 181
0.3987855963176146 181
0.39879895119681974 181
0.39881230607602486 181
0.39882566095523 181
0.3988390158344351 181
0.39887017721924706 181
0.3988768546588496 181
0.3988835320984522 181
0.3988902095380547 181
0.3988968869776573 181
0.3989035644172598 181
0.3989102418568624 181
0.39891691929646494 181
0.39892359673606753 181
0.3989414032416743 181
0.3989480806812769 181
0.39895475812087944 181
0.398961435560482 181
0.39899704857169566 181
0.3990104034509008 181
0.40105369996928375 182
0.4014031526418177 182
0.4014098300814202 182
0.40142095914742454 183
0.4041319996260634 183
0.4041453545052685 183
0.40415648357127276 183
0.40668278155424087 184
0.41154395758490364 185
0.4178118475585055 185
0.41781852499810807 185
0.4178252024377106 185
0.4178318798773132 185
0.4178385573169157 185
0.4178452347565183 185
0.41785191219612083 185
0.4178585896357234 185
0.41786526707532595 185
0.41787194451492854 185
0.41787862195453107 185
0.4192742068314659 185
0.42653703530584897 185
0.4265481643718533 185
0.4265637450642592 185
0.4265926806358703 185
0.4265993580754729 185
0.42661048714147715 185
0.4266171645810797 185
0.42664164852628905 185
0.42664832596589164 185
0.42665500340549417 185
0.42666168084509676 185
0.4266683582846993 185
0.4270890369796605 185
0.4271001660456648 185
0.42711574673807073 185
0.42714468230968183 185
0.4271513597492844 185
0.4271624888152887 185
0.4271691662548912 185
0.4271936502001006 185
0.42720032763970317 185
0.4272070050793057 185
0.4272136825189083 185
0.4272203599585108 185
0.42771226467589935 185
0.42772561955510446 185
0.4277389744343096 185
0.4277523293135147 185
0.4277656841927198 185
0.42777903907192494 185
0.42779239395113006 185
0.4278057488303352 185
0.4278191037095403 185
0.4278324585887454 185
0.42784581346795053 185
0.42787697485276244 185
0.427883652292365 185
0.42789032973196756 185
0.42789700717157014 185
0.4279036846111727 185
0.42791036205077526 185
0.4279170394903778 185
0.4279237169299804 185
0.4279303943695829 185
0.42794820087518975 185
0.4279548783147923 185
0.4279615557543949 185
0.4279682331939974 185
0.4280038462052111 185
0.4280172010844162 185
0.4300604976027992 186
0.4304099502753331 186
0.43041662771493566 186
0.4304277567809399 187
0.4331432488859805 187
0.4331566037651856 187
0.43316773283118987 187
0.435694030814158 188
0.44055520684482075 189
0.44682309681842264 189
0.44682977425802517 189
0.4468364516976277 189
0.4468431291372303 189
0.4468498065768328 189
0.4468564840164354 189
0.44686316145603794 189
0.4468698388956405 189
0.44687651633524306 189
0.44688319377484564 189
0.4468898712144482 189
0.448285456091383 189
0.46070994537854404 189
0.46072330025774916 189
0.4607366551369543 189
0.4607500100161594 189
0.4607633648953645 189
0.46077671977456963 189
0.46079007465377475 189
0.46080342953297987 189
0.460816784412185 189
0.4608301392913901 189
0.4608434941705952 189
0.4608746555554072 189
0.4608813329950097 189
0.4608880104346123 189
0.46089468787421484 189
0.4609013653138174 189
0.46090804275341996 189
0.46091472019302254 189
0.4609213976326251 189
0.46092807507222766 189
0.46094588157783445 189
0.46095255901743704 189
0.46095923645703957 189
0.46096591389664215 189
0.4610015269078558 189
0.4610148817870609 189
0.467520933773154 189
0.46753428865235913 189
0.46754764353156425 189
0.46756099841076937 189
0.4675743532899745 189
0.4675877081691796 189
0.4676010630483847 189
0.46761441792758984 189
0.46762777280679496 189
0.4676411276860001 189
0.4676544825652052 189
0.46768564395001716 189
0.4676923213896197 189
0.4676989988292223 189
0.4677056762688248 189
0.4677123537084274 189
0.46771903114802993 189
0.4677257085876325 189
0.46773238602723505 189
0.46773906346683763 189
0.4677568699724444 189
0.467763547412047 189
0.46777022485164954 189
0.46777690229125213 189
0.46781251530246576 189
0.4678258701816709 189
0.47311440234689744 189
0.47312775722610256 189
0.4731411121053077 189
0.4731544669845128 189
0.4731678218637179 189
0.47318117674292304 189
0.47319453162212816 189
0.4732078865013333 189
0.4732212413805384 189
0.4732345962597435 189
0.47324795113894863 189
0.47327911252376054 189
0.4732857899633631 189
0.47329246740296566 189
0.47329914484256824 189
0.4733058222821708 189
0.47331249972177336 189
0.4733191771613759 189
0.4733258546009785 189
0.473332532040581 189
0.47335033854618785 189
0.4733570159857904 189
0.473363693425393 189
0.4733703708649955 189
0.4734059838762092 189
0.4734193387554143 189
0.4798586163454818 189
0.47987197122468694 189
0.47988532610389206 189
0.4798986809830972 189
0.4799120358623023 189
0.4799253907415074 189
0.47993874562071254 189
0.47995210049991766 189
0.4799654553791228 189
0.4799788102583279 189
0.479992165137533 189
0.4800233265223449 189
0.4800300039619475 189
0.48003668140155004 189
0.4800433588411526 189
0.48005003628075515 189
0.48005671372035774 189
0.4800633911599603 189
0.48007006859956286 189
0.4800767460391654 189
0.48009455254477224 189
0.48010122998437477 189
0.48010790742397735 189
0.4801145848635799 189
0.48015019787479357 189
0.4801635527539987 189
0.48557005301887046 189
0.4855834078980756 189
0.4855967627772807 189
0.4856101176564858 189
0.48562347253569094 189
0.48563682741489606 189
0.4856501822941012 189
0.4856635371733063 189
0.4856768920525114 189
0.48569024693171653 189
0.4857036018109216 189
0.48573476319573355 189
0.48574144063533614 189
0.4857481180749387 189
0.48575479551454126 189
0.4857614729541438 189
0.4857681503937464 189
0.4857748278333489 189
0.4857815052729515 189
0.48578818271255403 189
0.48580598921816087 189
0.4858126666577634 189
0.485819344097366 189
0.4858260215369685 189
0.48586163454818215 189
0.48587498942738727 189
0.4919892982901303 189
0.4920004273561346 189
0.4920160080485405 189
0.4920449436201516 189
0.4920516210597542 189
0.49206275012575845 189
0.492069427565361 189
0.4920939115105704 189
0.49210058895017295 189
0.4921072663897755 189
0.49211394382937806 189
0.4921206212689806 189
0.4925412999639418 189
0.4925524290299461 189
0.49256800972235204 189
0.49259694529396314 189
0.4926036227335657 189
0.49261475179957 189
0.4926214292391725 189
0.4926459131843819 189
0.4926525906239845 189
0.492659268063587 189
0.4926659455031896 189
0.4926726229427921 189
0.49316452766018065 189
0.49317788253938577 189
0.4931912374185909 189
0.493204592297796 189
0.4932179471770011 189
0.49323130205620624 189
0.49324465693541136 189
0.4932580118146165 189
0.4932713666938216 189
0.4932847215730267 189
0.49329807645223184 189
0.49332923783704374 189
0.49333591527664633 189
0.49334259271624886 189
0.49334927015585145 189
0.493355947595454 189
0.49336262503505657 189
0.4933693024746591 189
0.4933759799142617 189
0.4933826573538642 189
0.49340046385947106 189
0.4934071412990736 189
0.4934138187386762 189
0.4934204961782787 189
0.4934561091894924 189
0.4934694640686975 189
0.4959712781064562 190
0.4963207307789901 190
0.49632740821859267 190
0.4963385372845969 191
0.4990629326424409 191
0.499076287521646 191
0.4990874165876503 191
0.5016137145706184 192
0.5064748906012811 193
0.512742780574883 193
0.5127494580144856 193
0.5127561354540882 193
0.5127628128936907 193
0.5127694903332932 193
0.5127761677728958 193
0.5127828452124984 193
0.512789522652101 193
0.5127962000917035 193
0.512802877531306 193
0.5128095549709086 193
0.5142051398478434 193
0.5215058071466411 193
0.5215169362126453 193
0.5215325169050513 193
0.5215614524766623 193
0.5215681299162649 193
0.5215792589822692 193
0.5215859364218717 193
0.5216104203670812 193
0.5216170978066836 193
0.5216237752462862 193
0.5216304526858888 193
0.5216371301254914 193
0.5220578088204526 193
0.5220689378864568 193
0.5220845185788627 193
0.5221134541504738 193
0.5221201315900764 193
0.5221312606560807 193
0.5221379380956832 193
0.5221624220408927 193
0.5221690994804952 193
0.5221757769200978 193
0.5221824543597003 193
0.5221891317993029 193
0.5226810365166914 193
0.5226943913958965 193
0.5227077462751016 193
0.5227211011543067 193
0.5227344560335119 193
0.5227478109127169 193
0.5227611657919221 193
0.5227745206711272 193
0.5227878755503323 193
0.5228012304295374 193
0.5228145853087426 193
0.5228457466935544 193
0.522852424133157 193
0.5228591015727596 193
0.5228657790123622 193
0.5228724564519647 193
0.5228791338915673 193
0.5228858113311698 193
0.5228924887707724 193
0.5228991662103749 193
0.5229169727159818 193
0.5229236501555844 193
0.5229303275951869 193
0.5229370050347895 193
0.5229726180460031 193
0.5229859729252082 193
0.5252273668184672 194
0.525576819491001 194
0.5255834969306036 194
0.5255946259966079 195
0.5283190213544519 195
0.5283323762336569 195
0.5283435052996612 195
0.5308698032826293 196
0.5357309793132922 197
0.541998869286894 197
0.5420055467264965 197
0.5420122241660991 197
0.5420189016057017 197
0.5420255790453042 197
0.5420322564849067 197
0.5420389339245093 197
0.5420456113641119 197
0.5420522888037145 197
0.542058966243317 197
0.5420656436829195 197
0.5434612285598543 197
0.5507151537814341 197
0.5507262828474383 197
0.5507418635398443 197
0.5507707991114553 197
0.5507774765510579 197
0.5507886056170622 197
0.5507952830566647 197
0.5508197670018742 197
0.5508264444414767 197
0.5508331218810792 197
0.5508397993206818 197
0.5508464767602844 197
0.5512671554552456 197
0.5512782845212498 197
0.5512938652136558 197
0.5513228007852669 197
0.5513294782248694 197
0.5513406072908738 197
0.5513472847304762 197
0.5513717686756857 197
0.5513784461152882 197
0.5513851235548908 197
0.5513918009944934 197
0.551398478434096 197
0.5518903831514844 197
0.5519037380306895 197
0.5519170929098947 197
0.5519304477890997 197
0.5519438026683049 197
0.55195715754751 197
0.5519705124267151 197
0.5519838673059202 197
0.5519972221851254 197
0.5520105770643304 197
0.5520239319435356 197
0.5520550933283475 197
0.55206177076795 197
0.5520684482075526 197
0.5520751256471552 197
0.5520818030867577 197
0.5520884805263603 197
0.5520951579659629 197
0.5521018354055655 197
0.5521085128451679 197
0.5521263193507748 197
0.5521329967903774 197
0.5521396742299799 197
0.5521463516695825 197
0.5521819646807962 197
0.5521953195600012 197
0.5542386160783842 198
0.5545880687509182 198
0.5545947461905207 198
0.5546058752565249 199
0.5573347222407706 199
0.5573480771199758 199
0.55735920618598 199
0.5598855041689481 200
0.5647466801996109 201
0.5710145701732128 201
0.5710212476128154 201
0.571027925052418 201
0.5710346024920204 201
0.571041279931623 201
0.5710479573712256 201
0.5710546348108282 201
0.5710613122504307 201
0.5710679896900333 201
0.5710746671296358 201
0.5710813445692384 201
0.5724769294461731 201
0.5797353062941546 201
0.5797464353601588 201
0.5797620160525648 201
0.5797909516241759 201
0.5797976290637784 201
0.5798087581297827 201
0.5798154355693853 201
0.5798399195145947 201
0.5798465969541973 201
0.5798532743937997 201
0.5798599518334023 201
0.5798666292730049 201
0.5802873079679661 201
0.5802984370339703 201
0.5803140177263764 201
0.5803429532979875 201
0.5803496307375899 201
0.5803607598035943 201
0.5803674372431968 201
0.5803919211884062 201
0.5803985986280087 201
0.5804052760676113 201
0.5804119535072139 201
0.5804186309468164 201
0.5809105356642049 201
0.58092389054341 201
0.5809372454226152 201
0.5809506003018202 201
0.5809639551810254 201
0.5809773100602305 201
0.5809906649394356 201
0.5810040198186407 201
0.5810173746978459 201
0.5810307295770509 201
0.5810440844562561 201
0.5810752458410681 201
0.5810819232806705 201
0.5810886007202731 201
0.5810952781598757 201
0.5811019555994783 201
0.5811086330390808 201
0.5811153104786834 201
0.581121987918286 201
0.5811286653578885 201
0.5811464718634953 201
0.5811531493030979 201
0.5811598267427004 201
0.581166504182303 201
0.5812021171935167 201
0.5812154720727217 201
0.5832587685911048 202
0.5836082212636386 202
0.5836148987032412 202
0.5836260277692455 203
0.5863593263798929 203
0.586372681259098 203
0.5863838103251022 203
0.5889101083080703 204
0.5937712843387332 205
0.600039174312335 205
0.6000458517519376 205
0.6000525291915402 205
0.6000592066311426 205
0.6000658840707452 205
0.6000725615103478 205
0.6000792389499504 205
0.6000859163895529 205
0.6000925938291555 205
0.6000992712687581 205
0.6001059487083606 205
0.6015015335852953 205
0.6087643620596785 205
0.6087754911256827 205
0.6087910718180888 205
0.6088200073896999 205
0.6088266848293024 205
0.6088378138953067 205
0.6088444913349093 205
0.6088689752801186 205
0.6088756527197211 205
0.6088823301593237 205
0.6088890075989263 205
0.6088956850385289 205
0.6093163637334901 205
0.6093274927994943 205
0.6093430734919003 205
0.6093720090635113 205
0.6093786865031139 205
0.6093898155691182 205
0.6093964930087208 205
0.6094209769539302 205
0.6094276543935326 205
0.6094343318331352 205
0.6094410092727378 205
0.6094476867123404 205
0.6099395914297289 205
0.6099529463089339 205
0.6099663011881391 205
0.6099796560673442 205
0.6099930109465493 205
0.6100063658257544 205
0.6100197207049596 205
0.6100330755841646 205
0.6100464304633698 205
0.6100597853425749 205
0.61007314022178 205
0.610104301606592 205
0.6101109790461945 205
0.6101176564857971 205
0.6101243339253997 205
0.6101310113650023 205
0.6101376888046047 205
0.6101443662442073 205
0.6101510436838099 205
0.6101577211234125 205
0.6101755276290193 205
0.6101822050686219 205
0.6101888825082243 205
0.6101955599478269 205
0.6102311729590406 205
0.6102445278382457 205
0.6122878243566287 206
0.6126372770291626 206
0.6126439544687652 206
0.6126550835347694 207
0.6153928337718185 207
0.6154061886510237 207
0.6154173177170279 207
0.617943615699996 208
0.6228047917306588 209
0.6290726817042607 209
0.6290793591438633 209
0.6290860365834657 209
0.6290927140230683 209
0.6290993914626709 209
0.6291060689022735 209
0.629112746341876 209
0.6291194237814786 209
0.6291261012210811 209
0.6291327786606837 209
0.6291394561002862 209
0.630535040977221 209
0.6411232343736785 209
0.6411365892528835 209
0.6411499441320887 209
0.6411632990112938 209
0.6411766538904989 209
0.641190008769704 209
0.6412033636489092 209
0.6412167185281142 209
0.6412300734073194 209
0.6412434282865245 209
0.6412567831657296 209
0.6412879445505415 209
0.6412946219901441 209
0.6413012994297467 209
0.6413079768693493 209
0.6413146543089517 209
0.6413213317485543 209
0.6413280091881569 209
0.6413346866277595 209
0.641341364067362 209
0.6413591705729689 209
0.6413658480125713 209
0.6413725254521739 209
0.6413792028917765 209
0.6414148159029902 209
0.6414281707821953 209
0.6479342227682884 209
0.6479475776474936 209
0.6479609325266986 209
0.6479742874059038 209
0.6479876422851089 209
0.648000997164314 209
0.6480143520435191 209
0.6480277069227243 209
0.6480410618019293 209
0.6480544166811345 209
0.6480677715603396 209
0.6480989329451515 209
0.6481056103847541 209
0.6481122878243566 209
0.6481189652639592 209
0.6481256427035618 209
0.6481323201431644 209
0.6481389975827668 209
0.6481456750223694 209
0.648152352461972 209
0.6481701589675788 209
0.6481768364071814 209
0.648183513846784 209
0.6481901912863864 209
0.6482258042976001 209
0.6482391591768052 209
0.6547073723384839 209
0.654720727217689 209
0.6547340820968941 209
0.6547474369760993 209
0.6547607918553043 209
0.6547741467345094 209
0.6547875016137146 209
0.6548008564929196 209
0.6548142113721248 209
0.6548275662513299 209
0.654840921130535 209
0.654872082515347 209
0.6548787599549495 209
0.6548854373945521 209
0.6548921148341547 209
0.6548987922737572 209
0.6549054697133597 209
0.6549121471529623 209
0.6549188245925649 209
0.6549255020321675 209
0.6549433085377743 209
0.6549499859773769 209
0.6549566634169794 209
0.6549633408565819 209
0.6549989538677956 209
0.6550123087470007 209
0.6614471347106665 209
0.6614604895898717 209
0.6614738444690768 209
0.6614871993482819 209
0.661500554227487 209
0.6615139091066922 209
0.6615272639858972 209
0.6615406188651024 209
0.6615539737443075 209
0.6615673286235126 209
0.6615806835027177 209
0.6616118448875297 209
0.6616185223271323 209
0.6616251997667347 209
0.6616318772063373 209
0.6616385546459399 209
0.6616452320855425 209
0.661651909525145 209
0.6616585869647476 209
0.6616652644043501 209
0.6616830709099569 209
0.6616897483495595 209
0.6616964257891621 209
0.6617031032287646 209
0.6617387162399783 209
0.6617520711191834 209
0.6683382523805073 209
0.6683516072597123 209
0.6683649621389175 209
0.6683783170181226 209
0.6683916718973277 209
0.6684050267765328 209
0.668418381655738 209
0.668431736534943 209
0.6684450914141482 209
0.6684584462933533 209
0.6684718011725584 209
0.6685029625573703 209
0.6685096399969729 209
0.6685163174365755 209
0.6685229948761781 209
0.6685296723157805 209
0.6685363497553831 209
0.6685430271949857 209
0.6685497046345883 209
0.6685563820741908 209
0.6685741885797977 209
0.6685808660194001 209
0.6685875434590027 209
0.6685942208986053 209
0.668629833909819 209
0.6686431887890241 209
0.6747530460253653 209
0.6747641750913697 209
0.6747797557837756 209
0.6748086913553867 209
0.6748153687949893 209
0.6748264978609935 209
0.674833175300596 209
0.6748576592458054 209
0.674864336685408 209
0.6748710141250106 209
0.6748776915646131 209
0.6748843690042157 209
0.6753050476991769 209
0.6753161767651812 209
0.6753317574575871 209
0.6753606930291982 209
0.6753673704688008 209
0.675378499534805 209
0.6753851769744076 209
0.675409660919617 209
0.6754163383592195 209
0.6754230157988221 209
0.6754296932384246 209
0.6754363706780272 209
0.6759282753954157 209
0.6759416302746208 209
0.6759549851538259 209
0.6759683400330311 209
0.6759816949122361 209
0.6759950497914413 209
0.6760084046706464 209
0.6760217595498516 209
0.6760351144290566 209
0.6760484693082618 209
0.6760618241874669 209
0.6760929855722788 209
0.6760996630118814 209
0.676106340451484 209
0.6761130178910865 209
0.676119695330689 209
0.6761263727702916 209
0.6761330502098942 209
0.6761397276494967 209
0.6761464050890993 209
0.6761642115947061 209
0.6761708890343087 209
0.6761775664739113 209
0.6761842439135138 209
0.6762198569247274 209
0.6762332118039326 209
0.6787350258416912 210
0.6790844785142252 210
0.6790911559538277 210
0.6791022850198319 211
0.6818489385096845 211
0.6818622933888896 211
0.6818734224548939 211
0.684399720437862 212
0.6892608964685247 213
0.6955287864421267 213
0.6955354638817292 213
0.6955421413213317 213
0.6955488187609343 213
0.6955554962005369 213
0.6955621736401394 213
0.695568851079742 213
0.6955755285193446 213
0.6955822059589472 213
0.6955888833985496 213
0.6955955608381522 213
0.696991145715087 213
0.7042918130138847 213
0.7043029420798889 213
0.7043185227722949 213
0.704347458343906 213
0.7043541357835085 213
0.7043652648495128 213
0.7043719422891154 213
0.7043964262343247 213
0.7044031036739272 213
0.7044097811135298 213
0.7044164585531324 213
0.704423135992735 213
0.7048438146876962 213
0.7048549437537004 213
0.7048705244461064 213
0.7048994600177175 213
0.70490613745732 213
0.7049172665233243 213
0.7049239439629269 213
0.7049484279081363 213
0.7049551053477388 213
0.7049617827873413 213
0.7049684602269439 213
0.7049751376665465 213
0.705467042383935 213
0.70548039726314 213
0.7054937521423452 213
0.7055071070215503 213
0.7055204619007555 213
0.7055338167799605 213
0.7055471716591657 213
0.7055605265383708 213
0.7055738814175759 213
0.705587236296781 213
0.7056005911759862 213
0.7056317525607981 213
0.7056384300004006 213
0.7056451074400032 213
0.7056517848796058 213
0.7056584623192084 213
0.7056651397588108 213
0.7056718171984134 213
0.705678494638016 213
0.7056851720776186 213
0.7057029785832254 213
0.705709656022828 213
0.7057163334624305 213
0.705723010902033 213
0.7057586239132467 213
0.7057719787924518 213
0.7080133726857107 214
0.7083628253582447 214
0.7083695027978472 214
0.7083806318638515 215
0.711127285353704 215
0.7111406402329091 215
0.7111517692989133 215
0.7136780672818814 216
0.7185392433125443 217
0.7248071332861461 217
0.7248138107257487 217
0.7248204881653512 217
0.7248271656049537 217
0.7248338430445563 217
0.7248405204841589 217
0.7248471979237614 217
0.724853875363364 217
0.7248605528029666 217
0.7248672302425692 217
0.7248739076821716 217
0.7262694925591064 217
0.7335234177806862 217
0.7335345468466904 217
0.7335501275390964 217
0.7335790631107075 217
0.73358574055031 217
0.7335968696163143 217
0.7336035470559169 217
0.7336280310011263 217
0.7336347084407289 217
0.7336413858803313 217
0.7336480633199339 217
0.7336547407595365 217
0.7340754194544977 217
0.7340865485205019 217
0.734102129212908 217
0.7341310647845191 217
0.7341377422241215 217
0.7341488712901258 217
0.7341555487297284 217
0.7341800326749378 217
0.7341867101145404 217
0.7341933875541429 217
0.7342000649937455 217
0.734206742433348 217
0.7346986471507365 217
0.7347120020299417 217
0.7347253569091468 217
0.7347387117883519 217
0.734752066667557 217
0.734765421546762 217
0.7347787764259672 217
0.7347921313051723 217
0.7348054861843775 217
0.7348188410635825 217
0.7348321959427877 217
0.7348633573275997 217
0.7348700347672023 217
0.7348767122068047 217
0.7348833896464073 217
0.7348900670860099 217
0.7348967445256124 217
0.734903421965215 217
0.7349100994048176 217
0.7349167768444201 217
0.7349345833500269 217
0.7349412607896295 217
0.7349479382292321 217
0.7349546156688346 217
0.7349902286800483 217
0.7350035835592533 217
0.7370468800776364 218
0.7373963327501702 218
0.7374030101897728 218
0.7374141392557771 219
0.7401652443720314 219
0.7401785992512364 219
0.7401897283172407 219
0.7427160263002088 220
0.7475772023308715 221
0.7538450923044734 221
0.753851769744076 221
0.7538584471836786 221
0.7538651246232811 221
0.7538718020628836 221
0.7538784795024862 221
0.7538851569420888 221
0.7538918343816914 221
0.7538985118212939 221
0.7539051892608964 221
0.753911866700499 221
0.7553074515774338 221
0.7625658284254152 221
0.7625769574914195 221
0.7625925381838254 221
0.7626214737554365 221
0.7626281511950391 221
0.7626392802610433 221
0.7626459577006459 221
0.7626704416458553 221
0.7626771190854579 221
0.7626837965250605 221
0.7626904739646629 221
0.7626971514042655 221
0.7631178300992267 221
0.763128959165231 221
0.763144539857637 221
0.7631734754292481 221
0.7631801528688507 221
0.7631912819348549 221
0.7631979593744574 221
0.7632224433196668 221
0.7632291207592694 221
0.763235798198872 221
0.7632424756384745 221
0.7632491530780771 221
0.7637410577954655 221
0.7637544126746707 221
0.7637677675538758 221
0.7637811224330809 221
0.763794477312286 221
0.7638078321914912 221
0.7638211870706962 221
0.7638345419499014 221
0.7638478968291065 221
0.7638612517083117 221
0.7638746065875167 221
0.7639057679723287 221
0.7639124454119313 221
0.7639191228515338 221
0.7639258002911363 221
0.7639324777307389 221
0.7639391551703415 221
0.7639458326099441 221
0.7639525100495466 221
0.7639591874891491 221
0.7639769939947559 221
0.7639836714343585 221
0.7639903488739611 221
0.7639970263135637 221
0.7640326393247773 221
0.7640459942039824 221
0.7660892907223654 222
0.7664387433948994 222
0.7664454208345018 222
0.7664565499005062 223
0.7692121066431621 223
0.7692254615223671 223
0.7692365905883715 223
0.7717628885713396 224
0.7766240646020024 225
0.7828919545756042 225
0.7828986320152067 225
0.7829053094548093 225
0.7829119868944119 225
0.7829186643340145 225
0.782925341773617 225
0.7829320192132195 225
0.7829386966528221 225
0.7829453740924247 225
0.7829520515320272 225
0.7829587289716298 225
0.7843543138485646 225
0.7916171423229477 225
0.791628271388952 225
0.7916438520813579 225
0.791672787652969 225
0.7916794650925716 225
0.7916905941585758 225
0.7916972715981784 225
0.7917217555433878 225
0.7917284329829903 225
0.7917351104225929 225
0.7917417878621954 225
0.791748465301798 225
0.7921691439967592 225
0.7921802730627635 225
0.7921958537551694 225
0.7922247893267805 225
0.7922314667663831 225
0.7922425958323873 225
0.7922492732719899 225
0.7922737572171993 225
0.7922804346568019 225
0.7922871120964045 225
0.7922937895360069 225
0.7923004669756095 225
0.792792371692998 225
0.7928057265722032 225
0.7928190814514082 225
0.7928324363306134 225
0.7928457912098185 225
0.7928591460890236 225
0.7928725009682287 225
0.7928858558474339 225
0.7928992107266389 225
0.7929125656058441 225
0.7929259204850492 225
0.7929570818698611 225
0.7929637593094637 225
0.7929704367490663 225
0.7929771141886688 225
0.7929837916282714 225
0.792990469067874 225
0.7929971465074765 225
0.793003823947079 225
0.7930105013866816 225
0.7930283078922884 225
0.793034985331891 225
0.7930416627714936 225
0.7930483402110962 225
0.7930839532223097 225
0.7930973081015149 225
0.7951406046198979 226
0.7954900572924318 226
0.7954967347320343 226
0.7955078637980386 227
0.7982678721670963 227
0.7982812270463013 227
0.7982923561123056 227
0.8008186540952738 228
0.8056798301259365 229
0.8119477200995384 229
0.8119543975391409 229
0.8119610749787435 229
0.8119677524183461 229
0.8119744298579487 229
0.8119811072975511 229
0.8119877847371537 229
0.8119944621767563 229
0.8120011396163589 229
0.8120078170559614 229
0.812014494495564 229
0.8134100793724988 229
0.8239893695161528 229
0.8240027243953578 229
0.824016079274563 229
0.8240294341537681 229
0.8240427890329732 229
0.8240561439121783 229
0.8240694987913835 229
0.8240828536705885 229
0.8240962085497937 229
0.8241095634289988 229
0.8241229183082039 229
0.8241540796930158 229
0.8241607571326184 229
0.824167434572221 229
0.8241741120118236 229
0.824180789451426 229
0.8241874668910286 229
0.8241941443306312 229
0.8242008217702338 229
0.8242074992098363 229
0.8242253057154432 229
0.8242319831550456 229
0.8242386605946482 229
0.8242453380342508 229
0.8242809510454645 229
0.8242943059246696 229
0.8308003579107627 229
0.8308137127899679 229
0.8308270676691729 229
0.8308404225483781 229
0.8308537774275832 229
0.8308671323067883 229
0.8308804871859934 229
0.8308938420651986 229
0.8309071969444036 229
0.8309205518236088 229
0.8309339067028139 229
0.8309650680876258 229
0.8309717455272284 229
0.8309784229668309 229
0.8309851004064335 229
0.8309917778460361 229
0.8309984552856386 229
0.8310051327252411 229
0.8310118101648437 229
0.8310184876044463 229
0.8310362941100531 229
0.8310429715496557 229
0.8310496489892583 229
0.8310563264288607 229
0.8310919394400744 229
0.8311052943192796 229
0.8375735074809582 229
0.8375868623601633 229
0.8376002172393684 229
0.8376135721185736 229
0.8376269269977786 229
0.8376402818769838 229
0.8376536367561889 229
0.837666991635394 229
0.8376803465145991 229
0.8376937013938043 229
0.8377070562730093 229
0.8377382176578213 229
0.8377448950974239 229
0.8377515725370264 229
0.837758249976629 229
0.8377649274162315 229
0.8377716048558341 229
0.8377782822954366 229
0.8377849597350392 229
0.8377916371746418 229
0.8378094436802486 229
0.8378161211198512 229
0.8378227985594537 229
0.8378294759990562 229
0.8378650890102699 229
0.837878443889475 229
0.8443132698531408 229
0.844326624732346 229
0.844339979611551 229
0.8443533344907562 229
0.8443666893699613 229
0.8443800442491665 229
0.8443933991283715 229
0.8444067540075767 229
0.8444201088867818 229
0.8444334637659869 229
0.844446818645192 229
0.844477980030004 229
0.8444846574696065 229
0.8444913349092091 229
0.8444980123488116 229
0.8445046897884142 229
0.8445113672280168 229
0.8445180446676193 229
0.8445247221072218 229
0.8445313995468244 229
0.8445492060524312 229
0.8445558834920338 229
0.8445625609316364 229
0.844569238371239 229
0.8446048513824526 229
0.8446182062616577 229
0.8512043875229816 229
0.8512177424021866 229
0.8512310972813918 229
0.8512444521605969 229
0.851257807039802 229
0.8512711619190071 229
0.8512845167982123 229
0.8512978716774173 229
0.8513112265566225 229
0.8513245814358276 229
0.8513379363150327 229
0.8513690976998446 229
0.8513757751394472 229
0.8513824525790498 229
0.8513891300186524 229
0.8513958074582548 229
0.8514024848978574 229
0.85140916233746 229
0.8514158397770626 229
0.8514225172166651 229
0.851440323722272 229
0.8514470011618744 229
0.851453678601477 229
0.8514603560410796 229
0.8514959690522933 229
0.8515093239314984 229
0.8568891144379599 229
0.8569002435039642 229
0.8569158241963701 229
0.8569447597679812 229
0.8569514372075838 229
0.856962566273588 229
0.8569692437131906 229
0.8569937276584 229
0.8570004050980026 229
0.8570070825376052 229
0.8570137599772076 229
0.8570204374168102 229
0.8574411161117714 229
0.8574522451777757 229
0.8574678258701817 229
0.8574967614417928 229
0.8575034388813954 229
0.8575145679473996 229
0.8575212453870021 229
0.8575457293322115 229
0.8575524067718141 229
0.8575590842114167 229
0.8575657616510192 229
0.8575724390906218 229
0.8580643438080102 229
0.8580776986872154 229
0.8580910535664205 229
0.8581044084456256 229
0.8581177633248307 229
0.8581311182040359 229
0.8581444730832409 229
0.8581578279624461 229
0.8581711828416512 229
0.8581845377208563 229
0.8581978926000614 229
0.8582290539848734 229
0.858235731424476 229
0.8582424088640785 229
0.858249086303681 229
0.8582557637432836 229
0.8582624411828862 229
0.8582691186224888 229
0.8582757960620913 229
0.8582824735016938 229
0.8583002800073006 229
0.8583069574469032 229
0.8583136348865058 229
0.8583203123261084 229
0.858355925337322 229
0.8583692802165271 229
0.8608710942542858 230
0.8612205469268197 230
0.8612272243664223 230
0.8612383534324265 231
0.8640072650542876 231
0.8640206199334927 231
0.864031748999497 231
0.8665580469824651 232
0.8714192230131278 233
0.8776871129867297 233
0.8776937904263322 233
0.8777004678659348 233
0.8777071453055374 233
0.87771382274514 233
0.8777205001847425 233
0.877727177624345 233
0.8777338550639476 233
0.8777405325035502 233
0.8777472099431527 233
0.8777538873827553 233
0.8791494722596901 233
0.8864501395584877 233
0.8864612686244919 233
0.886476849316898 233
0.8865057848885091 233
0.8865124623281115 233
0.8865235913941159 233
0.8865302688337184 233
0.8865547527789278 233
0.8865614302185303 233
0.8865681076581329 233
0.8865747850977355 233
0.886581462537338 233
0.8870021412322993 233
0.8870132702983035 233
0.8870288509907095 233
0.8870577865623206 233
0.8870644640019231 233
0.8870755930679274 233
0.88708227050753 233
0.8871067544527393 233
0.8871134318923418 233
0.8871201093319444 233
0.887126786771547 233
0.8871334642111496 233
0.887625368928538 233
0.8876387238077431 233
0.8876520786869483 233
0.8876654335661534 233
0.8876787884453585 233
0.8876921433245636 233
0.8877054982037688 233
0.8877188530829738 233
0.887732207962179 233
0.8877455628413841 233
0.8877589177205892 233
0.8877900791054012 233
0.8877967565450037 233
0.8878034339846063 233
0.8878101114242088 233
0.8878167888638114 233
0.8878234663034139 233
0.8878301437430165 233
0.8878368211826191 233
0.8878434986222217 233
0.8878613051278285 233
0.887867982567431 233
0.8878746600070335 233
0.8878813374466361 233
0.8879169504578498 233
0.8879303053370549 233
0.8901716992303138 234
0.8905211519028478 234
0.8905278293424502 234
0.8905389584084545 235
0.8933078700303155 235
0.8933212249095207 235
0.8933323539755249 235
0.895858651958493 236
0.9007198279891558 237
0.9069877179627577 237
0.9069943954023603 237
0.9070010728419629 237
0.9070077502815653 237
0.9070144277211679 237
0.9070211051607705 237
0.9070277826003731 237
0.9070344600399756 237
0.9070411374795782 237
0.9070478149191807 237
0.9070544923587833 237
0.908450077235718 237
0.9157040024572978 237
0.9157151315233021 237
0.915730712215708 237
0.9157596477873191 237
0.9157663252269217 237
0.9157774542929259 237
0.9157841317325285 237
0.9158086156777379 237
0.9158152931173404 237
0.915821970556943 237
0.9158286479965455 237
0.9158353254361481 237
0.9162560041311093 237
0.9162671331971136 237
0.9162827138895195 237
0.9163116494611306 237
0.9163183269007332 237
0.9163294559667374 237
0.91633613340634 237
0.9163606173515494 237
0.916367294791152 237
0.9163739722307545 237
0.916380649670357 237
0.9163873271099596 237
0.9168792318273481 237
0.9168925867065533 237
0.9169059415857583 237
0.9169192964649635 237
0.9169326513441686 237
0.9169460062233737 237
0.9169593611025788 237
0.916972715981784 237
0.916986070860989 237
0.9169994257401942 237
0.9170127806193993 237
0.9170439420042112 237
0.9170506194438138 237
0.9170572968834163 237
0.9170639743230189 237
0.9170706517626215 237
0.9170773292022241 237
0.9170840066418265 237
0.9170906840814291 237
0.9170973615210317 237
0.9171151680266385 237
0.9171218454662411 237
0.9171285229058437 237
0.9171352003454462 237
0.9171708133566598 237
0.917184168235865 237
0.919227464754248 238
0.9195769174267818 238
0.9195835948663844 238
0.9195947239323887 239
0.9223680871806514 239
0.9223814420598566 239
0.9223925711258608 239
0.9249188691088289 240
0.9297800451394918 241
0.9360479351130936 241
0.9360546125526962 241
0.9360612899922987 241
0.9360679674319012 241
0.9360746448715038 241
0.9360813223111064 241
0.9360879997507089 241
0.9360946771903115 241
0.9361013546299141 241
0.9361080320695166 241
0.9361147095091191 241
0.9375102943860539 241
0.9447686712340354 241
0.9447798003000396 241
0.9447953809924456 241
0.9448243165640566 241
0.9448309940036592 241
0.9448421230696635 241
0.944848800509266 241
0.9448732844544755 241
0.944879961894078 241
0.9448866393336806 241
0.9448933167732831 241
0.9448999942128857 241
0.9453206729078469 241
0.9453318019738511 241
0.9453473826662571 241
0.9453763182378682 241
0.9453829956774707 241
0.9453941247434751 241
0.9454008021830775 241
0.945425286128287 241
0.9454319635678895 241
0.9454386410074921 241
0.9454453184470947 241
0.9454519958866971 241
0.9459439006040857 241
0.9459572554832908 241
0.945970610362496 241
0.945983965241701 241
0.9459973201209062 241
0.9460106750001113 241
0.9460240298793164 241
0.9460373847585215 241
0.9460507396377267 241
0.9460640945169317 241
0.9460774493961369 241
0.9461086107809488 241
0.9461152882205514 241
0.9461219656601539 241
0.9461286430997565 241
0.946135320539359 241
0.9461419979789616 241
0.9461486754185642 241
0.9461553528581668 241
0.9461620302977692 241
0.9461798368033761 241
0.9461865142429787 241
0.9461931916825812 241
0.9461998691221838 241
0.9462354821333975 241
0.9462488370126025 241
0.9482921335309855 242
0.9486415862035195 242
0.948648263643122 242
0.9486593927091262 243
0.9514372075837907 243
0.9514505624629959 243
0.9514616915290002 243
0.9539879895119682 244
0.958849165542631 245
0.9651170555162328 245
0.9651237329558354 245
0.965130410395438 245
0.9651370878350405 245
0.9651437652746431 245
0.9651504427142457 245
0.9651571201538482 245
0.9651637975934507 245
0.9651704750330533 245
0.9651771524726559 245
0.9651838299122585 245
0.9665794147891932 245
0.9771431242404413 245
0.9771564791196463 245
0.9771698339988515 245
0.9771831888780566 245
0.9771965437572617 245
0.9772098986364668 245
0.977223253515672 245
0.977236608394877 245
0.9772499632740822 245
0.9772633181532873 245
0.9772766730324924 245
0.9773078344173044 245
0.9773145118569069 245
0.9773211892965095 245
0.977327866736112 245
0.9773345441757146 245
0.9773412216153171 245
0.9773478990549197 245
0.9773545764945223 245
0.9773612539341249 245
0.9773790604397317 245
0.9773857378793342 245
0.9773924153189367 245
0.9773990927585393 245
0.977434705769753 245
0.9774480606489581 245
0.9827410444405864 245
0.9827543993197915 245
0.9827677541989966 245
0.9827811090782017 245
0.9827944639574069 245
0.982807818836612 245
0.9828211737158171 245
0.9828345285950222 245
0.9828478834742274 245
0.9828612383534324 245
0.9828745932326376 245
0.9829057546174494 245
0.982912432057052 245
0.9829191094966546 245
0.9829257869362572 245
0.9829324643758597 245
0.9829391418154623 245
0.9829458192550649 245
0.9829524966946674 245
0.9829591741342699 245
0.9829769806398768 245
0.9829836580794793 245
0.9829903355190819 245
0.9829970129586845 245
0.9830326259698982 245
0.9830459808491032 245
0.9883055774427187 245
0.9883189323219238 245
0.988332287201129 245
0.988345642080334 245
0.9883589969595392 245
0.9883723518387443 245
0.9883857067179495 245
0.9883990615971545 245
0.9884124164763597 245
0.9884257713555648 245
0.9884391262347699 245
0.9884702876195818 245
0.9884769650591844 245
0.988483642498787 245
0.9884903199383895 245
0.988496997377992 245
0.9885036748175946 245
0.9885103522571972 245
0.9885170296967998 245
0.9885237071364023 245
0.9885415136420092 245
0.9885481910816116 245
0.9885548685212142 245
0.9885615459608168 245
0.9885971589720304 245
0.9886105138512356 245
0.994021465742509 245
0.9940348206217141 245
0.9940481755009193 245
0.9940615303801243 245
0.9940748852593295 245
0.9940882401385346 245
0.9941015950177398 245
0.9941149498969448 245
0.99412830477615 245
0.9941416596553551 245
0.9941550145345602 245
0.9941861759193722 245
0.9941928533589747 245
0.9941995307985773 245
0.9942062082381798 245
0.9942128856777824 245
0.9942195631173849 245
0.9942262405569875 245
0.9942329179965901 245
0.9942395954361926 245
0.9942574019417995 245
0.994264079381402 245
0.9942707568210045 245
0.9942774342606071 245
0.9943130472718208 245
0.9943264021510259 245
