0.32018545475589505 0
0.3206773594732836 0
0.3211625867510695 0
0.32164781402885545 0
0.3221330413066414 0
0.33102071341764716 0
0.3494660274131154 0
0.34995793213050386 0
0.3504431594082898 0
0.35092838668607573 0
0.35141361396386167 0
0.3602812537560598 0
0.37845947016742565 0
0.3789513748848142 0
0.3794366021626001 0
0.37992182944038605 0
0.380407056718172 0
0.38927469651037006 0
0.40746181617453936 0
0.4079537208919279 0
0.4084389481697138 0
0.40892417544749976 0
0.4094094027252857 0
0.41827704251748377 0
0.43647306543445646 0
0.436964970151845 0
0.4374501974296309 0
0.43793542470741686 0
0.4384206519852028 0
0.44728829177740087 0
0.5023927491909169 0
0.5028846539083054 0
0.5033698811860914 0
0.5038551084638773 0
0.5043403357416633 0
0.5132079755338613 0
0.5316488379029278 0
0.5321407426203163 0
0.5326259698981023 0
0.5331111971758882 0
0.5335964244536742 0
0.5424640642458722 0
0.5606645387892466 0
0.5611564435066352 0
0.5616416707844211 0
0.5621268980622071 0
0.5626121253399929 0
0.571479765132191 0
0.5896891429283688 0
0.5901810476457574 0
0.5906662749235433 0
0.5911515022013293 0
0.5916367294791152 0
0.6005043692713132 0
0.6187226503202945 0
0.619214555037683 0
0.619699782315469 0
0.6201850095932548 0
0.6206702368710408 0
0.6295378766632389 0
0.6851787550581605 0
0.685670659775549 0
0.686155887053335 0
0.6866411143311208 0
0.6871263416089068 0
0.6959939814011049 0
0.7144571019021799 0
0.7149490066195685 0
0.7154342338973544 0
0.7159194611751404 0
0.7164046884529263 0
0.7252723282451243 0
0.7434950609205073 0
0.7439869656378958 0
0.7444721929156818 0
0.7449574201934677 0
0.7454426474712537 0
0.7543102872634517 0
0.7725419231916381 0
0.7730338279090265 0
0.7735190551868125 0
0.7740042824645984 0
0.7744895097423844 0
0.7833571495345825 0
0.8015976887155722 0
0.8020895934329607 0
0.8025748207107467 0
0.8030600479885326 0
0.8035452752663186 0
0.8124129150585166 0
0.8673370816027636 0
0.867828986320152 0
0.868314213597938 0
0.8687994408757239 0
0.8692846681535099 0
0.878152307945708 0
0.8966376865787916 0
0.8971295912961801 0
0.897614818573966 0
0.898100045851752 0
0.8985852731295378 0
0.9074529129217359 0
0.9256979037291274 0
0.9261898084465159 0
0.9266750357243019 0
0.9271602630020878 0
0.9276454902798738 0
0.9365131300720718 0
0.9547670241322668 0
0.9552589288496552 0
0.9557441561274411 0
0.9562293834052271 0
0.956714610683013 0
0.9655822504752111 0
