0.1665998922706411 1
0.24188802378949148 2
0.2420104435155384 3
0.24676923213896196 4
0.2473969114616025 5
0.24790217105819612 6
0.2502993718755147 6
0.25501141842172037 7
0.2550581604989383 8
0.2551049025761562 9
0.2551516446533741 10
0.25519838673059203 11
0.2552451288078099 12
0.25529187088502786 13
0.25533861296224575 14
0.2553853550394637 15
0.2569723598516718 16
0.25734184484301337 17
0.2612904374613265 17
0.2647092865378366 17
0.26735132680724905 18
0.2674737465332959 19
0.27003565752747766 19
0.2725819878292534 19
0.27570702956325094 19
0.2885076812813561 20
0.2903684611172692 21
0.29231382185481464 22
0.2936671162809332 23
0.29592186505339724 24
0.29642267302358916 25
0.2981410008146476 26
0.30006632923338544 27
0.3012259779110298 28
0.3023923040282767 29
0.30355863014552364 30
0.3053504097722103 31
0.3134746279553235 32
0.3137061125282122 33
0.3141401461023785 34
0.31440501787328 35
0.3150994715919461 36
0.328585673775914 37
0.32863241585313197 38
0.32867915793034985 39
0.32872590000756774 40
0.3287726420847857 41
0.32881938416200357 42
0.3288661262392215 43
0.3289128683164394 44
0.32895961039365734 45
0.3341301744592387 46
0.3344462399337598 47
0.33449743363737944 48
0.33650956877095045 49
0.33746221682091554 50
0.3385038973989147 51
0.3441263015442692 52
0.3443577861171579 53
0.3447918196913242 54
0.34505669146222573 55
0.34575114518089184 56
0.35784621411432666 57
0.3578929561915446 58
0.3579396982687625 59
0.35798644034598043 60
0.3580331824231983 61
0.3580799245004162 62
0.35812666657763415 63
0.35817340865485203 64
0.35822015073207 65
0.36336177922604024 66
0.36367784470056136 67
0.36372903840418097 68
0.36574117353775204 69
0.3666938215877171 70
0.36773550216571627 71
0.3731152926721778 72
0.3733467772450665 73
0.3737808108192328 74
0.3740456825901343 75
0.37474013630880043 76
0.38683965686863697 77
0.38688639894585486 78
0.3869331410230728 79
0.3869798831002907 80
0.3870266251775086 81
0.3870733672547265 82
0.3871201093319444 83
0.38716685140916235 84
0.38721359348638024 85
0.3923596736067522 86
0.39267573908127335 87
0.39272693278489296 88
0.394739067918464 89
0.39569171596842906 90
0.39673339654642825 91
0.4021131870528898 92
0.40234467162577847 93
0.4027787051999448 94
0.4030435769708463 95
0.4037380306895124 96
0.4158420028757507 97
0.41588874495296857 98
0.41593548703018646 99
0.4159822291074044 100
0.4160289711846223 101
0.41607571326184023 102
0.4161224553390581 103
0.41616919741627606 104
0.41621593949349395 105
0.42136647124026766 106
0.4216825367147887 107
0.4217337304184084 108
0.4237458655519794 109
0.4246985136019445 110
0.42574019417994363 111
0.43111998468640517 112
0.4313514692592939 113
0.4317855028334602 114
0.4320503746043617 115
0.4327448283230278 116
0.4448532521356678 117
0.4448999942128857 118
0.44494673629010356 119
0.4449934783673215 120
0.4450402204445394 121
0.44508696252175733 122
0.4451337045989752 123
0.44518044667619316 124
0.44522718875341105 125
0.45038217212658643 126
0.45069823760110755 127
0.45074943130472717 128
0.45276156643829824 129
0.45371421448826327 130
0.45475589506626246 131
0.4970352168164639 132
0.4972667013893526 133
0.4977007349635189 134
0.4979656067344204 135
0.49866006045308653 136
0.5107729358921282 137
0.5108196779693461 138
0.510866420046564 139
0.5109131621237819 140
0.5109599042009998 141
0.5110066462782178 142
0.5110533883554357 143
0.5111001304326536 144
0.5111468725098715 145
0.5162907268170426 146
0.5166067922915637 147
0.5166579859951833 148
0.5186701211287544 149
0.5196227691787194 150
0.5206644497567187 151
0.5262868539020731 152
0.5265183384749619 153
0.5269523720491281 154
0.5272172438200297 155
0.5279116975386957 156
0.5400290246041392 157
0.540075766681357 158
0.5401225087585749 159
0.5401692508357928 160
0.5402159929130108 161
0.5402627349902287 162
0.5403094770674466 163
0.5403562191446645 164
0.5404029612218824 165
0.5455445897158527 166
0.5458606551903739 167
0.5459118488939935 168
0.5479239840275645 169
0.5488766320775296 170
0.5499183126555287 171
0.5552981031619902 172
0.5555295877348789 173
0.5559636213090453 174
0.5562284930799467 175
0.5569229467986129 176
0.5690447254904579 177
0.5690914675676758 178
0.5691382096448938 179
0.5691849517221117 180
0.5692316937993296 181
0.5692784358765475 182
0.5693251779537654 183
0.5693719200309834 184
0.5694186621082012 185
0.5745647422285732 186
0.5748808077030944 187
0.574932001406714 188
0.576944136540285 189
0.5778967845902501 190
0.5789384651682492 191
0.5843182556747107 192
0.5845497402475994 193
0.5849837738217658 194
0.5852486455926673 195
0.5859430993113334 196
0.5980693296295801 197
0.598116071706798 198
0.598162813784016 199
0.5982095558612339 200
0.5982562979384518 201
0.5983030400156697 202
0.5983497820928876 203
0.5983965241701056 204
0.5984432662473235 205
0.6035937979940972 206
0.6039098634686183 207
0.6039610571722379 208
0.6059731923058089 209
0.606925840355774 210
0.6079675209337732 211
0.6133473114402347 212
0.6135787960131234 213
0.6140128295872898 214
0.6142777013581913 215
0.6149721550768573 216
0.6271028370215058 217
0.6271495790987237 218
0.6271963211759416 219
0.6272430632531596 220
0.6272898053303775 221
0.6273365474075954 222
0.6273832894848133 223
0.6274300315620311 224
0.6274767736392491 225
0.6326317570124245 226
0.6329478224869456 227
0.6329990161905652 228
0.6350111513241363 229
0.6359637993741013 230
0.6370054799521006 231
0.679798964551699 232
0.6800304491245877 233
0.680464482698754 234
0.6807293544696554 235
0.6814238081883216 236
0.6935589417593718 237
0.6936056838365897 238
0.6936524259138076 239
0.6936991679910255 240
0.6937459100682435 241
0.6937926521454614 242
0.6938393942226793 243
0.6938861362998971 244
0.693932878377115 245
0.6990767326842862 246
0.6993927981588073 247
0.6994439918624269 248
0.701456126995998 249
0.702408775045963 250
0.7034504556239622 251
0.7090728597693167 252
0.7093043443422055 253
0.7097383779163717 254
0.7100032496872732 255
0.7106977034059394 256
0.7228372886033912 257
0.7228840306806091 258
0.722930772757827 259
0.722977514835045 260
0.7230242569122629 261
0.7230709989894808 262
0.7231177410666987 263
0.7231644831439167 264
0.7232112252211346 265
0.7283528537151048 266
0.728668919189626 267
0.7287201128932456 268
0.7307322480268166 269
0.7316848960767817 270
0.7327265766547808 271
0.7381063671612423 272
0.738337851734131 273
0.7387718853082974 274
0.7390367570791989 275
0.739731210797865 276
0.7518752476217186 277
0.7519219896989365 278
0.7519687317761544 279
0.7520154738533723 280
0.7520622159305902 281
0.7521089580078082 282
0.7521557000850261 283
0.752202442162244 284
0.7522491842394619 285
0.7573952643598338 286
0.757711329834355 287
0.7577625235379746 288
0.7597746586715457 289
0.7607273067215107 290
0.7617689872995099 291
0.7671487778059715 292
0.7673802623788601 293
0.7678142959530264 294
0.7680791677239279 295
0.7687736214425941 296
0.7809221098928494 297
0.7809688519700673 298
0.7810155940472852 299
0.781062336124503 300
0.781109078201721 301
0.7811558202789389 302
0.7812025623561568 303
0.7812493044333747 304
0.7812960465105926 305
0.7864465782573663 306
0.7867626437318874 307
0.786813837435507 308
0.7888259725690782 309
0.7897786206190431 310
0.7908203011970424 311
0.7962000917035039 312
0.7964315762763926 313
0.7968656098505589 314
0.7971304816214604 315
0.7978249353401266 316
0.8099778754167836 317
0.8100246174940015 318
0.8100713595712193 319
0.8101181016484372 320
0.8101648437256551 321
0.8102115858028731 322
0.810258327880091 323
0.8103050699573089 324
0.8103518120345268 325
0.8155067954077022 326
0.8158228608822233 327
0.815874054585843 328
0.817886189719414 329
0.818838837769379 330
0.8198805183473782 331
0.8619350329642935 332
0.8621665175371822 333
0.8626005511113485 334
0.86286542288225 335
0.8635598766009162 336
0.8757172683039749 337
0.8757640103811928 338
0.8758107524584107 339
0.8758574945356286 340
0.8759042366128466 341
0.8759509786900644 342
0.8759977207672823 343
0.8760444628445002 344
0.8760912049217181 345
0.8812350592288892 346
0.8815511247034103 347
0.88160231840703 348
0.8836144535406011 349
0.8845671015905661 350
0.8856087821685653 351
0.8912311863139198 352
0.8914626708868085 353
0.8918967044609748 354
0.8921615762318763 355
0.8928560299505425 356
0.9050178732800028 357
0.9050646153572207 358
0.9051113574344387 359
0.9051580995116566 360
0.9052048415888745 361
0.9052515836660924 362
0.9052983257433104 363
0.9053450678205283 364
0.9053918098977461 365
0.9105334383917164 366
0.9108495038662375 367
0.9109006975698571 368
0.9129128327034282 369
0.9138654807533932 370
0.9149071613313924 371
0.9202869518378539 372
0.9205184364107427 373
0.920952469984909 374
0.9212173417558105 375
0.9219117954744765 376
0.9340780904303387 377
0.9341248325075566 378
0.9341715745847745 379
0.9342183166619925 380
0.9342650587392104 381
0.9343118008164283 382
0.9343585428936462 383
0.9344052849708641 384
0.9344520270480821 385
0.939598107168454 386
0.9399141726429752 387
0.9399653663465948 388
0.9419775014801658 389
0.9429301495301309 390
0.94397183010813 391
0.9493516206145916 392
0.9495831051874802 393
0.9500171387616466 394
0.950282010532548 395
0.9509764642512142 396
0.963147210833478 397
0.9631939529106959 398
0.9632406949879139 399
0.9632874370651318 400
0.9633341791423496 401
0.9633809212195675 402
0.9634276632967855 403
0.9634744053740034 404
0.9635211474512213 405
0.968671679197995 406
0.9689877446725161 407
0.9690389383761358 408
0.9710510735097068 409
0.9720037215596719 410
0.973045402137671 411
