0.28431202339774836 1
0.28525354238170914 2
0.30955497090862144 2
0.34047151626846867 2
0.3696586047712532 2
0.39865649915196516 2
0.4276632967854806 2
0.4606609774881253 2
0.46747196588273526 2
0.4730654344564787 2
0.4798096484550631 2
0.48552108512845166 2
0.4931155597697619 2
0.5226320686262727 2
0.5518414152610657 2
0.5808615677737862 2
0.6098906235393101 2
0.6410742664832597 2
0.6478852548778696 2
0.6546584044480651 2
0.6613981668202478 2
0.6682892844900885 2
0.6758793075049969 2
0.7054180744935162 2
0.7346496792603178 2
0.7636920899050468 2
0.7927434038025792 2
0.823940401625734 2
0.8307513900203439 2
0.8375245395905394 2
0.8442643019627221 2
0.8511554196325628 2
0.8580153759175915 2
0.8875764010381193 2
0.9168302639369293 2
0.945894932713667 2
0.9770941563500225 2
0.9826920765501677 2
0.9882566095522999 2
0.9939724978520903 2
