0.14275030382350193 1
0.14276365870270705 2
0.14277701358191214 3
0.14279036846111726 4
0.14280372334032237 5
0.1428170782195275 6
0.1428304330987326 7
0.14284378797793773 8
0.14336907989333902 9
0.14338243477254414 10
0.14493605238673948 11
0.14495608470554716 12
0.14497611702435484 13
0.145049568859983 14
0.1450629237391881 15
0.1450829560579958 16
0.1450963109372009 17
0.14510966581640602 18
0.14512302069561114 19
0.14513637557481626 20
0.14514973045402138 21
0.1451630853332265 22
0.14517644021243162 23
0.14518979509163674 24
0.14520314997084185 25
0.14521650485004697 26
0.1452298597292521 27
0.1452432146084572 28
0.14525656948766233 29
0.14526992436686745 30
0.14528327924607257 31
0.14529663412527766 32
0.14530998900448278 33
0.1453233438836879 34
0.145336698762893 35
0.14535005364209813 36
0.14536340852130325 37
0.14537676340050837 38
0.1453901182797135 39
0.1454034731589186 40
0.14541682803812372 41
0.14543018291732884 42
0.14544353779653396 43
0.14545689267573908 44
0.1454702475549442 45
0.14548360243414932 46
0.14549695731335444 47
0.14551031219255955 48
0.14552366707176467 49
0.1455370219509698 50
0.14592653926111904 51
0.1459332167007216 52
0.14594657157992671 53
0.14595992645913183 54
0.14597328133833695 55
0.14598663621754207 56
0.1459999910967472 57
0.1460133459759523 58
0.14645183117652033 59
0.14646518605572545 60
0.14647854093493057 61
0.1464918958141357 62
0.14706170399355403 63
0.14707505887275915 64
0.14708841375196427 65
0.14765154449178008 66
0.16323446271095143 67
0.1656338893414709 68
0.16564724422067603 69
0.1656539216602786 70
0.1656672765394837 71
0.16568063141868883 72
0.16569398629789395 73
0.16570734117709907 74
0.16572069605630418 75
0.16573405093550928 76
0.16701834515240144 77
0.16992080556631364 78
0.16993416044551876 78
0.16994751532472388 78
0.169960870203929 78
0.16997422508313412 78
0.16998757996233924 78
0.17000093484154435 78
0.17001428972074947 78
0.1700276445999546 78
0.1700409994791597 78
0.17005435435836483 78
0.17006770923756995 78
0.17008106411677507 79
0.17008774155637763 80
0.17010109643558274 81
0.17011445131478786 82
0.17012780619399298 83
0.1701411610731981 84
0.17015451595240322 85
0.17016787083160834 86
0.17018122571081346 87
0.17019458059001857 88
0.1702079354692237 89
0.17108268005715888 90
0.171096034936364 91
0.1711093898155691 92
0.17112274469477423 93
0.17113609957397935 94
0.17267858812217043 95
0.17269194300137555 96
0.17270529788058067 97
0.1727186527597858 98
0.1727320076389909 99
0.17274536251819603 100
0.1727653948370037 101
0.17277874971620882 102
0.17279210459541394 103
0.17419436691195128 104
0.1742077217911564 105
0.17422107667036152 106
0.17423443154956664 107
0.174788659036579 108
0.17480201391578412 109
0.17481536879498924 110
0.17482872367419436 111
0.17484207855339948 112
0.1852833682786006 113
0.1853167554766134 114
0.1853301103558185 115
0.18534346523502362 116
0.18535682011422874 117
0.18537017499343386 118
0.18583314413921126 119
0.18584649901841638 120
0.1858598538976215 121
0.18587320877682662 122
0.18698834119045393 123
0.1874535361494322 124
0.18747579428144073 125
0.18748914916064585 126
0.18750250403985097 127
0.1875158589190561 128
0.1896904784162894 129
0.1897038332954945 130
0.18973054305390474 131
0.18974389793310986 132
0.18975725281231498 133
0.1897706076915201 134
0.19086570778633974 135
0.19087906266554486 136
0.19089241754474998 137
0.1909057724239551 138
0.1909191273031602 139
0.19093248218236533 140
0.19203425971678753 141
0.19277100388626986 142
0.19278435876547498 143
0.19280439108428266 144
0.19281774596348775 145
0.19283110084269287 146
0.19284445572189798 147
0.1928578106011031 148
0.19287116548030822 149
0.1928911977991159 150
0.19290455267832102 151
0.19291790755752614 152
0.1929379398763338 153
0.19295129475553893 154
0.19296464963474405 155
0.19297800451394917 156
0.1929913593931543 157
0.1930047142723594 158
0.19436023451167883 159
0.19437358939088395 160
0.19438694427008907 161
0.1944002991492942 162
0.1944136540284993 163
0.19442700890770442 164
0.19444036378690954 165
0.19445371866611466 166
0.19446707354531978 167
0.1944804284245249 168
0.19657046702012582 169
0.1965838218993309 170
0.19659717677853603 171
0.19661053165774114 172
0.19662388653694626 173
0.19663724141615138 174
0.1966505962953565 175
0.19852918263687638 176
0.1985425375160815 177
0.19855589239528662 178
0.19856924727449174 179
0.19858260215369686 180
0.19859595703290198 181
0.19992031588740947 182
0.20070157632090885 183
0.20071493120011397 184
0.20072828607931908 185
0.2007416409585242 186
0.20075499583772932 187
0.20123131986271184 188
0.20165645018407474 189
0.20166980506327986 190
0.20286284093893703 191
0.20287619581814215 192
0.20288955069734727 193
0.20290290557655238 194
0.2034793911955733 195
0.20481487911608506 196
0.20483491143489274 197
0.20485494375370042 198
0.20486162119330298 199
0.2048749760725081 200
0.20488833095171322 201
0.20490168583091833 202
0.20491504071012345 203
0.20492839558932857 204
0.2049417504685337 205
0.2049551053477388 206
0.20496846022694393 207
0.20498181510614902 208
0.20600346336534053 209
0.20601681824454565 210
0.20603017312375077 211
0.2060435280029559 212
0.206056882882161 213
0.2067468849744254 214
0.2067602398536305 215
0.20677359473283563 216
0.20750588727591626 217
0.20751924215512138 218
0.2075325970343265 219
0.20754595191353162 220
0.20755930679273674 221
0.20789985621246723 222
0.20791321109167235 223
0.20792656597087747 224
0.2079399208500826 225
0.2100054755004741 226
0.21001883037967922 227
0.21003218525888434 228
0.21004554013808946 229
0.21005889501729458 230
0.2100722498964997 231
0.21066431620792656 232
0.21067767108713167 233
0.2106910259663368 234
0.2107043808455419 235
0.21071773572474703 236
0.21173270654433599 237
0.2117594163027462 238
0.2117727711819513 239
0.21178612606115643 240
0.21179948094036155 241
0.21181283581956667 242
0.21219344987691252 243
0.21220680475611764 244
0.21222015963532276 245
0.21223351451452788 246
0.212246869393733 247
0.21226022427293811 248
0.22185570498181512 249
0.22186905986102023 250
0.22188241474022535 251
0.22189576961943047 252
0.22190912449863556 253
0.22192247937784068 254
0.2219358342570458 255
0.22194918913625092 256
0.22196254401545604 257
0.22197589889466116 258
0.22198925377386627 259
0.2220026086530714 260
0.2220159635322765 261
0.22228973855598141 262
0.22230309343518653 263
0.22231644831439165 264
0.22233648063319933 265
0.22234983551240445 266
0.22238322271041724 267
0.2223899001500198 268
0.22240325502922492 269
0.22241660990843004 270
0.22242996478763516 271
0.22244331966684028 272
0.2224566745460454 273
0.22247002942525052 274
0.22248338430445563 275
0.22249673918366075 276
0.22251009406286587 277
0.222523448942071 278
0.2225368038212761 279
0.22255015870048123 280
0.22256351357968635 281
0.22257686845889146 282
0.22301757947266035 283
0.22303093435186547 284
0.22453113244924033 285
0.22454448732844545 286
0.22455784220765057 287
0.2245711970868557 288
0.2245845519660608 289
0.22459790684526593 290
0.22461126172447105 291
0.22462461660367616 292
0.22463797148288128 293
0.22567742624767959 294
0.2256907811268847 295
0.22570413600608982 296
0.22571749088529494 297
