0.23544874619942396 1
0.2366195239430726 2
0.23675307273512378 3
0.2373473648597515 4
0.2374386232009865 5
0.237476462025401 6
0.23751430084981548 7
0.23793943117117838 8
0.23823991595329352 9
0.2383222710417251 10
0.2383601098661396 11
0.23853372329580613 12
0.23860494931823342 13
0.23874517554988714 14
0.23881640157231446 15
0.23895662780396817 16
0.2390456603320023 17
0.3176725116521321 18
0.34776105450126205 19
0.3767544972555723 20
0.405756843262686 21
0.4347680925226031 22
0.5006877762790636 23
0.5299438649910745 24
0.5589595658773933 25
0.5879841700165155 26
0.6170176774084412 27
0.6834737821463072 28
0.7127521289903266 29
0.741790088008654 30
0.7708369502797847 31
0.7998927158037189 32
0.8656321086909102 33
0.8949327136669382 34
0.9239929308172741 35
0.9530620512204134 36
