0.24172331361262836 1
0.24643536015883402 2
0.2476706864853074 2
0.2493355947595454 2
0.25667632669595836 3
0.26032888615855804 3
0.26374550942186725 3
0.2671910682567876 4
0.26975297925096936 4
0.2722993095527451 4
0.27474547826048246 4
0.28290753526801016 5
0.2896317169477869 6
0.29148581934409734 7
0.29292592048504923 8
0.29512279811429104 9
0.2968255452129436 10
0.2986885508620575 11
0.30061387928079525 12
0.3017735279584396 13
0.3029398540756866 14
0.3040349541705062 15
0.3133121435916612 16
0.3139776617387162 16
0.31467656708378405 16
0.3339676900955764 17
0.33493146721154576 18
0.3360465996251731 19
0.3368768279490912 20
0.3378294759990563 21
0.3439638171806069 22
0.34462933532766193 22
0.34532824067272977 22
0.36319929486237795 23
0.3641630719783473 24
0.3652782043919746 25
0.3661084327158928 26
0.3670610807658578 27
0.3729528083085155 28
0.3736183264555705 28
0.37431723180063836 28
0.39219718924308994 29
0.3931609663590593 30
0.3942760987726866 31
0.39510632709660476 32
0.3960589751465698 33
0.4019507026892275 34
0.4026162208362825 34
0.40331512618135035 34
0.4212039868766054 35
0.42216776399257466 36
0.423282896406202 37
0.42411312473012014 38
0.4250657727800852 39
0.43095750032274294 40
0.43162301846979795 40
0.4323219238148658 40
0.4502196877629242 41
0.4511834648788935 42
0.4522985972925208 43
0.45312882561643897 44
0.454081473666404 45
0.4968727324528016 46
0.4975382505998567 46
0.49823715594492446 46
0.5161282424533803 47
0.5170920195693497 48
0.518207151982977 49
0.5190373803068952 50
0.5199900283568601 51
0.5261243695384109 52
0.5267898876854659 52
0.5274887930305338 52
0.5453821053521904 53
0.5463458824681597 54
0.5474610148817871 55
0.5482912432057052 56
0.5492438912556703 57
0.555135618798328 58
0.555801136945383 58
0.5565000422904508 58
0.574402257864911 59
0.5753660349808802 60
0.5764811673945076 61
0.5773113957184257 62
0.5782640437683908 63
0.5841557713110485 64
0.5848212894581035 64
0.5855201948031713 64
0.6034313136304349 65
0.6043950907464042 66
0.6055102231600316 67
0.6063404514839497 68
0.6072930995339147 69
0.6131848270765724 70
0.6138503452236275 70
0.6145492505686952 70
0.6324692726487622 71
0.6334330497647316 72
0.6345481821783588 73
0.6353784105022771 74
0.636331058552242 75
0.6796364801880367 76
0.6803019983350918 76
0.6810009036801595 76
0.698914248320624 77
0.6998780254365933 78
0.7009931578502205 79
0.7018233861741388 80
0.7027760342241037 81
0.7089103754056545 82
0.7095758935527094 82
0.7102747988977773 82
0.7281903693514425 83
0.7291541464674118 84
0.7302692788810392 85
0.7310995072049573 86
0.7320521552549224 87
0.73794388279758 88
0.7386094009446351 88
0.7393083062897029 88
0.7572327799961716 89
0.758196557112141 90
0.7593116895257682 91
0.7601419178496864 92
0.7610945658996514 93
0.7669862934423092 94
0.7676518115893641 94
0.768350716934432 94
0.786284093893704 95
0.7872478710096734 96
0.7883630034233007 97
0.7891932317472189 98
0.7901458797971839 99
0.7960376073398416 100
0.7967031254868966 100
0.7974020308319645 100
0.8153443110440399 101
0.8163080881600092 102
0.8174232205736366 103
0.8182534488975547 104
0.8192060969475198 105
0.8617725486006312 106
0.8624380667476863 106
0.8631369720927541 106
0.881072574865227 107
0.8820363519811963 108
0.8831514843948236 109
0.8839817127187418 110
0.8849343607687068 111
0.8910687019502576 112
0.8917342200973125 112
0.8924331254423804 112
0.9103709540280541 113
0.9113347311440235 114
0.9124498635576508 115
0.9132800918815689 116
0.914232739931534 117
0.9201244674741917 118
0.9207899856212467 118
0.9214888909663146 118
0.9394356228047918 119
0.940399399920761 120
0.9415145323343884 121
0.9423447606583065 122
0.9432974087082716 123
0.9491891362509293 124
0.9498546543979843 124
0.9505535597430521 124
0.9685091948343327 125
0.969472971950302 126
0.9705881043639294 127
0.9714183326878475 128
0.9723709807378126 129
