0.22682817167252056 0
0.24013185717401853 0
0.24147847416053456 1
0.24619274651994105 2
0.24903065835102856 2
0.2564337130570654 3
0.26008627251966504 3
0.26344057301335044 3
0.26688613184827076 4
0.2694480428424525 4
0.27199437314422825 4
0.2745028646215895 4
0.31306952995276827 5
0.3191170644194857 5
0.32475950088364786 5
0.343721203541714 6
0.3490453487181542 6
0.3540200412220605 6
0.3727101946696226 7
0.37803879147246444 7
0.38301348397637075 7
0.40170808905033456 8
0.40704113747957815 8
0.41201582998348446 8
0.43071488668384994 9
0.43605238673949526 9
0.44102707924340157 9
0.49663011881390867 10
0.5019720704959557 10
0.506946762999862 10
0.5258817558995179 11
0.5312281592079666 11
0.536202851711873 11
0.554893005159435 12
0.5602438600942854 12
0.5652185525981918 12
0.5839131576721556 13
0.5892684642334077 13
0.594243156737314 13
0.6129422134376794 14
0.6183019716253333 14
0.6232766641292397 14
0.6793938665491437 15
0.6847580763631993 15
0.6897327688671056 15
0.7086677617667615 16
0.7140364232072187 16
0.7190111157111251 16
0.7377012691586872 17
0.7430743822255461 17
0.7480490747294524 17
0.7667436798034162 18
0.7721212444966769 18
0.7770959370005832 18
0.7957949937009486 19
0.801177010020611 19
0.8061517025245173 19
0.8615299349617382 20
0.8669164029078024 20
0.8718910954117086 20
0.8908260883113646 21
0.8962170078838304 21
0.9011917003877367 21
0.9198818538352987 22
0.9252772250341662 22
0.9302519175380726 22
0.9489465226120363 23
0.9543463454373056 23
0.9593210379412118 23
