0.16660656971024362 0
0.24189470122909404 0
0.24201712095514097 0
0.24677590957856452 0
0.24740358890120506 0
0.24790884849779868 0
0.2496761441792759 0
0.2503060493151173 0
0.25501809586132296 0
0.25506483793854084 0
0.25511158001575873 0
0.2551583220929767 0
0.25520506417019456 0
0.2552518062474125 0
0.2552985483246304 0
0.25534529040184833 0
0.2553920324790662 0
0.25697903729127436 0
0.25734852228261595 0
0.26066943557828853 0
0.26129711490092905 0
0.2640860588415978 0
0.2647159639774392 0
0.2673580042468516 0
0.2674804239728985 0
0.2699199152410333 0
0.27004233496708024 0
0.27246624554280907 0
0.272588665268856 0
0.27508602768021295 0
0.27571370700285347 0
0.2830744712580741 1
0.2833682786005867 2
0.2885143587209587 3
0.28996781474111566 4
0.29037513855687175 5
0.291234302452401 6
0.2921134986667379 7
0.2923204992944172 8
0.2932664699047797 9
0.2936737937205358 10
0.29453073180286415 11
0.29542550870960704 12
0.2959285424929998 13
0.29642935046319174 14
0.29716609463267407 15
0.29757341844843016 16
0.2981476782542502 17
0.2990357777213905 18
0.2994431015371466 19
0.300073006672988 20
0.3007808152708592 21
0.3012326553506324 22
0.3019404639485036 23
0.3023989814678793 24
0.30310679006575053 25
0.30356530758512623 26
0.3043755035902367 27
0.3047828274059928 28
0.3053570872118128 29
0.313481305394926 29
0.31371278996781476 29
0.31414682354198104 29
0.31441169531288254 29
0.314843503073848 29
0.31510614903154865 29
0.3285923512155166 29
0.3286390932927345 29
0.32868583536995244 29
0.3287325774471703 29
0.3287793195243882 29
0.32882606160160616 29
0.32887280367882404 29
0.328919545756042 29
0.3289662878332599 29
0.33413685189884124 30
0.33445291737336236 31
0.33450411107698197 32
0.3351006290148106 33
0.33545008168734447 34
0.3355012753909641 35
0.3362157614284379 36
0.33651624621055304 37
0.337045989752356 38
0.33746889426051807 39
0.3379964119891202 40
0.33851057483851726 41
0.34413297898387174 41
0.3443644635567605 41
0.3447984971309268 41
0.34506336890182826 41
0.3454951766627938 41
0.34575782262049437 41
0.35785289155392924 41
0.35789963363114713 41
0.35794637570836507 41
0.35799311778558296 41
0.35803985986280085 41
0.3580866019400188 41
0.3581333440172367 41
0.3581800860944546 41
0.3582268281716725 41
0.36336845666564277 42
0.3636845221401639 43
0.3637357158437835 44
0.3643322337816121 45
0.364681686454146 46
0.3647328801577656 47
0.36544736619523943 48
0.36574785097735457 49
0.3662775945191576 50
0.3667004990273196 51
0.36722801675592176 52
0.3677421796053188 53
0.37312197011178033 53
0.373353454684669 53
0.37378748825883534 53
0.37405236002973685 53
0.3744841677907023 53
0.37474681374840296 53
0.3868463343082395 53
0.38689307638545745 53
0.38693981846267533 53
0.3869865605398933 53
0.38703330261711116 53
0.38708004469432905 53
0.387126786771547 53
0.3871735288487649 53
0.3872202709259828 53
0.3923663510463548 54
0.3926824165208759 55
0.39273361022449554 56
0.3933301281623241 57
0.393679580834858 58
0.39373077453847766 59
0.3944452605759514 60
0.39474574535806656 61
0.3952754888998696 62
0.39569839340803165 63
0.39622591113663375 64
0.3967400739860308 65
0.4021198644924923 65
0.40235134906538106 65
0.4027853826395474 65
0.40305025441044884 65
0.4034820621714143 65
0.40374470812911495 65
0.4158486803153532 65
0.4158954223925711 65
0.41594216446978904 65
0.41598890654700693 65
0.4160356486242249 65
0.41608239070144276 65
0.4161291327786607 65
0.4161758748558786 65
0.41622261693309653 65
0.4213731486798702 66
0.4216892141543913 67
0.4217404078580109 68
0.42233692579583954 69
0.4226863784683734 70
0.42273757217199304 71
0.42345205820946685 72
0.423752542991582 73
0.42428228653338496 74
0.424705191041547 75
0.4252327087701492 76
0.4257468716195462 77
0.43112666212600775 77
0.43135814669889644 77
0.43179218027306276 77
0.4320570520439643 77
0.43248885980492974 77
0.4327515057626304 77
0.4448599295752703 77
0.44490667165248826 77
0.44495341372970615 77
0.44500015580692404 77
0.445046897884142 77
0.44509363996135987 77
0.4451403820385778 77
0.4451871241157957 77
0.44523386619301364 77
0.450388849566189 78
0.45070491504071014 79
0.45075610874432975 80
0.4513526266821583 81
0.45170207935469225 82
0.45175327305831187 83
0.4524677590957856 84
0.45276824387790077 85
0.4532979874197038 86
0.45372089192786585 87
0.454248409656468 88
0.454762572505865 89
0.49704189425606643 89
0.49727337882895517 89
0.4977074124031215 89
0.497972284174023 89
0.49840409193498847 89
0.4986667378926891 89
0.5107796133317307 89
0.5108263554089486 89
0.5108730974861666 89
0.5109198395633845 89
0.5109665816406024 89
0.5110133237178203 89
0.5110600657950383 89
0.5111068078722562 89
0.511153549949474 89
0.5162974042566452 90
0.5166134697311663 91
0.5166646634347859 92
0.5172611813726145 93
0.5176106340451484 94
0.517661827748768 95
0.5183763137862418 96
0.5186767985683569 97
0.5192065421101599 98
0.519629446618322 99
0.5201569643469242 100
0.5206711271963211 101
0.5262935313416757 101
0.5265250159145644 101
0.5269590494887307 101
0.5272239212596322 101
0.5276557290205977 101
0.5279183749782983 101
0.5400357020437416 101
0.5400824441209596 101
0.5401291861981775 101
0.5401759282753954 101
0.5402226703526133 101
0.5402694124298313 101
0.5403161545070492 101
0.5403628965842671 101
0.540409638661485 101
0.5455512671554552 102
0.5458673326299763 103
0.5459185263335959 104
0.5465150442714246 105
0.5468644969439584 106
0.5469156906475781 107
0.5476301766850519 108
0.5479306614671671 109
0.54846040500897 110
0.548883309517132 111
0.5494108272457342 112
0.5499249900951313 113
0.5553047806015928 113
0.5555362651744815 113
0.5559702987486478 113
0.5562351705195493 113
0.5566669782805148 113
0.5569296242382155 113
0.5690514029300605 113
0.5690981450072784 113
0.5691448870844963 113
0.5691916291617143 113
0.5692383712389322 113
0.5692851133161501 113
0.569331855393368 113
0.5693785974705858 113
0.5694253395478038 113
0.5745714196681758 114
0.5748874851426968 115
0.5749386788463166 116
0.5755351967841451 117
0.5758846494566789 118
0.5759358431602987 119
0.5766503291977724 120
0.5769508139798876 121
0.5774805575216906 122
0.5779034620298527 123
0.5784309797584547 124
0.5789451426078518 125
0.5843249331143133 125
0.584556417687202 125
0.5849904512613684 125
0.5852553230322698 125
0.5856871307932353 125
0.585949776750936 125
0.5980760070691827 125
0.5981227491464006 125
0.5981694912236185 125
0.5982162333008365 125
0.5982629753780544 125
0.5983097174552723 125
0.5983564595324902 125
0.5984032016097081 125
0.5984499436869261 125
0.6036004754336997 126
0.6039165409082208 127
0.6039677346118404 128
0.6045642525496691 129
0.6049137052222029 130
0.6049648989258225 131
0.6056793849632963 132
0.6059798697454115 133
0.6065096132872145 134
0.6069325177953765 135
0.6074600355239786 136
0.6079741983733757 137
0.6133539888798373 137
0.613585473452726 137
0.6140195070268922 137
0.6142843787977937 137
0.6147161865587593 137
0.6149788325164599 137
0.6271095144611084 137
0.6271562565383263 137
0.6272029986155442 137
0.6272497406927621 137
0.62729648276998 137
0.627343224847198 137
0.6273899669244158 137
0.6274367090016337 137
0.6274834510788516 137
0.632638434452027 138
0.6329544999265482 139
0.6330056936301678 140
0.6336022115679963 141
0.6339516642405303 142
0.6340028579441499 143
0.6347173439816237 144
0.6350178287637388 145
0.6355475723055418 146
0.6359704768137039 147
0.636497994542306 148
0.637012157391703 149
0.6798056419913016 149
0.6800371265641902 149
0.6804711601383565 149
0.680736031909258 149
0.6811678396702235 149
0.6814304856279242 149
0.6935656191989743 149
0.6936123612761923 149
0.6936591033534102 149
0.6937058454306281 149
0.693752587507846 149
0.6937993295850639 149
0.6938460716622818 149
0.6938928137394997 149
0.6939395558167176 149
0.6990834101238887 150
0.6993994755984099 151
0.6994506693020295 152
0.700047187239858 153
0.700396639912392 154
0.7004478336160116 155
0.7011623196534854 156
0.7014628044356005 157
0.7019925479774035 158
0.7024154524855656 159
0.7029429702141677 160
0.7034571330635647 161
0.7090795372089193 161
0.7093110217818079 161
0.7097450553559743 161
0.7100099271268758 161
0.7104417348878412 161
0.7107043808455419 161
0.7228439660429938 161
0.7228907081202117 161
0.7229374501974296 161
0.7229841922746475 161
0.7230309343518655 161
0.7230776764290834 161
0.7231244185063013 161
0.7231711605835192 161
0.7232179026607372 161
0.7283595311547074 162
0.7286755966292285 163
0.7287267903328482 164
0.7293233082706767 165
0.7296727609432107 166
0.7297239546468303 167
0.730438440684304 168
0.7307389254664192 169
0.7312686690082222 170
0.7316915735163843 171
0.7322190912449864 172
0.7327332540943834 173
0.7381130446008449 173
0.7383445291737336 173
0.7387785627479 173
0.7390434345188014 173
0.7394752422797669 173
0.7397378882374676 173
0.7518819250613211 173
0.7519286671385391 173
0.751975409215757 173
0.7520221512929749 173
0.7520688933701928 173
0.7521156354474107 173
0.7521623775246287 173
0.7522091196018466 173
0.7522558616790644 173
0.7574019417994364 174
0.7577180072739576 175
0.7577692009775772 176
0.7583657189154057 177
0.7587151715879397 178
0.7587663652915593 179
0.7594808513290331 180
0.7597813361111482 181
0.7603110796529512 182
0.7607339841611133 183
0.7612615018897154 184
0.7617756647391124 185
0.7671554552455739 185
0.7673869398184626 185
0.767820973392629 185
0.7680858451635305 185
0.7685176529244959 185
0.7687802988821966 185
0.7809287873324519 185
0.7809755294096699 185
0.7810222714868877 185
0.7810690135641056 185
0.7811157556413235 185
0.7811624977185415 185
0.7812092397957594 185
0.7812559818729773 185
0.7813027239501952 185
0.7864532556969689 186
0.78676932117149 187
0.7868205148751096 188
0.7874170328129382 189
0.7877664854854721 190
0.7878176791890917 191
0.7885321652265656 192
0.7888326500086806 193
0.7893623935504837 194
0.7897852980586457 195
0.7903128157872479 196
0.7908269786366449 197
0.7962067691431064 197
0.7964382537159952 197
0.7968722872901615 197
0.797137159061063 197
0.7975689668220284 197
0.797831612779729 197
0.809984552856386 197
0.810031294933604 197
0.8100780370108219 197
0.8101247790880398 197
0.8101715211652577 197
0.8102182632424756 197
0.8102650053196936 197
0.8103117473969115 197
0.8103584894741294 197
0.8155134728473048 198
0.8158295383218259 199
0.8158807320254455 200
0.8164772499632741 201
0.816826702635808 202
0.8168778963394276 203
0.8175923823769013 204
0.8178928671590165 205
0.8184226107008196 206
0.8188455152089816 207
0.8193730329375838 208
0.8198871957869808 209
0.8619417104038961 209
0.8621731949767848 209
0.8626072285509511 209
0.8628721003218526 209
0.8633039080828181 209
0.8635665540405187 209
0.8757239457435774 209
0.8757706878207954 209
0.8758174298980133 209
0.8758641719752311 209
0.875910914052449 209
0.875957656129667 209
0.8760043982068849 209
0.8760511402841028 209
0.8760978823613207 209
0.8812417366684918 210
0.8815578021430129 211
0.8816089958466325 212
0.8822055137844611 213
0.882554966456995 214
0.8826061601606147 215
0.8833206461980885 216
0.8836211309802037 217
0.8841508745220066 218
0.8845737790301686 219
0.8851012967587708 220
0.8856154596081679 221
0.8912378637535223 221
0.891469348326411 221
0.8919033819005774 221
0.8921682536714789 221
0.8926000614324443 221
0.892862707390145 221
0.9050245507196054 221
0.9050712927968233 221
0.9051180348740412 221
0.9051647769512592 221
0.9052115190284771 221
0.905258261105695 221
0.9053050031829128 221
0.9053517452601307 221
0.9053984873373487 221
0.910540115831319 222
0.9108561813058401 223
0.9109073750094597 224
0.9115038929472883 225
0.9118533456198222 226
0.9119045393234418 227
0.9126190253609157 228
0.9129195101430307 229
0.9134492536848338 230
0.9138721581929958 231
0.914399675921598 232
0.914913838770995 233
0.9202936292774565 233
0.9205251138503452 233
0.9209591474245116 233
0.9212240191954131 233
0.9216558269563785 233
0.9219184729140791 233
0.9340847678699413 233
0.9341315099471592 233
0.9341782520243771 233
0.934224994101595 233
0.934271736178813 233
0.9343184782560309 233
0.9343652203332488 233
0.9344119624104666 233
0.9344587044876845 233
0.9396047846080565 234
0.9399208500825776 235
0.9399720437861973 236
0.9405685617240259 237
0.9409180143965598 238
0.9409692081001794 239
0.9416836941376532 240
0.9419841789197684 241
0.9425139224615713 242
0.9429368269697334 243
0.9434643446983355 244
0.9439785075477326 245
0.9493582980541941 245
0.9495897826270828 245
0.9500238162012491 245
0.9502886879721506 245
0.9507204957331161 245
0.9509831416908168 245
0.9631538882730806 245
0.9632006303502985 245
0.9632473724275163 245
0.9632941145047343 245
0.9633408565819522 245
0.9633875986591701 245
0.963434340736388 245
0.963481082813606 245
0.9635278248908239 245
0.9686783566375975 246
0.9689944221121186 247
0.9690456158157382 248
0.9696421337535669 249
0.9699915864261007 250
0.9700427801297203 251
0.9707572661671942 252
0.9710577509493094 253
0.9715874944911124 254
0.9720103989992744 255
0.9725379167278765 256
0.9730520795772736 257
