0.12429608657523027 0
0.12437844166366181 0
0.12446524837849508 0
0.12454982928012749 0
0.12469005551178122 0
0.12489705613946055 0
0.12572951027657955 0
0.1258118653650111 0
0.12589867207984437 0
0.12598325298147678 0
0.12612347921313052 0
0.12632602821440814 0
0.12715848235152713 0
0.12724083743995868 0
0.12732764415479195 0
0.12741222505642436 0
0.1275524512880781 0
0.1277550002893557 0
0.12856074466806447 0
0.12864309975649604 0
0.12872990647132931 0
0.12881448737296172 0
0.12895471360461544 0
0.12915726260589305 0
0.12998971674301205 1
0.13007207183144362 2
0.1301588785462769 3
0.1302434594479093 4
0.13038368567956302 4
0.13058623468084066 4
0.23355680497869896 4
0.23378161211198512 4
0.23387287045322008 4
0.2351682937361165 4
0.23535303623178727 4
0.23932833860851063 4
0.2394663390269635 4
0.23964440408303173 4
0.2770759046817755 4
0.2771604855834079 4
0.2778081972248561 4
0.2779929397205269 4
0.2781710047765951 4
0.2783268117006548 4
0.27861171579036403 4
0.28169446707354534 4
0.2817790479751777 4
0.28201053254806646 4
0.3058356370499962 4
0.317372026870017 4
0.3175879307504997 4
0.3181911261279308 4
0.31832912654638373 4
0.31850719160245194 4
0.3295895155294987 4
0.3296740964311311 4
0.32994341982843434 4
0.33012816232410513 4
0.33030622738017335 4
0.33046203430423304 4
0.3307469383939422 4
0.3474605697191469 4
0.3476764735996296 4
0.3481194104265994 4
0.34825741084505224 4
0.34843547590112045 4
0.35885005586791136 4
0.35893463676954374 4
0.35920396016684697 4
0.35938870266251777 4
0.359566767718586 4
0.3597225746426457 4
0.3600074787323549 4
0.37645401247345717 4
0.3766699163539399 4
0.37711285318090965 4
0.3772508535993625 4
0.37742891865543077 4
0.3878434986222216 4
0.38792807952385405 4
0.38819740292115723 4
0.38838214541682803 4
0.3885602104728963 4
0.388716017396956 4
0.38900092148666515 4
0.4054563584805709 4
0.40567226236105364 4
0.40611519918802336 4
0.4062531996064762 4
0.4064312646625445 4
0.4168458446293353 4
0.41693042553096776 4
0.41719974892827094 4
0.41738449142394174 4
0.41756255648000995 4
0.4177183634040697 4
0.41800326749377886 4
0.434467607740488 4
0.43468351162097074 4
0.43512644844794046 4
0.4352644488663933 4
0.4354425139224616 4
0.44585709388925243 4
0.44594167479088487 4
0.44621099818818805 4
0.44639574068385884 4
0.4465738057399271 4
0.4467296126639868 4
0.44701451675369597 4
0.5003872914969484 4
0.5006031953774311 4
0.5010461322044009 4
0.5011841326228538 4
0.501362197678922 4
0.5117767776457128 4
0.5118613585473453 4
0.5121306819446485 4
0.5123154244403193 4
0.5124934894963875 4
0.5126492964204472 4
0.5129342005101564 4
0.5296433802089593 4
0.529859284089442 4
0.5303022209164118 4
0.5304402213348647 4
0.5306182863909329 4
0.5410328663577237 4
0.5411174472593562 4
0.5413867706566594 4
0.5415715131523302 4
0.5417495782083984 4
0.5419053851324581 4
0.5421902892221673 4
0.5586590810952782 4
0.5588749849757609 4
0.5593179218027307 4
0.5594559222211835 4
0.5596339872772518 4
0.5700485672440426 4
0.5701331481456751 4
0.5704024715429782 4
0.570587214038649 4
0.5707652790947173 4
0.570921086018777 4
0.5712059901084862 4
0.5876836852344004 4
0.5878995891148832 4
0.5883425259418529 4
0.5884805263603058 4
0.588658591416374 4
0.5990731713831648 4
0.5991577522847973 4
0.5994270756821004 4
0.5996118181777712 4
0.5997898832338395 4
0.5999456901578992 4
0.6002305942476084 4
0.6167171926263261 4
0.6169330965068087 4
0.6173760333337786 4
0.6175140337522314 4
0.6176920988082996 4
0.6281066787750905 4
0.6281912596767228 4
0.6284605830740261 4
0.6286453255696969 4
0.6288233906257651 4
0.6289791975498248 4
0.6292641016395341 4
0.683173297364192 4
0.6833892012446747 4
0.6838321380716444 4
0.6839701384900974 4
0.6841482035461656 4
0.6945627835129564 4
0.6946473644145889 4
0.6949166878118921 4
0.6951014303075629 4
0.6952794953636311 4
0.6954353022876908 4
0.6957202063774 4
0.7124516442082115 4
0.7126675480886943 4
0.713110484915664 4
0.7132484853341168 4
0.7134265503901851 4
0.723841130356976 4
0.7239257112586084 4
0.7241950346559115 4
0.7243797771515823 4
0.7245578422076505 4
0.7247136491317103 4
0.7249985532214195 4
0.7414896032265388 4
0.7417055071070215 4
0.7421484439339913 4
0.7422864443524442 4
0.7424645094085124 4
0.7528790893753032 4
0.7529636702769357 4
0.7532329936742389 4
0.7534177361699097 4
0.7535958012259779 4
0.7537516081500376 4
0.7540365122397468 4
0.7705364654976695 4
0.7707523693781523 4
0.771195306205122 4
0.7713333066235749 4
0.7715113716796431 4
0.781925951646434 4
0.7820105325480664 4
0.7822798559453696 4
0.7824645984410404 4
0.7826426634971086 4
0.7827984704211683 4
0.7830833745108775 4
0.7995922310216037 4
0.7998081349020865 4
0.8002510717290562 4
0.8003890721475091 4
0.8005671372035773 4
0.8109817171703682 4
0.8110662980720006 4
0.8113356214693038 4
0.8115203639649746 4
0.8116984290210428 4
0.8118542359451025 4
0.8121391400348117 4
0.865331623908795 4
0.8655475277892778 4
0.8659904646162475 4
0.8661284650347004 4
0.8663065300907686 4
0.8767211100575595 4
0.8768056909591919 4
0.8770750143564952 4
0.877259756852166 4
0.8774378219082342 4
0.8775936288322939 4
0.877878532922003 4
0.8946322288848231 4
0.8948481327653058 4
0.8952910695922756 4
0.8954290700107285 4
0.8956071350667967 4
0.9060217150335875 4
0.90610629593522 4
0.9063756193325231 4
0.9065603618281939 4
0.9067384268842622 4
0.9068942338083219 4
0.9071791378980311 4
0.923692446035159 4
0.9239083499156416 4
0.9243512867426115 4
0.9244892871610643 4
0.9246673522171325 4
0.9350819321839234 4
0.9351665130855558 4
0.935435836482859 4
0.9356205789785298 4
0.935798644034598 4
0.9359544509586577 4
0.936239355048367 4
0.9527615664382982 4
0.952977470318781 4
0.9534204071457507 4
0.9535584075642036 4
0.9537364726202718 4
0.9641510525870627 4
0.9642356334886951 4
0.9645049568859984 4
0.964689699381669 4
0.9648677644377374 4
0.9650235713617971 4
0.9653084754515062 4
