0.25552335545791655 0
0.2943192795487832 0
0.31076581328988545 0
0.3291065140649136 1
0.3583670544033263 2
0.38736049715763654 3
0.41636284316475025 4
0.44537409242466736 5
0.4867519598285234 5
0.49432640215102586 5
0.5112937761811278 6
0.5405498648931387 7
0.5695655657794575 8
0.5985901699185797 9
0.6276236773105054 10
0.6695201591901602 10
0.6770901498862609 10
0.6940797820483714 11
0.7233581288923908 12
0.7523960879107182 13
0.781442950181849 14
0.8104987157057831 15
0.8523862943326345 15
0.8592262182988555 15
0.8762381085929745 16
0.9055387135690024 17
0.9345989307193383 18
0.9636680511224776 19
0.995203372552162 20
