0.22749591563277644 1
0.25192198969893653 1
0.25829004126657673 1
0.26199824605919775 1
0.26541486932250696 1
0.26775865062300513 1
0.2703205616171868 1
0.2728668919189626 1
0.27600083690576355 1
0.31609663590592824 1
0.3226872687936538 1
0.32566763266959586 1
0.34622969501907525 1
0.35196784145087406 1
0.3549281730080085 1
0.3752231377733855 1
0.3809612842051844 1
0.38392161576231876 1
0.4042254837804992 1
0.40996363021229804 1
0.41292396176943247 1
0.4332367330404163 1
0.4389748794722152 1
0.4419352110293496 1
0.4991564167968767 1
0.5048945632286755 1
0.50785489478581 1
0.5284125055088876 1
0.5341506519406866 1
0.5371109834978209 1
0.5574282063952065 1
0.5631663528270053 1
0.5661266843841397 1
0.5864528105343287 1
0.5921909569661276 1
0.5951512885232619 1
0.6154863179262544 1
0.6212244643580532 1
0.6241847959151876 1
0.6819424226641203 1
0.6876805690959192 1
0.6906409006530536 1
0.7112207695081398 1
0.7169589159399387 1
0.719919247497073 1
0.7402587285264671 1
0.745996874958266 1
0.7489572065154004 1
0.7693055907975979 1
0.7750437372293968 1
0.7780040687865312 1
0.798361356321532 1
0.804099502753331 1
0.8070598343104654 1
0.8641007492087234 1
0.8698388956405223 1
0.8727992271976567 1
0.8934013541847514 1
0.8991395006165502 1
0.9020998321736846 1
0.9224615713350873 1
0.9281997177668861 1
0.9311600493240205 1
0.9515306917382266 1
0.9572688381700254 1
0.9602291697271598 1
