0.2786517804279794 0
0.2788253938576459 0
0.2789990072873124 0
0.27917262071697896 0
0.2793462341466455 0
0.279519847576312 0
0.2796934610059785 0
0.27986707443564507 0
0.2800406878653116 0
0.2802143012949781 0
0.28038791472464464 0
0.2805615281543112 0
0.33078700303155756 0
0.33151706976143736 0
0.3600475433699702 0
0.36077761009985 0
0.3890409861242805 0
0.38977105285416025 0
0.4180433321313942 0
0.41877339886127396 0
0.4470545813913113 0
0.44778464812119106 0
0.5129742651477718 0
0.5137043318776515 0
0.5422303538597827 0
0.5429604205896624 0
0.5712460547461015 0
0.5719761214759812 0
0.6002706588852237 0
0.6010007256151034 0
0.6293041662771494 0
0.6300342330070291 0
0.6957602710150154 0
0.6964903377448951 0
0.7250386178590348 0
0.7257686845889145 0
0.7540765768773622 0
0.7548066436072419 0
0.7831234391484929 0
0.7838535058783727 0
0.8121792046724271 0
0.8129092714023068 0
0.8779185975596184 0
0.8786486642894982 0
0.9072192025356464 0
0.9079492692655262 0
0.9362794196859823 0
0.937009486415862 0
0.9653485400891215 0
0.9660786068190014 0
