0.16661102133664535 0
0.24189915285549576 0
0.24202157258154267 0
0.24678036120496624 0
0.24740804052760676 0
0.24791330012420038 0
0.2496805958056776 0
0.25031050094151897 0
0.2550225474877246 0
0.25506928956494257 0
0.25511603164216046 0
0.2551627737193784 0
0.2552095157965963 0
0.2552562578738142 0
0.2553029999510321 0
0.25534974202825 0
0.25539648410546795 0
0.2569834889176761 0
0.2573529739090177 0
0.26067388720469026 0
0.2613015665273308 0
0.2640905104679995 0
0.26472041560384085 0
0.2673624558732533 0
0.26748487559930023 0
0.26992436686743504 0
0.2700467865934819 0
0.2724706971692108 0
0.27259311689525767 0
0.2750904793066147 0
0.2757181586292552 0
0.28307892288447584 1
0.28337273022698845 2
0.28851881034736043 3
0.2899722663675174 4
0.2903795901832735 5
0.2912387540788027 6
0.2921179502931396 7
0.29232495092081895 8
0.2932709215311814 9
0.2936782453469375 10
0.2945351834292659 11
0.29542996033600877 12
0.29593299411940155 13
0.2964338020895934 14
0.29717054625907574 15
0.29757787007483183 16
0.2981521298806519 17
0.29904022934779223 18
0.2994475531635483 19
0.3000774582993897 20
0.30078526689726093 21
0.30123710697703404 22
0.30194491557490527 23
0.30240343309428097 24
0.3031112416921522 25
0.30356975921152796 26
0.3043799552166384 27
0.3047872790323945 28
0.30536153883821454 29
0.31348575702132775 29
0.31371724159421643 29
0.31415127516838276 29
0.31441614693928427 29
0.31484795470024973 29
0.3151106006579504 29
0.3285968028419183 29
0.3286435449191362 29
0.3286902869963541 29
0.32873702907357205 29
0.32878377115078994 29
0.3288305132280078 29
0.32887725530522577 29
0.32892399738244366 29
0.3289707394596616 29
0.33414130352524296 30
0.3344573689997641 31
0.3345085627033837 32
0.33510508064121225 33
0.3354545333137462 34
0.3355057270173658 35
0.33622021305483957 36
0.3365206978369547 37
0.3370504413787577 38
0.3374733458869198 39
0.33800086361552195 40
0.33851502646491893 41
0.34413743061027346 41
0.34436891518316215 41
0.3448029487573285 41
0.34506782052823 41
0.34549962828919545 41
0.3457622742468961 41
0.3578573431803309 41
0.35790408525754885 41
0.35795082733476674 41
0.3579975694119847 41
0.35804431148920257 41
0.3580910535664205 41
0.3581377956436384 41
0.3581845377208563 41
0.35823127979807423 41
0.3633729082920445 42
0.3636889737665656 43
0.3637401674701852 44
0.36433668540801384 45
0.36468613808054773 46
0.36473733178416734 47
0.36545181782164116 48
0.3657523026037563 49
0.36628204614555926 50
0.36670495065372133 51
0.3672324683823235 52
0.3677466312317205 53
0.37312642173818206 53
0.37335790631107074 53
0.37379193988523707 53
0.3740568116561386 53
0.37448861941710404 53
0.3747512653748047 53
0.38685078593464123 53
0.3868975280118591 53
0.38694427008907706 53
0.38699101216629495 53
0.3870377542435129 53
0.3870844963207308 53
0.3871312383979487 53
0.3871779804751666 53
0.3872247225523845 53
0.3923708026727565 54
0.3926868681472776 55
0.3927380618508972 56
0.3933345797887258 57
0.3936840324612597 58
0.3937352261648793 59
0.39444971220235314 60
0.3947501969844683 61
0.3952799405262713 62
0.3957028450344333 63
0.39623036276303547 64
0.3967445256124325 65
0.40212431611889404 65
0.40235580069178273 65
0.40278983426594905 65
0.40305470603685056 65
0.403486513797816 65
0.4037491597555167 65
0.41585313194175494 65
0.4158998740189728 65
0.41594661609619077 65
0.41599335817340866 65
0.41604010025062654 65
0.4160868423278445 65
0.4161335844050624 65
0.4161803264822803 65
0.4162270685594982 65
0.4213776003062719 66
0.42169366578079304 67
0.42174485948441265 68
0.4223413774222412 69
0.42269083009477515 70
0.42274202379839476 71
0.4234565098358685 72
0.42375699461798366 73
0.4242867381597867 74
0.42470964266794875 75
0.4252371603965509 76
0.4257513232459479 77
0.4311311137524094 77
0.43136259832529816 77
0.4317966318994645 77
0.43206150367036594 77
0.43249331143133146 77
0.4327559573890321 77
0.44486438120167204 77
0.44491112327888993 77
0.4449578653561079 77
0.44500460743332576 77
0.4450513495105437 77
0.4450980915877616 77
0.4451448336649795 77
0.4451915757421974 77
0.4452383178194153 77
0.4503933011925907 78
0.4507093666671118 79
0.4507605603707314 80
0.45135707830856003 81
0.4517065309810939 82
0.45175772468471354 83
0.45247221072218735 84
0.4527726955043025 85
0.4533024390461055 86
0.4537253435542675 87
0.4542528612828697 88
0.4547670241322667 89
0.49704634588246815 89
0.49727783045535684 89
0.49771186402952317 89
0.4979767358004247 89
0.49840854356139014 89
0.4986711895190908 89
0.5107840649581324 89
0.5108308070353503 89
0.5108775491125683 89
0.5109242911897862 89
0.5109710332670041 89
0.511017775344222 89
0.5110645174214399 89
0.5111112594986579 89
0.5111580015758758 89
0.5163018558830469 90
0.516617921357568 91
0.5166691150611876 92
0.5172656329990162 93
0.5176150856715501 94
0.5176662793751697 95
0.5183807654126436 96
0.5186812501947586 97
0.5192109937365617 98
0.5196338982447237 99
0.5201614159733259 100
0.5206755788227229 101
0.5262979829680774 101
0.5265294675409661 101
0.5269635011151325 101
0.5272283728860339 101
0.5276601806469994 101
0.5279228266047 101
0.5400401536701434 101
0.5400868957473614 101
0.5401336378245792 101
0.5401803799017971 101
0.540227121979015 101
0.5402738640562329 101
0.5403206061334509 101
0.5403673482106688 101
0.5404140902878867 101
0.5455557187818569 102
0.5458717842563781 103
0.5459229779599977 104
0.5465194958978262 105
0.5468689485703602 106
0.5469201422739798 107
0.5476346283114536 108
0.5479351130935687 109
0.5484648566353717 110
0.5488877611435338 111
0.5494152788721359 112
0.5499294417215329 113
0.5553092322279944 113
0.5555407168008832 113
0.5559747503750495 113
0.556239622145951 113
0.5566714299069165 113
0.5569340758646172 113
0.5690558545564622 113
0.5691025966336801 113
0.569149338710898 113
0.5691960807881159 113
0.5692428228653339 113
0.5692895649425518 113
0.5693363070197697 113
0.5693830490969876 113
0.5694297911742054 113
0.5745758712945774 114
0.5748919367690986 115
0.5749431304727182 116
0.5755396484105468 117
0.5758891010830807 118
0.5759402947867003 119
0.5766547808241741 120
0.5769552656062893 121
0.5774850091480923 122
0.5779079136562543 123
0.5784354313848564 124
0.5789495942342535 125
0.584329384740715 125
0.5845608693136037 125
0.58499490288777 125
0.5852597746586715 125
0.585691582419637 125
0.5859542283773377 125
0.5980804586955845 125
0.5981272007728023 125
0.5981739428500202 125
0.5982206849272381 125
0.5982674270044561 125
0.598314169081674 125
0.5983609111588919 125
0.5984076532361098 125
0.5984543953133277 125
0.6036049270601014 126
0.6039209925346225 127
0.6039721862382421 128
0.6045687041760708 129
0.6049181568486046 130
0.6049693505522242 131
0.605683836589698 132
0.6059843213718132 133
0.6065140649136161 134
0.6069369694217782 135
0.6074644871503804 136
0.6079786499997775 137
0.613358440506239 137
0.6135899250791277 137
0.614023958653294 137
0.6142888304241955 137
0.614720638185161 137
0.6149832841428616 137
0.62711396608751 137
0.627160708164728 137
0.6272074502419459 137
0.6272541923191638 137
0.6273009343963817 137
0.6273476764735997 137
0.6273944185508176 137
0.6274411606280355 137
0.6274879027052533 137
0.6326428860784288 138
0.6329589515529499 139
0.6330101452565695 140
0.6336066631943981 141
0.633956115866932 142
0.6340073095705516 143
0.6347217956080254 144
0.6350222803901405 145
0.6355520239319435 146
0.6359749284401056 147
0.6365024461687078 148
0.6370166090181048 149
0.6798100936177033 149
0.680041578190592 149
0.6804756117647582 149
0.6807404835356597 149
0.6811722912966253 149
0.6814349372543259 149
0.693570070825376 149
0.6936168129025939 149
0.6936635549798119 149
0.6937102970570298 149
0.6937570391342477 149
0.6938037812114656 149
0.6938505232886836 149
0.6938972653659015 149
0.6939440074431193 149
0.6990878617502905 150
0.6994039272248116 151
0.6994551209284312 152
0.7000516388662598 153
0.7004010915387937 154
0.7004522852424133 155
0.7011667712798871 156
0.7014672560620022 157
0.7019969996038052 158
0.7024199041119673 159
0.7029474218405695 160
0.7034615846899664 161
0.709083988835321 161
0.7093154734082097 161
0.709749506982376 161
0.7100143787532776 161
0.710446186514243 161
0.7107088324719436 161
0.7228484176693956 161
0.7228951597466134 161
0.7229419018238313 161
0.7229886439010492 161
0.7230353859782671 161
0.7230821280554851 161
0.723128870132703 161
0.7231756122099209 161
0.7232223542871388 161
0.728363982781109 162
0.7286800482556302 163
0.7287312419592498 164
0.7293277598970784 165
0.7296772125696123 166
0.7297284062732319 167
0.7304428923107057 168
0.7307433770928209 169
0.7312731206346239 170
0.7316960251427859 171
0.732223542871388 172
0.7327377057207851 173
0.7381174962272466 173
0.7383489808001353 173
0.7387830143743016 173
0.7390478861452031 173
0.7394796939061686 173
0.7397423398638693 173
0.7518863766877228 173
0.7519331187649407 173
0.7519798608421587 173
0.7520266029193766 173
0.7520733449965945 173
0.7521200870738124 173
0.7521668291510303 173
0.7522135712282483 173
0.7522603133054662 173
0.7574063934258382 174
0.7577224589003593 175
0.7577736526039789 176
0.7583701705418074 177
0.7587196232143414 178
0.758770816917961 179
0.7594853029554348 180
0.7597857877375499 181
0.7603155312793529 182
0.760738435787515 183
0.7612659535161171 184
0.7617801163655141 185
0.7671599068719757 185
0.7673913914448643 185
0.7678254250190307 185
0.7680902967899322 185
0.7685221045508976 185
0.7687847505085983 185
0.7809332389588536 185
0.7809799810360716 185
0.7810267231132895 185
0.7810734651905074 185
0.7811202072677252 185
0.7811669493449431 185
0.7812136914221611 185
0.781260433499379 185
0.7813071755765969 185
0.7864577073233706 186
0.7867737727978917 187
0.7868249665015113 188
0.7874214844393399 189
0.7877709371118738 190
0.7878221308154935 191
0.7885366168529673 192
0.7888371016350824 193
0.7893668451768854 194
0.7897897496850474 195
0.7903172674136496 196
0.7908314302630466 197
0.7962112207695081 197
0.7964427053423968 197
0.7968767389165632 197
0.7971416106874647 197
0.7975734184484301 197
0.7978360644061308 197
0.8099890044827878 197
0.8100357465600057 197
0.8100824886372237 197
0.8101292307144415 197
0.8101759727916594 197
0.8102227148688773 197
0.8102694569460952 197
0.8103161990233132 197
0.8103629411005311 197
0.8155179244737065 198
0.8158339899482275 199
0.8158851836518473 200
0.8164817015896758 201
0.8168311542622096 202
0.8168823479658294 203
0.8175968340033031 204
0.8178973187854183 205
0.8184270623272213 206
0.8188499668353834 207
0.8193774845639854 208
0.8198916474133825 209
0.8619461620302977 209
0.8621776466031865 209
0.8626116801773528 209
0.8628765519482543 209
0.8633083597092197 209
0.8635710056669204 209
0.8757283973699791 209
0.875775139447197 209
0.875821881524415 209
0.8758686236016329 209
0.8759153656788508 209
0.8759621077560686 209
0.8760088498332866 209
0.8760555919105045 209
0.8761023339877224 209
0.8812461882948935 210
0.8815622537694147 211
0.8816134474730343 212
0.8822099654108628 213
0.8825594180833968 214
0.8826106117870164 215
0.8833250978244902 216
0.8836255826066053 217
0.8841553261484083 218
0.8845782306565704 219
0.8851057483851725 220
0.8856199112345695 221
0.891242315379924 221
0.8914737999528127 221
0.8919078335269791 221
0.8921727052978806 221
0.892604513058846 221
0.8928671590165467 221
0.9050290023460071 221
0.905075744423225 221
0.9051224865004429 221
0.9051692285776608 221
0.9052159706548788 221
0.9052627127320967 221
0.9053094548093146 221
0.9053561968865325 221
0.9054029389637505 221
0.9105445674577207 222
0.9108606329322418 223
0.9109118266358615 224
0.91150834457369 225
0.911857797246224 226
0.9119089909498436 227
0.9126234769873173 228
0.9129239617694325 229
0.9134537053112355 230
0.9138766098193976 231
0.9144041275479997 232
0.9149182903973967 233
0.9202980809038582 233
0.9205295654767469 233
0.9209635990509133 233
0.9212284708218148 233
0.9216602785827802 233
0.9219229245404809 233
0.9340892194963429 233
0.9341359615735609 233
0.9341827036507788 233
0.9342294457279967 233
0.9342761878052146 233
0.9343229298824326 233
0.9343696719596505 233
0.9344164140368684 233
0.9344631561140863 233
0.9396092362344582 234
0.9399253017089794 235
0.939976495412599 236
0.9405730133504275 237
0.9409224660229615 238
0.9409736597265811 239
0.9416881457640549 240
0.94198863054617 241
0.942518374087973 242
0.9429412785961351 243
0.9434687963247372 244
0.9439829591741342 245
0.9493627496805958 245
0.9495942342534845 245
0.9500282678276508 245
0.9502931395985523 245
0.9507249473595178 245
0.9509875933172185 245
0.9631583398994823 245
0.9632050819767002 245
0.9632518240539181 245
0.963298566131136 245
0.963345308208354 245
0.9633920502855718 245
0.9634387923627897 245
0.9634855344400076 245
0.9635322765172256 245
0.9686828082639992 246
0.9689988737385203 247
0.96905006744214 248
0.9696465853799686 249
0.9699960380525025 250
0.9700472317561221 251
0.9707617177935959 252
0.9710622025757111 253
0.971591946117514 254
0.972014850625676 255
0.9725423683542782 256
0.9730565312036753 257
