0.1603898734402614 0
0.1604521962098853 0
0.16049893828710318 0
0.1769410204018038 0
0.17700334317142769 0
0.1770500852486456 0
0.1789219941505629 0
0.1789843169201868 0
0.1790310589974047 0
0.180902967899322 0
0.1809652906689459 0
0.18101203274616381 0
0.18288394164808114 1
0.182946264417705 1
0.18299300649492292 1
0.22619826653667918 1
0.22625168605349966 1
0.23494793822923205 1
0.23521281000013355 1
0.23934837092731828 1
0.23951085529098057 1
0.2776546161139972 1
0.27786384255487745 1
0.27803745598454394 1
0.27822219848021473 1
0.2783646505250693 1
0.28185695143720757 1
0.30570653988434676 1
0.30588015331401325 1
0.3059402502704363 1
0.3059869923476542 1
0.31821115844673853 1
0.31837364281040076 1
0.32978983871757545 1
0.3299990651584556 1
0.33017267858812216 1
0.33035742108379296 1
0.33049987312864754 1
0.34813944274540704 1
0.3483019271090693 1
0.3590503790559881 1
0.3592596054968683 1
0.3594332189265348 1
0.3596179614222056 1
0.35976041346706017 1
0.3771328854997173 1
0.3772953698633796 1
0.3880438218102984 1
0.38825304825117857 1
0.3884266616808451 1
0.3886114041765159 1
0.3887538562213705 1
0.406135231506831 1
0.4062977158704933 1
0.4170461678174121 1
0.4172553942582923 1
0.4174290076879588 1
0.41761375018362956 1
0.4177562022284842 1
0.4351464807667481 1
0.4353089651304104 1
0.4460574170773292 1
0.4462666435182094 1
0.4464402569478759 1
0.4466249994435467 1
0.4467674514884013 1
0.5010661645232085 1
0.5012286488868708 1
0.5119771008337897 1
0.5121863272746698 1
0.5123599407043363 1
0.5125446832000071 1
0.5126871352448618 1
0.5303222532352195 1
0.5304847375988817 1
0.5412331895458006 1
0.5414424159866807 1
0.5416160294163472 1
0.541800771912018 1
0.5419432239568727 1
0.5593379541215383 1
0.5595004384852006 1
0.5702488904321193 1
0.5704581168729995 1
0.5706317303026661 1
0.5708164727983369 1
0.5709589248431914 1
0.5883625582606605 1
0.5885250426243228 1
0.5992734945712416 1
0.5994827210121217 1
0.5996563344417883 1
0.5998410769374591 1
0.5999835289823137 1
0.6173960656525862 1
0.6175585500162485 1
0.6283070019631672 1
0.6285162284040474 1
0.6286898418337139 1
0.6288745843293847 1
0.6290170363742393 1
0.6838521703904521 1
0.6840146547541144 1
0.6947631067010333 1
0.6949723331419134 1
0.6951459465715799 1
0.6953306890672507 1
0.6954731411121053 1
0.7131305172344716 1
0.7132930015981339 1
0.7240414535450527 1
0.7242506799859328 1
0.7244242934155994 1
0.7246090359112701 1
0.7247514879561248 1
0.7421684762527989 1
0.7423309606164612 1
0.7530794125633801 1
0.7532886390042602 1
0.7534622524339267 1
0.7536469949295975 1
0.7537894469744522 1
0.7712153385239298 1
0.7713778228875919 1
0.7821262748345108 1
0.782335501275391 1
0.7825091147050575 1
0.7826938572007283 1
0.7828363092455829 1
0.8002711040478638 1
0.8004335884115261 1
0.811182040358445 1
0.8113912667993252 1
0.8115648802289916 1
0.8117496227246624 1
0.8118920747695171 1
0.8660104969350553 1
0.8661729812987174 1
0.8769214332456363 1
0.8771306596865165 1
0.877304273116183 1
0.8774890156118538 1
0.8776314676567084 1
0.8953111019110832 1
0.8954735862747455 1
0.9062220382216643 1
0.9064312646625444 1
0.906604878092211 1
0.9067896205878818 1
0.9069320726327363 1
0.9243713190614191 1
0.9245338034250814 1
0.9352822553720002 1
0.9354914818128803 1
0.9356650952425468 1
0.9358498377382176 1
0.9359922897830723 1
0.9534404394645584 1
0.9536029238282206 1
0.9643513757751394 1
0.9645606022160196 1
0.9647342156456862 1
0.964918958141357 1
0.9650614101862115 1
