0.24194366911951282 1
0.2535223493903498 2
0.2537248983916274 3
0.25390964088729817 4
0.2540075766681357 5
0.2543013840106483 6
0.25440599723108837 7
0.2545195137043319 8
0.25469535294719925 9
0.2547977403544385 10
0.25490903101448115 11
0.2591247212168966 12
0.2592983346465631 13
0.2593984962406015 14
0.25959659361547743 15
0.26259031237062463 16
0.26282847438311585 17
0.26614716186558757 18
0.26625177508602765 19
0.26849762060568827 20
0.2688136860802094 21
0.2918486268958364 22
0.2927077907913656 23
0.2940811175362919 24
0.2998504253529027 25
0.3010100740305471 26
0.3068884466939997 27
0.30807480513005425 28
0.3234930131723625 29
0.3235887231399992 30
0.3236844331076359 31
0.32378014307527253 32
0.332536492207428 33
0.33264110542786807 34
0.332839202802744 35
0.3329349127703807 36
0.33303507436441904 37
0.3332443008052992 38
0.3333266558937308 39
