0.3099778754167835 0
0.34089442077663074 0
0.37008150927941524 0
0.39907940366012723 0
0.4280862012936426 0
0.46107943036988563 0
0.4678904187644956 0
0.47348388733823904 0
0.4802281013368234 0
0.48593953801021206 0
0.4935384642779239 0
0.5230549731344347 0
0.5522643197692277 0
0.5812844722819482 0
0.6103135280474722 0
0.6414927193650201 0
0.64830370775963 0
0.6550768573298255 0
0.6618166197020081 0
0.6687077373718489 0
0.676302212013159 0
0.7058409790016783 0
0.7350725837684798 0
0.7641149944132088 0
0.7931663083107413 0
0.8243588545074944 0
0.8311698429021043 0
0.8379429924722998 0
0.8446827548444824 0
0.8515738725143231 0
0.8584382804257535 0
0.8879993055462814 0
0.9172531684450914 0
0.946317837221829 0
0.9775126092317828 0
0.983110529431928 0
0.9886750624340603 0
0.9943909507338506 0
