0.2415140871717482 0
0.2462283595311547 0
0.24746146004442723 0
0.2490662713622422 0
0.25646932606827905 0
0.2601218855308787 0
0.2634761860245641 0
0.2669217448594844 0
0.2694836558536661 0
0.2720299861554419 0
0.27453847763280315 0
0.2827072120799334 1
0.28943361957291097 2
0.2912854961560206 3
0.29254085480130165 4
0.29480228101336825 5
0.2964872216064139 6
0.2982879044859039 7
0.3002132329046417 8
0.3013728815822861 9
0.302539207699533 10
0.30370553381677995 11
0.3131051429639819 11
0.3137706611110369 11
0.31446956645610474 11
0.3191526774306993 11
0.3247951138948615 11
0.3336516246210553 12
0.33461540173702464 13
0.33574834065625875 14
0.3365785689801769 15
0.33753121703014194 16
0.3437568165529276 16
0.3444223346999826 16
0.34512124004505046 16
0.3490809617293678 16
0.3540556542332741 16
0.36288322938785683 17
0.3638470065038262 18
0.36497994542306034 19
0.36581017374697844 20
0.36676282179694353 21
0.3727458076808362 21
0.3734113258278912 21
0.37411023117295905 21
0.37807440448367813 21
0.38304909698758444 21
0.3918811237685689 22
0.39284490088453816 23
0.3939778398037723 24
0.3948080681276904 25
0.3957607161776555 26
0.4017437020615482 26
0.4024092202086032 26
0.40310812555367104 26
0.4070767504907918 26
0.4120514429946981 26
0.42088792140208425 27
0.4218516985180536 28
0.4229846374372877 29
0.42381486576120586 30
0.4247675138111709 31
0.43075049969506357 31
0.43141601784211864 31
0.4321149231871864 31
0.43608799975070894 31
0.4410626922546152 31
0.4499036222884031 32
0.45086739940437237 33
0.45200033832360653 34
0.4528305666475247 35
0.4537832146974897 36
0.4966657318251223 36
0.4973312499721773 36
0.49803015531724515 36
0.5020076835071693 36
0.5069823760110757 36
0.5158121769788592 37
0.5167759540948286 38
0.5179088930140627 39
0.5187391213379808 40
0.5196917693879459 41
0.5259173689107315 41
0.5265828870577866 41
0.5272817924028543 41
0.5312637722191803 41
0.5362384647230866 41
0.5450660398776693 42
0.5460298169936386 43
0.5471627559128728 44
0.5479929842367909 45
0.548945632286756 46
0.5549286181706486 46
0.5555941363177037 46
0.5562930416627715 46
0.5602794731054991 46
0.5652541656094054 46
0.5740861923903898 47
0.5750499695063591 48
0.5761829084255933 49
0.5770131367495114 50
0.5779657847994765 51
0.5839487706833691 51
0.5846142888304242 51
0.585313194175492 51
0.5893040772446213 51
0.5942787697485277 51
0.6031152481559138 52
0.6040790252718831 53
0.6052119641911172 54
0.6060421925150353 55
0.6069948405650004 56
0.6129778264488931 56
0.6136433445959482 56
0.6143422499410159 56
0.618337584636547 56
0.6233122771404532 56
0.6321532071742411 57
0.6331169842902105 58
0.6342499232094446 59
0.6350801515333627 60
0.6360327995833278 61
0.6794294795603574 61
0.6800949977074124 61
0.6807939030524802 61
0.684793689374413 61
0.6897683818783192 61
0.6985981828461029 62
0.6995619599620722 63
0.7006948988813063 64
0.7015251272052244 65
0.7024777752551895 66
0.7087033747779752 66
0.7093688929250301 66
0.710067798270098 66
0.7140720362184324 66
0.7190467287223387 66
0.7278743038769214 67
0.7288380809928907 68
0.7299710199121249 69
0.7308012482360431 70
0.7317538962860081 71
0.7377368821699007 71
0.7384024003169558 71
0.7391013056620236 71
0.7431099952367598 71
0.748084687740666 71
0.7569167145216504 72
0.7578804916376198 73
0.759013430556854 74
0.7598436588807721 75
0.7607963069307372 76
0.7667792928146299 76
0.7674448109616848 76
0.7681437163067527 76
0.7721568575078905 76
0.7771315500117968 76
0.7859680284191829 77
0.7869318055351523 78
0.7880647444543865 79
0.7888949727783046 80
0.7898476208282696 81
0.7958306067121623 81
0.7964961248592173 81
0.7971950302042852 81
0.8012126230318247 81
0.806187315535731 81
0.8150282455695188 82
0.8159920226854881 83
0.8171249616047223 84
0.8179551899286405 85
0.8189078379786054 86
0.8615655479729519 86
0.862231066120007 86
0.8629299714650748 86
0.866952015919016 86
0.8719267084229223 86
0.8807565093907059 87
0.8817202865066752 88
0.8828532254259094 89
0.8836834537498275 90
0.8846361017997926 91
0.8908617013225782 91
0.8915272194696332 91
0.8922261248147011 91
0.896252620895044 91
0.9012273133989503 91
0.910054888553533 92
0.9110186656695024 93
0.9121516045887365 94
0.9129818329126547 95
0.9139344809626196 96
0.9199174668465123 96
0.9205829849935674 96
0.9212818903386352 96
0.9253128380453799 96
0.9302875305492861 96
0.9391195573302706 97
0.9400833344462399 98
0.9412162733654741 99
0.9420465016893922 100
0.9429991497393573 101
0.94898213562325 101
0.949647653770305 101
0.9503465591153728 101
0.9543819584485191 101
0.9593566509524255 101
0.9681931293598116 102
0.9691569064757809 103
0.9702898453950151 104
0.9711200737189332 105
0.9720727217688983 106
