0.24038114825251405 1
0.24070389116663773 2
0.24559400276891163 3
0.24829168836834536 4
0.25590619532846326 5
0.2596500131322979 6
0.2629887329335773 7
0.2664120336364891 8
0.2689739446306708 9
0.27152027493244657 10
0.2740666052342223 11
0.2769757430877371 12
0.2815943054795069 13
0.32407840204418686 14
0.3294893539354603 15
0.3533389423825995 16
0.35874989427387294 17
0.38233238513690976 18
0.38774333702818325 19
0.41133473114402347 20
0.41674568303529697 21
0.4403459804039406 22
0.44575693229521407 23
0.506265664160401 24
0.5116766160516745 25
0.5355217528724119 26
0.5409327047636854 27
0.5645374537587308 28
0.5699484056500043 29
0.593562057897853 30
0.5989730097891265 31
0.6225955652897787 32
0.628006517181052 33
0.6890516700276446 34
0.694462621918918 35
0.7183300168716641 36
0.7237409687629376 37
0.7473679758899914 38
0.7527789277812649 39
0.7764148381611221 40
0.7818257900523956 41
0.8054706036850563 42
0.8108815555763298 43
0.8712099965722476 44
0.8766209484635211 45
0.9005106015482757 46
0.9059215534395492 47
0.9295708186986116 48
0.934981770589885 49
0.9586399391017508 50
0.9640508909930243 51
