0.24187244309708553 0
0.24658003801688946 0
0.24948027261760083 0
0.2568210045540138 0
0.2604735640166135 0
0.2638901872799227 0
0.26733574611484306 0
0.2698976571090248 0
0.27244398741080056 0
0.2748901561185379 0
0.2830522131260656 0
0.2897719431794406 0
0.29307059834310467 0
0.2952674759723465 0
0.29697022307099896 0
0.29883990615971545 0
0.3007585571388507 0
0.30191820581649503 0
0.303084531933742 0
0.30417963202856163 0
0.3134590472629175 0
0.3141245654099725 0
0.3148212449418395 0
0.3341145937668327 0
0.335078370882802 0
0.33619350329642933 0
0.3370237316203475 0
0.3379741538571117 0
0.3441107208518632 0
0.34477623899891824 0
0.3454729185307852 0
0.36334619853363426 0
0.3643099756496036 0
0.3654251080632309 0
0.366255336387149 0
0.36720575862391325 0
0.3730997119797718 0
0.37376523012682683 0
0.3744619096586938 0
0.39234409291434624 0
0.3933078700303156 0
0.3944230024439429 0
0.39525323076786106 0
0.39620365300462523 0
0.4020976063604838 0
0.4027631245075388 0
0.4034598040394058 0
0.4213508905478617 0
0.42231466766383097 0
0.4234298000774583 0
0.42426002840137644 0
0.42521045063814067 0
0.4311044039939992 0
0.43176992214105425 0
0.4324666016729212 0
0.45036659143418045 0
0.4513303685501498 0
0.4524455009637771 0
0.4532757292876953 0
0.45422615152445944 0
0.4970196361240579 0
0.49768515427111293 0
0.4983818338029799 0
0.5162751461246367 0
0.5172389232406059 0
0.5183540556542333 0
0.5191842839781514 0
0.5201347062149156 0
0.5262712732096672 0
0.5269367913567222 0
0.5276334708885891 0
0.5455290090234467 0
0.546492786139416 0
0.5476079185530434 0
0.5484381468769615 0
0.5493885691137257 0
0.5552825224695843 0
0.5559480406166393 0
0.5566447201485063 0
0.5745491615361672 0
0.5755129386521366 0
0.5766280710657639 0
0.5774582993896821 0
0.5784087216264462 0
0.5843026749823048 0
0.5849681931293598 0
0.5856648726612268 0
0.6035782173016911 0
0.6045419944176605 0
0.6056571268312878 0
0.6064873551552059 0
0.6074377773919701 0
0.6133317307478288 0
0.6139972488948837 0
0.6146939284267507 0
0.6326161763200185 0
0.6335799534359878 0
0.6346950858496152 0
0.6355253141735333 0
0.6364757364102975 0
0.679783383859293 0
0.680448902006348 0
0.681145581538215 0
0.6990611519918802 0
0.7000249291078495 0
0.7011400615214769 0
0.701970289845395 0
0.7029207120821592 0
0.7090572790769107 0
0.7097227972239658 0
0.7104194767558327 0
0.7283372730226988 0
0.7293010501386682 0
0.7304161825522955 0
0.7312464108762137 0
0.7321968331129778 0
0.7380907864688364 0
0.7387563046158914 0
0.7394529841477584 0
0.7573796836674279 0
0.7583434607833972 0
0.7594585931970246 0
0.7602888215209427 0
0.7612392437577069 0
0.7671331971135654 0
0.7677987152606205 0
0.7684953947924874 0
0.7864309975649604 0
0.7873947746809297 0
0.788509907094557 0
0.7893401354184751 0
0.7902905576552394 0
0.7961845110110979 0
0.796850029158153 0
0.7975467086900199 0
0.8154912147152963 0
0.8164549918312656 0
0.8175701242448928 0
0.818400352568811 0
0.8193507748055752 0
0.8619194522718875 0
0.8625849704189426 0
0.8632816499508096 0
0.8812194785364833 0
0.8821832556524526 0
0.88329838806608 0
0.8841286163899981 0
0.8850790386267623 0
0.8912156056215138 0
0.8918811237685689 0
0.8925778033004358 0
0.9105178576993105 0
0.9114816348152798 0
0.912596767228907 0
0.9134269955528252 0
0.9143774177895895 0
0.920271371145448 0
0.9209368892925031 0
0.92163356882437 0
0.939582526476048 0
0.9405463035920173 0
0.9416614360056447 0
0.9424916643295628 0
0.943442086566327 0
0.9493360399221855 0
0.9500015580692406 0
0.9506982376011076 0
0.968656098505589 0
0.9696198756215584 0
0.9707350080351856 0
0.9715652363591037 0
0.972515658595868 0
