0.226821494232918 1
0.24012517973441597 1
0.241471796720932 1
0.2461860690803385 1
0.249023980911426 1
0.25642703561746283 1
0.2600795950800625 1
0.26343389557374786 1
0.2668794544086682 1
0.2694413654028499 1
0.27198769570462566 1
0.27449618718198693 1
0.28419405529810315 1
0.28513557428206393 1
0.3093546477205447 1
0.3130628525131657 1
0.3191103869798831 1
0.32475282344404527 1
0.34027119308039194 1
0.3437145261021114 1
0.3490386712785516 1
0.3540133637824579 1
0.3694582815831764 1
0.37270351723002 1
0.3780321140328619 1
0.3830068065367682 1
0.3984561759638884 1
0.401701411610732 1
0.4070344600399756 1
0.41200915254388193 1
0.4274629735974038 1
0.4307082092442474 1
0.4360457092998927 1
0.44102040180379903 1
0.4929152365816851 1
0.4966234413743061 1
0.5019653930563531 1
0.5069400855602595 1
0.5224317454381958 1
0.5258750784599153 1
0.531221481768364 1
0.5361961742722704 1
0.5516410920729888 1
0.5548863277198325 1
0.5602371826546829 1
0.5652118751585892 1
0.5806612445857093 1
0.583906480232553 1
0.5892617867938051 1
0.5942364792977114 1
0.6096903003512333 1
0.6129355359980769 1
0.6182952941857307 1
0.6232699866896371 1
0.6756789843169202 1
0.6793871891095412 1
0.6847513989235967 1
0.6897260914275031 1
0.7052177513054394 1
0.7086610843271589 1
0.7140297457676162 1
0.7190044382715225 1
0.734449356072241 1
0.7376945917190846 1
0.7430677047859435 1
0.7480423972898499 1
0.76349176671697 1
0.7667370023638136 1
0.7721145670570743 1
0.7770892595609806 1
0.7925430806145025 1
0.795788316261346 1
0.8011703325810084 1
0.8061450250849148 1
0.8578150527295147 1
0.8615232575221358 1
0.8669097254681998 1
0.8718844179721061 1
0.8873760778500425 1
0.890819410871762 1
0.8962103304442278 1
0.9011850229481341 1
0.9166299407488526 1
0.9198751763956962 1
0.9252705475945636 1
0.93024524009847 1
0.9456946095255901 1
0.9489398451724338 1
0.954339667997703 1
0.9593143605016092 1
