0.2534422201151191 0
0.2585660421034825 0
0.26204498813641564 0
0.2654616113997249 0
0.267805392700223 0
0.27036730369440476 0
0.2729136339961805 0
0.27604757898298143 0
0.2808108192328067 0
0.32274291412367506 0
0.32702983034851785 0
0.3318086512907491 0
0.3520234867808954 0
0.3562903706869305 0
0.36106919162916173 0
0.38101692953520566 0
0.38528381344124074 0
0.390062634383472 0
0.4100192755423194 0
0.41428615944835445 0
0.4190649803905857 0
0.4390305248022365 0
0.44329740870827156 0
0.4480762296505028 0
0.5049502085586969 0
0.509217092464732 0
0.5139959134069633 0
0.5342062972707079 0
0.5384731811767429 0
0.5432520021189742 0
0.5632219981570267 0
0.5674888820630617 0
0.572267703005293 0
0.5922466022961489 0
0.5965134862021839 0
0.6012923071444152 0
0.6212801096880746 0
0.6255469935941096 0
0.6303258145363408 0
0.6877362144259405 0
0.6920030983319756 0
0.6967819192742069 0
0.71701456126996 0
0.721281445175995 0
0.7260602661182263 0
0.7460525202882873 0
0.7503194041943224 0
0.7550982251365537 0
0.7750993825594181 0
0.7793662664654532 0
0.7841450874076844 0
0.8041551480833522 0
0.8084220319893873 0
0.8132008529316186 0
0.8698945409705436 0
0.8741614248765787 0
0.8789402458188099 0
0.8991951459465716 0
0.9034620298526066 0
0.9082408507948379 0
0.9282553630969075 0
0.9325222470029425 0
0.9373010679451738 0
0.9573244835000467 0
0.9615913674060819 0
0.966370188348313 0
