0.32039913282317695 1
0.3208888117273646 1
0.32137403900515055 1
0.3218592662829365 1
0.3223444935607224 1
0.331234391484929 2
0.3496797054803973 3
0.3501693843845849 3
0.35065461166237083 3
0.35113983894015677 3
0.3516250662179427 3
0.36049493182334164 4
0.37867314823470755 5
0.3791628271388952 5
0.37964805441668115 5
0.3801332816944671 5
0.380618508972253 5
0.38948837457765195 6
0.40767549424182126 7
0.4081651731460089 7
0.40865040042379486 7
0.4091356277015808 7
0.40962085497936673 7
0.41849072058476566 8
0.43668674350173836 9
0.437176422405926 9
0.43766164968371196 9
0.4381468769614979 9
0.43863210423928384 9
0.44750196984468277 10
0.5026064272581988 11
0.5030961061623864 11
0.5035813334401724 11
0.5040665607179583 11
0.5045517879957443 11
0.5134216536011432 12
0.5318625159702097 13
0.5323521948743973 13
0.5328374221521833 13
0.5333226494299692 13
0.5338078767077552 13
0.5426777423131541 14
0.5608782168565285 15
0.5613678957607162 15
0.5618531230385021 15
0.5623383503162881 15
0.562823577594074 15
0.5716934431994729 16
0.5899028209956507 17
0.5903924998998384 17
0.5908777271776243 17
0.5913629544554103 17
0.5918481817331962 17
0.6007180473385951 18
0.6189363283875764 19
0.619426007291764 19
0.61991123456955 19
0.6203964618473359 19
0.6208816891251219 19
0.6297515547305208 20
0.6853924331254424 21
0.68588211202963 21
0.686367339307416 21
0.6868525665852019 21
0.6873377938629879 21
0.6962076594683868 22
0.7146707799694618 23
0.7151604588736495 23
0.7156456861514354 23
0.7161309134292214 23
0.7166161407070073 23
0.7254860063124062 24
0.7437087389877892 25
0.7441984178919768 25
0.7446836451697628 25
0.7451688724475487 25
0.7456540997253347 25
0.7545239653307336 26
0.77275560125892 27
0.7732452801631076 27
0.7737305074408936 27
0.7742157347186794 27
0.7747009619964654 27
0.7835708276018644 28
0.8018113667828541 29
0.8023010456870417 29
0.8027862729648277 29
0.8032715002426136 29
0.8037567275203996 29
0.8126265931257985 30
0.8675507596700455 31
0.8680404385742331 31
0.8685256658520191 31
0.869010893129805 31
0.8694961204075909 31
0.8783659860129899 32
0.8968513646460734 33
0.8973410435502611 33
0.897826270828047 33
0.898311498105833 33
0.8987967253836189 33
0.9076665909890178 34
0.9259115817964093 35
0.9264012607005969 35
0.9268864879783829 35
0.9273717152561688 35
0.9278569425339548 35
0.9367268081393537 36
0.9549807021995486 37
0.9554703811037363 37
0.9559556083815222 37
0.9564408356593082 37
0.956926062937094 37
0.965795928542493 38
