0.2555189038315148 0
0.2943103762959797 0
0.2943126021091806 0
0.29431482792238145 0
0.3107613616634837 0
0.32909983662531106 0
0.3291020624385119 0
0.3583603769637237 0
0.35836260277692455 0
0.387353819718034 0
0.3873560455312348 0
0.41635616572514766 0
0.4163583915383485 0
0.44536741498506477 0
0.44536964079826563 0
0.4867430565757199 0
0.4867452823889208 0
0.48674750820212165 0
0.4943219505246242 0
0.5112870987415252 0
0.5112893245547261 0
0.5405431874535361 0
0.540545413266737 0
0.569558888339855 0
0.5695611141530558 0
0.5985834924789772 0
0.598585718292178 0
0.6276169998709028 0
0.6276192256841037 0
0.6695112559373567 0
0.6695134817505576 0
0.6695157075637584 0
0.6770856982598592 0
0.6940731046087688 0
0.6940753304219697 0
0.7233514514527882 0
0.7233536772659891 0
0.7523894104711156 0
0.7523916362843165 0
0.7814362727422464 0
0.7814384985554472 0
0.8104920382661805 0
0.8104942640793814 0
0.852377391079831 0
0.8523796168930319 0
0.8523818427062327 0
0.8592217666724538 0
0.8762314311533719 0
0.8762336569665727 0
0.9055320361293999 0
0.9055342619426008 0
0.9345922532797357 0
0.9345944790929366 0
0.9636613736828751 0
0.9636635994960759 0
0.9951944692993585 0
0.9951966951125594 0
0.9951989209257602 0
