0.2946064094516932 0
0.2982233559030792 0
0.30014868432181696 0
0.30130833299946136 0
0.3024746591167083 0
0.3036409852339552 0
0.30543276486064186 0
0.30558857178470156 0
0.3345508531541999 0
0.335548017468182 0
0.33859292992694884 0
0.36378245792100145 0
0.36477962223498356 0
0.36782453469375037 0
0.39278035230171343 0
0.39377751661569554 0
0.39682242907446236 0
0.4217871499352288 0
0.4227843142492109 0
0.42582922670797774 0
0.45080285082154764 0
0.45180001513552975 0
0.45484492759429657 0
0.5167114055120038 0
0.5177085698259859 0
0.5207534822847527 0
0.5459652684108139 0
0.546962432724796 0
0.5500073451835629 0
0.5749854209235344 0
0.5759825852375166 0
0.5790274976962834 0
0.6040144766890584 0
0.6050116410030405 0
0.6080565534618073 0
0.6330524357073857 0
0.6340496000213678 0
0.6370945124801346 0
0.6994974113792474 0
0.7004945756932295 0
0.7035394881519963 0
0.728773532410066 0
0.7297706967240482 0
0.732815609182815 0
0.757815943054795 0
0.7588131073687772 0
0.761858019827544 0
0.7868672569523275 0
0.7878644212663096 0
0.7909093337250764 0
0.8159274741026634 0
0.8169246384166455 0
0.8199695508754123 0
0.8816557379238504 0
0.8826529022378325 0
0.8856978146965994 0
0.9109541170866776 0
0.9119512814006597 0
0.9149961938594265 0
0.9400187858634153 0
0.9410159501773974 0
0.9440608626361642 0
0.9690923578929562 0
0.9700895222069383 0
0.9731344346657052 0
