0.28223533968135256 1
0.32052600417562555 2
0.3210156830798132 3
0.32150091035759915 4
0.3219861376353851 5
0.322471364913171 6
0.33137016609018105 7
0.3498065768328459 8
0.35029625573703355 9
0.3507814830148195 10
0.3512667102926054 11
0.35175193757039136 12
0.3606307064285937 13
0.37880001958715614 14
0.3792896984913438 15
0.37977492576912975 16
0.3802601530469157 17
0.3807453803247016 18
0.389624149182904 19
0.40780236559426986 20
0.4082920444984575 21
0.40877727177624346 22
0.4092624990540294 23
0.40974772633181533 24
0.41862649519001766 25
0.43681361485418696 26
0.4373032937583746 27
0.43778852103616056 28
0.4382737483139465 29
0.43875897559173244 30
0.44763774444993476 31
0.5027332986106474 32
0.503222977514835 33
0.503708204792621 34
0.5041934320704069 35
0.5046786593481929 36
0.5135574282063952 37
0.5319893873226583 38
0.5324790662268459 39
0.5329642935046319 40
0.5334495207824178 41
0.5339347480602038 42
0.5428135169184062 43
0.5610050882089771 44
0.5614947671131648 45
0.5619799943909507 46
0.5624652216687367 47
0.5629504489465226 48
0.571829217804725 49
0.5900296923480994 50
0.590519371252287 51
0.5910045985300729 52
0.5914898258078589 53
0.5919750530856448 54
0.6008538219438472 55
0.619063199740025 56
0.6195528786442127 57
0.6200381059219986 58
0.6205233331997846 59
0.6210085604775705 60
0.6298873293357728 61
0.685519304477891 62
0.6860089833820786 63
0.6864942106598646 64
0.6869794379376505 65
0.6874646652154365 66
0.6963434340736389 67
0.7147976513219104 68
0.7152873302260981 69
0.715772557503884 70
0.71625778478167 71
0.7167430120594559 72
0.7256217809176583 73
0.7438356103402378 74
0.7443252892444254 75
0.7448105165222114 76
0.7452957437999973 77
0.7457809710777833 78
0.7546597399359856 79
0.7728824726113686 80
0.7733721515155562 81
0.7738573787933422 82
0.774342606071128 83
0.774827833348914 84
0.7837066022071164 85
0.8019382381353027 86
0.8024279170394903 87
0.8029131443172763 88
0.8033983715950622 89
0.8038835988728482 90
0.8127623677310506 91
0.8676776310224941 92
0.8681673099266817 93
0.8686525372044677 94
0.8691377644822535 95
0.8696229917600395 96
0.8785017606182419 97
0.8969782359985221 98
0.8974679149027097 99
0.8979531421804956 100
0.8984383694582816 101
0.8989235967360675 102
0.9078023655942699 103
0.9260384531488579 104
0.9265281320530456 105
0.9270133593308315 106
0.9274985866086175 107
0.9279838138864034 108
0.9368625827446058 109
0.9551075735519973 110
0.9555972524561849 111
0.9560824797339708 112
0.9565677070117568 113
0.9570529342895426 114
0.965931703147745 115
