0.22685042980452907 0
0.24015411530602707 0
0.24206163721915802 0
0.24795336476181573 0
0.2503505655791343 0
0.25739303854663304 0
0.26134163116494613 0
0.2647604802414562 0
0.26752494023691553 0
0.27008685123109727 0
0.272633181532873 0
0.27575822326687055 0
0.2837689249767403 0
0.2923672413716351 0
0.29457524806688123 0
0.29597305875701685 0
0.29819219451826723 0
0.30011752293700505 0
0.3012771716146494 0
0.3024434977318963 0
0.3036098238491433 0
0.3054016034758299 0
0.3055574103998896 0
0.31515066529556574 0
0.31936412968478034 0
0.3250065661489425 0
0.33451969176938795 0
0.33551685608337006 0
0.3385617685421369 0
0.34580233888451145 0
0.34929241398344885 0
0.35426710648735515 0
0.3637512965361895 0
0.3647484608501716 0
0.3677933733089384 0
0.37479133001242004 0
0.37828585673775916 0
0.3832605492416654 0
0.39274919091690147 0
0.3937463552308836 0
0.3967912676896504 0
0.40378922439313203 0
0.4072882027448728 0
0.4122628952487791 0
0.4217559885504169 0
0.422753152864399 0
0.42579806532316583 0
0.4327960220266474 0
0.4362994520047899 0
0.44127414450869623 0
0.45077168943673573 0
0.45176885375071785 0
0.45481376620948466 0
0.49871125415670614 0
0.5022191357612503 0
0.5071938282651567 0
0.5166802441271918 0
0.5176774084411739 0
0.5207223208999407 0
0.5279628912423154 0
0.5314752244732613 0
0.5364499169771676 0
0.545934107026002 0
0.5469312713399841 0
0.5499761837987509 0
0.5569741405022325 0
0.5604909253595801 0
0.5654656178634864 0
0.5749542595387225 0
0.5759514238527046 0
0.5789963363114714 0
0.585994293014953 0
0.5895155294987023 0
0.5944902220026087 0
0.6039833153042464 0
0.6049804796182285 0
0.6080253920769954 0
0.6150233487804769 0
0.618549036890628 0
0.6235237293945343 0
0.6330212743225737 0
0.6340184386365558 0
0.6370633510953226 0
0.6814750018919412 0
0.685005141628494 0
0.6899798341324003 0
0.6994662499944355 0
0.7004634143084176 0
0.7035083267671844 0
0.710748897109559 0
0.7142834884725134 0
0.7192581809764197 0
0.7287423710252541 0
0.7297395353392362 0
0.732784447798003 0
0.7397824045014846 0
0.7433214474908407 0
0.7482961399947471 0
0.7577847816699831 0
0.7587819459839652 0
0.761826858442732 0
0.7688248151462137 0
0.7723683097619716 0
0.7773430022658778 0
0.7868360955675155 0
0.7878332598814977 0
0.7908781723402645 0
0.7978761290437462 0
0.8014240752859058 0
0.806398767789812 0
0.8158963127178515 0
0.8168934770318336 0
0.8199383894906004 0
0.8636110703045358 0
0.8671634681730971 0
0.8721381606770033 0
0.8816245765390386 0
0.8826217408530207 0
0.8856666533117875 0
0.8929072236541621 0
0.896464073149125 0
0.9014387656530314 0
0.9109229557018657 0
0.9119201200158478 0
0.9149650324746146 0
0.9219629891780963 0
0.9255242902994609 0
0.9304989828033672 0
0.9399876244786033 0
0.9409847887925854 0
0.9440297012513522 0
0.9510276579548338 0
0.9545934107026002 0
0.9595681032065065 0
0.9690611965081443 0
0.9700583608221264 0
0.9731032732808932 0
