0.30722899611373017 1
0.30735809327937963 1
0.3074871904450291 2
0.3076051585446743 2
0.3076563522482939 3
0.45545034878492857 3
0.4556395429070011 4
0.4558265112158727 4
0.45593780187591537 5
0.45612477018478703 5
0.45638296451608595 6
0.4566411588473849 6
0.4569327403766966 6
0.45722654771920923 6
0.4573845804564698 7
0.4574891936769099 7
0.45762719409536273 7
0.4578208398438369 7
0.4580790341751359 7
0.46481434492091683 8
0.4706259431883439 9
0.4771831888780566 10
0.4831127552451288 11
0.49016190565223006 11
0.4902709704990718 11
0.49034887396110166 11
0.6376999336707666 11
0.6378245792100143 11
0.6379024826720442 11
0.6380404830904971 12
0.6382341288389713 12
0.6384923231702703 13
0.6452276339160512 14
0.6520163641786527 15
0.6587717072432413 16
0.665678405605488 17
0.6729256533874651 17
0.6730347182343069 17
0.6731126216963368 17
0.8205749720660444 17
0.8208331663973433 18
0.8211002639814456 18
0.8213584583127446 19
0.8280937690585255 20
0.834882499321127 21
0.8416378423857156 22
0.8485445407479623 23
0.854814656534765 23
0.8549237213816068 23
0.8550016248436366 23
0.9737398558563372 23
0.9739980501876361 24
0.9742651477717384 24
0.9745233421030374 25
0.9802481336556311 26
0.9858282473501694 27
0.9915597163423657 28
0.9986133183758686 28
0.9987223832227105 28
0.9987824801791334 29
0.9988848675863726 29
0.9989850291804111 30
0.9990362228840307 30
0.9990874165876503 31
0.9991875781816887 31
0.9993456109189492 32
0.9995036436562098 32
0.999606031063449 33
0.9996661280198721 33
0.9997173217234917 34
0.9998085800647266 34
0.9998998384059616 34
0.9999510321095813 34
