0.00010906484684179365 1
0.0024862333453527247 2
0.004694240040598833 3
0.006675213789357942 4
0.009464157730026665 5
0.01179235833811883 6
0.014082720121796498 7
0.015939048331307843 8
0.020375094040607736 9
0.025334205852108067 10
0.029957219870279606 11
0.032114032861906096 12
0.034767202197322794 13
0.03724675810307296 14
0.04109741494054853 15
0.043719422891153284 16
0.047325240276535036 17
0.05067731495701955 18
0.05313906435716289 19
0.05639542907001073 20
0.05924446996710248 21
0.061888736049715766 22
0.06473555113360667 23
0.07293544696554886 24
0.07593361734709776 25
0.0792656597087746 26
0.08242408864078492 27
0.08687126341608907 28
0.09170572968834163 29
0.09603271055079973 30
0.10106972582432992 31
0.10718848631347463 32
0.11320263358217925 33
0.11675948307714223 34
0.1492251944247831 35
0.21607971972560175 36
