0.22659668709963185 0
0.23988034028232214 0
0.24060150375939848 0
0.24100882757515457 0
0.2458967133642276 0
0.24860997965606735 0
0.2562022284841767 0
0.25992156234280195 0
0.2632580563308805 0
0.2667058409790017 0
0.2692677519731834 0
0.2718140822749592 0
0.27433815444472637 0
0.3188343861429773 0
0.32435440288109263 0
0.34876267044164583 0
0.35361494321950526 0
0.37775611319595614 0
0.3826083859738155 0
0.40675845920306986 0
0.41161073198092923 0
0.43576970846298696 0
0.44062198124084634 0
0.5016893922194474 0
0.5065416649973068 0
0.5309454809314583 0
0.5357977537093177 0
0.5599611818177771 0
0.5648134545956365 0
0.5889857859568993 0
0.5938380587347587 0
0.618019293348825 0
0.6228715661266844 0
0.684475398086691 0
0.6893276708645504 0
0.7137537449307104 0
0.7186060177085698 0
0.7427917039490378 0
0.7476439767268972 0
0.7718385662201686 0
0.7766908389980279 0
0.8008943317441027 0
0.8057466045219621 0
0.8666337246312941 0
0.8714859974091534 0
0.895934329607322 0
0.9007866023851814 0
0.9249945467576579 0
0.9298468195355173 0
0.9540636671607972 0
0.9589159399386565 0
