0.22671688101247792 1
0.24879249633853728 2
0.3129003681495034 3
0.3245280163107591 4
0.34355649336485083 5
0.35378855664917175 6
0.3725454844927594 7
0.38278199940348206 8
0.4015433788734714 9
0.4117843454105958 10
0.43055017650698685 11
0.4407955946705129 12
0.49646095701064386 13
0.5067152784269733 14
0.5257170457226548 15
0.5359713671389842 16
0.5547282949825719 17
0.5649870680253031 18
0.5837484474952924 19
0.5940116721644253 20
0.6127775032608164 21
0.6230451795563509 22
0.6792247047458789 23
0.6895012842942169 24
0.7085030515898983 25
0.7187796311382364 26
0.737536558981824 27
0.7478175901565637 28
0.766578969626553 29
0.7768644524276944 30
0.7956302835240855 31
0.8059202179516286 32
0.8613607731584735 33
0.8716596108388199 34
0.8906613781345014 35
0.900960215814848 36
0.9197171436584356 37
0.9300204329651839 38
0.9487818124351732 39
0.9590895533683231 40
