0.23018469797940677 1
0.31720286506675216 2
0.3266781518627831 3
0.3472914079158821 4
0.3559386922011957 5
0.37628485067019235 6
0.384932134955506 7
0.40528719667730606 8
0.4139344809626197 9
0.43429844593722317 10
0.4429457302225368 11
0.5002181296936836 12
0.5088654139789972 13
0.5294742184056945 14
0.5381215026910081 15
0.5584899192920133 16
0.567137203577327 17
0.5875145234311355 18
0.5961618077164492 19
0.6165480308230612 20
0.6251953151083749 21
0.6830041355609272 22
0.6916514198462408 23
0.7122824824049466 24
0.7209297666902603 25
0.741320441423274 26
0.7499677257085876 27
0.7703673036944048 28
0.7790145879797183 29
0.7994230692183389 30
0.8080703535036525 31
0.8651624621055303 32
0.8738097463908439 33
0.8944630670815582 34
0.9031103513668719 35
0.9235232842318941 36
0.9321705685172078 37
0.9525924046350334 38
0.9612396889203471 39
