0.14488263286991904 1
0.16559382470385556 2
0.169809514906271 3
0.16988741836830085 4
0.17376701077738751 5
0.17388943050343442 6
0.17399404372387453 7
0.17416097971393849 8
0.18523662620138268 9
0.18694827655283858 10
0.18964373633907147 11
0.19200087251877473 12
0.19430013755525583 13
0.19965766992970882 14
0.19978008965575572 15
0.1998802512497941 16
0.20061476960607558 17
0.2025245173324074 18
0.2026469370584543 19
0.20274709865249269 20
0.20282945374092426 21
0.20344600399756052 22
0.20597007616732774 23
0.20671349777641262 24
0.21169264190672063 25
0.22159305902411447 26
0.22171547875016137 27
0.22181564034419976 28
0.22541478028997894 29
0.22553720001602587 30
0.22563736161006423 31
