0.3099355849659673 0
0.3408521303258145 0
0.370039218828599 0
0.399037113209311 0
0.42804391084282645 0
0.46104159154547114 0
0.4678525799400811 0
0.47344604851382455 0
0.4801902625124089 0
0.4859016991857975 0
0.49349617382710775 0
0.5230126826836184 0
0.5522220293184115 0
0.581242181831132 0
0.6102712375966559 0
0.6414548805406055 0
0.6482658689352154 0
0.6550390185054109 0
0.6617787808775937 0
0.6686698985474343 0
0.6762599215623428 0
0.705798688550862 0
0.7350302933176636 0
0.7640727039623927 0
0.7931240178599251 0
0.8243210156830798 0
0.8311320040776898 0
0.8379051536478852 0
0.844644916020068 0
0.8515360336899086 0
0.8583959899749374 0
0.8879570150954651 0
0.9172108779942753 0
0.9462755467710128 0
0.9774747704073683 0
0.9830726906075135 0
0.9886372236096458 0
0.9943531119094361 0
