0.00031383966132026336 1
0.00042513032136290993 2
0.0005297435418029977 3
0.0006343567622430855 4
0.0007389699826831734 5
0.000879196214336908 6
0.0026910081598311942 6
0.0029781380627412223 7
0.0048990148550773025 8
0.005010305515119949 8
0.005114918735560037 9
0.0068799886038364115 9
0.006991279263879058 9
0.007102569923921705 9
0.007207183144361792 10
0.00731179636480188 10
0.007692410422147732 11
0.009668932544505135 11
0.00978022320454778 11
0.009920449436201515 12
0.01006067566785525 13
0.010200901899508986 14
0.011997133152597301 14
0.012108423812639948 14
0.012213037033080036 15
0.012353263264733771 15
0.012493489496387506 15
0.014287494936274969 15
0.014392108156715057 15
0.0161727587173974 16
0.016268468685034076 17
0.016402017477085255 17
0.01654224370873899 17
0.016682469940392724 18
0.01682269617204646 18
0.016965148216901045 18
0.017532730583118543 19
0.017628440550755218 20
0.02057319141548365 21
0.020684482075526294 21
0.02079577273556894 22
0.020907063395611585 22
0.021011676616051675 22
0.02112296727609432 22
0.021234257936136966 22
0.021338871156577056 23
0.021443484377017142 24
0.02157703316906832 25
0.021710581961119496 25
0.02553230322698398 25
0.025643593887026625 25
0.02574820710746671 26
0.0258528203279068 27
0.025957433548346887 28
0.026062046768786977 29
0.026166659989227063 30
0.026277950649269712 30
0.0263825638697098 31
0.026487177090149885 32
0.026591790310589974 33
0.02669640353103006 33
0.02680769419107271 34
0.02735524423848253 34
0.027488793030533705 35
0.030184252816766604 35
0.03234774324799566 35
0.0324968727324528 35
0.03264600221690995 35
0.032795131701367095 36
0.03500091258341235 36
0.035141138815066086 36
0.03529026829952323 36
0.03840418096751648 36
0.041302189755027 36
0.04140680297546709 36
0.041511416195907175 36
0.04166054568036432 36
0.04392419770563175 36
0.0440354883656744 36
0.044140101586114484 36
0.04424471480655458 36
0.044349328026994664 36
0.04446061868703731 36
0.044565231907477396 36
0.04466984512791748 36
0.044774458348357575 37
0.04488574900840022 37
0.04501929780045139 38
0.04515284659250257 38
0.047530015091013504 38
0.04764130575105615 38
0.047745918971496236 38
0.04785053219193632 39
0.04796182285197897 39
0.04806643607241906 40
0.04817104929285915 40
0.04827566251329923 40
0.04838027573373932 41
0.048529405218196466 42
0.05088208977149802 42
0.0509867029919381 42
0.05109131621237819 42
0.05337277474325245 42
0.05346848471088912 42
0.05360871094254286 42
0.05374225973459403 42
0.05388248596624777 42
0.05401603475829894 42
0.05414958355035012 42
0.0542831323424013 42
0.05659352644488664 42
0.056704817104929285 42
0.05680943032536937 43
0.05692072098541202 43
0.05702533420585211 43
0.05715888299790328 43
0.05947150291358948 44
0.059605051705640656 44
0.0597163423656833 44
0.05982763302572595 44
0.06211576899620276 44
0.0622559952278565 44
0.06238954401990767 44
0.06252309281195885 44
0.06266331904361258 44
0.06496926151969622 44
0.06510948775134996 45
0.06520519771898663 45
0.06558136014993078 45
0.06617342646135765 45
0.06631365269301139 46
0.06645387892466513 46
0.06659410515631886 46
0.06674323464077601 46
0.06689236412523315 46
0.06704817104929287 47
0.06720397797335256 48
0.06735978489741228 49
0.07313354434042478 49
0.0734206742433348 49
0.07353196490337745 49
0.07616732773318732 49
0.0763008765252385 49
0.07644110275689223 49
0.07657465154894341 49
0.07670820034099458 49
0.07684174913304576 49
0.07697529792509693 49
0.07947043452325307 49
0.07957504774369316 49
0.07967966096413324 49
0.07978427418457333 49
0.07989556484461598 49
0.08000017806505606 49
0.08013372685710725 49
0.08265779902687447 50
0.08710497380217863 50
0.08750116855193045 51
0.08765697547599015 51
0.08781500821325071 51
0.08802868628053259 51
0.088340300128652 51
0.08894794713248486 51
0.0919483433272346 51
0.09210415025129431 51
0.09225995717535401 51
0.09240908665981117 51
0.09256711939707173 51
0.0927807974643536 52
0.09328828287414807 52
0.0962664209368893 52
0.10125891994640242 53
0.10141472687046213 54
0.10157053379452183 54
0.10171966327897898 55
0.10186879276343612 56
0.10202459968749583 56
0.10218040661155553 56
0.10233621353561524 57
0.10742219669956418 57
0.10755574549161537 57
0.10768929428366654 57
0.10782284307571771 57
0.11339182770425175 57
0.11353205393590549 57
0.11366560272795666 57
0.11379915152000783 57
0.11393270031205902 57
0.11406624910411019 57
0.11420647533576392 57
0.1169931934632318 57
0.11713341969488553 57
0.14945890481087265 57
0.1496080342953298 57
0.14976384121938952 57
0.1499196481434492 57
0.15006877762790635 57
0.1502090038595601 57
0.15035813334401724 57
0.21860601770856983 58
0.2261359437670553 59
0.23407319364129686 59
0.23418671011454034 60
0.23430022658778385 61
0.23441374306102736 62
0.2356268112554922 63
0.2359339734772099 64
0.2362077485009148 65
0.2364815235246197 66
0.23692668616479032 67
0.2372538807053157 68
0.23768123683987946 68
0.23811304460084493 69
0.2403321803620953 69
0.24160534551298316 69
0.24554503487849286 69
0.24631961787238968 69
0.2475527183856622 69
0.24824939791752917 69
0.24915752970347715 69
0.2529814767825425 69
0.256560584409514 69
0.2602131438721137 69
0.26356744436579904 69
0.26701300320071936 69
0.2695749141949011 69
0.27212124449667685 69
0.2746297359740381 69
0.28279847042116835 69
0.28952487791414594 69
0.2913767544972556 69
0.2926321131425366 69
0.2948935393546032 69
0.29657847994764885 69
0.2983791628271389 69
0.30030449124587666 69
0.30146413992352106 69
0.302630466040768 69
0.3037967921580149 69
0.31319640130521686 69
0.3138619194522719 69
0.3145608247973397 69
0.3178438992685978 70
0.3192439357719343 70
0.32488637223609645 70
0.33374288296229027 70
0.3347066600782596 70
0.3358395989974937 70
0.3366698273214119 70
0.3376224753713769 70
0.3438480748941626 70
0.3445135930412176 70
0.3452124983862854 70
0.3491722200706028 70
0.3541469125745091 70
0.3629744877290918 70
0.36393826484506114 70
0.3650712037642953 70
0.3659014320882134 70
0.3668540801381785 70
0.3728370660220712 70
0.3735025841691262 70
0.374201489514194 70
0.3781656628249131 70
0.3831403553288194 70
0.39197238210980384 70
0.39293615922577313 70
0.3940690981450073 70
0.39489932646892545 70
0.3958519745188905 70
0.40183496040278316 70
0.40250047854983817 70
0.403199383894906 70
0.4071680088320268 70
0.41214270133593306 70
0.4209791797433192 70
0.42194295685928856 70
0.42307589577852267 70
0.42390612410244083 70
0.42485877215240586 70
0.43084175803629854 70
0.4315072761833536 70
0.4322061815284214 70
0.4361792580919439 70
0.4411539505958502 70
0.44999488062963805 70
0.45095865774560734 70
0.4520915966648415 70
0.45292182498875966 70
0.4538744730387247 70
0.49675699016635727 70
0.4974225083134123 70
0.4981214136584801 70
0.5020989418484043 70
0.5070736343523106 70
0.5159034353200942 70
0.5168672124360635 70
0.5180001513552976 70
0.5188303796792157 70
0.5197830277291808 70
0.5260086272519665 70
0.5266741453990216 70
0.5273730507440894 70
0.5313550305604152 70
0.5363297230643216 70
0.5451572982189042 70
0.5461210753348736 70
0.5472540142541077 70
0.5480842425780259 70
0.5490368906279909 70
0.5550198765118837 70
0.5556853946589386 70
0.5563843000040065 70
0.5603707314467341 70
0.5653454239506404 70
0.5741774507316248 70
0.5751412278475941 70
0.5762741667668283 70
0.5771043950907464 70
0.5780570431407115 70
0.5840400290246042 70
0.5847055471716591 70
0.585404452516727 70
0.5893953355858563 70
0.5943700280897626 70
0.6032065064971487 70
0.6041702836131181 70
0.6053032225323522 70
0.6061334508562704 70
0.6070860989062354 70
0.6130690847901281 70
0.6137346029371831 70
0.614433508282251 70
0.6184288429777819 70
0.6234035354816883 70
0.6322444655154761 70
0.6332082426314454 70
0.6343411815506795 70
0.6351714098745976 70
0.6361240579245627 70
0.6795207379015924 70
0.6801862560486474 70
0.6808851613937152 70
0.6848849477156479 70
0.6898596402195543 70
0.6986894411873378 70
0.6996532183033071 70
0.7007861572225412 70
0.7016163855464594 70
0.7025690335964244 70
0.7087946331192101 70
0.7094601512662652 70
0.7101590566113329 70
0.7141632945596674 70
0.7191379870635737 70
0.7279655622181564 70
0.7289293393341257 70
0.7300622782533599 70
0.730892506577278 70
0.7318451546272431 70
0.7378281405111358 70
0.7384936586581907 70
0.7391925640032586 70
0.7432012535779947 70
0.7481759460819011 70
0.7570079728628855 70
0.7579717499788547 70
0.7591046888980889 70
0.759934917222007 70
0.7608875652719721 70
0.7668705511558648 70
0.7675360693029198 70
0.7682349746479876 70
0.7722481158491254 70
0.7772228083530318 70
0.7860592867604179 70
0.7870230638763872 70
0.7881560027956214 70
0.7889862311195395 70
0.7899388791695046 70
0.7959218650533972 70
0.7965873832004523 70
0.7972862885455201 70
0.8013038813730596 70
0.806278573876966 70
0.8151195039107538 70
0.8160832810267231 70
0.8172162199459573 70
0.8180464482698754 70
0.8189990963198405 70
0.8616568063141868 70
0.8623223244612419 70
0.8630212298063097 70
0.867043274260251 70
0.8720179667641573 70
0.8808477677319408 70
0.8818115448479101 70
0.8829444837671443 70
0.8837747120910625 70
0.8847273601410275 70
0.8909529596638132 70
0.8916184778108682 70
0.892317383155936 70
0.896343879236279 70
0.9013185717401853 70
0.910146146894768 70
0.9111099240107373 70
0.9122428629299715 70
0.9130730912538896 70
0.9140257393038547 70
0.9200087251877473 70
0.9206742433348024 70
0.9213731486798702 70
0.9254040963866148 70
0.9303787888905212 70
0.9392108156715056 70
0.940174592787475 70
0.941307531706709 70
0.9421377600306272 70
0.9430904080805922 70
0.949073393964485 70
0.9497389121115399 70
0.9504378174566078 70
0.9544732167897542 70
0.9594479092936604 70
0.9682843877010465 70
0.9692481648170159 70
0.9703811037362501 70
0.9712113320601682 70
0.9721639801101333 70
