0.14289053005515565 1
0.14342917684976206 1
0.14559489309419196 1
0.14606231386637109 1
0.1465430895177553 1
0.14713515582918218 1
0.1477027381953997 1
0.16328120478816935 1
0.1657896962655306 1
0.16706508722961935 1
0.17027470986524926 1
0.17118284165119727 1
0.17283884667263186 1
0.1743123350115965 1
0.1748888206306174 1
0.18542804613665603 1
0.18591995085404453 1
0.1870462123336761 1
0.18756260099627398 1
0.18982847883474227 1
0.19098367588598494 1
0.1920921308600097 1
0.19305145634957732 1
0.19453829956774707 1
0.19670401581217697 1
0.1986426991101199 1
0.19999154190983676 1
0.2008128669809515 1
0.20127806193992975 1
0.20171654714049778 1
0.20298080903858223 1
0.2035372623387955 1
0.2050307829965678 1
0.20611475402538318 1
0.20683146587605783 1
0.20761050049635635 1
0.2079911145537022 1
0.2101234436001193 1
0.21076892942836664 1
0.21187070696278887 1
0.21231141797655773 1
0.2220871895547038 1
0.22263028797571194 1
0.22308212805548508 1
0.22468693937330003 1
0.22578871690772223 1
