0.15296456060221603 1
0.15299794780022882 2
0.16592547087078263 3
0.16597221294800055 4
0.19727159817839449 5
0.1973183402556124 6
0.1973650823328303 7
0.20449881364156394 8
0.2822665010661645 9
0.2823622110338012 10
0.28243566286942934 11
0.3205571655604375 12
0.3206528755280742 13
0.3210357153986209 14
0.32113810280586014 15
0.32152094267640685 16
0.3216233300836461 17
0.3220061699541928 18
0.322108557361432 19
0.3224913972319787 20
0.32259378463921795 21
0.33132342401296316 22
0.3313901984089887 23
0.331492585816228 24
0.34983773821765785 25
0.3499334481852945 26
0.3503162880558412 27
0.3504186754630804 28
0.35080151533362713 29
0.35090390274086636 30
0.35128674261141307 31
0.3513891300186523 32
0.351771969889199 33
0.35187435729643823 34
0.3605839643513758 35
0.3606507387474014 36
0.3607531261546406 37
0.3788311809719681 38
0.3789268909396048 39
0.3793097308101515 40
0.37941211821739074 41
0.37979495808793745 42
0.3798973454951767 43
0.3802801853657234 44
0.3803825727729626 45
0.3807654126435093 46
0.38086780005074855 47
0.38957740710568606 48
0.38964418150171165 49
0.3897465689089509 50
0.4078335269790818 51
0.4079292369467185 52
0.40831207681726517 53
0.40841446422450445 54
0.4087973040950511 55
0.4088996915022904 56
0.40928253137283704 57
0.4093849187800763 58
0.409767758650623 59
0.40987014605786226 60
0.41857975311279977 61
0.41864652750882536 62
0.4187489149160646 63
0.4368447762389989 64
0.4369404862066356 65
0.4373233260771823 66
0.43742571348442155 67
0.4378085533549682 68
0.4379109407622075 69
0.4382937806327542 70
0.43839616803999343 71
0.43877900791054014 72
0.43888139531777937 73
0.4475910023727169 74
0.44765777676874247 75
0.4477601641759817 76
0.5027644599954594 77
0.502860169963096 78
0.5032430098336427 79
0.503345397240882 80
0.5037282371114287 81
0.5038306245186679 82
0.5042134643892145 83
0.5043158517964539 84
0.5046986916670005 85
0.5048010790742398 86
0.5135106861291773 87
0.5135774605252029 88
0.5136798479324421 89
0.5320205487074703 90
0.5321162586751069 91
0.5324990985456537 92
0.5326014859528929 93
0.5329843258234396 94
0.5330867132306788 95
0.5334695531012256 96
0.5335719405084648 97
0.5339547803790115 98
0.5340571677862507 99
0.5427667748411882 100
0.5428335492372138 101
0.542935936644453 102
0.5610362495937891 103
0.5611319595614258 104
0.5615147994319725 105
0.5616171868392117 106
0.5620000267097585 107
0.5621024141169977 108
0.5624852539875443 109
0.5625876413947836 110
0.5629704812653303 111
0.5630728686725696 112
0.5717824757275071 113
0.5718492501235326 114
0.5719516375307718 115
0.5900608537329113 116
0.590156563700548 117
0.5905394035710947 118
0.5906417909783339 119
0.5910246308488807 120
0.5911270182561199 121
0.5915098581266666 122
0.5916122455339058 123
0.5919950854044526 124
0.5920974728116918 125
0.6008070798666293 126
0.6008738542626548 127
0.600976241669894 128
0.619094361124837 129
0.6191900710924736 130
0.6195729109630204 131
0.6196752983702596 132
0.6200581382408062 133
0.6201605256480455 134
0.6205433655185922 135
0.6206457529258315 136
0.6210285927963781 137
0.6211309802036173 138
0.629840587258555 139
0.6299073616545805 140
0.6300097490618197 141
0.685550465862703 142
0.6856461758303396 143
0.6860290157008864 144
0.6861314031081256 145
0.6865142429786723 146
0.6866166303859115 147
0.6869994702564582 148
0.6871018576636975 149
0.6874846975342441 150
0.6875870849414834 151
0.6962966919964209 152
0.6963634663924465 153
0.6964658537996857 154
0.7148288127067224 155
0.7149245226743591 156
0.7153073625449058 157
0.715409749952145 158
0.7157925898226917 159
0.715894977229931 160
0.7162778171004777 161
0.7163802045077169 162
0.7167630443782635 163
0.7168654317855029 164
0.7255750388404404 165
0.7256418132364659 166
0.7257442006437052 167
0.7438667717250498 168
0.7439624816926864 169
0.7443453215632331 170
0.7444477089704724 171
0.7448305488410191 172
0.7449329362482583 173
0.745315776118805 174
0.7454181635260443 175
0.745801003396591 176
0.7459033908038302 177
0.7546129978587677 178
0.7546797722547933 179
0.7547821596620325 180
0.7729136339961805 181
0.7730093439638172 182
0.7733921838343639 183
0.7734945712416031 184
0.7738774111121498 185
0.773979798519389 186
0.7743626383899358 187
0.774465025797175 188
0.7748478656677217 189
0.7749502530749609 190
0.7836598601298984 191
0.7837266345259241 192
0.7838290219331633 193
0.8019693995201147 194
0.8020651094877513 195
0.8024479493582981 196
0.8025503367655373 197
0.802933176636084 198
0.8030355640433232 199
0.80341840391387 200
0.8035207913211092 201
0.8039036311916559 202
0.8040060185988951 203
0.8127156256538326 204
0.8127824000498582 205
0.8128847874570975 206
0.867708792407306 207
0.8678045023749427 208
0.8681873422454894 209
0.8682897296527287 210
0.8686725695232753 211
0.8687749569305145 212
0.8691577968010613 213
0.8692601842083005 214
0.8696430240788472 215
0.8697454114860864 216
0.8784550185410239 217
0.8785217929370496 218
0.8786241803442888 219
0.897009397383334 220
0.8971051073509707 221
0.8974879472215174 222
0.8975903346287566 223
0.8979731744993034 224
0.8980755619065426 225
0.8984584017770892 226
0.8985607891843285 227
0.8989436290548752 228
0.8990460164621145 229
0.907755623517052 230
0.9078223979130775 231
0.9079247853203167 232
0.9260696145336699 233
0.9261653245013065 234
0.9265481643718533 235
0.9266505517790925 236
0.9270333916496392 237
0.9271357790568784 238
0.9275186189274252 239
0.9276210063346644 240
0.928003846205211 241
0.9281062336124503 242
0.9368158406673879 243
0.9368826150634134 244
0.9369850024706526 245
0.9551387349368091 246
0.9552344449044459 247
0.9556172847749925 248
0.9557196721822317 249
0.9561025120527785 250
0.9562048994600177 251
0.9565877393305644 252
0.9566901267378036 253
0.9570729666083504 254
0.9571753540155896 255
0.9658849610705271 256
0.9659517354665527 257
0.9660541228737919 258
