0.14481585847389344 1
0.144898213562325 2
0.14640731491250328 3
0.14763373798617324 4
0.16551814705502654 4
0.1656094053962615 5
0.16974719213664713 5
0.16982509559867698 6
0.16990299906070683 7
0.1736779782493534 8
0.1737825914697935 9
0.1739050111958404 10
0.17400962441628048 11
0.17417656040634447 12
0.18514759367334857 13
0.18525220689378866 14
0.18686369565120617 15
0.18696385724524456 16
0.18954134893183225 17
0.18965931703147745 18
0.19084122384113036 19
0.19186732372672355 19
0.19201645321118072 20
0.1941220724991876 21
0.19431571824766178 22
0.19956863740167471 22
0.1996732506221148 23
0.1997956703481617 24
0.1998958319422001 25
0.20053018870444317 25
0.20063035029848156 26
0.2024354848043733 27
0.20254009802481338 28
0.20266251775086028 29
0.20276267934489867 30
0.2028450344333302 31
0.20338368122793662 32
0.20346158468996647 33
0.2058721403864902 33
0.2059856568597337 34
0.20664672338038703 35
0.20672907846881858 36
0.2074613710118992 36
0.2078820497068604 37
0.2099342494780468 37
0.21062647738351206 37
0.21152348010345579 38
0.21170822259912658 39
0.21215561105249803 40
0.22150402649608034 40
0.22160863971652042 41
0.22173105944256735 42
0.2218312210366057 43
0.2222385448523618 43
0.2229997729670535 44
0.22532574776194483 44
0.22543036098238492 45
0.22555278070843182 46
0.2256529423024702 47
