0.0001914199352733521 1
0.002568588433784283 2
0.004776595129030391 3
0.0067575688777895 4
0.009546512818458223 5
0.01187471342655039 6
0.014165075210228056 7
0.016021403419739403 8
0.020457449129039296 9
0.025416560940539627 10
0.030039574958711165 11
0.032196387950337656 12
0.03484955728575435 13
0.03732911319150452 14
0.04117977002898009 15
0.043801777979584844 16
0.04740759536496659 17
0.05075967004545111 18
0.05322141944559445 19
0.05647778415844229 20
0.05932682505553404 21
0.06197109113814732 22
0.06481790622203822 23
0.07301780205398042 24
0.07601597243552932 25
0.07934801479720616 26
0.08250644372921646 27
0.08695361850452063 28
0.0917880847767732 29
0.09611506563923129 30
0.10115208091276148 31
0.10727084140190618 32
0.1132849886706108 33
0.1168418381655738 34
0.14930754951321465 35
0.2161620748140333 36
