0.28434095896935946 0
0.28528247795332023 0
0.30958390648023254 0
0.34050045184007977 0
0.3696875403428643 0
0.39868543472357626 0
0.42769223235709164 0
0.4606899130597364 0
0.46750090145434636 0
0.47309437002808974 0
0.4798385840266741 0
0.48555002070006276 0
0.49314449534137295 0
0.5226610041978837 0
0.5518703508326768 0
0.5808905033453973 0
0.6099195591109212 0
0.6411032020548707 0
0.6479141904494807 0
0.6546873400196762 0
0.6614271023918589 0
0.6683182200616995 0
0.675908243076608 0
0.7054470100651273 0
0.7346786148319289 0
0.7637210254766579 0
0.7927723393741903 0
0.823969337197345 0
0.830780325591955 0
0.8375534751621505 0
0.8442932375343332 0
0.8511843552041738 0
0.8580443114892026 0
0.8876053366097304 0
0.9168591995085404 0
0.9459238682852781 0
0.9771230919216336 0
0.9827210121217786 0
0.988285545123911 0
0.9940014334237014 0
