0.2843298299033552 1
0.285271348887316 2
0.3095727774142283 2
0.3404893227740755 2
0.36967641127686 2
0.398674305657572 2
0.4276811032910874 2
0.46067878399373213 2
0.4674897723883421 2
0.4730832409620855 2
0.47982745496066986 2
0.4855388916340585 2
0.4931333662753687 2
0.5226498751318794 2
0.5518592217666725 2
0.580879374279393 2
0.6099084300449169 2
0.6410920729888665 2
0.6479030613834764 2
0.6546762109536719 2
0.6614159733258546 2
0.6683070909956953 2
0.6758971140106038 2
0.705435880999123 2
0.7346674857659246 2
0.7637098964106537 2
0.7927612103081861 2
0.8239582081313408 2
0.8307691965259507 2
0.8375423460961462 2
0.8442821084683289 2
0.8511732261381696 2
0.8580331824231984 2
0.8875942075437261 2
0.9168480704425361 2
0.9459127392192738 2
0.9771119628556293 2
0.9827098830557744 2
0.9882744160579068 2
0.9939903043576971 2
