0.22660113872603355 0
0.23988479190872386 0
0.2406059553858002 0
0.2410132792015563 0
0.24590116499062933 0
0.24861443128246904 0
0.2562066801105784 0
0.2599260139692037 0
0.2632625079572822 0
0.2667102926054034 0
0.2692722035995851 0
0.27181853390136085 0
0.2743426060711281 0
0.31883883776937905 0
0.3243588545074943 0
0.34876712206804755 0
0.35361939484590693 0
0.37776056482235787 0
0.38261283760021725 0
0.4067629108294715 0
0.41161518360733096 0
0.4357741600893887 0
0.44062643286724806 0
0.501693843845849 0
0.5065461166237085 0
0.53094993255786 0
0.5358022053357194 0
0.5599656334441788 0
0.5648179062220382 0
0.588990237583301 0
0.5938425103611604 0
0.6180237449752267 0
0.6228760177530861 0
0.6844798497130927 0
0.6893321224909521 0
0.7137581965571121 0
0.7186104693349715 0
0.7427961555754394 0
0.7476484283532989 0
0.7718430178465703 0
0.7766952906244297 0
0.8008987833705045 0
0.8057510561483638 0
0.8666381762576958 0
0.8714904490355552 0
0.8959387812337237 0
0.9007910540115831 0
0.9249989983840596 0
0.929851271161919 0
0.9540681187871989 0
0.9589203915650583 0
