0.07048260081820894 1
0.08454083699479605 2
0.09854565365456269 3
0.11044039939992076 4
0.11064294840119837 5
0.11923013573008899 6
0.11956845933661864 7
0.12003142848239605 8
0.12054781714499392 9
0.12244420999212062 9
0.12341689036089336 10
0.13588367009887062 11
0.13672280167559217 12
0.13743283608666426 13
0.13806719284890734 14
0.13826083859738156 15
0.13877054982037687 16
0.13924464803215855 17
0.14108539554926391 18
0.14168413930029336 19
0.14293727213237356 20
0.14347591892697997 21
0.14389882343514204 22
0.14409692081001793 23
0.145654990050615 24
0.14619141103202055 25
0.14660763810058006 26
0.1471818979064001 27
0.1477205447010065 28
0.1521432355311013 29
0.15248378495083179 30
0.15320049680150644 31
0.1541286609062621 32
0.1630474944020798 33
0.163332398491789 34
0.1644475309054163 35
0.16503959721684316 36
0.16661547296304705 37
0.16711182930683724 38
0.16772837956347353 38
0.16878564083387865 38
0.1690727707367887 38
0.1703348068216723 39
0.17195074720549153 40
0.17289671781585403 41
0.17436798034161782 42
0.17495782083984385 43
0.18549704634588246 44
0.18597559618406584 45
0.18710185766369744 46
0.1876182463262953 47
0.18851079741983734 48
0.1898841241647636 49
0.19103932121600628 50
0.19214777619003104 51
0.19312490818520547 52
0.19461842884297778 53
0.19533959232005413 54
0.1963055952492243 55
0.1967507578893949 56
0.1969488552642708 57
0.19764330898293692 58
0.1986894411873378 59
0.2000471872398581 60
0.20087073812417366 61
0.2013337072699511 62
0.2017343536461046 63
0.2035550688444023 64
0.2045344266527776 65
0.20505081531537547 66
0.20524668687705053 67
0.2061703993554045 68
0.20684927238166465 69
0.20766614582637766 70
0.20800892105930902 71
0.20874121360238962 72
0.20940895756264552 73
0.20968273258635042 74
0.21017908893014062 75
0.21082457475838798 76
0.21192635229281018 77
0.21232922448216457 78
0.2226926107453358 79
0.22314890245151067 80
0.22354509720126248 81
0.2240837439958689 82
0.22433303507436442 83
0.22470474587890685 84
0.22580652341332905 85
