0.1696870951802241 1
0.16970045005942921 2
0.1735466552705031 3
0.17357781665531502 4
0.17359117153452014 5
0.17360452641372526 6
0.17361788129293038 6
0.1736312361721355 6
0.1849806576832846 7
0.1849940125624897 8
0.18500736744169483 9
0.18502072232089994 9
0.18503407720010506 10
0.18504743207931018 10
0.1850607869585153 10
0.18507414183772042 10
0.18508749671692554 10
0.18510085159613066 10
0.18667004990273195 11
0.18668340478193707 12
0.1866967596611422 12
0.1867101145403473 12
0.18672346941955242 12
0.18673682429875754 12
0.18675017917796266 12
0.18676353405716778 12
0.1867768889363729 12
0.18679024381557802 12
0.18680359869478314 12
0.18681695357398825 12
0.1893209934249478 13
0.1893343483041529 14
0.18934770318335803 14
0.18936105806256315 14
0.18937441294176827 14
0.18938776782097339 14
0.1894011227001785 14
0.18941447757938362 14
0.18942783245858874 14
0.18944118733779386 14
0.18945454221699898 14
0.1894678970962041 14
0.18948125197540922 14
0.18949460685461433 14
0.1917003877366596 14
0.1917137426158647 14
0.19172709749506983 14
0.19174045237427495 14
0.19175380725348007 14
0.1917671621326852 14
0.1917805170118903 14
0.19179387189109542 14
0.19180722677030054 14
0.19182058164950563 14
0.19392842675071337 15
0.19394178162991849 15
0.1939551365091236 15
0.19396849138832872 15
0.19398184626753384 15
0.19399520114673896 15
0.19400855602594408 15
0.1940219109051492 15
0.19403526578435432 15
0.19404862066355943 15
0.19406197554276455 15
0.19407533042196967 15
0.19947737906043972 15
0.19950854044525168 15
0.1995218953244568 15
0.20047009174802013 15
0.20048344662722525 15
0.2023308715839332 15
0.20236203296874514 15
0.20237538784795026 15
0.20238874272715537 15
0.20329687451310335 16
0.20331022939230847 16
0.2033235842715136 16
0.2033369391507187 16
0.206586626423964 17
0.20659998130316912 17
0.2113966087510072 18
0.22137270351723 18
0.22140386490204197 18
0.22141721978124707 18
0.22143057466045218 18
0.2214439295396573 18
0.22145728441886242 18
0.22522113454150475 18
0.22525229592631668 18
0.2252656508055218 18
0.22527900568472692 18
