0.24205718559275632 0
0.24744365353882042 0
0.24794891313541403 0
0.25034611395273265 0
0.2573885869202313 0
0.2613371795385444 0
0.2647560286150545 0
0.26752048861051386 0
0.2700823996046956 0
0.27262872990647136 0
0.2757537716404688 0
0.28376447335033855 1
0.29126991546361464 2
0.29236278974523344 3
0.2945707964404795 4
0.2959686071306152 5
0.29818774289186556 6
0.30011307131060333 7
0.30127271998824773 8
0.30243904610549466 9
0.3036053722227416 10
0.3053971518494282 11
0.3137528546054301 11
0.3144517599504979 11
0.315146213669164 11
0.3193596780583786 11
0.3250021145225408 11
0.3345152401429862 12
0.33551240445696834 13
0.3365629882877709 14
0.337515636337736 15
0.33855731691573515 16
0.34440452819437584 16
0.3451034335394436 16
0.3457978872581097 16
0.3492879623570471 16
0.35426265486095343 16
0.3637468449097878 17
0.3647440092237699 18
0.3657945930545725 19
0.36674724110453755 20
0.36778892168253674 21
0.3733935193222844 21
0.3740924246673522 21
0.3747868783860183 21
0.37828140511135744 21
0.38325609761526375 21
0.3927447392904998 22
0.3937419036044819 23
0.3947924874352845 24
0.39574513548524953 25
0.3967868160632487 26
0.4023914137029964 26
0.4030903190480642 26
0.4037847727667303 26
0.40728375111847115 26
0.41225844362237746 26
0.4217515369240152 27
0.4227487012379973 28
0.4237992850687999 29
0.42475193311876497 30
0.4257936136967641 31
0.4313982113365118 31
0.43209711668157963 31
0.43279157040024574 31
0.43629500037838825 31
0.44126969288229456 31
0.450767237810334 32
0.4517644021243161 33
0.4528149859551187 34
0.45376763400508374 35
0.45480931458308294 36
0.4973134434665705 36
0.4980123488116383 36
0.49870680253030447 36
0.5022146841348487 36
0.507189376638755 36
0.5166757925007902 37
0.5176729568147723 38
0.5187235406455749 39
0.5196761886955399 40
0.5207178692735391 41
0.5265650805521798 41
0.5272639858972475 41
0.5279584396159137 41
0.5314707728468596 41
0.5364454653507659 41
0.5459296553996003 42
0.5469268197135824 43
0.547977403544385 44
0.54893005159435 45
0.5499717321723492 46
0.5555763298120968 46
0.5562752351571647 46
0.5569696888758308 46
0.5604864737331784 46
0.5654611662370848 46
0.5749498079123208 47
0.5759469722263029 48
0.5769975560571055 49
0.5779502041070705 50
0.5789918846850697 51
0.5845964823248174 51
0.5852953876698852 51
0.5859898413885513 51
0.5895110778723006 51
0.594485770376207 51
0.6039788636778447 52
0.6049760279918268 53
0.6060266118226294 54
0.6069792598725945 55
0.6080209404505936 56
0.6136255380903413 56
0.6143244434354092 56
0.6150188971540752 56
0.6185445852642263 56
0.6235192777681325 56
0.6330168226961721 57
0.6340139870101542 58
0.6350645708409567 59
0.6360172188909218 60
0.637058899468921 61
0.6800771912018055 61
0.6807760965468734 61
0.6814705502655395 61
0.6850006900020923 61
0.6899753825059985 61
0.6994617983680338 62
0.7004589626820159 63
0.7015095465128185 64
0.7024621945627835 65
0.7035038751407827 66
0.7093510864194233 66
0.7100499917644911 66
0.7107444454831573 66
0.7142790368461117 66
0.7192537293500181 66
0.7287379193988524 67
0.7297350837128345 68
0.730785667543637 69
0.7317383155936021 70
0.7327799961716013 71
0.738384593811349 71
0.7390834991564168 71
0.739777952875083 71
0.7433169958644391 71
0.7482916883683454 71
0.7577803300435815 72
0.7587774943575636 73
0.7598280781883662 74
0.7607807262383312 75
0.7618224068163304 76
0.767427004456078 76
0.7681259098011458 76
0.768820363519812 76
0.7723638581355698 76
0.7773385506394761 76
0.7868316439411139 77
0.787828808255096 78
0.7888793920858986 79
0.7898320401358636 80
0.7908737207138629 81
0.7964783183536105 81
0.7971772236986783 81
0.7978716774173444 81
0.801419623659504 81
0.8063943161634103 81
0.8158918610914497 82
0.8168890254054318 83
0.8179396092362344 84
0.8188922572861995 85
0.8199339378641987 86
0.8622132596144001 86
0.862912164959468 86
0.863606618678134 86
0.8671590165466954 86
0.8721337090506016 86
0.8816201249126369 87
0.882617289226619 88
0.8836678730574216 89
0.8846205211073865 90
0.8856622016853858 91
0.8915094129640264 91
0.8922083183090942 91
0.8929027720277604 91
0.8964596215227233 91
0.9014343140266297 91
0.9109185040754639 92
0.911915668389446 93
0.9129662522202486 94
0.9139189002702137 95
0.9149605808482129 96
0.9205651784879606 96
0.9212640838330284 96
0.9219585375516945 96
0.9255198386730592 96
0.9304945311769655 96
0.9399831728522016 97
0.9409803371661837 98
0.9420309209969863 99
0.9429835690469514 100
0.9440252496249505 101
0.9496298472646981 101
0.950328752609766 101
0.9510232063284321 101
0.9545889590761985 101
0.9595636515801048 101
0.9690567448817425 102
0.9700539091957247 103
0.9711044930265272 104
0.9720571410764923 105
0.9730988216544915 106
