0.00011796809964520537 0
0.0024951365981561364 0
0.004703143293402244 0
0.006684117042161353 0
0.009473060982830076 0
0.011801261590922244 0
0.01409162337459991 0
0.015947951584111254 0
0.020383997293411147 0
0.025343109104911478 0
0.029966123123083017 0
0.03212293611470951 0
0.0347761054501262 0
0.03725566135587637 0
0.04110631819335194 0
0.04372832614395669 0
0.04733414352933844 0
0.050686218209822956 0
0.053147967609966304 0
0.05640433232281414 0
0.05925337321990589 0
0.061897639302519174 0
0.06474445438641008 0
0.07294435021835227 0
0.07594252059990117 0
0.07927456296157802 0
0.08243299189358833 0
0.08688016666889248 0
0.09171463294114504 0
0.09604161380360314 0
0.10107862907713333 0
0.10719738956627804 0
0.11321153683498267 0
0.11676838632994564 0
0.1492340976775865 0
0.21608862297840517 0
