0.1428883042419548 1
0.1434269510365612 2
0.1455882156545894 3
0.14606008805317022 4
0.14653641207815277 5
0.14713293001598135 6
0.14769606075579714 7
0.1632789789749685 8
0.16578301882592805 9
0.1670628614164185 10
0.1702680324256467 11
0.1711806158379964 12
0.172836620859431 13
0.17430565757199393 14
0.17488659481741653 15
0.18542136869705347 16
0.18591772504084367 17
0.18703953489407354 18
0.18756037518307314 19
0.1898218013951397 20
0.19097699844638238 21
0.19208545342040714 22
0.19304923053637646 23
0.1945316221281445 24
0.1967017899989761 25
0.19864047329691903 26
0.1999848644702342 27
0.20080618954134893 28
0.2012758361267289 29
0.20171432132729694 30
0.20297413159897967 31
0.20353058489919293 32
0.20502855718336693 33
0.20610807658578062 34
0.20682478843645527 35
0.2076038230567538 36
0.20798443711409964 37
0.21011676616051675 38
0.21076225198876408 39
0.2118640295231863 40
0.21230474053695517 41
0.22208051211510124 42
0.22262361053610938 43
0.22307545061588252 44
0.22468471356009917 45
0.22578203946811967 46
