0.3069952857276406 0
0.31093720090635113 0
0.3120189461219657 0
0.3390047053691066 0
0.3424725223360355 0
0.34300004006463763 0
0.36823185850950646 0
0.37165961083882 0
0.39722975289021845 0
0.400657505219532 0
0.4262365505237338 0
0.42966430285304735 0
0.45525225141005266 0
0.4592186505339726 0
0.459439006040857 0
0.4626575319292904 0
0.4638171806069347 0
0.46426456906030616 0
0.46449382781999404 0
0.46472308657968187 0
0.46587828363092454 0
0.466098639137809 0
0.46631899464469345 0
0.46946852032390035 0
0.47055694297911743 0
0.471698785151155 0
0.47192359228444114 0
0.4750619888976437 0
0.4761860245640745 0
0.47663341301744594 0
0.47686267177713376 0
0.47709193053682164 0
0.4782471275880643 0
0.47846748309494874 0
0.47868783860183317 0
0.48180620289622816 0
0.48232036574562515 0
0.48304375503590236 0
0.4841855972079399 0
0.48441040434122606 0
0.4869188958185873 0
0.48801844753980866 0
0.4891246767006326 0
0.4896121297916194 0
0.4898413885513072 0
0.4900706473109951 0
0.4911345860210028 0
0.49449778976749154 0
0.4955795349831061 0
0.5211652577269106 0
0.5246330746938394 0
0.5251605924224415 0
0.5504146689993189 0
0.5538424213286324 0
0.5794348215120394 0
0.582862573841353 0
0.6084638772775633 0
0.6118916296068768 0
0.6375018362958907 0
0.6396319395291069 0
0.6398522950359914 0
0.6430708209244247 0
0.6442304696020691 0
0.6446778580554405 0
0.6449071168151284 0
0.6451363755748163 0
0.646291572626059 0
0.6465119281329433 0
0.6467322836398278 0
0.6498818093190347 0
0.6510236514910722 0
0.651466588318042 0
0.6516958470777299 0
0.6519251058374177 0
0.6530803028886604 0
0.6533006583955449 0
0.6535210139024292 0
0.6566549588892302 0
0.6577789945556609 0
0.6582219313826306 0
0.6584511901423185 0
0.6586804489020064 0
0.6598356459532491 0
0.6600560014601334 0
0.6602763569670179 0
0.6633947212614129 0
0.6639088841108098 0
0.6646856929179076 0
0.6651286297448773 0
0.6653578885045651 0
0.6655871472642529 0
0.6667423443154956 0
0.6669626998223801 0
0.6671830553292646 0
0.6696870951802241 0
0.6707866469014454 0
0.6718928760622693 0
0.6723758775268545 0
0.6726051362865423 0
0.6728343950462301 0
0.6738983337562379 0
0.6772615375027267 0
0.6783432827183411 0
0.7039512635941542 0
0.707419080561083 0
0.7079465982896851 0
0.733222932998571 0
0.7366506853278846 0
0.7622653436433001 0
0.7656930959726136 0
0.7913166575408326 0
0.794744409870146 0
0.8203768746911684 0
0.8224980746715813 0
0.8227184301784657 0
0.825936956066899 0
0.8270966047445434 0
0.8275439931979148 0
0.8277732519576028 0
0.8280025107172906 0
0.8291577077685333 0
0.8293780632754176 0
0.8295984187823021 0
0.832747944461509 0
0.8338897866335465 0
0.8343327234605163 0
0.8345619822202042 0
0.834791240979892 0
0.8359464380311347 0
0.8361667935380191 0
0.8363871490449035 0
0.8395210940317045 0
0.8406451296981352 0
0.8410880665251049 0
0.8413173252847927 0
0.8415465840444807 0
0.8427017810957234 0
0.8429221366026077 0
0.8431424921094922 0
0.8462608564038872 0
0.8467750192532841 0
0.8475518280603819 0
0.8479947648873516 0
0.8482240236470394 0
0.8484532824067273 0
0.84960847945797 0
0.8498288349648544 0
0.8500491904717389 0
0.8525532303226984 0
0.8536527820439197 0
0.8547055916879231 0
0.8557962401563411 0
0.856025498916029 0
0.8593976059153212 0
0.8604793511309357 0
0.8861095901387572 0
0.8895774071056861 0
0.8901049248342882 0
0.9154035176751826 0
0.9188312700044962 0
0.9444681864519202 0
0.9478959387812337 0
0.9735417584814612 0
0.975662958461874 0
0.9758833139687585 0
0.9790907107911876 0
0.9801791334464046 0
0.9813209756184422 0
0.9815457827517283 0
0.9846886309913326 0
0.985759247140943 0
0.9869010893129805 0
0.9871258964462667 0
0.990253163993465 0
0.9907673268428621 0
0.9914907161331392 0
0.9926325583051768 0
0.9928573654384629 0
0.9953703085422259 0
0.9964698602634473 0
0.9975760894242711 0
0.998063542515258 0
0.9982928012749458 0
0.9985220600346336 0
