0.12432279633364049 0
0.12440960304847376 0
0.12449418395010617 0
0.1246344101817599 0
0.12484141080943922 0
0.1257562200349898 0
0.12584302674982306 0
0.12592760765145547 0
0.1260678338831092 0
0.1262703828843868 0
0.12718519210993737 0
0.12727199882477064 0
0.12735657972640305 0
0.12749680595805676 0
0.1276993549593344 0
0.1285874544264747 0
0.12867426114130798 0
0.12875884204294039 0
0.12889906827459413 0
0.12910161727587174 0
0.13001642650142228 1
0.13010323321625555 2
0.13018781411788796 3
0.1303280403495417 3
0.13053058935081932 3
0.23372596678196378 3
0.23511264840609516 3
0.23529739090176596 3
0.23941069369694218 3
0.23958875875301042 3
0.27710484025338655 3
0.2777525518948348 3
0.2779372943905056 3
0.2781153594465738 3
0.27827116637063354 3
0.2785560704603427 3
0.2817234026451564 3
0.2819548872180451 3
0.3057799917199749 3
0.31753228542047834 3
0.3182734812163624 3
0.3184515462724306 3
0.32961845110110977 3
0.329887774498413 3
0.3300725169940838 3
0.330250582050152 3
0.3304063889742117 3
0.3306912930639209 3
0.34762082826960833 3
0.3482017655150309 3
0.34837983057109917 3
0.35887899143952245 3
0.35914831483682563 3
0.35933305733249643 3
0.35951112238856464 3
0.3596669293126244 3
0.35995183340233355 3
0.3766142710239186 3
0.3771952082693412 3
0.37737327332540943 3
0.3878724341938327 3
0.3881417575911359 3
0.3883265000868067 3
0.38850456514287496 3
0.38866037206693466 3
0.3889452761566438 3
0.4056166170310323 3
0.4061975542764549 3
0.40637561933252314 3
0.4168747802009464 3
0.4171441035982496 3
0.4173288460939204 3
0.41750691114998867 3
0.41766271807404837 3
0.4179476221637575 3
0.4346278662909494 3
0.43520880353637204 3
0.43538686859244025 3
0.44588602946086353 3
0.4461553528581667 3
0.4463400953538375 3
0.4465181604099058 3
0.44667396733396547 3
0.44695887142367463 3
0.5005475500474098 3
0.5011284872928324 3
0.5013065523489006 3
0.5118057132173239 3
0.5120750366146272 3
0.512259779110298 3
0.5124378441663662 3
0.5125936510904259 3
0.512878555180135 3
0.5298036387594207 3
0.5303845760048433 3
0.5305626410609116 3
0.5410618019293348 3
0.5413311253266381 3
0.5415158678223089 3
0.5416939328783771 3
0.5418497398024368 3
0.542134643892146 3
0.5588193396457396 3
0.5594002768911622 3
0.5595783419472304 3
0.5700775028156537 3
0.570346826212957 3
0.5705315687086276 3
0.570709633764696 3
0.5708654406887557 3
0.5711503447784648 3
0.5878439437848618 3
0.5884248810302845 3
0.5886029460863527 3
0.599102106954776 3
0.5993714303520792 3
0.59955617284775 3
0.5997342379038182 3
0.5998900448278779 3
0.600174948917587 3
0.6168774511767875 3
0.61745838842221 3
0.6176364534782783 3
0.6281356143467016 3
0.6284049377440047 3
0.6285896802396755 3
0.6287677452957438 3
0.6289235522198035 3
0.6292084563095127 3
0.6833335559146534 3
0.683914493160076 3
0.6840925582161442 3
0.6945917190845675 3
0.6948610424818707 3
0.6950457849775415 3
0.6952238500336098 3
0.6953796569576695 3
0.6956645610473786 3
0.7126119027586729 3
0.7131928400040956 3
0.7133709050601638 3
0.723870065928587 3
0.7241393893258902 3
0.724324131821561 3
0.7245021968776293 3
0.724658003801689 3
0.7249429078913981 3
0.7416498617770002 3
0.7422307990224228 3
0.742408864078491 3
0.7529080249469143 3
0.7531773483442176 3
0.7533620908398884 3
0.7535401558959566 3
0.7536959628200163 3
0.7539808669097254 3
0.7706967240481309 3
0.7712776612935536 3
0.7714557263496218 3
0.7819548872180451 3
0.7822242106153483 3
0.7824089531110191 3
0.7825870181670873 3
0.782742825091147 3
0.7830277291808563 3
0.7997524895720651 3
0.8003334268174878 3
0.800511491873556 3
0.8110106527419793 3
0.8112799761392825 3
0.8114647186349533 3
0.8116427836910215 3
0.8117985906150812 3
0.8120834947047904 3
0.8654918824592565 3
0.8660728197046791 3
0.8662508847607473 3
0.8767500456291706 3
0.8770193690264738 3
0.8772041115221446 3
0.8773821765782128 3
0.8775379835022725 3
0.8778228875919817 3
0.8947924874352845 3
0.8953734246807071 3
0.8955514897367753 3
0.9060506506051986 3
0.9063199740025019 3
0.9065047164981727 3
0.9066827815542409 3
0.9068385884783006 3
0.9071234925680097 3
0.9238527045856204 3
0.9244336418310429 3
0.9246117068871113 3
0.9351108677555345 3
0.9353801911528377 3
0.9355649336485085 3
0.9357429987045767 3
0.9358988056286365 3
0.9361837097183456 3
0.9529218249887597 3
0.9535027622341823 3
0.9536808272902505 3
0.9641799881586738 3
0.964449311555977 3
0.9646340540516478 3
0.964812119107716 3
0.9649679260317757 3
0.9652528301214849 3
