0.24151186135854735 0
0.24622613371795385 0
0.24745923423122637 0
0.24906404554904135 0
0.2564671002550782 0
0.26011965971767786 0
0.2634739602113632 0
0.2669195190462836 0
0.26948143004046526 0
0.272027760342241 0
0.2745362518196023 0
0.28270498626673257 1
0.2894313937597101 2
0.29128327034281976 3
0.2925386289881008 4
0.2948000552001674 5
0.296484995793213 6
0.29828567867270306 7
0.3002110070914409 8
0.3013706557690852 9
0.30253698188633216 10
0.3037033080035791 11
0.31310291715078103 11
0.31376843529783605 11
0.3144673406429039 11
0.31915045161749844 11
0.3247928880816606 11
0.33364939880785444 12
0.3346131759238238 13
0.3357461148430579 14
0.33657634316697604 15
0.33752899121694113 16
0.34375459073972675 16
0.34442010888678176 16
0.3451190142318496 16
0.34907873591616695 16
0.35405342842007326 16
0.362881003574656 17
0.3638447806906253 18
0.3649777196098595 19
0.36580794793377763 20
0.36676059598374267 21
0.37274358186763534 21
0.37340910001469035 21
0.3741080053597582 21
0.37807217867047727 21
0.3830468711743836 21
0.391878897955368 22
0.3928426750713373 23
0.39397561399057146 24
0.3948058423144896 25
0.39575849036445465 26
0.40174147624834733 26
0.40240699439540234 26
0.4031058997404702 26
0.407074524677591 26
0.4120492171814973 26
0.4208856955888834 27
0.42184947270485273 28
0.42298241162408684 29
0.423812639948005 30
0.42476528799797003 31
0.43074827388186276 31
0.4314137920289178 31
0.4321126973739856 31
0.4360857739375081 31
0.4410604664414144 31
0.4499013964752022 32
0.4508651735911715 33
0.45199811251040567 34
0.45282834083432383 35
0.45378098888428886 36
0.49666350601192144 36
0.4973290241589765 36
0.4980279295040443 36
0.5020054576939685 36
0.5069801501978748 36
0.5158099511656584 37
0.5167737282816277 38
0.5179066672008619 39
0.51873689552478 40
0.5196895435747451 41
0.5259151430975307 41
0.5265806612445857 41
0.5272795665896536 41
0.5312615464059794 41
0.5362362389098857 41
0.5450638140644685 42
0.5460275911804378 43
0.5471605300996719 44
0.54799075842359 45
0.5489434064735551 46
0.5549263923574478 46
0.5555919105045029 46
0.5562908158495706 46
0.5602772472922982 46
0.5652519397962046 46
0.574083966577189 47
0.5750477436931583 48
0.5761806826123924 49
0.5770109109363106 50
0.5779635589862756 51
0.5839465448701683 51
0.5846120630172233 51
0.5853109683622911 51
0.5893018514314204 51
0.5942765439353268 51
0.6031130223427129 52
0.6040767994586822 53
0.6052097383779164 54
0.6060399667018345 55
0.6069926147517996 56
0.6129756006356922 56
0.6136411187827473 56
0.6143400241278151 56
0.6183353588233461 56
0.6233100513272524 56
0.6321509813610403 57
0.6331147584770096 58
0.6342476973962438 59
0.6350779257201619 60
0.636030573770127 61
0.6794272537471565 61
0.6800927718942116 61
0.6807916772392794 61
0.6847914635612121 61
0.6897661560651184 61
0.698595957032902 62
0.6995597341488713 63
0.7006926730681055 64
0.7015229013920236 65
0.7024755494419886 66
0.7087011489647743 66
0.7093666671118293 66
0.7100655724568972 66
0.7140698104052315 66
0.7190445029091379 66
0.7278720780637206 67
0.7288358551796899 68
0.729968794098924 69
0.7307990224228422 70
0.7317516704728072 71
0.7377346563566999 71
0.738400174503755 71
0.7390990798488227 71
0.7431077694235589 71
0.7480824619274652 71
0.7569144887084497 72
0.757878265824419 73
0.7590112047436531 74
0.7598414330675712 75
0.7607940811175363 76
0.766777067001429 76
0.767442585148484 76
0.7681414904935518 76
0.7721546316946897 76
0.7771293241985959 76
0.7859658026059821 77
0.7869295797219514 78
0.7880625186411856 79
0.7888927469651037 80
0.7898453950150688 81
0.7958283808989615 81
0.7964938990460164 81
0.7971928043910843 81
0.8012103972186239 81
0.8061850897225301 81
0.8150260197563179 82
0.8159897968722873 83
0.8171227357915214 84
0.8179529641154396 85
0.8189056121654046 86
0.8615633221597511 86
0.8622288403068061 86
0.8629277456518739 86
0.8669497901058152 86
0.8719244826097214 86
0.8807542835775051 87
0.8817180606934744 88
0.8828509996127085 89
0.8836812279366266 90
0.8846338759865917 91
0.8908594755093774 91
0.8915249936564323 91
0.8922238990015002 91
0.8962503950818431 91
0.9012250875857495 91
0.9100526627403321 92
0.9110164398563015 93
0.9121493787755356 94
0.9129796070994538 95
0.9139322551494189 96
0.9199152410333116 96
0.9205807591803665 96
0.9212796645254344 96
0.925310612232179 96
0.9302853047360853 96
0.9391173315170698 97
0.9400811086330391 98
0.9412140475522732 99
0.9420442758761913 100
0.9429969239261564 101
0.9489799098100491 101
0.9496454279571042 101
0.9503443333021719 101
0.9543797326353183 101
0.9593544251392246 101
0.9681909035466107 102
0.96915468066258 103
0.9702876195818142 104
0.9711178479057324 105
0.9720704959556974 106
