0.1659121159915775 1
0.16595885806879543 2
0.16925973904566033 3
0.16931983600208336 4
0.19725824329918937 5
0.19730498537640728 6
0.19735172745362517 7
0.19739846953084308 8
0.2822531461869594 9
0.2823488561545961 10
0.3205438106812324 11
0.3206395206488691 12
0.321124747926655 13
0.32160997520444096 14
0.3220952024822269 15
0.32258042976001283 16
0.33131006913375805 17
0.33147923093702286 18
0.3498243833384527 19
0.34992009330608936 20
0.3504053205838753 21
0.35089054786166124 22
0.3513757751394472 23
0.3518610024172331 24
0.3605706094721707 25
0.3607397712754355 26
0.378817826092763 27
0.3789135360603997 28
0.3793987633381856 29
0.37988399061597156 30
0.3803692178937575 31
0.38085444517154343 32
0.38956405222648094 33
0.38973321402974576 34
0.4078201720998767 35
0.4079158820675134 36
0.40840110934529933 37
0.40888633662308527 38
0.4093715639008712 39
0.40985679117865714 40
0.41856639823359465 41
0.41873556003685947 42
0.4368314213597938 43
0.4369271313274305 44
0.43741235860521643 45
0.43789758588300237 46
0.4383828131607883 47
0.43886804043857425 48
0.44757764749351175 49
0.44774680929677657 50
0.5027511051162542 51
0.502846815083891 52
0.5033320423616768 53
0.5038172696394628 54
0.5043024969172487 55
0.5047877241950347 56
0.5134973312499722 57
0.513666493053237 58
0.5320071938282651 59
0.5321029037959019 60
0.5325881310736877 61
0.5330733583514737 62
0.5335585856292596 63
0.5340438129070456 64
0.5427534199619831 65
0.5429225817652479 66
0.561022894714584 67
0.5611186046822206 68
0.5616038319600066 69
0.5620890592377925 70
0.5625742865155785 71
0.5630595137933644 72
0.5717691208483019 73
0.5719382826515668 74
0.5900474988537062 75
0.5901432088213429 76
0.5906284360991289 77
0.5911136633769147 78
0.5915988906547007 79
0.5920841179324866 80
0.6007937249874241 81
0.600962886790689 82
0.6190810062456319 83
0.6191767162132685 84
0.6196619434910544 85
0.6201471707688404 86
0.6206323980466263 87
0.6211176253244123 88
0.6298272323793498 89
0.6299963941826147 90
0.6855371109834978 91
0.6856328209511345 92
0.6861180482289204 93
0.6866032755067064 94
0.6870885027844923 95
0.6875737300622783 96
0.6962833371172158 97
0.6964524989204806 98
0.7148154578275173 99
0.714911167795154 100
0.71539639507294 101
0.7158816223507258 102
0.7163668496285118 103
0.7168520769062977 104
0.7255616839612352 105
0.7257308457645001 106
0.7438534168458446 107
0.7439491268134814 108
0.7444343540912672 109
0.7449195813690532 110
0.7454048086468391 111
0.7458900359246251 112
0.7545996429795626 113
0.7547688047828274 114
0.7729002791169753 115
0.7729959890846121 116
0.773481216362398 117
0.773966443640184 118
0.7744516709179698 119
0.7749368981957558 120
0.7836465052506933 121
0.7838156670539581 122
0.8019560446409095 123
0.8020517546085463 124
0.8025369818863322 125
0.8030222091641182 126
0.803507436441904 127
0.80399266371969 128
0.8127022707746275 129
0.8128714325778923 130
0.8676954375281009 131
0.8677911474957376 132
0.8682763747735235 133
0.8687616020513095 134
0.8692468293290954 135
0.8697320566068814 136
0.8784416636618189 137
0.8786108254650836 138
0.8969960425041289 139
0.8970917524717655 140
0.8975769797495515 141
0.8980622070273374 142
0.8985474343051234 143
0.8990326615829093 144
0.9077422686378468 145
0.9079114304411117 146
0.9260562596544648 147
0.9261519696221014 148
0.9266371968998873 149
0.9271224241776733 150
0.9276076514554592 151
0.9280928787332452 152
0.9368024857881827 153
0.9369716475914476 154
0.9551253800576041 155
0.9552210900252407 156
0.9557063173030267 157
0.9561915445808126 158
0.9566767718585986 159
0.9571619991363844 160
0.965871606191322 161
0.9660407679945868 162
