0.000097935780837529 0
0.00247510427934846 0
0.004683110974594568 0
0.006664084723353677 0
0.0094530286640224 0
0.011781229272114568 0
0.014071591055792233 0
0.01592791926530358 0
0.020363964974603473 0
0.025323076786103803 0
0.029946090804275342 0
0.03210290379590183 0
0.034756073131318524 0
0.037235629037068695 0
0.041086285874544264 0
0.04370829382514902 0
0.047314111210530765 0
0.050666185891015285 0
0.053127935291158626 0
0.05638430000400647 0
0.05923334090109822 0
0.061877606983711496 0
0.0647244220676024 0
0.0729243178995446 0
0.07592248828109349 0
0.07925453064277034 0
0.08241295957478065 0
0.0868601343500848 0
0.09169460062233738 0
0.09602158148479548 0
0.10105859675832565 0
0.10717735724747036 0
0.11319150451617499 0
0.11674835401113796 0
0.14921406535877882 0
0.2160685906595975 0
