0.001137390545635848 0
0.0013421653601143177 0
0.001400036503336494 0
0.0016359727026269047 0
0.0016938438458490809 0
0.0017873280002849042 0
0.0021078451012077263 0
0.0021657162444299024 0
0.0022992650364810786 0
0.0033453972408819563 0
0.0035501720553604258 0
0.003608043198582602 0
0.0038439793978730127 0
0.003901850541095189 0
0.003995334695531013 0
0.004315851796453834 0
0.004373722939676011 0
0.004507271731727187 0
0.005326370989641066 0
0.005531145804119535 0
0.005589016947341712 0
0.005824953146632122 0
0.005882824289854299 0
0.005976308444290122 0
0.006296825545212943 0
0.00635469668843512 0
0.006488245480486296 0
0.00811531493030979 0
0.008320089744788258 0
0.008377960888010435 0
0.008613897087300846 0
0.008671768230523022 0
0.008765252384958845 0
0.009085769485881667 0
0.009143640629103843 0
0.009277189421155019 0
0.010443515538401955 0
0.010648290352880424 0
0.0107061614961026 0
0.010942097695393012 0
0.010999968838615188 0
0.011093452993051011 0
0.011413970093973833 0
0.01147184123719601 0
0.011605390029247185 0
0.012733877322079621 0
0.012938652136558091 0
0.012996523279780268 0
0.01323245947907068 0
0.013290330622292854 0
0.013383814776728677 0
0.0137043318776515 0
0.013762203020873677 0
0.013895751812924852 0
0.014590205531590968 0
0.014794980346069436 0
0.014852851489291613 0
0.015088787688582024 0
0.0151466588318042 0
0.015240142986240024 0
0.015560660087162845 0
0.015618531230385022 0
0.015752080022436197 0
0.01840302354465204 0
0.01861002417233136 0
0.01892163802045077 0
0.019126412834929243 0
0.019184283978151417 0
0.019420220177441827 0
0.019478091320664005 0
0.01957157547509983 0
0.01989209257602265 0
0.019949963719244825 0
0.020083512511296003 0
0.02018812573173609 0
0.02356913598383169 0
0.023880749831951105 0
0.024085524646429574 0
0.02414339578965175 0
0.02437933198894216 0
0.024437203132164336 0
0.02453068728660016 0
0.02485120438752298 0
0.02490907553074516 0
0.025042624322796334 0
0.02514723754323642 0
0.028192150002003234 0
0.028503763850122644 0
0.028708538664601112 0
0.028766409807823287 0
0.0290023460071137 0
0.029060217150335875 0
0.029153701304771698 0
0.02947421840569452 0
0.029532089548916698 0
0.029665638340967873 0
0.02977025156140796 0
0.030348962993629724 0
0.030660576841749134 0
0.030865351656227603 0
0.030923222799449777 0
0.03115915899874019 0
0.031217030141962365 0
0.03131051429639819 0
0.03163103139732101 0
0.031688902540543185 0
0.03182245133259436 0
0.03192706455303445 0
0.03300213232904642 0
0.03331374617716583 0
0.0335185209916443 0
0.033576392134866476 0
0.033812328334156885 0
0.033870199477379064 0
0.03396368363181489 0
0.034284200732737705 0
0.03434207187595988 0
0.034475620668011055 0
0.03458023388845115 0
0.03548168823479658 0
0.03579330208291599 0
0.03599807689739446 0
0.03605594804061664 0
0.03629188423990705 0
0.03634975538312923 0
0.03644323953756505 0
0.03676375663848787 0
0.036821627781710047 0
0.036955176573761225 0
0.03705978979420131 0
0.03924553835743889 0
0.0395571522055583 0
0.03976192702003677 0
0.039819798163258945 0
0.040055734362549354 0
0.04011360550577153 0
0.040207089660207355 0
0.04052760676113018 0
0.04058547790435235 0
0.04071902669640353 0
0.04077689783962571 0
0.04091044663167688 0
0.041867546308043645 0
0.042179160156163055 0
0.042383934970641524 0
0.0424418061138637 0
0.04267774231315411 0
0.04273561345637629 0
0.04282909761081211 0
0.04314961471173493 0
0.04320748585495711 0
0.04334103464700829 0
0.04339890579023046 0
0.04353245458228164 0
0.045473363693425396 0
0.04578497754154481 0
0.045989752356023275 0
0.046047623499245446 0
0.04628355969853586 0
0.046341430841758034 0
0.04643491499619386 0
0.04675543209711668 0
0.04681330324033886 0
0.04694685203239003 0
0.04700472317561221 0
0.04713827196766338 0
0.04882543837390991 0
0.04913705222202932 0
0.04934182703650779 0
0.049399698179729966 0
0.049635634379020376 0
0.049693505522242554 0
0.04978698967667838 0
0.050107506777601195 0
0.05016537792082337 0
0.05029892671287455 0
0.05035679785609672 0
0.0504903466481479 0
0.05128718777405325 0
0.05159880162217266 0
0.05180357643665113 0
0.05186144757987331 0
0.05209738377916372 0
0.052155254922385895 0
0.05224873907682172 0
0.052569256177744536 0
0.052627127320966714 0
0.05276067611301789 0
0.052818547256240064 0
0.05295209604829124 0
0.05454355248690109 0
0.0548551663350205 0
0.05505994114949897 0
0.05511781229272115 0
0.05535374849201156 0
0.055411619635233736 0
0.05550510378966956 0
0.05582562089059238 0
0.055883492033814555 0
0.05601704082586573 0
0.056074911969087905 0
0.056208460761139084 0
0.05739259338399284 0
0.05770420723211225 0
0.05790898204659072 0
0.0579668531898129 0
0.05820278938910331 0
0.05826066053232549 0
0.05835414468676131 0
0.05867466178768413 0
0.05873253293090631 0
0.05886608172295748 0
0.05892395286617966 0
0.059057501658230836 0
0.06003685946660613 0
0.06034847331472554 0
0.060553248129204006 0
0.060611119272426184 0
0.06084705547171659 0
0.060904926614938765 0
0.06099841076937459 0
0.06131892787029741 0
0.06137679901351959 0
0.06151034780557076 0
0.06156821894879294 0
0.06170176774084412 0
0.06288367455049702 0
0.06319528839861643 0
0.06340006321309491 0
0.06345793435631708 0
0.06369387055560749 0
0.06375174169882966 0
0.06384522585326549 0
0.06416574295418831 0
0.0642236140974105 0
0.06435716288946167 0
0.06441503403268384 0
0.06454858282473502 0
0.06820336810053552 0
0.06851498194865493 0
0.06871975676313341 0
0.06877762790635558 0
0.06901356410564599 0
0.06907143524886818 0
0.06916491940330399 0
0.06948543650422682 0
0.069543307647449 0
0.06967685643950017 0
0.06973472758272235 0
0.06986827637477352 0
0.0699261475179957 0
0.07001963167243153 0
0.07089660207356757 0
0.07120821592168698 0
0.07141299073616546 0
0.07147086187938763 0
0.07170679807867804 0
0.07176466922190022 0
0.07185815337633604 0
0.07217867047725887 0
0.07223654162048104 0
0.07237009041253221 0
0.0724279615557544 0
0.07256151034780557 0
0.07261938149102774 0
0.07389477245511648 0
0.0742063863032359 0
0.07441116111771436 0
0.07446903226093653 0
0.07470496846022695 0
0.07476283960344912 0
0.07485632375788494 0
0.07517684085880777 0
0.07523471200202994 0
0.07536826079408111 0
0.0754261319373033 0
0.07555968072935447 0
0.07561755187257664 0
0.07722681481679332 0
0.07753842866491273 0
0.07774320347939119 0
0.07780107462261338 0
0.07803701082190379 0
0.07809488196512596 0
0.07818836611956179 0
0.0785088832204846 0
0.07856675436370678 0
0.07870030315575796 0
0.07875817429898013 0
0.0788917230910313 0
0.07894959423425349 0
0.08038524374880363 0
0.08069685759692304 0
0.08090163241140151 0
0.08095950355462368 0
0.08119543975391409 0
0.08125331089713626 0
0.0813467950515721 0
0.08166731215249491 0
0.0817251832957171 0
0.08185873208776827 0
0.08191660323099044 0
0.08205015202304161 0
0.0821080231662638 0
0.08282250920373758 0
0.083134123051857 0
0.08333889786633547 0
0.08339676900955764 0
0.08363270520884805 0
0.08369057635207022 0
0.08378406050650605 0
0.08410457760742887 0
0.08416244875065106 0
0.08429599754270223 0
0.0843538686859244 0
0.08441173982914658 0
0.08479680551289413 0
0.08510841936101354 0
0.08531319417549202 0
0.08537106531871419 0
0.0856070015180046 0
0.08566487266122678 0
0.0857583568156626 0
0.08607887391658542 0
0.0861367450598076 0
0.08627029385185878 0
0.08632816499508095 0
0.08649732679834578 0
0.08655519794156795 0
0.08910375405654455 0
0.08954446507031344 0
0.08985607891843285 0
0.09006085373291133 0
0.0901187248761335 0
0.0903546610754239 0
0.09041253221864608 0
0.09050601637308191 0
0.09082653347400473 0
0.09088440461722691 0
0.09101795340927808 0
0.09107582455250025 0
0.09116930870693608 0
0.09133179307059834 0
0.09138966421382053 0
0.09344408979820777 0
0.09387144593277154 0
0.09418305978089095 0
0.09438783459536942 0
0.0944457057385916 0
0.094681641937882 0
0.09473951308110418 0
0.09483299723554 0
0.09515351433646282 0
0.09521138547968501 0
0.09534493427173618 0
0.09540280541495835 0
0.09549628956939418 0
0.09565877393305644 0
0.09571664507627863 0
0.09643113111375241 0
0.09674274496187182 0
0.09694751977635029 0
0.09700539091957247 0
0.09724132711886288 0
0.09729919826208505 0
0.09739268241652088 0
0.0977131995174437 0
0.09777107066066587 0
0.09790461945271706 0
0.09796249059593923 0
0.09805597475037504 0
0.09821845911403732 0
0.09827633025725949 0
0.09843436299452005 0
0.09883723518387443 0
0.09914884903199384 0
0.09935362384647231 0
0.09941149498969448 0
0.09964743118898489 0
0.09970530233220708 0
0.0997987864866429 0
0.10011930358756571 0
0.1001771747307879 0
0.10031072352283907 0
0.10036859466606124 0
0.10046207882049707 0
0.10062456318415933 0
0.10068243432738151 0
0.10259440786691418 0
0.10290602171503359 0
0.10311079652951206 0
0.10316866767273423 0
0.10340460387202464 0
0.10346247501524682 0
0.10355595916968265 0
0.10387647627060546 0
0.10393434741382764 0
0.10406789620587882 0
0.10412576734910099 0
0.10421925150353682 0
0.104277122646759 0
0.10492038266180549 0
0.1052319965099249 0
0.10543677132440336 0
0.10549464246762555 0
0.10573057866691596 0
0.10578844981013813 0
0.10588193396457396 0
0.10620245106549678 0
0.10626032220871895 0
0.10639387100077013 0
0.1064517421439923 0
0.10654522629842814 0
0.10674332367330404 0
0.10680119481652622 0
0.10802984370339704 0
0.10834145755151645 0
0.10854623236599492 0
0.10860410350921709 0
0.1088400397085075 0
0.10889791085172967 0
0.1089913950061655 0
0.10931191210708832 0
0.1093697832503105 0
0.10950333204236168 0
0.10956120318558385 0
0.10965468734001968 0
0.10985278471489558 0
0.10991065585811777 0
0.11013991461780562 0
0.11030462479466874 0
0.11089891691929646 0
0.11121053076741587 0
0.11141530558189434 0
0.11147317672511652 0
0.11170911292440693 0
0.11176698406762911 0
0.11186046822206493 0
0.11218098532298776 0
0.11223885646620993 0
0.1123724052582611 0
0.11243027640148329 0
0.1125237605559191 0
0.11272185793079502 0
0.11277972907401719 0
0.11445576641425945 0
0.11476738026237886 0
0.11497215507685733 0
0.1150300262200795 0
0.11526596241936991 0
0.1153238335625921 0
0.11541731771702791 0
0.11573783481795073 0
0.11579570596117292 0
0.11592925475322409 0
0.11598712589644626 0
0.11608061005088209 0
0.11627870742575801 0
0.11633657856898018 0
0.11731148475095377 0
0.11762309859907318 0
0.11782787341355164 0
0.11788574455677382 0
0.11812168075606423 0
0.1181795518992864 0
0.11827303605372223 0
0.11859355315464505 0
0.11865142429786722 0
0.11878497308991841 0
0.11884284423314058 0
0.1189363283875764 0
0.11902981254201223 0
0.11974652439268686 0
0.12099965722476706 0
0.12131127107288647 0
0.12151604588736495 0
0.12157391703058712 0
0.12180985322987753 0
0.12186772437309971 0
0.12196120852753553 0
0.12228172562845836 0
0.12233959677168053 0
0.12287156612668439 0
0.1231831799748038 0
0.13508015153336272 0
0.13539176538148212 0
0.1354496365247043 0
0.1356855727239947 0
0.1357434438672169 0
0.13607731584734484 0
0.13629989716743013 0
0.13648686547630176 0
0.13688083441285273 0
0.1371902224477713 0
0.13731931961342075 0
0.13762648183513848 0
0.13779119201200157 0
0.13841887133464212 0
0.14029523186296114 0
0.14072481381072574 0
0.14088952398758886 0
0.14184217203755392 0
0.14249878693180554 0
0.1431665308920614 0
0.14366511304905247 0
0.14379421021470193 0
0.14676567083784062 0
0.14733993064366066 0
0.14795648090029692 0
0.14826809474841635 0
0.14832596589163852 0
0.14874441877339886 0
0.14880228991662103 0
0.15060297279611107 0
0.15091458664423046 0
0.15097245778745264 0
0.151390910669213 0
0.15144878181243518 0
0.15171365358333666 0
0.15233688127957548 0
0.15358778829845485 0
0.15523489006708602 0
0.15978890387603112 0
0.1598467750192533 0
0.16026522790101363 0
0.16070371310158166 0
0.16076158424480383 0
0.16113552086254712 0
0.16140039263344863 0
0.1615294897990981 0
0.16182997458121326 0
0.16203029776929 0
0.1624799120358623 0
0.16271584823515273 0
0.16348375378944696 0
0.16354162493266916 0
0.16406246522166873 0
0.16459888620307428 0
0.16726318460449524 0
0.1678797348611315 0
0.16797321901556733 0
0.1704861621193303 0
0.17213771551436316 0
0.1745193356392758 0
0.17527388631436494 0
0.17533175745758714 0
0.17570569407533043 0
0.1759705658462319 0
0.1760996630118814 0
0.1766338581800861 0
0.17725486006312408 0
0.17731273120634625 0
0.17768666782408954 0
0.17795153959499102 0
0.1780806367606405 0
0.1786148319288452 0
0.17923583381188318 0
0.17929370495510535 0
0.17966764157284865 0
0.17993251334375013 0
0.18006161050939962 0
0.1805958056776043 0
0.1812168075606423 0
0.18127467870386446 0
0.18164861532160775 0
0.18191348709250924 0
0.18204258425815872 0
0.1825767794263634 0
0.1831977813094014 0
0.18325565245262357 0
0.18362958907036686 0
0.18389446084126837 0
0.18402355800691783 0
0.18564840164354046 0
0.18725321296135544 0
0.18780076300876525 0
0.1900354794624216 0
0.1903426416841393 0
0.19050735186100243 0
0.19229913148768904 0
0.19476978414063578 0
0.19489888130628524 0
0.19549094761771213 0
0.19565565779457525 0
0.195855980982652 0
0.1960919171819424 0
0.19779466428059492 0
0.19795937445745804 0
0.19828211737158172 0
0.19887640949620944 0
0.20102209342183167 0
0.20152067557882272 0
0.2037064241420603 0
0.20379990829649614 0
0.2038577794397183 0
0.20395126359415414 0
0.2054336551859222 0
0.20700062767932265 0
0.20716533785618577 0
0.20816027635696702 0
0.20828937352261648 0
0.2084540836994796 0
0.20889256890004762 0
0.20905727907691074 0
0.20922198925377386 0
0.21033044422779862 0
0.21248057977982257 0
0.21253845092304474 0
0.21361129288585584 0
0.213669164029078 0
0.21429239172531683 0
0.21435026286853903 0
0.21542087901814927 0
0.21640246263972543 0
0.2164603337829476 0
0.21708356147918642 0
0.2171414326224086 0
0.21821204877201886 0
0.2187640504458304 0
0.21922034215200523 0
0.2192782132952274 0
0.21990144099146625 0
0.21995931213468842 0
0.2233648063319934 0
0.22368977505931792 0
0.22385448523618104 0
0.22422842185392433 0
0.23461184043590325 0
