0.2960264782738373 1
0.29605096221904675 2
0.2961466721866834 2
0.29617115613189277 2
0.4631895012842942 3
0.46320730778990105 4
0.4632251142955079 5
0.4632429208011147 6
0.4632607273067215 7
0.46326740474632405 7
0.4632918886915334 7
0.4700004896789042 7
0.470018296184511 7
0.4700361026901178 7
0.47005390919572465 7
0.47006058663532724 7
0.4700850705805366 7
0.4755939582526476 7
0.47561176475825445 7
0.47562957126386124 7
0.4756362487034638 7
0.4756607326486732 7
0.4825229147469028 7
0.48254072125250963 7
0.48254739869211216 7
0.48257188263732154 7
0.48855041689481254 7
0.4885570943344151 7
0.48858157827962445 7
0.6436027902794286 8
0.6436205967850354 9
0.6436384032906423 10
0.643656209796249 11
0.6436740163018558 11
0.6436806937414584 11
0.6437051776866678 11
0.6504137786740386 11
0.6504315851796454 11
0.6504493916852522 11
0.6504671981908591 11
0.6504738756304616 11
0.6504983595756709 11
0.6571869282442341 11
0.6572047347498409 11
0.6572225412554477 11
0.6572292186950502 11
0.6572537026402596 11
0.6641114331120875 11
0.6641292396176943 11
0.6641359170572969 11
0.6641604010025063 11
0.6713186162564493 11
0.6713252936960519 11
0.6713497776412612 11
0.8264689254219029 12
0.8264867319275098 13
0.8265045384331166 14
0.8265223449387233 15
0.8265401514443302 15
0.8265468288839327 15
0.8265713128291421 15
0.8332799138165129 15
0.8332977203221197 15
0.8333155268277265 15
0.8333333333333334 15
0.8333400107729358 15
0.8333644947181452 15
0.8400530633867084 15
0.8400708698923152 15
0.840088676397922 15
0.8400953538375245 15
0.8401198377827339 15
0.8469775682545618 15
0.8469953747601686 15
0.8470020521997712 15
0.8470265361449806 15
0.8541847513989236 15
0.8541914288385262 15
0.8542159127837355 15
0.9796226801461914 16
0.9796404866517983 17
0.979658293157405 18
0.9796760996630118 18
0.9796827771026144 18
0.9797072610478238 18
0.9852206003463365 18
0.9852384068519433 18
0.9852562133575502 18
0.9852628907971528 18
0.9852873747423622 18
0.9909698758441396 18
0.9909876823497464 18
0.990994359789349 18
0.9910188437345584 18
0.9970018296184511 18
0.9970085070580537 18
0.997032991003263 18
