0.00031829128772196925 1
0.0004295819477646158 2
0.0005341951682047036 3
0.0006388083886447914 4
0.0007434216090848792 5
0.0008836478407386138 6
0.0026954597862329003 6
0.0028757506555019876 7
0.0029825896891429284 8
0.004903466481479008 9
0.0050147571415216545 9
0.0051193703619617425 10
0.006884440230238117 10
0.006995730890280764 10
0.007107021550323411 10
0.007211634770763499 11
0.007316247991203586 11
0.00755441000369485 12
0.0076968620485494375 13
0.009673384170906841 13
0.009784674830949488 13
0.009924901062603223 14
0.010065127294256957 15
0.010205353525910692 16
0.012001584778999007 16
0.012112875439041654 16
0.012217488659481742 17
0.012357714891135477 17
0.012497941122789211 17
0.014291946562676674 17
0.014396559783116762 17
0.016177210343799108 18
0.016272920311435783 19
0.01640646910348696 19
0.016546695335140693 19
0.016686921566794428 20
0.016827147798448162 20
0.01696959984330275 20
0.017537182209520247 21
0.017632892177156925 22
0.01809363550973348 23
0.020577643041885352 24
0.020688933701927998 24
0.020800224361970647 25
0.020911515022013293 25
0.02101612824245338 25
0.021127418902496028 25
0.021238709562538673 25
0.02134332278297876 26
0.02144793600341885 27
0.021581484795470025 28
0.0217150335875212 28
0.021944292347209054 29
0.022175776920097756 30
0.0223582936025677 31
0.022589778175456404 32
0.025536754853385683 32
0.025648045513428332 32
0.02575265873386842 33
0.02585727195430851 34
0.025961885174748595 35
0.02606649839518868 36
0.02617111161562877 37
0.026282402275671416 37
0.026387015496111506 38
0.026491628716551592 39
0.02659624193699168 40
0.026700855157431768 40
0.026812145817474414 41
0.0269924366867435 42
0.027223921259632206 43
0.027359695864884237 43
0.027493244656935412 44
0.03018870444316831 44
0.03235219487439736 44
0.03250132435885451 44
0.03265045384331165 44
0.0327995833277688 45
0.03500536420981405 45
0.03514559044146779 45
0.035294719925924936 45
0.03758285589640175 46
0.037807663029687896 47
0.03803247016297404 48
0.03825727729626019 49
0.03840863259391819 49
0.041306641381428706 49
0.04141125460186879 49
0.04151586782230888 49
0.041664997306766025 49
0.043928649332033456 49
0.0440399399920761 49
0.044144553212516195 49
0.04424916643295628 49
0.04435377965339637 49
0.04446507031343901 49
0.0445696835338791 49
0.04467429675431919 49
0.04477890997475928 50
0.044890200634801924 50
0.0450237494268531 51
0.045157298218904275 51
0.04753446671741521 51
0.047645757377457854 51
0.04775037059789794 51
0.04785498381833803 52
0.04796627447838068 52
0.048070887698820765 53
0.04817550091926085 53
0.04828011413970094 53
0.04838472736014103 53
0.048533856844598176 53
0.05088654139789972 53
0.050991154618339814 53
0.0510957678387799 53
0.053377226369654154 53
0.053472936337290826 53
0.053613162568944564 53
0.05374671136099574 53
0.053886937592649474 53
0.05402048638470065 53
0.054154035176751825 53
0.054287583968803 53
0.05659797807128834 53
0.05670926873133099 53
0.05681388195177108 54
0.05692517261181373 54
0.057029785832253814 54
0.05716333462430499 54
0.05947595453999119 55
0.05960950333204236 55
0.059720793992085006 55
0.05983208465212766 55
0.06212022062260447 55
0.0622604468542582 55
0.06239399564630938 55
0.06252754443836056 55
0.06266777067001429 55
0.06497371314609793 55
0.06511393937775166 56
0.06520964934538834 56
0.06543445647867448 57
0.06558581177633248 57
0.06581061890961863 58
0.06603542604290477 59
0.06617787808775936 59
0.0663181043194131 60
0.06645833055106683 60
0.06659855678272057 60
0.06674768626717771 60
0.06689681575163486 60
0.06705262267569456 60
0.06720842959975427 61
0.06736423652381397 61
0.07313799596682648 61
0.07331828683609556 62
0.07342512586973651 62
0.07353641652977916 62
0.07617177935958902 62
0.0763053281516402 62
0.07644555438329394 62
0.07657910317534511 62
0.0767126519673963 62
0.07684620075944747 62
0.07697974955149864 62
0.07947488614965478 62
0.07957949937009487 62
0.07968411259053496 62
0.07978872581097504 62
0.07990001647101769 62
0.08000462969145777 62
0.08013817848350895 62
0.08266225065327618 63
0.08710942542858033 63
0.0873475874410716 64
0.08750562017833215 65
0.08766142710239186 65
0.08781945983965242 65
0.08834475175505371 65
0.08895239875888655 65
0.09195279495363631 65
0.09210860187769601 65
0.09226440880175572 65
0.09241353828621286 65
0.09257157102347342 65
0.09329273450054977 66
0.096270872563291 66
0.10126337157280413 67
0.10141917849686383 67
0.10157498542092354 67
0.10172411490538068 68
0.10187324438983783 68
0.10202905131389753 68
0.10218485823795724 68
0.10234066516201694 69
0.10742664832596589 69
0.10756019711801706 69
0.10769374591006825 69
0.10782729470211942 69
0.11339627933065345 69
0.11353650556230718 69
0.11367005435435837 69
0.11380360314640954 69
0.11393715193846071 69
0.1140707007305119 69
0.11421092696216563 69
0.11699764508963349 69
0.11713787132128724 69
0.14946335643727435 69
0.14961248592173151 69
0.1497682928457912 69
0.1499240997698509 69
0.15007322925430805 69
0.1502134554859618 69
0.15036258497041893 69
0.15492550203216746 70
0.21861046933497152 70
0.226140395393457 71
0.23407764526769856 71
0.23419116174094207 72
0.23430467821418555 73
0.23441819468742905 74
0.2356312628818939 75
0.2359384251036116 76
0.2362122001273165 77
0.23648597515102143 78
0.23693113779119201 79
0.2372583323317174 80
0.23768568846628116 80
0.23811749622724662 81
0.240336631988497 81
0.24160979713938488 81
0.24554948650489455 81
0.24632406949879138 81
0.2475571700120639 81
0.24825384954393087 81
0.24916198132987888 81
0.2529859284089442 81
0.25656503603591574 81
0.26021759549851536 81
0.26357189599220077 81
0.2670174548271211 81
0.2695793658213028 81
0.2721256961230786 81
0.27463418760043984 81
0.28280292204757007 81
0.28952932954054766 81
0.29138120612365725 81
0.29263656476893835 81
0.2948979909810049 81
0.2965829315740506 81
0.2983836144535406 81
0.3003089428722784 81
0.3014685915499228 81
0.3026349176671697 81
0.30380124378441664 81
0.3132008529316186 81
0.3138663710786736 81
0.31456527642374144 81
0.31784835089499947 82
0.319248387398336 82
0.3248908238624982 82
0.333747334588692 82
0.3347111117046613 82
0.33584405062389544 82
0.3366742789478136 82
0.33762692699777863 82
0.3438525265205643 82
0.3445180446676193 82
0.34521695001268715 82
0.3491766716970045 82
0.3541513642009108 82
0.3629789393554935 82
0.36394271647146287 82
0.365075655390697 82
0.36590588371461513 82
0.36685853176458016 82
0.37284151764847284 82
0.3735070357955279 82
0.37420594114059574 82
0.37817011445131476 82
0.3831448069552211 82
0.3919768337362055 82
0.39294061085217485 82
0.39407354977140896 82
0.3949037780953271 82
0.3958564261452922 82
0.4018394120291849 82
0.4025049301762399 82
0.40320383552130773 82
0.4071724604584285 82
0.4121471529623348 82
0.42098363136972095 82
0.42194740848569023 82
0.4230803474049244 82
0.42391057572884255 82
0.4248632237788076 82
0.43084620966270026 82
0.4315117278097553 82
0.4322106331548231 82
0.4361837097183456 82
0.4411584022222519 82
0.4499993322560397 82
0.45096310937200906 82
0.4520960482912432 82
0.4529262766151613 82
0.4538789246651264 82
0.496761441792759 82
0.497426959939814 82
0.49812586528488184 82
0.502103393474806 82
0.5070780859787123 82
0.5159078869464959 82
0.5168716640624652 82
0.5180046029816994 82
0.5188348313056175 82
0.5197874793555826 82
0.5260130788783682 82
0.5266785970254232 82
0.5273775023704911 82
0.531359482186817 82
0.5363341746907233 82
0.545161749845306 82
0.5461255269612753 82
0.5472584658805094 82
0.5480886942044276 82
0.5490413422543926 82
0.5550243281382853 82
0.5556898462853403 82
0.5563887516304081 82
0.5603751830731357 82
0.5653498755770421 82
0.5741819023580265 82
0.5751456794739959 82
0.5762786183932299 82
0.5771088467171481 82
0.5780614947671132 82
0.5840444806510059 82
0.5847099987980608 82
0.5854089041431287 82
0.589399787212258 82
0.5943744797161643 82
0.6032109581235504 82
0.6041747352395198 82
0.6053076741587539 82
0.6061379024826721 82
0.607090550532637 82
0.6130735364165297 82
0.6137390545635848 82
0.6144379599086526 82
0.6184332946041836 82
0.62340798710809 82
0.6322489171418778 82
0.6332126942578471 82
0.6343456331770813 82
0.6351758615009994 82
0.6361285095509644 82
0.679525189527994 82
0.6801907076750491 82
0.6808896130201169 82
0.6848893993420496 82
0.6898640918459559 82
0.6986938928137395 82
0.6996576699297088 82
0.700790608848943 82
0.7016208371728611 82
0.7025734852228261 82
0.7087990847456118 82
0.7094646028926669 82
0.7101635082377347 82
0.714167746186069 82
0.7191424386899754 82
0.7279700138445581 82
0.7289337909605275 82
0.7300667298797616 82
0.7308969582036797 82
0.7318496062536448 82
0.7378325921375375 82
0.7384981102845924 82
0.7391970156296603 82
0.7432057052043964 82
0.7481803977083027 82
0.7570124244892872 82
0.7579762016052565 82
0.7591091405244906 82
0.7599393688484087 82
0.7608920168983738 82
0.7668750027822665 82
0.7675405209293216 82
0.7682394262743893 82
0.7722525674755272 82
0.7772272599794335 82
0.7860637383868196 82
0.7870275155027889 82
0.7881604544220231 82
0.7889906827459412 82
0.7899433307959063 82
0.795926316679799 82
0.796591834826854 82
0.7972907401719218 82
0.8013083329994614 82
0.8062830255033676 82
0.8151239555371556 82
0.8160877326531248 82
0.817220671572359 82
0.8180508998962771 82
0.8190035479462422 82
0.8616612579405886 82
0.8623267760876436 82
0.8630256814327114 82
0.8670477258866527 82
0.8720224183905589 82
0.8808522193583426 82
0.8818159964743119 82
0.882948935393546 82
0.8837791637174641 82
0.8847318117674292 82
0.8909574112902149 82
0.89162292943727 82
0.8923218347823377 82
0.8963483308626807 82
0.901323023366587 82
0.9101505985211698 82
0.911114375637139 82
0.9122473145563732 82
0.9130775428802913 82
0.9140301909302564 82
0.9200131768141491 82
0.920678694961204 82
0.9213776003062719 82
0.9254085480130165 82
0.9303832405169229 82
0.9392152672979073 82
0.9401790444138766 82
0.9413119833331107 82
0.9421422116570289 82
0.9430948597069939 82
0.9490778455908866 82
0.9497433637379417 82
0.9504422690830094 82
0.9544776684161559 82
0.9594523609200621 82
0.9682888393274482 82
0.9692526164434176 82
0.9703855553626517 82
0.9712157836865699 82
0.9721684317365349 82
