0.2284374346167372 1
0.22845078949594233 1
0.22859324154079694 2
0.22860659642000206 2
0.22877130659686518 2
0.2287846614760703 2
0.22895604909253595 2
0.22896940397174106 2
0.22914524321460847 2
0.2291585980938136 2
0.22954143796436027 2
0.2295547928435654 2
0.22973063208643277 2
0.2297439869656379 2
0.22993985852731294 2
0.22995321340651806 2
0.2303204725846588 2
0.2303338274638639 2
0.23054973134434667 2
0.23056308622355176 2
0.23078566754363708 2
0.2307990224228422 2
0.2310349586221326 2
0.23104831350133773 2
0.23128424970062814 2
0.23129760457983325 2
0.23147344382270063 2
0.23148679870190575 2
0.23166263794477313 2
0.23167599282397824 2
0.2319186064628712 2
0.23193196134207633 2
0.2322079621789821 2
0.23222131705818722 2
0.2323971563010546 2
0.2324105111802597 2
0.2326664796983578 2
0.23267983457756292 2
0.232935803095661 2
0.23294915797486612 2
0.2332251588117719 2
0.233238513690977 2
0.2400628569647921 3
0.24123140889523986 4
0.24124476377444498 4
0.241320441423274 5
0.24133379630247911 5
0.24221076670361516 6
0.24222412158282028 6
0.24228644435244417 7
0.2422997992316493 7
0.2423131541108544 7
0.2424511545293073 8
0.2424645094085124 8
0.24256021937614908 8
0.2425735742553542 8
0.24263589702497806 8
0.24264925190418318 8
0.2426626067833883 8
0.24280060720184118 8
0.2428139620810463 8
0.2431166726763623 8
0.24313002755556742 8
0.24330809261163566 9
0.24332812493044334 9
0.24342160908487917 9
0.2434349639640843 9
0.24349728673370816 9
0.24351064161291328 9
0.2435239964921184 9
0.24366867435017384 9
0.24368202922937895 9
0.2439869656378958 9
0.2440003205171009 9
0.24417838557316915 9
0.24419841789197683 9
0.24429412785961352 9
0.24430748273881864 9
0.2443698055084425 9
0.24438316038764762 9
0.24439651526685274 9
0.24454119312490818 9
0.2445545480041133 9
0.24485948441263014 9
0.24487283929183526 9
0.2450509043479035 9
0.24507093666671118 9
0.24516664663434787 9
0.245180001513553 9
0.24524232428317685 9
0.24525567916238197 9
0.2452690340415871 9
0.24540703446003997 9
0.2454203893392451 9
0.24670023192973553 9
0.24671358680894065 9
0.24689832930461145 9
0.24691168418381657 9
0.24708084598708138 9
0.24710087830588906 9
0.24728562080155986 9
0.24729897568076498 9
0.2496004665304469 9
0.24961382140965202 9
0.24979856390532282 9
0.24981191878452794 9
0.24998108058779275 9
0.25000111290660043 9
0.25018585540227123 9
0.25019921028147635 9
0.250688889185664 10
0.2507155989440742 10
0.2517283439504623 11
0.25174837626927 11
0.25176840858807764 11
0.25185744111611175 12
0.251884150874522 12
0.25246953974634634 12
0.2524962495047566 12
0.2533643166530892 13
0.25339102641149946 13
0.2556724849423737 14
0.25568583982157883 14
0.25574593677800184 15
0.2557860014156172 15
0.2558594532512453 16
0.256923391961253 17
0.25694342428006073 17
0.2571103602701247 17
0.2571303925889324 17
0.2582477508157605 17
0.25842804168502964 18
0.25844139656423476 18
0.26059375792945955 18
0.26060711280866466 18
0.26079185530433546 18
0.2608052101835406 18
0.2609743719868054 18
0.26099440430561305 18
0.26117914680128385 18
0.26119250168048896 18
0.26401038119276876 18
0.2640237360719739 18
0.2642084785676447 18
0.2642218334468498 18
0.2643909952501146 18
0.2644110275689223 18
0.2645957700645931 18
0.26460912494379824 18
0.27501035003138397 18
0.2750237049105891 18
0.2752084474062599 18
0.275221802285465 18
0.2753909640887298 18
0.27541099640753747 18
0.27559573890320826 18
0.2756090937824134 18
0.2787541678352186 18
0.27876752271442373 18
0.2789277812648851 18
0.2789411361440902 18
0.27910139469455164 18
0.27911474957375676 18
0.2792750081242182 18
0.2792883630034233 18
0.2794486215538847 18
0.27946197643308984 18
0.27962223498355127 18
0.2796355898627564 18
0.27979584841321775 18
0.27980920329242287 18
0.2799694618428843 18
0.2799828167220894 18
0.28014307527255083 18
0.28015643015175595 18
0.2803166887022174 18
0.2803300435814225 18
0.28049030213188386 18
0.280503657011089 18
0.2806639155615504 18
0.2806772704407555 18
0.282607050485895 19
0.28262040536510014 19
0.28263376024430525 19
0.2826471151235104 19
0.2826604700027155 19
0.28329260095175773 19
0.28330595583096285 19
0.28349069832663365 19
0.28350405320583877 19
0.2836732150091036 19
0.28369324732791124 19
0.2840493774400477 20
0.2849196704015812 20
0.28493302528078635 20
0.28584338287993516 20
0.2858567377591403 20
0.2859190605287642 20
0.2859324154079693 20
0.28594577028717444 20
0.2860904481452299 20
0.286103803024435 20
0.2864087394329518 20
0.2864220943121569 20
0.2866001593682252 20
0.28662019168703284 20
0.2867359339734772 20
0.2867492888526823 20
0.28681161162230623 20
0.28682496650151135 20
0.28683832138071647 20
0.2869829992387719 20
0.286996354117977 20
0.28729238727369044 20
0.28730574215289556 20
0.2874749039561604 20
0.2874949362749681 20
0.2880981316523992 20
0.28811148653160434 20
0.2881738093012282 20
0.28818716418043333 20
0.28820051905963845 20
0.28834297110449303 20
0.28835632598369815 20
0.28863010100740305 20
0.28864345588660817 20
0.2886568107658133 20
0.28880148862386873 20
0.28881484350307385 20
0.2891197799115907 20
0.28913313479079583 20
0.28931119984686404 20
0.28933123216567175 20
0.2898921370922867 20
0.2899054919714918 20
0.2900902344671626 20
0.2901035893463677 20
0.2902727511496325 20
0.2902927834684402 20
0.29053094548093145 20
0.29054430036013656 20
0.29096497905509777 20
0.2909850113739055 20
0.29117865712237967 20
0.2911986894411873 20
0.292218111887178 20
0.29223814420598565 20
0.29319079225595074 20
0.2932041471351558 20
0.2933888896308266 20
0.2934022445100317 20
0.2935714063132966 20
0.29359143863210424 20
0.2938296006445955 20
0.29384295552380063 20
0.2947466356833469 21
0.2953698633795857 21
0.2953898956983934 21
0.29555683168845737 21
0.29557686400726507 21
0.29709041698384503 21
0.29710377186305015 21
0.29728851435872095 21
0.29730186923792606 21
0.2974710310411909 21
0.2974910633599986 21
0.29772922537248986 21
0.297742580251695 21
0.2989601000725615 21
0.29897345495176664 21
0.29915819744743744 21
0.29917155232664255 21
0.29934071412990737 21
0.299360746448715 21
0.2995989084612063 21
0.2996122633404114 21
0.3042998259414077 21
0.3043131808206128 21
0.3044979233162836 21
0.30451127819548873 21
0.30468043999875355 21
0.3047004723175612 21
0.30493863433005247 21
0.3049519892092576 21
0.3054995392566674 21
0.3055128941358725 21
0.31152258977817543 21
0.31153594465738055 21
0.31159826742700447 21
0.3116116223062096 21
0.3116249771854147 21
0.31176297760386756 21
0.3117763324830727 21
0.3163681851164323 21
0.3163815399956374 21
0.3165417985460988 21
0.31655515342530394 21
0.31674879917377813 21
0.31676215405298325 21
0.31704928395589327 21
0.3170626388350984 21
0.32405391809897743 21
0.32527143791984403 21
0.32529814767825427 21
0.32546285785511736 21
0.32548289017392507 21
0.3255029224927327 21
0.3255919550207668 21
0.32561866477917706 21
0.3262129569038048 21
0.32623966666221504 21
0.3269608301392914 21
0.32698753989770163 21
0.32925564354937076 21
0.3292689984285759 21
0.3293290953849989 21
0.32936916002261424 21
0.3294426118582424 21
0.3309071969444036 21
0.33092055182360874 21
0.3316372636742834 21
0.33165061855348854 21
0.33567934044703235 21
0.33569269532623747 21
0.3419761659922453 21
0.3419895208714504 21
0.34205184364107427 21
0.3420651985202794 21
0.3420785533994845 21
0.34221655381793736 21
0.3422299086971425 21
0.3464567279655622 21
0.3464700828447673 21
0.34663034139522875 21
0.34664369627443387 21
0.34683734202290806 21
0.3468506969021132 21
0.3471378268050232 21
0.3471511816842283 21
0.3533144584373901 21
0.35453197825825666 21
0.3545586880166669 21
0.35472339819353 21
0.3547434305123377 21
0.35476346283114535 21
0.35485249535917945 21
0.3548792051175897 21
0.35547349724221744 21
0.3555002070006277 21
0.356221370477704 21
0.35624808023611426 21
0.3585161838877834 21
0.3585295387669885 21
0.35858963572341157 21
0.3586297003610269 21
0.35870315219665505 21
0.36016773728281626 21
0.3601810921620214 21
0.36089780401269606 21
0.3609111588919012 21
0.3649109452138339 21
0.364924300093039 21
0.37116325449502974 21
0.37117660937423486 21
0.3712389321438588 21
0.3712522870230639 21
0.371265641902269 21
0.37140364232072187 21
0.371416997199927 21
0.3754501707198725 21
0.37546352559907764 21
0.375623784149539 21
0.3756371390287441 21
0.3758307847772184 21
0.3758441396564235 21
0.3761312695593335 21
0.37614462443853863 21
0.3823079011917004 21
0.3835254210125669 21
0.38355213077097716 21
0.3837168409478403 21
0.38373687326664796 21
0.38375690558545567 21
0.38384593811348977 21
0.3838726478719 21
0.38446693999652776 21
0.384493649754938 21
0.38521481323201434 21
0.3852415229904246 21
0.3875096266420937 21
0.3875229815212988 21
0.38758307847772183 21
0.3876231431153372 21
0.3876965949509653 21
0.3891611800371266 21
0.3891745349163317 21
0.3898912467670063 21
0.38990460164621144 21
0.39390883959454587 21
0.393922194473751 21
0.4001611488757418 21
0.4001745037549469 21
0.40023682652457077 21
0.4002501814037759 21
0.400263536282981 21
0.40040153670143386 21
0.400414891580639 21
0.4044525167269862 21
0.4044658716061913 21
0.4046261301566527 21
0.40463948503585784 21
0.40483313078433203 21
0.40484648566353715 21
0.4051336155664472 21
0.40514697044565234 21
0.4113102471988141 21
0.41252776701968064 21
0.4125544767780909 21
0.41271918695495396 21
0.41273921927376167 21
0.4127592515925693 21
0.4128482841206035 21
0.4128749938790137 21
0.4134692860036414 21
0.41349599576205165 21
0.414217159239128 21
0.41424386899753823 21
0.41651197264920736 21
0.4165253275284125 21
0.41658542448483554 21
0.4166254891224509 21
0.416698940958079 21
0.4181635260442403 21
0.4181768809234454 21
0.41889359277412 21
0.41890694765332515 21
0.42291563722806125 21
0.42292899210726637 21
0.42916794650925716 21
0.4291813013884623 21
0.42924362415808615 21
0.42925697903729126 21
0.4292703339164964 21
0.4294083343349493 21
0.4294216892141544 21
0.43346376598690334 21
0.43347712086610846 21
0.4336373794165698 21
0.43365073429577494 21
0.4338443800442492 21
0.4338577349234543 21
0.43414486482636433 21
0.43415821970556945 21
0.4403214964587312 21
0.44153901627959774 21
0.441565726038008 21
0.4417304362148711 21
0.4417504685336788 21
0.4417705008524865 21
0.4418595333805206 21
0.4418862431389308 21
0.4424805352635585 21
0.44250724502196875 21
0.4432284084990451 21
0.44325511825745534 21
0.4455232219091245 21
0.44553657678832964 21
0.44559667374475265 21
0.445636738382368 21
0.4457101902179961 21
0.4471747753041574 21
0.4471881301833625 21
0.44790484203403713 21
0.44791819691324225 21
0.4519313381143801 21
0.4519446929935852 21
0.4621611755855002 21
0.4621745304647053 21
0.46223685323432917 21
0.4622502081135343 21
0.4622635629927394 21
0.46240156341119226 21
0.4624149182903974 21
0.46897216398011016 21
0.4689855188593153 21
0.46904784162893914 21
0.46906119650814426 21
0.4690745513873494 21
0.46921255180580224 21
0.46922590668500735 21
0.47456563255385353 21
0.47457898743305865 21
0.4746413102026826 21
0.4746546650818877 21
0.47466801996109276 21
0.47480602037954567 21
0.4748193752587508 21
0.4813098465524379 21
0.48132320143164303 21
0.48138552420126696 21
0.4813988790804721 21
0.4814122339596772 21
0.48155023437813005 21
0.48156358925733517 21
0.48751763956961675 21
0.48753099444882186 21
0.48759331721844573 21
0.48760667209765085 21
0.48762002697685597 21
0.4877624790217106 21
0.4877758339009157 21
0.4950831786393159 21
0.495096533518521 21
0.4951588562881449 21
0.49517221116735 21
0.4951855660465551 21
0.49532356646500797 21
0.4953369213442131 21
0.49938344974336374 21
0.49939680462256886 21
0.4995570631730303 21
0.4995704180522354 21
0.4997640638007096 21
0.4997774186799147 21
0.5000645485828248 21
0.5000779034620298 21
0.5062411802151916 21
0.5074587000360582 21
0.5074854097944684 21
0.5076501199713315 21
0.5076701522901392 21
0.5076901846089469 21
0.507779217136981 21
0.5078059268953913 21
0.508400219020019 21
0.5084269287784292 21
0.5091480922555055 21
0.5091748020139157 21
0.5114429056655849 21
0.51145626054479 21
0.511516357501213 21
0.5115564221388285 21
0.5116298739744566 21
0.5130944590606178 21
0.513107813939823 21
0.5138245257904975 21
0.5138378806697027 21
0.5178398928048362 21
0.5178532476840414 21
0.5241367183500492 21
0.5241500732292543 21
0.5242123959988781 21
0.5242257508780833 21
0.5242391057572884 21
0.5243771061757413 21
0.5243904610549465 21
0.5286395384553747 21
0.5286528933345798 21
0.5288131518850412 21
0.5288265067642464 21
0.5290201525127205 21
0.5290335073919257 21
0.5293206372948357 21
0.5293339921740408 21
0.5354972689272025 21
0.5367147887480691 21
0.5367414985064793 21
0.5369062086833425 21
0.5369262410021501 21
0.5369462733209578 21
0.537035305848992 21
0.5370620156074022 21
0.5376563077320299 21
0.5376830174904401 21
0.5384041809675165 21
0.5384308907259268 21
0.5406989943775958 21
0.540712349256801 21
0.540772446213224 21
0.5408125108508394 21
0.5408859626864675 21
0.5423505477726287 21
0.5423639026518339 21
0.5430806145025084 21
0.5430939693817136 21
0.5470937557036464 21
0.5471071105828514 21
0.5533460649848422 21
0.5533594198640474 21
0.5534217426336712 21
0.5534350975128763 21
0.5534484523920814 21
0.5535864528105343 21
0.5535998076897395 21
0.5576552393416935 21
0.5576685942208987 21
0.55782885277136 21
0.5578422076505651 21
0.5580358533990394 21
0.5580492082782444 21
0.5583363381811545 21
0.5583496930603596 21
0.5645129698135214 21
0.5657304896343879 21
0.5657571993927981 21
0.5659219095696613 21
0.5659419418884689 21
0.5659619742072767 21
0.5660510067353107 21
0.566077716493721 21
0.5666720086183488 21
0.566698718376759 21
0.5674198818538353 21
0.5674465916122455 21
0.5697146952639147 21
0.5697280501431198 21
0.5697881470995428 21
0.5698282117371581 21
0.5699016635727863 21
0.5713662486589476 21
0.5713796035381526 21
0.5720963153888273 21
0.5721096702680324 21
0.5761139082163669 21
0.5761272630955719 21
0.5823662174975628 21
0.5823795723767679 21
0.5824418951463918 21
0.5824552500255968 21
0.582468604904802 21
0.5826066053232548 21
0.58261996020246 21
0.5866798434808157 21
0.5866931983600209 21
0.5868534569104823 21
0.5868668117896874 21
0.5870604575381616 21
0.5870738124173667 21
0.5873609423202767 21
0.5873742971994819 21
0.5935375739526436 21
0.5947550937735101 21
0.5947818035319203 21
0.5949465137087835 21
0.5949665460275911 21
0.5949865783463989 21
0.595075610874433 21
0.5951023206328432 21
0.595696612757471 21
0.5957233225158812 21
0.5964444859929575 21
0.5964711957513678 21
0.5987392994030369 21
0.598752654282242 21
0.5988127512386651 21
0.5988528158762804 21
0.5989262677119086 21
0.6003908527980698 21
0.6004042076772749 21
0.6011209195279495 21
0.6011342744071546 21
0.6051429639818908 21
0.6051563188610959 21
0.6113952732630866 21
0.6114086281422918 21
0.6114709509119157 21
0.6114843057911208 21
0.6114976606703258 21
0.6116356610887788 21
0.6116490159679839 21
0.6157133508727414 21
0.6157267057519464 21
0.6158869643024079 21
0.615900319181613 21
0.6160939649300872 21
0.6161073198092923 21
0.6163944497122024 21
0.6164078045914074 21
0.6225710813445693 21
0.6237886011654358 21
0.623815310923846 21
0.6239800211007092 21
0.6240000534195168 21
0.6240200857383245 21
0.6241091182663586 21
0.6241358280247689 21
0.6247301201493966 21
0.6247568299078068 21
0.6254779933848832 21
0.6255047031432934 21
0.6277728067949625 21
0.6277861616741677 21
0.6278462586305907 21
0.627886323268206 21
0.6279597751038342 21
0.6294243601899954 21
0.6294377150692005 21
0.6301544269198752 21
0.6301677817990803 21
0.6341809230002181 21
0.6341942778794233 21
0.6425744645806345 21
0.6425878194598397 21
0.6426501422294635 21
0.6426634971086687 21
0.6426768519878737 21
0.6428148524063266 21
0.6428282072855318 21
0.6493854529752445 21
0.6493988078544496 21
0.6494611306240735 21
0.6494744855032786 21
0.6494878403824837 21
0.6496258408009367 21
0.6496391956801417 21
0.65615860254544 21
0.6561719574246451 21
0.656234280194269 21
0.6562476350734741 21
0.6562609899526792 21
0.6563989903711321 21
0.6564123452503372 21
0.6628983649176227 21
0.6629117197968277 21
0.6629740425664516 21
0.6629873974456568 21
0.6630007523248619 21
0.6631387527433148 21
0.6631521076225199 21
0.6702858389312535 21
0.6702991938104587 21
0.6703615165800826 21
0.6703748714592876 21
0.6703882263384928 21
0.6705306783833473 21
0.6705440332625525 21
0.6778469263745509 21
0.6778602812537561 21
0.6779226040233799 21
0.6779359589025851 21
0.6779493137817901 21
0.678087314200243 21
0.6781006690794482 21
0.6821694556106074 21
0.6821828104898124 21
0.6823430690402739 21
0.6823564239194789 21
0.6825500696679532 21
0.6825634245471583 21
0.6828505544500684 21
0.6828639093292734 21
0.6890271860824352 21
0.6902447059033018 21
0.690271415661712 21
0.6904361258385752 21
0.6904561581573828 21
0.6904761904761905 21
0.6905652230042246 21
0.6905919327626349 21
0.6911862248872626 21
0.6912129346456728 21
0.6919340981227492 21
0.6919608078811594 21
0.6942289115328285 21
0.6942422664120337 21
0.6943023633684566 21
0.694342428006072 21
0.6944158798417002 21
0.6958804649278614 21
0.6958938198070665 21
0.6966105316577411 21
0.6966238865369463 21
0.7006258986720798 21
0.700639253551285 21
0.7069227242172927 21
0.7069360790964979 21
0.7069984018661218 21
0.7070117567453269 21
0.7070251116245321 21
0.7071631120429849 21
0.70717646692219 21
0.7114478024546268 21
0.7114611573338319 21
0.7116214158842933 21
0.7116347707634985 21
0.7118284165119726 21
0.7118417713911778 21
0.7121289012940878 21
0.712142256173293 21
0.7183055329264547 21
0.7195230527473212 21
0.7195497625057314 21
0.7197144726825946 21
0.7197345050014022 21
0.7197545373202099 21
0.719843569848244 21
0.7198702796066543 21
0.720464571731282 21
0.7204912814896922 21
0.7212124449667686 21
0.7212391547251789 21
0.7235072583768479 21
0.7235206132560531 21
0.7235807102124762 21
0.7236207748500915 21
0.7236942266857196 21
0.7251588117718809 21
0.725172166651086 21
0.7258888785017606 21
0.7259022333809657 21
0.7299020197028985 21
0.7299153745821035 21
0.7361543289840944 21
0.7361676838632994 21
0.7362300066329234 21
0.7362433615121284 21
0.7362567163913336 21
0.7363947168097864 21
0.7364080716889916 21
0.7404857614729542 21
0.7404991163521593 21
0.7406593749026207 21
0.7406727297818257 21
0.7408663755303 21
0.7408797304095052 21
0.7411668603124152 21
0.7411802151916203 21
0.747343491944782 21
0.7485610117656486 21
0.7485877215240588 21
0.748752431700922 21
0.7487724640197296 21
0.7487924963385373 21
0.7488815288665714 21
0.7489082386249817 21
0.7495025307496094 21
0.7495292405080196 21
0.7502504039850959 21
0.7502771137435061 21
0.7525452173951753 21
0.7525585722743805 21
0.7526186692308034 21
0.7526587338684189 21
0.752732185704047 21
0.7541967707902082 21
0.7542101256694134 21
0.7549268375200879 21
0.7549401923992931 21
0.7589444303476275 21
0.7589577852268327 21
0.7651967396288234 21
0.7652100945080285 21
0.7652724172776524 21
0.7652857721568576 21
0.7652991270360626 21
0.7654371274545155 21
0.7654504823337206 21
0.7695326237440849 21
0.76954597862329 21
0.7697062371737514 21
0.7697195920529566 21
0.7699132378014307 21
0.7699265926806359 21
0.7702137225835459 21
0.770227077462751 21
0.7763903542159127 21
0.7776078740367793 21
0.7776345837951896 21
0.7777992939720527 21
0.7778193262908604 21
0.777839358609668 21
0.7779283911377022 21
0.7779551008961124 21
0.7785493930207401 21
0.7785761027791503 21
0.7792972662562268 21
0.779323976014637 21
0.7815920796663061 21
0.7816054345455112 21
0.7816655315019342 21
0.7817055961395496 21
0.7817790479751777 21
0.7832436330613389 21
0.7832569879405441 21
0.7839736997912187 21
0.7839870546704238 21
0.78799574424516 21
0.7880090991243651 21
0.7942480535263559 21
0.7942614084055609 21
0.7943237311751848 21
0.79433708605439 21
0.7943504409335951 21
0.794488441352048 21
0.794501796231253 21
0.7985883892680191 21
0.7986017441472242 21
0.7987620026976856 21
0.7987753575768907 21
0.7989690033253649 21
0.7989823582045701 21
0.7992694881074801 21
0.7992828429866852 21
0.8054461197398469 21
0.8066636395607135 21
0.8066903493191238 21
0.8068550594959869 21
0.8068750918147946 21
0.8068951241336022 21
0.8069841566616364 21
0.8070108664200466 21
0.8076051585446743 21
0.8076318683030845 21
0.8083530317801609 21
0.8083797415385711 21
0.8106478451902402 21
0.8106612000694454 21
0.8107212970258684 21
0.8107613616634838 21
0.8108348134991119 21
0.8122993985852731 21
0.8123127534644783 21
0.8130294653151529 21
0.813042820194358 21
0.8170559613954959 21
0.8170693162747009 21
0.8254405997231088 21
0.825453954602314 21
0.8255162773719379 21
0.825529632251143 21
0.8255429871303481 21
0.8256809875488009 21
0.8256943424280061 21
0.8322515881177188 21
0.8322649429969239 21
0.8323272657665478 21
0.8323406206457529 21
0.832353975524958 21
0.832491975943411 21
0.832505330822616 21
0.8390247376879143 21
0.8390380925671194 21
0.8391004153367433 21
0.8391137702159484 21
0.8391271250951535 21
0.8392651255136064 21
0.8392784803928115 21
0.845764500060097 21
0.845777854939302 21
0.8458401777089259 21
0.8458535325881311 21
0.8458668874673362 21
0.8460048878857891 21
0.8460182427649942 21
0.8531519740737278 21
0.853165328952933 21
0.8532276517225569 21
0.8532410066017619 21
0.8532543614809671 21
0.8533968135258216 21
0.8534101684050268 21
0.8599829947871455 21
0.8599963496663506 21
0.8600586724359744 21
0.8600720273151796 21
0.8600853821943847 21
0.8602233826128376 21
0.8602367374920428 21
0.8643277821552104 21
0.8643411370344155 21
0.8645013955848769 21
0.8645147504640821 21
0.8647083962125562 21
0.8647217510917614 21
0.8650088809946714 21
0.8650222358738765 21
0.8711855126270382 21
0.8724030324479048 21
0.8724297422063151 21
0.8725944523831782 21
0.8726144847019859 21
0.8726345170207935 21
0.8727235495488277 21
0.8727502593072379 21
0.8733445514318656 21
0.8733712611902759 21
0.8740924246673523 21
0.8741191344257625 21
0.8763872380774316 21
0.8764005929566367 21
0.8764606899130597 21
0.8765007545506751 21
0.8765742063863032 21
0.8780387914724644 21
0.8780521463516696 21
0.8787688582023442 21
0.8787822130815494 21
0.8827842252166829 21
0.882797580095888 21
0.8890810507618958 21
0.889094405641101 21
0.8891567284107249 21
0.88917008328993 21
0.8891834381691351 21
0.8893214385875879 21
0.8893347934667931 21
0.8936283871312384 21
0.8936417420104436 21
0.893802000560905 21
0.89381535544011 21
0.8940090011885843 21
0.8940223560677893 21
0.8943094859706994 21
0.8943228408499045 21
0.9004861176030663 21
0.9017036374239328 21
0.901730347182343 21
0.9018950573592062 21
0.9019150896780138 21
0.9019351219968216 21
0.9020241545248556 21
0.9020508642832659 21
0.9026451564078937 21
0.9026718661663039 21
0.9033930296433802 21
0.9034197394017904 21
0.9056878430534596 21
0.9057011979326647 21
0.9057612948890877 21
0.905801359526703 21
0.9058748113623313 21
0.9073393964484925 21
0.9073527513276975 21
0.9080694631783722 21
0.9080828180575773 21
0.91208260437951 21
0.9120959592587151 21
0.918334913660706 21
0.918348268539911 21
0.918410591309535 21
0.91842394618874 21
0.9184373010679452 21
0.9185753014863981 21
0.9185886563656032 21
0.9226886042815743 21
0.9227019591607794 21
0.9228622177112408 21
0.922875572590446 21
0.9230692183389201 21
0.9230825732181253 21
0.9233697031210353 21
0.9233830580002403 21
0.9295463347534022 21
0.9307638545742687 21
0.9307905643326789 21
0.9309552745095421 21
0.9309753068283497 21
0.9309953391471574 21
0.9310843716751915 21
0.9311110814336018 21
0.9317053735582295 21
0.9317320833166397 21
0.9324532467937161 21
0.9324799565521263 21
0.9347480602037954 21
0.9347614150830006 21
0.9348215120394237 21
0.934861576677039 21
0.9349350285126671 21
0.9363996135988283 21
0.9364129684780335 21
0.9371296803287081 21
0.9371430352079132 21
0.9411472731562477 21
0.9411606280354528 21
0.9473995824374435 21
0.9474129373166487 21
0.9474752600862725 21
0.9474886149654776 21
0.9475019698446827 21
0.9476399702631356 21
0.9476533251423408 21
0.9517577246847135 21
0.9517710795639187 21
0.9519313381143801 21
0.9519446929935852 21
0.9521383387420594 21
0.9521516936212645 21
0.9524388235241745 21
0.9524521784033797 21
0.9586154551565415 21
0.959832974977408 21
0.9598596847358183 21
0.9600243949126813 21
0.960044427231489 21
0.9600644595502967 21
0.9601534920783308 21
0.960180201836741 21
0.9607744939613688 21
0.9608012037197791 21
0.9615223671968554 21
0.9615490769552656 21
0.9638171806069348 21
0.9638305354861398 21
0.9638906324425629 21
0.9639306970801782 21
0.9640041489158064 21
0.9654687340019676 21
0.9654820888811727 21
0.9661988007318474 21
0.9662121556110524 21
0.9702208451857887 21
0.9702342000649937 21
0.9785943544473974 21
0.9786077093266025 21
0.9786700320962264 21
0.9786833869754314 21
0.9786967418546366 21
0.9788347422730894 21
0.9788480971522946 21
0.9841922746475424 21
0.9842056295267476 21
0.9842679522963714 21
0.9842813071755766 21
0.9842946620547817 21
0.9844326624732346 21
0.9844460173524398 21
0.9897568076496748 21
0.98977016252888 21
0.9898324852985038 21
0.9898458401777089 21
0.989859195056914 21
0.9899971954753669 21
0.9900105503545721 21
0.9959690522932554 21
0.9959824071724604 21
0.9960447299420844 21
0.9960580848212894 21
0.9960714397004946 21
0.9962138917453491 21
0.9962272466245543 21
