0.2822308880549509 1
0.3205215525492239 2
0.3210112314534115 3
0.3214964587311974 4
0.32198168600898336 5
0.3224669132867693 6
0.3313657144637793 7
0.34980212520644416 8
0.3502918041106318 9
0.35077703138841776 10
0.3512622586662037 11
0.35174748594398964 12
0.36062625480219196 13
0.3787955679607545 14
0.3792852468649421 15
0.379770474142728 16
0.38025570142051396 17
0.3807409286982999 18
0.3896196975565023 19
0.4077979139678682 20
0.4082875928720558 21
0.40877282014984173 22
0.40925804742762767 23
0.4097432747054136 24
0.418622043563616 25
0.4368091632277853 26
0.4372988421319729 27
0.43778406940975884 28
0.4382692966875448 29
0.4387545239653307 30
0.4476332928235331 31
0.5027288469842457 32
0.5032185258884333 33
0.5037037531662193 34
0.5041889804440052 35
0.5046742077217912 36
0.5135529765799935 37
0.5319849356962566 38
0.5324746146004443 39
0.5329598418782302 40
0.5334450691560162 41
0.5339302964338021 42
0.5428090652920045 43
0.5610006365825755 44
0.5614903154867631 45
0.561975542764549 46
0.562460770042335 47
0.562945997320121 48
0.5718247661783232 49
0.5900252407216977 50
0.5905149196258853 51
0.5910001469036713 52
0.5914853741814572 53
0.5919706014592432 54
0.6008493703174455 55
0.6190587481136233 56
0.619548427017811 57
0.6200336542955969 58
0.6205188815733829 59
0.6210041088511687 60
0.6298828777093711 61
0.6855148528514893 62
0.6860045317556769 63
0.6864897590334629 64
0.6869749863112489 65
0.6874602135890348 66
0.6963389824472371 67
0.7147931996955088 68
0.7152828785996964 69
0.7157681058774823 70
0.7162533331552683 71
0.7167385604330542 72
0.7256173292912566 73
0.7438311587138361 74
0.7443208376180237 75
0.7448060648958097 76
0.7452912921735956 77
0.7457765194513816 78
0.754655288309584 79
0.7728780209849668 80
0.7733676998891545 81
0.7738529271669404 82
0.7743381544447264 83
0.7748233817225123 84
0.7837021505807147 85
0.801933786508901 86
0.8024234654130886 87
0.8029086926908746 88
0.8033939199686605 89
0.8038791472464465 90
0.8127579161046489 91
0.8676731793960923 92
0.8681628583002801 93
0.8686480855780659 94
0.8691333128558519 95
0.8696185401336378 96
0.8784973089918402 97
0.8969737843721204 98
0.897463463276308 99
0.897948690554094 100
0.8984339178318799 101
0.8989191451096659 102
0.9077979139678681 103
0.9260340015224562 104
0.9265236804266439 105
0.9270089077044298 106
0.9274941349822158 107
0.9279793622600017 108
0.936858131118204 109
0.9551031219255955 110
0.9555928008297832 111
0.9560780281075691 112
0.956563255385355 113
0.957048482663141 114
0.9659272515213433 115
