0.2555122263919123 0
0.2943036988563772 0
0.3107546842238812 0
0.3290931591857085 0
0.35835369952412116 0
0.3873471422784314 0
0.41634948828554513 0
0.44536073754546224 0
0.4867363791361174 0
0.4943152730850216 0
0.5112804213019226 0
0.5405365100139335 0
0.5695522109002524 0
0.5985768150393747 0
0.6276103224313003 0
0.6695045784977541 0
0.6770790208202567 0
0.6940664271691662 0
0.7233447740131858 0
0.752382733031513 0
0.7814295953026438 0
0.810485360826578 0
0.8523707136402284 0
0.8592150892328512 0
0.8762247537137693 0
0.9055253586897973 0
0.9345855758401332 0
0.9636546962432725 0
0.9951877918597559 0
