0.14472237431945761 0
0.14475353570426955 0
0.1447713422098764 0
0.16542466290059074 0
0.16545582428540268 0
0.1654736307910095 0
0.1696025142785917 0
0.16964035310300618 0
0.169658159608613 0
0.16967596611421984 0
0.16968932099342496 0
0.16970267587263008 0
0.17103593797994096 0
0.17345539692926812 0
0.17349991319328517 0
0.173517719698892 0
0.1735355262044988 0
0.17354888108370392 0
0.17356668758931076 0
0.17358004246851588 0
0.173593397347721 0
0.17360675222692612 0
0.17362010710613124 0
0.17363346198533633 0
0.18492056072686155 0
0.1849517221116735 0
0.18496952861728033 0
0.18498288349648545 0
0.18499623837569057 0
0.1850095932548957 0
0.1850229481341008 0
0.18503630301330593 0
0.18504965789251102 0
0.18506301277171613 0
0.18507636765092125 0
0.18508972253012637 0
0.1851030774093315 0
0.18660995294630894 0
0.18664111433112088 0
0.1866589208367277 0
0.1866722757159328 0
0.18668563059513793 0
0.18669898547434305 0
0.18671234035354817 0
0.18672569523275329 0
0.1867390501119584 0
0.18675240499116352 0
0.18676575987036864 0
0.18677911474957376 0
0.18679246962877888 0
0.186805824507984 0
0.18681917938718912 0
0.1892608964685248 0
0.18929205785333672 0
0.18930986435894354 0
0.18932321923814865 0
0.18933657411735377 0
0.1893499289965589 0
0.189363283875764 0
0.18937663875496913 0
0.18938999363417425 0
0.18940334851337937 0
0.18941670339258448 0
0.1894300582717896 0
0.18944341315099472 0
0.18945676803019984 0
0.18947012290940496 0
0.18948347778861008 0
0.1894968326678152 0
0.19164029078023656 0
0.1916714521650485 0
0.1916892586706553 0
0.19170261354986043 0
0.19171596842906555 0
0.19172932330827067 0
0.19174267818747578 0
0.1917560330666809 0
0.19176938794588602 0
0.19178274282509114 0
0.19179609770429626 0
0.19180945258350138 0
0.1918228074627065 0
0.19386832979429033 0
0.1938994911791023 0
0.1939172976847091 0
0.19393065256391423 0
0.19394400744311935 0
0.19395736232232447 0
0.19397071720152959 0
0.1939840720807347 0
0.19399742695993982 0
0.19401078183914494 0
0.19402413671835006 0
0.19403749159755518 0
0.1940508464767603 0
0.19406420135596542 0
0.1940775562351705 0
0.19941060466441415 0
0.19944844348882865 0
0.19946624999443546 0
0.19947960487364058 0
0.1994974113792474 0
0.19951076625845252 0
0.19952412113765763 0
0.2004099947915971 0
0.20044115617640906 0
0.20045896268201588 0
0.200472317561221 0
0.20048567244042612 0
0.2022396132426982 0
0.2022841295067153 0
0.2023019360123221 0
0.20231974251792892 0
0.20233309739713404 0
0.20235090390274085 0
0.20236425878194597 0
0.2023776136611511 0
0.2023909685403562 0
0.20323677755668032 0
0.20326793894149228 0
0.2032857454470991 0
0.20329910032630422 0
0.20331245520550933 0
0.20332581008471445 0
0.20333916496391957 0
0.20577865623205438 0
0.20580981761686631 0
0.20582762412247316 0
0.20652652946754096 0
0.2065576908523529 0
0.20657549735795974 0
0.20658885223716486 0
0.20660220711636998 0
0.21133651179458415 0
0.2113676731793961 0
0.2113854796850029 0
0.21139883456420802 0
0.21142554432261826 0
0.2114522540810285 0
0.21147896383943873 0
0.22130592912120442 0
0.22134376794561894 0
0.22136157445122576 0
0.22137492933043088 0
0.2213927358360377 0
0.2214060907152428 0
0.22141944559444793 0
0.22143280047365305 0
0.22144615535285816 0
0.22145951023206328 0
0.22515436014547915 0
0.22519219896989365 0
0.22521000547550046 0
0.22522336035470558 0
0.22524116686031243 0
0.22525452173951754 0
0.22526787661872266 0
0.22528123149792778 0
