0.32104684446462517 1
0.3215320717424111 2
0.32201729902019705 3
0.322502526297983 4
0.331401327474993 5
0.35032741712184545 6
0.3508126443996314 7
0.35129787167741733 8
0.35178309895520327 9
0.36066186781340565 10
0.37932085987615577 11
0.3798060871539417 12
0.38029131443172765 13
0.3807765417095136 14
0.3896553105677159 15
0.4083232058832695 16
0.4088084331610554 17
0.40929366043884136 18
0.4097788877166273 19
0.4186576565748296 20
0.4373344551431866 21
0.4378196824209725 22
0.43830490969875846 23
0.4387901369765444 24
0.4476689058347467 25
0.503254138899647 26
0.503739366177433 27
0.5042245934552189 28
0.5047098207330049 29
0.5135885895912071 30
0.5325102276116579 31
0.5329954548894439 32
0.5334806821672298 33
0.5339659094450158 34
0.542844678303218 35
0.5615259284979768 36
0.5620111557757627 37
0.5624963830535487 38
0.5629816103313345 39
0.5718603791895369 40
0.590550532637099 41
0.5910357599148849 42
0.5915209871926709 43
0.5920062144704568 44
0.6008849833286591 45
0.6195840400290246 46
0.6200692673068106 47
0.6205544945845964 48
0.6210397218623824 49
0.6299184907205848 50
0.6860401447668906 51
0.6865253720446766 52
0.6870105993224624 53
0.6874958266002484 54
0.6963745954584507 55
0.7153184916109101 56
0.715803718888696 57
0.716288946166482 58
0.7167741734442679 59
0.7256529423024702 60
0.7443564506292374 61
0.7448416779070234 62
0.7453269051848093 63
0.7458121324625953 64
0.7546909013207975 65
0.7734033129003681 66
0.7738885401781541 67
0.77437376745594 68
0.774858994733726 69
0.7837377635919283 70
0.8024590784243023 71
0.8029443057020883 72
0.8034295329798742 73
0.8039147602576602 74
0.8127935291158624 75
0.8681984713114936 76
0.8686836985892796 77
0.8691689258670655 78
0.8696541531448515 79
0.8785329220030538 80
0.8974990762875217 81
0.8979843035653076 82
0.8984695308430936 83
0.8989547581208794 84
0.9078335269790818 85
0.9265592934378575 86
0.9270445207156435 87
0.9275297479934294 88
0.9280149752712153 89
0.9368937441294177 90
0.9556284138409968 91
0.9561136411187827 92
0.9565988683965687 93
0.9570840956743546 94
0.965962864532557 95
