0.2963380921219568 0
0.3125575929165721 0
0.3432137181319195 0
0.37220270925982807 0
0.40120060364054005 0
0.4302074012740555 0
0.46314053339387545 0
0.4699515217884854 0
0.47554499036222886 0
0.48247394685648404 0
0.48850144900439374 0
0.4961181817777125 0
0.5253742704897234 0
0.5543855197496406 0
0.5834056722623611 0
0.612434728027885 0
0.6435538223890098 0
0.6503648107836197 0
0.6571379603538152 0
0.6640624652216688 0
0.6712696483660305 0
0.6788819295129476 0
0.708160276356967 0
0.7371937837488927 0
0.7662361943936217 0
0.7952875082911541 0
0.8264199575314841 0
0.8332309459260941 0
0.8400040954962895 0
0.8469286003641431 0
0.8541357835085048 0
0.8610179979255421 0
0.89031860290157 0
0.9193743684255042 0
0.9484390372022419 0
0.9795737122557726 0
0.9851716324559178 0
0.9909209079537209 0
0.9969528617280323 0
