0.24187689472348722 0
0.2465844896432912 0
0.24948472424400256 0
0.2568254561804155 0
0.26047801564301515 0
0.2638946389063244 0
0.2673401977412448 0
0.26990210873542647 0
0.27244843903720223 0
0.2748946077449396 0
0.2830566647524673 0
0.28977639480584233 0
0.29307504996950634 0
0.2952719275987482 0
0.2969746746974007 0
0.2988443577861172 0
0.30076300876525236 0
0.30192265744289676 0
0.3030889835601437 0
0.30418408365496336 0
0.31346349888931924 0
0.31412901703637425 0
0.3148256965682412 0
0.3341190453932344 0
0.33508282250920374 0
0.33619795492283105 0
0.3370281832467492 0
0.3379786054835134 0
0.34411517247826495 0
0.34478069062531996 0
0.34547737015718694 0
0.363350650160036 0
0.36431442727600527 0
0.3654295596896326 0
0.36625978801355075 0
0.367210210250315 0
0.3731041636061735 0
0.37376968175322856 0
0.37446636128509553 0
0.39234854454074797 0
0.39331232165671726 0
0.3944274540703446 0
0.39525768239426273 0
0.39620810463102696 0
0.40210205798688553 0
0.40276757613394054 0
0.4034642556658075 0
0.42135534217426335 0
0.4223191192902327 0
0.42343425170386 0
0.42426448002777817 0
0.42521490226454234 0
0.4311088556204009 0
0.4317743737674559 0
0.4324710532993229 0
0.4503710430605822 0
0.4513348201765515 0
0.45244995259017884 0
0.45328018091409694 0
0.45423060315086117 0
0.49702408775045964 0
0.49768960589751465 0
0.4983862854293816 0
0.5162795977510384 0
0.5172433748670077 0
0.5183585072806349 0
0.5191887356045531 0
0.5201391578413174 0
0.5262757248360689 0
0.5269412429831238 0
0.5276379225149909 0
0.5455334606498484 0
0.5464972377658177 0
0.5476123701794451 0
0.5484425985033632 0
0.5493930207401274 0
0.5552869740959859 0
0.555952492243041 0
0.5566491717749079 0
0.5745536131625689 0
0.5755173902785382 0
0.5766325226921656 0
0.5774627510160837 0
0.5784131732528479 0
0.5843071266087065 0
0.5849726447557615 0
0.5856693242876285 0
0.6035826689280929 0
0.6045464460440622 0
0.6056615784576895 0
0.6064918067816076 0
0.6074422290183719 0
0.6133361823742304 0
0.6140017005212854 0
0.6146983800531525 0
0.6326206279464203 0
0.6335844050623896 0
0.6346995374760168 0
0.635529765799935 0
0.6364801880366993 0
0.6797878354856947 0
0.6804533536327497 0
0.6811500331646166 0
0.699065603618282 0
0.7000293807342512 0
0.7011445131478786 0
0.7019747414717967 0
0.702925163708561 0
0.7090617307033125 0
0.7097272488503675 0
0.7104239283822344 0
0.7283417246491005 0
0.7293055017650699 0
0.7304206341786972 0
0.7312508625026153 0
0.7322012847393795 0
0.7380952380952381 0
0.7387607562422931 0
0.7394574357741601 0
0.7573841352938296 0
0.7583479124097989 0
0.7594630448234262 0
0.7602932731473444 0
0.7612436953841086 0
0.7671376487399671 0
0.7678031668870222 0
0.7684998464188891 0
0.7864354491913621 0
0.7873992263073314 0
0.7885143587209587 0
0.7893445870448769 0
0.7902950092816411 0
0.7961889626374996 0
0.7968544807845547 0
0.7975511603164216 0
0.8154956663416979 0
0.8164594434576673 0
0.8175745758712946 0
0.8184048041952128 0
0.8193552264319769 0
0.8619239038982892 0
0.8625894220453443 0
0.8632861015772112 0
0.881223930162885 0
0.8821877072788543 0
0.8833028396924817 0
0.8841330680163998 0
0.885083490253164 0
0.8912200572479155 0
0.8918855753949706 0
0.8925822549268375 0
0.9105223093257121 0
0.9114860864416815 0
0.9126012188553088 0
0.913431447179227 0
0.9143818694159911 0
0.9202758227718497 0
0.9209413409189047 0
0.9216380204507717 0
0.9395869781024497 0
0.940550755218419 0
0.9416658876320464 0
0.9424961159559645 0
0.9434465381927287 0
0.9493404915485872 0
0.9500060096956423 0
0.9507026892275092 0
0.9686605501319907 0
0.96962432724796 0
0.9707394596615874 0
0.9715696879855055 0
0.9725201102222697 0
