0.22635852508714058 0
0.23974233986386925 0
0.24046350334094563 0
0.24078624625506928 0
0.24567635785734318 0
0.24837404345677694 0
0.2559640664716854 0
0.25970788427552005 0
0.2630466040767995 0
0.2664699047797113 0
0.269031815773893 0
0.27157814607566877 0
0.2741244763774445 0
0.3186051273832895 0
0.324136273187409 0
0.348533411681958 0
0.35339681352582164 0
0.37752685443626827 0
0.38239025628013196 0
0.406529200443382 0
0.41139260228724567 0
0.4355404497032991 0
0.4404038515471628 0
0.5014601334597595 0
0.5063235353036232 0
0.5307162221717705 0
0.5355796240156341 0
0.5597319230580893 0
0.564595324901953 0
0.5887565271972115 0
0.5936199290410752 0
0.6177900345891372 0
0.6226534364330008 0
0.6842461393270031 0
0.6891095411708668 0
0.7135244861710226 0
0.7183878880148863 0
0.7425624451893499 0
0.7474258470332136 0
0.7716093074604807 0
0.7764727093043443 0
0.8006650729844148 0
0.8055284748282785 0
0.8664044658716062 0
0.8712678677154698 0
0.8957050708476342 0
0.9005684726914979 0
0.9247652879979701 0
0.9296286898418337 0
0.9538344084011093 0
0.958697810244973 0
