0.14466005154983372 0
0.14469789037424824 0
0.16536011431776598 0
0.16540017895538134 0
0.16944448154133113 0
0.16946228804693794 0
0.16949122361854904 0
0.1695401915089678 0
0.1695780303333823 0
0.1731437830811487 0
0.1731615895867555 0
0.1731905251583666 0
0.1732194607299777 0
0.17324839630158878 0
0.17327733187319988 0
0.17332629976361863 0
0.17334410626922547 0
0.17339307415964422 0
0.17343091298405872 0
0.1845688822411268 0
0.18458668874673362 0
0.18461562431834472 0
0.1846445598899558 0
0.1846734954615669 0
0.18470243103317796 0
0.18473136660478906 0
0.18476030217640016 0
0.18478923774801123 0
0.18481817331962233 0
0.1848471088912334 0
0.18489607678165218 0
0.186200403317352 0
0.1862182098229588 0
0.1862471453945699 0
0.186276080966181 0
0.18630501653779208 0
0.18633395210940318 0
0.18636288768101425 0
0.18639182325262535 0
0.18642075882423642 0
0.18644969439584752 0
0.18647862996745862 0
0.1865075655390697 0
0.1865365011106808 0
0.18658546900109954 0
0.18879347569634566 0
0.18881128220195248 0
0.18884021777356358 0
0.18886915334517465 0
0.18889808891678575 0
0.18892702448839682 0
0.18895596006000792 0
0.18898489563161902 0
0.1890138312032301 0
0.1890427667748412 0
0.18907170234645226 0
0.18910063791806336 0
0.18912957348967446 0
0.18915850906128553 0
0.18918744463289663 0
0.18923641252331538 0
0.1912641283492924 0
0.19128193485489925 0
0.19131087042651032 0
0.19133980599812142 0
0.1913687415697325 0
0.1913976771413436 0
0.1914266127129547 0
0.19145554828456576 0
0.19148448385617686 0
0.19151341942778793 0
0.19154235499939903 0
0.1916046777690229 0
0.1934587801653334 0
0.19347658667094023 0
0.19350552224255133 0
0.1935344578141624 0
0.1935633933857735 0
0.19359232895738457 0
0.19362126452899567 0
0.19365020010060677 0
0.19367913567221784 0
0.19370807124382894 0
0.19373700681544 0
0.1937659423870511 0
0.1937948779586622 0
0.19384384584908096 0
0.1992236363555425 0
0.1992414428611493 0
0.1992703784327604 0
0.1993193463231792 0
0.199337152828786 0
0.19938612071920475 0
0.20028980087875106 0
0.20030760738435788 0
0.20033654295596898 0
0.20038551084638773 0
0.20198587053780098 0
0.2020036770434078 0
0.2020326126150189 0
0.20206154818663 0
0.20211051607704875 0
0.20212832258265556 0
0.20217729047307434 0
0.20221512929748883 0
0.2030587125006121 0
0.20307651900621893 0
0.20310545457783 0
0.2031343901494411 0
0.2031633257210522 0
0.20321229361147095 0
0.2057163334624305 0
0.205754172286845 0
0.2064063355546949 0
0.20642414206030174 0
0.2064530776319128 0
0.2065020455223316 0
0.2110605109576784 0
0.2110783174632852 0
0.2111072530348963 0
0.21113618860650737 0
0.21116512417811847 0
0.2113008987833705 0
0.22103215409749952 0
0.22104996060310633 0
0.22107889617471743 0
0.22110783174632853 0
0.2211367673179396 0
0.2211657028895507 0
0.22121467077996945 0
0.2212324772855763 0
0.22128144517599505 0
0.22493845626499642 0
0.22495626277060324 0
0.22498519834221434 0
0.2250141339138254 0
0.2250631018042442 0
0.225080908309851 0
0.22512987620026978 0
