0.1448893103095216 1
0.16560050214345812 2
0.16981619234587356 3
0.1698940958079034 4
0.17377368821699007 5
0.17389610794303698 6
0.1740007211634771 7
0.17416765715354104 8
0.18524330364098524 9
0.18695495399244114 10
0.18965041377867403 11
0.1920075499583773 12
0.19430681499485838 13
0.19966434736931138 14
0.19978676709535828 15
0.19988692868939667 16
0.20062144704567814 17
0.20253119477200995 18
0.20265361449805686 19
0.20275377609209524 20
0.20283613118052682 21
0.20345268143716308 22
0.2059767536069303 23
0.20672017521601518 24
0.2116993193463232 25
0.22159973646371703 26
0.22172215618976393 27
0.22182231778380232 28
0.2254214577295815 29
0.22554387745562843 30
0.2256440390496668 31
