0.3064944777574487 1
0.3065412198346666 2
0.30658796191188453 3
0.30664138142870495 4
0.3066881235059229 5
0.30791899820599455 5
0.3079657402832125 5
0.3080124823604304 5
0.3080859341960585 5
0.30813267627327645 5
0.4585086161229005 6
0.4585553582001184 7
0.4586265842225457 8
0.458697810244973 9
0.4587445523221909 9
0.4587912943994088 9
0.4588625204218361 9
0.458909262499054 9
0.45970165199855767 9
0.45974839407577556 9
0.45980181359259603 9
0.4598552331094165 9
0.45990197518663445 9
0.45994871726385234 9
0.4600021367806728 9
0.46004887885789075 9
0.4651727008462542 10
0.4652194429234721 11
0.4652906689458994 11
0.4653618949683267 11
0.4654086370455446 11
0.4654553791227625 11
0.4655266051451898 11
0.46557334722240773 11
0.466537124338377 11
0.46658386641559496 11
0.46663728593241544 11
0.46669070544923585 11
0.4667374475264538 11
0.4667841896036717 11
0.46683760912049216 11
0.4668843511977101 11
0.47098429911368117 12
0.4710310411908991 13
0.4711022672133264 13
0.4711734932357537 13
0.4712202353129716 13
0.4712669773901895 13
0.4713382034126168 13
0.47138494548983473 13
0.472137270351723 13
0.4721840124289409 13
0.4722374319457614 13
0.4722908514625819 13
0.47233759353979976 13
0.4723843356170177 13
0.4724377551338381 13
0.47248449721105606 13
0.47754154480339395 14
0.47758828688061183 15
0.47765951290303915 15
0.4777307389254664 15
0.47777748100268436 15
0.47782422307990224 15
0.47789544910232956 15
0.47794219117954745 15
0.4789059682955168 15
0.4789527103727347 15
0.47900612988955515 15
0.47905954940637563 15
0.4791062914835935 15
0.47915303356081146 15
0.47920645307763193 15
0.4792531951548498 15
0.48347111117046615 16
0.48351785324768404 17
0.48358907927011135 17
0.4836603052925386 17
0.48370704736975656 17
0.48375378944697445 17
0.48382501546940176 17
0.48387175754661965 17
0.48462408240850796 17
0.48467082448572585 17
0.4847242440025463 17
0.4847776635193668 17
0.48482440559658474 17
0.4848711476738026 17
0.4849245671906231 17
0.484971309267841 17
0.4906181973584049 17
0.4906649394356228 17
0.4907116815128407 17
0.490782907535268 17
0.49082964961248593 17
0.49135271571468636 17
0.49139945779190425 17
0.4914461998691222 17
0.49149961938594267 17
0.49154636146316055 17
0.6389219051180349 18
0.6389686471952528 19
0.6390398732176801 19
0.6391110992401073 19
0.6391578413173253 19
0.6392045833945432 19
0.6392758094169705 19
0.6393225514941884 19
0.640114940993692 19
0.6401616830709099 19
0.6402151025877304 19
0.6402685221045509 19
0.6403152641817688 19
0.6403620062589868 19
0.6404154257758072 19
0.6404621678530251 19
0.6455859898413886 20
0.6456327319186065 21
0.6457039579410337 21
0.645775183963461 21
0.645821926040679 21
0.6458686681178969 21
0.6459398941403242 21
0.645986636217542 21
0.6469504133335114 21
0.6469971554107293 21
0.6470505749275498 21
0.6471039944443703 21
0.6471507365215882 21
0.647197478598806 21
0.6472508981156265 21
0.6472976401928444 21
0.65237472010399 22
0.6524214621812079 23
0.6524926882036352 23
0.6525639142260625 23
0.6526106563032804 23
0.6526573983804983 23
0.6527286244029256 23
0.6527753664801436 23
0.6537391435961128 23
0.6537858856733307 23
0.6538393051901512 23
0.6538927247069717 23
0.6539394667841896 23
0.6539862088614076 23
0.6540396283782279 23
0.6540863704554459 23
0.6591300631685787 24
0.6591768052457966 25
0.6592480312682238 25
0.6593192572906511 25
0.6593659993678691 25
0.659412741445087 25
0.6594839674675143 25
0.6595307095447321 25
0.6604944866607015 25
0.6605412287379194 25
0.6605946482547399 25
0.6606480677715604 25
0.6606948098487783 25
0.6607415519259962 25
0.6607949714428166 25
0.6608417135200345 25
0.6660367615308252 26
0.6660835036080432 27
0.6661547296304705 27
0.6662259556528978 27
0.6662726977301157 27
0.6663194398073337 27
0.6663906658297609 27
0.6664374079069788 27
0.6674011850229481 27
0.6674479271001661 27
0.6675013466169866 27
0.6675547661338069 27
0.6676015082110249 27
0.6676482502882428 27
0.6677016698050633 27
0.6677484118822812 27
0.6733819450936399 27
0.6734286871708579 27
0.6734754292480758 27
0.6735466552705031 27
0.673593397347721 27
0.6741164634499214 27
0.6741632055271394 27
0.6742099476043573 27
0.6742633671211777 27
0.6743101091983956 27
0.8217880402605092 28
0.8218347823377271 29
0.8219060083601544 29
0.8219772343825816 29
0.8220239764597996 29
0.8220707185370175 29
0.8221419445594448 29
0.8221886866366627 29
0.8229810761361663 29
0.8230278182133842 29
0.8230812377302047 29
0.8231346572470252 29
0.8231813993242431 29
0.823228141401461 29
0.8232815609182815 29
0.8233283029954994 29
0.8284521249838629 30
0.8284988670610808 31
0.828570093083508 31
0.8286413191059353 31
0.8286880611831533 31
0.8287348032603712 31
0.8288060292827985 31
0.8288527713600163 31
0.8298165484759857 31
0.8298632905532036 31
0.8299167100700241 31
0.8299701295868446 31
0.8300168716640625 31
0.8300636137412803 31
0.8301170332581008 31
0.8301637753353187 31
0.8352408552464643 32
0.8352875973236822 33
0.8353588233461094 33
0.8354300493685368 33
0.8354767914457547 33
0.8355235335229726 33
0.8355947595453999 33
0.8356415016226179 33
0.8366052787385871 33
0.836652020815805 33
0.8367054403326255 33
0.836758859849446 33
0.8368056019266639 33
0.8368523440038819 33
0.8369057635207023 33
0.8369525055979202 33
0.841996198311053 34
0.8420429403882709 35
0.8421141664106981 35
0.8421853924331254 35
0.8422321345103434 35
0.8422788765875613 35
0.8423501026099885 35
0.8423968446872064 35
0.8433606218031758 35
0.8434073638803937 35
0.8434607833972142 35
0.8435142029140347 35
0.8435609449912526 35
0.8436076870684704 35
0.8436611065852909 35
0.8437078486625088 35
0.8489028966732995 36
0.8489496387505175 37
0.8490208647729448 37
0.8490920907953721 37
0.84913883287259 37
0.849185574949808 37
0.8492568009722352 37
0.8493035430494531 37
0.8502673201654224 37
0.8503140622426404 37
0.8503674817594609 37
0.8504209012762813 37
0.8504676433534992 37
0.8505143854307171 37
0.8505678049475376 37
0.8506145470247555 37
0.8552709482409399 37
0.8553176903181577 37
0.8553644323953756 37
0.8554356584178029 37
0.8554824004950209 37
0.8562436286097126 37
0.8562903706869305 37
0.8563371127641484 37
0.8563905322809688 37
0.8564372743581867 37
0.9749529240508019 38
0.9749996661280199 39
0.9750708921504472 39
0.9751421181728744 39
0.9751888602500923 39
0.9752356023273103 39
0.9753068283497376 39
0.9753535704269555 39
0.9761459599264591 39
0.976192702003677 39
0.9762461215204975 39
0.976299541037318 39
0.9763462831145359 39
0.9763930251917539 39
0.9764464447085742 39
0.9764931867857922 39
0.9806064895809684 40
0.9806532316581863 41
0.9807244576806136 41
0.9807956837030409 41
0.9808424257802588 41
0.9808891678574767 41
0.980960393879904 41
0.981007135957122 41
0.9817594608190102 41
0.9818062028962281 41
0.9818596224130486 41
0.9819130419298691 41
0.9819597840070869 41
0.9820065260843049 41
0.9820599456011254 41
0.9821066876783433 41
0.9861866032755067 42
0.9862333453527247 43
0.9863045713751519 43
0.9863757973975792 43
0.9864225394747971 43
0.9864692815520151 43
0.9865405075744423 43
0.9865872496516602 43
0.9873395745135485 43
0.9873863165907665 43
0.987439736107587 43
0.9874931556244074 43
0.9875398977016253 43
0.9875866397788432 43
0.9876400592956637 43
0.9876868013728816 43
0.991918072267703 44
0.9919648143449209 45
0.9920360403673482 45
0.9921072663897755 45
0.9921540084669934 45
0.9922007505442113 45
0.9922719765666386 45
0.9923187186438566 45
0.9930710435057448 45
0.9931177855829627 45
0.9931712050997832 45
0.9932246246166037 45
0.9932713666938215 45
0.9933181087710395 45
0.99337152828786 45
0.9934182703650779 45
