0.12431611889403793 0
0.1244029256088712 0
0.12448750651050361 0
0.12462773274215734 0
0.12483473336983666 0
0.12574954259538723 0
0.1258363493102205 0
0.1259209302118529 0
0.12606115644350663 0
0.12626370544478424 0
0.1271785146703348 0
0.12726532138516808 0
0.1273499022868005 0
0.1274901285184542 0
0.12769267751973185 0
0.12858077698687215 0
0.12866758370170542 0
0.12875216460333783 0
0.12889239083499157 0
0.12909493983626918 0
0.13000974906181972 1
0.130096555776653 2
0.1301811366782854 3
0.13032136290993915 3
0.13052391191121676 3
0.23371928934236122 3
0.2351059709664926 3
0.2352907134621634 3
0.23940401625733962 3
0.23958208131340786 3
0.277098162813784 3
0.27774587445523224 3
0.277930616950903 3
0.27810868200697125 3
0.27826448893103095 3
0.2785493930207401 3
0.28171672520555385 3
0.28194820977844254 3
0.30577331428037235 3
0.3175256079808758 3
0.31826680377675987 3
0.3184448688328281 3
0.32961177366150723 3
0.3298810970588104 3
0.3300658395544812 3
0.3302439046105495 3
0.3303997115346092 3
0.33068461562431833 3
0.34761415083000574 3
0.34819508807542837 3
0.3483731531314966 3
0.35887231399991987 3
0.3591416373972231 3
0.35932637989289384 3
0.3595044449489621 3
0.3596602518730218 3
0.35994515596273097 3
0.376607593584316 3
0.37718853082973863 3
0.3773665958858069 3
0.3878657567542302 3
0.38813508015153336 3
0.38831982264720416 3
0.38849788770327237 3
0.38865369462733207 3
0.3889385987170413 3
0.4056099395914297 3
0.40619087683685234 3
0.40636894189292055 3
0.41686810276134384 3
0.4171374261586471 3
0.41732216865431787 3
0.4175002337103861 3
0.4176560406344458 3
0.417940944724155 3
0.4346211888513468 3
0.43520212609676945 3
0.4353801911528377 3
0.44587935202126094 3
0.4461486754185642 3
0.446333417914235 3
0.4465114829703032 3
0.4466672898943629 3
0.4469521939840721 3
0.5005408726078072 3
0.5011218098532298 3
0.5012998749092981 3
0.5117990357777213 3
0.5120683591750246 3
0.5122531016706954 3
0.5124311667267636 3
0.5125869736508233 3
0.5128718777405326 3
0.5297969613198182 3
0.5303778985652408 3
0.5305559636213091 3
0.5410551244897324 3
0.5413244478870355 3
0.5415091903827063 3
0.5416872554387746 3
0.5418430623628343 3
0.5421279664525435 3
0.558812662206137 3
0.5593935994515596 3
0.5595716645076279 3
0.5700708253760511 3
0.5703401487733544 3
0.5705248912690252 3
0.5707029563250934 3
0.5708587632491531 3
0.5711436673388622 3
0.5878372663452592 3
0.5884182035906819 3
0.5885962686467501 3
0.5990954295151734 3
0.5993647529124766 3
0.5995494954081474 3
0.5997275604642156 3
0.5998833673882753 3
0.6001682714779845 3
0.6168707737371849 3
0.6174517109826075 3
0.6176297760386757 3
0.628128936907099 3
0.6283982603044023 3
0.628583002800073 3
0.6287610678561413 3
0.628916874780201 3
0.6292017788699101 3
0.6833268784750509 3
0.6839078157204734 3
0.6840858807765418 3
0.694585041644965 3
0.6948543650422682 3
0.695039107537939 3
0.6952171725940072 3
0.695372979518067 3
0.6956578836077761 3
0.7126052253190703 3
0.713186162564493 3
0.7133642276205612 3
0.7238633884889845 3
0.7241327118862877 3
0.7243174543819585 3
0.7244955194380267 3
0.7246513263620864 3
0.7249362304517956 3
0.7416431843373976 3
0.7422241215828203 3
0.7424021866388886 3
0.7529013475073117 3
0.753170670904615 3
0.7533554134002858 3
0.753533478456354 3
0.7536892853804137 3
0.753974189470123 3
0.7706900466085285 3
0.771270983853951 3
0.7714490489100193 3
0.7819482097784426 3
0.7822175331757457 3
0.7824022756714165 3
0.7825803407274848 3
0.7827361476515445 3
0.7830210517412537 3
0.7997458121324625 3
0.8003267493778852 3
0.8005048144339535 3
0.8110039753023768 3
0.8112732986996799 3
0.8114580411953507 3
0.8116361062514189 3
0.8117919131754786 3
0.8120768172651879 3
0.865485205019654 3
0.8660661422650765 3
0.8662442073211448 3
0.8767433681895681 3
0.8770126915868712 3
0.877197434082542 3
0.8773754991386102 3
0.87753130606267 3
0.8778162101523792 3
0.8947858099956819 3
0.8953667472411045 3
0.8955448122971728 3
0.906043973165596 3
0.9063132965628993 3
0.9064980390585701 3
0.9066761041146383 3
0.906831911038698 3
0.9071168151284071 3
0.9238460271460178 3
0.9244269643914405 3
0.9246050294475087 3
0.935104190315932 3
0.9353735137132352 3
0.9355582562089059 3
0.9357363212649742 3
0.9358921281890339 3
0.936177032278743 3
0.9529151475491571 3
0.9534960847945797 3
0.9536741498506479 3
0.9641733107190712 3
0.9644426341163744 3
0.9646273766120452 3
0.9648054416681134 3
0.9649612485921731 3
0.9652461526818823 3
