0.16591434180477838 1
0.1659610838819963 2
0.1692619648588612 3
0.16932206181528422 4
0.1972604691123902 5
0.19730721118960812 6
0.19735395326682603 7
0.19740069534404395 8
0.28225537200016027 9
0.28235108196779696 10
0.32054603649443325 11
0.32064174646206994 12
0.3211269737398559 13
0.3216122010176418 14
0.32209742829542776 15
0.3225826555732137 16
0.33131229494695885 17
0.33148145675022367 18
0.34982660915165353 19
0.3499223191192902 20
0.35040754639707616 21
0.3508927736748621 22
0.35137800095264804 23
0.351863228230434 24
0.3605728352853715 25
0.36074199708863636 26
0.37882005190596385 27
0.37891576187360054 28
0.3794009891513865 29
0.3798862164291724 30
0.38037144370695836 31
0.3808566709847443 32
0.3895662780396818 33
0.3897354398429466 34
0.40782239791307756 35
0.4079181078807142 36
0.40840333515850014 37
0.4088885624362861 38
0.409373789714072 39
0.40985901699185795 40
0.4185686240467955 41
0.41873778585006033 42
0.43683364717299467 43
0.4369293571406313 44
0.4374145844184173 45
0.43789981169620323 46
0.43838503897398917 47
0.4388702662517751 48
0.4475798733067126 49
0.44774903510997743 50
0.5027533309294551 51
0.5028490408970917 52
0.5033342681748777 53
0.5038194954526636 54
0.5043047227304496 55
0.5047899500082355 56
0.5134995570631731 57
0.5136687188664378 58
0.532009419641466 59
0.5321051296091027 60
0.5325903568868886 61
0.5330755841646746 62
0.5335608114424605 63
0.5340460387202465 64
0.542755645775184 65
0.5429248075784487 66
0.5610251205277849 67
0.5611208304954215 68
0.5616060577732075 69
0.5620912850509934 70
0.5625765123287794 71
0.5630617396065652 72
0.5717713466615028 73
0.5719405084647676 74
0.5900497246669071 75
0.5901454346345437 76
0.5906306619123297 77
0.5911158891901156 78
0.5916011164679016 79
0.5920863437456875 80
0.600795950800625 81
0.6009651126038899 82
0.6190832320588326 83
0.6191789420264694 84
0.6196641693042553 85
0.6201493965820413 86
0.6206346238598272 87
0.6211198511376131 88
0.6298294581925507 89
0.6299986199958155 90
0.6855393367966987 91
0.6856350467643354 92
0.6861202740421213 93
0.6866055013199073 94
0.6870907285976932 95
0.6875759558754792 96
0.6962855629304167 97
0.6964547247336814 98
0.7148176836407182 99
0.7149133936083548 100
0.7153986208861407 101
0.7158838481639267 102
0.7163690754417126 103
0.7168543027194986 104
0.7255639097744361 105
0.725733071577701 106
0.7438556426590455 107
0.7439513526266821 108
0.7444365799044681 109
0.744921807182254 110
0.74540703446004 111
0.745892261737826 112
0.7546018687927635 113
0.7547710305960282 114
0.7729025049301762 115
0.772998214897813 116
0.7734834421755988 117
0.7739686694533848 118
0.7744538967311707 119
0.7749391240089567 120
0.7836487310638942 121
0.783817892867159 122
0.8019582704541104 123
0.8020539804217471 124
0.802539207699533 125
0.803024434977319 126
0.8035096622551049 127
0.8039948895328909 128
0.8127044965878284 129
0.8128736583910932 130
0.8676976633413017 131
0.8677933733089385 132
0.8682786005867243 133
0.8687638278645103 134
0.8692490551422962 135
0.8697342824200822 136
0.8784438894750197 137
0.8786130512782845 138
0.8969982683173298 139
0.8970939782849664 140
0.8975792055627524 141
0.8980644328405383 142
0.8985496601183243 143
0.8990348873961101 144
0.9077444944510477 145
0.9079136562543125 146
0.9260584854676656 147
0.9261541954353023 148
0.9266394227130882 149
0.9271246499908742 150
0.9276098772686601 151
0.9280951045464461 152
0.9368047116013836 153
0.9369738734046484 154
0.9551276058708049 155
0.9552233158384416 156
0.9557085431162275 157
0.9561937703940134 158
0.9566789976717994 159
0.9571642249495853 160
0.9658738320045228 161
0.9660429938077877 162
