0.2536202851711873 1
0.2541010608225715 1
0.2544371586159003 2
0.2546129978587677 2
0.25886652688559764 3
0.25904236612846504 3
0.2592159795581316 3
0.2622186015660822 4
0.26250795728219306 4
0.2657665478082417 5
0.2660603551507543 5
0.26812145817474414 6
0.26841526551725675 6
0.26872687936537615 6
0.2706722401029216 7
0.2709660474454342 7
0.27127543548035277 7
0.2732185704046974 8
0.27351237774720993 8
0.2738217657821285 8
0.2762100633466437 9
0.2764994190627546 9
0.28113133633372955 10
0.28153866014948564 10
0.29438160231840704 10
0.3109839429835691 10
0.32296326963055955 11
0.3272056695913852 12
0.3276686387371626 12
0.3278556070460343 12
0.3322693946233256 13
0.3522327132217756 14
0.35646620992979783 15
0.35692917907557525 15
0.3571161473844469 15
0.361518805895734 16
0.3812261559760859 17
0.38545965268410814 18
0.38592262182988557 18
0.3861095901387572 18
0.3905122486500443 19
0.41022850198319954 20
0.41446199869122186 21
0.4149249678369992 21
0.4151119361458709 21
0.419514594657158 22
0.43923975124311665 23
0.44347324795113896 24
0.4439362170969164 24
0.444123185405788 24
0.4485258439170751 25
0.4869656378958052 25
0.4945445318447095 25
0.505159434999577 26
0.5093929317075994 27
0.5098559008533767 27
0.5100428691622484 27
0.5144455276735356 28
0.5344155237115881 29
0.5386490204196103 30
0.5391119895653878 30
0.5392989578742594 30
0.5437016163855465 31
0.5634312245979068 32
0.5676647213059292 33
0.5681276904517065 33
0.5683146587605782 33
0.5727173172718653 34
0.5924558287370291 35
0.5966893254450514 36
0.5971522945908287 36
0.5973392628997004 36
0.6017419214109875 37
0.6214893361289547 38
0.6257228328369769 39
0.6261858019827544 39
0.6263727702916261 39
0.6307754288029132 40
0.669733837257442 40
0.6773082795799445 40
0.6879454408668207 41
0.692178937574843 42
0.6926419067206204 42
0.692828875029492 42
0.6972315335407792 43
0.7172237877108402 44
0.7214572844188625 45
0.7219202535646398 45
0.7221072218735115 45
0.7265098803847986 46
0.7462617467291675 47
0.7504952434371898 48
0.7509582125829671 48
0.7511451808918388 48
0.755547839403126 49
0.7753086090002983 50
0.7795421057083205 51
0.780005074854098 51
0.7801920431629696 51
0.7845947016742567 52
0.8043643745242324 53
0.8085978712322547 54
0.8090608403780322 54
0.8092478086869037 54
0.8136504671981909 55
0.8525999723999164 55
0.8594443479925391 55
0.8701037674114238 56
0.874337264119446 57
0.8748002332652235 57
0.874987201574095 57
0.8793898600853822 58
0.8994043723874517 59
0.9036378690954741 60
0.9041008382412514 60
0.9042878065501231 60
0.9086904650614102 61
0.9284645895377877 62
0.9326980862458099 63
0.9331610553915873 63
0.933348023700459 63
0.9377506822117461 64
0.9575337099409269 65
0.9617672066489492 66
0.9622301757947266 66
0.9624171441035982 66
0.9668198026148853 67
0.9954170506194439 67
