0.000195871561675058 0
0.002573040060185989 0
0.004781046755432097 0
0.006762020504191207 0
0.009550964444859929 0
0.011879165052952096 0
0.014169526836629762 0
0.016025855046141107 0
0.020461900755441 0
0.02542101256694133 0
0.03004402658511287 0
0.03220083957673936 0
0.03485400891215606 0
0.03733356481790622 0
0.04118422165538179 0
0.04380622960598655 0
0.0474120469913683 0
0.05076412167185281 0
0.05322587107199615 0
0.056482235784843994 0
0.059331276681935746 0
0.06197554276454903 0
0.06482235784843993 0
0.07302225368038212 0
0.07602042406193103 0
0.07935246642360787 0
0.08251089535561817 0
0.08695807013092233 0
0.0917925364031749 0
0.096119517265633 0
0.10115653253916318 0
0.10727529302830789 0
0.11328944029701252 0
0.1168462897919755 0
0.14931200113961635 0
0.21616652644043502 0
