0.24874352844811853 0
0.3189679349350285 0
0.32448795167314376 0
0.348896219233697 0
0.35374849201155645 0
0.37788966198800733 0
0.3827419347658667 0
0.40689200799512104 0
0.4117442807729804 0
0.43590325725503815 0
0.4407555300328975 0
0.5018229410114986 0
0.506675213789358 0
0.5310790297235095 0
0.5359313025013689 0
0.5600947306098283 0
0.5649470033876877 0
0.5891193347489505 0
0.5939716075268099 0
0.6181528421408762 0
0.6230051149187356 0
0.6846089468787422 0
0.6894612196566016 0
0.7138872937227616 0
0.718739566500621 0
0.742925252741089 0
0.7477775255189484 0
0.7719721150122197 0
0.7768243877900791 0
0.8010278805361539 0
0.8058801533140133 0
0.8667672734233453 0
0.8716195462012046 0
0.8960678783993732 0
0.9009201511772326 0
0.9251280955497091 0
0.9299803683275685 0
0.9541972159528483 0
0.9590494887307077 0
