0.1446377934178252 1
0.1446756322422397 2
0.16533785618575747 2
0.16537569501017196 3
0.1694222234093226 4
0.16951793337695928 5
0.16955577220137377 6
0.17312152494914018 7
0.17330404163161012 8
0.1733708160276357 9
0.1734086548520502 10
0.18454662410911826 11
0.18487381864964364 12
0.18617814518534345 13
0.18656321086909103 14
0.18877121756433712 15
0.18921415439130687 16
0.1912418702172839 16
0.19156906475780927 17
0.19343652203332487 18
0.19382158771707242 19
0.19920137822353398 19
0.19929708819117065 19
0.19936386258719624 20
0.20026754274674252 20
0.2003632527143792 21
0.20196361240579247 22
0.20208825794504023 22
0.2021550323410658 22
0.20219287116548032 23
0.20303645436860357 24
0.20319003547946243 25
0.20569407533042197 25
0.20573191415483646 26
0.20638407742268639 27
0.20647978739032305 27
0.21103825282566985 28
0.2111918339365287 29
0.221009895965491 29
0.22119241264796094 29
0.22125918704398653 29
0.22491619813298788 29
0.22504084367223565 29
0.22510761806826124 29
