0.00010461322044008778 0
0.0024817817189510187 0
0.0046897884141971265 0
0.006670762162956236 0
0.00945970610362496 0
0.011787906711717125 0
0.014078268495394793 0
0.01593459670490614 0
0.020370642414206032 0
0.025329754225706363 0
0.0299527682438779 0
0.03210958123550439 0
0.03476275057092108 0
0.037242306476671254 0
0.04109296331414682 0
0.04371497126475158 0
0.047320788650133325 0
0.050672863330617844 0
0.053134612730761185 0
0.05639097744360902 0
0.05924001834070077 0
0.061884284423314055 0
0.06473109950720496 0
0.07293099533914715 0
0.07592916572069605 0
0.0792612080823729 0
0.0824196370143832 0
0.08686681178968736 0
0.09170127806193994 0
0.09602825892439804 0
0.10106527419792821 0
0.10718403468707292 0
0.11319818195577755 0
0.11675503145074052 0
0.14922074279838138 0
0.21607526809920005 0
