0.12429163494882856 0
0.12437399003726012 0
0.12446079675209337 0
0.1245453776537258 0
0.12468560388537953 0
0.12489260451305885 0
0.12572505865017783 0
0.1258074137386094 0
0.12589422045344267 0
0.12597880135507508 0
0.1261190275867288 0
0.12632157658800644 0
0.12715403072512543 0
0.12723638581355698 0
0.12732319252839025 0
0.12740777343002266 0
0.1275479996616764 0
0.12775054866295402 0
0.12855629304166277 0
0.12863864813009432 0
0.1287254548449276 0
0.12881003574656 0
0.12895026197821374 0
0.12915281097949136 0
0.12998526511661035 1
0.13006762020504192 2
0.13015442691987517 3
0.13023900782150757 4
0.13037923405316132 4
0.13058178305443893 4
0.23355235335229727 4
0.23377716048558342 4
0.23386841882681839 4
0.23516384210971478 4
0.23534858460538557 4
0.2393238869821089 4
0.2394618874005618 4
0.23963995245663003 4
0.2770714530553738 4
0.27715603395700616 4
0.2778037455984544 4
0.2779884880941252 4
0.2781665531501934 4
0.27832236007425315 4
0.2786072641639623 4
0.2816900154471436 4
0.28177459634877605 4
0.28200608092166474 4
0.3058311854235945 4
0.31736757524361525 4
0.317583479124098 4
0.31818667450152915 4
0.318324674919982 4
0.3185027399760503 4
0.329585063903097 4
0.32966964480472943 4
0.3299389682020326 4
0.3301237106977034 4
0.3303017757537716 4
0.3304575826778313 4
0.33074248676754053 4
0.3474561180927452 4
0.34767202197322794 4
0.34811495880019766 4
0.3482529592186505 4
0.3484310242747188 4
0.35884560424150963 4
0.35893018514314207 4
0.35919950854044524 4
0.35938425103611604 4
0.35956231609218425 4
0.359718123016244 4
0.36000302710595317 4
0.3764495608470555 4
0.3766654647275382 4
0.3771084015545079 4
0.37724640197296083 4
0.37742446702902904 4
0.38783904699581995 4
0.38792362789745233 4
0.38819295129475556 4
0.38837769379042636 4
0.38855575884649457 4
0.38871156577055427 4
0.3889964698602634 4
0.40545190685416915 4
0.4056678107346519 4
0.40611074756162163 4
0.40624874798007454 4
0.40642681303614275 4
0.4168413930029336 4
0.41692597390456604 4
0.4171952973018692 4
0.41738003979754 4
0.4175581048536083 4
0.417713911777668 4
0.41799881586737714 4
0.43446315611408626 4
0.434679059994569 4
0.43512199682153874 4
0.43525999723999165 4
0.43543806229605986 4
0.4458526422628507 4
0.44593722316448314 4
0.4462065465617863 4
0.4463912890574571 4
0.4465693541135254 4
0.4467251610375851 4
0.44701006512729424 4
0.5003828398705467 4
0.5005987437510294 4
0.5010416805779991 4
0.501179680996452 4
0.5013577460525203 4
0.5117723260193111 4
0.5118569069209435 4
0.5121262303182468 4
0.5123109728139176 4
0.5124890378699858 4
0.5126448447940455 4
0.5129297488837546 4
0.5296389285825577 4
0.5298548324630403 4
0.5302977692900102 4
0.530435769708463 4
0.5306138347645312 4
0.5410284147313221 4
0.5411129956329545 4
0.5413823190302577 4
0.5415670615259285 4
0.5417451265819967 4
0.5419009335060564 4
0.5421858375957657 4
0.5586546294688765 4
0.5588705333493592 4
0.5593134701763289 4
0.5594514705947818 4
0.55962953565085 4
0.5700441156176409 4
0.5701286965192733 4
0.5703980199165766 4
0.5705827624122474 4
0.5707608274683156 4
0.5709166343923753 4
0.5712015384820844 4
0.5876792336079987 4
0.5878951374884814 4
0.5883380743154512 4
0.5884760747339041 4
0.5886541397899723 4
0.5990687197567631 4
0.5991533006583956 4
0.5994226240556988 4
0.5996073665513696 4
0.5997854316074378 4
0.5999412385314975 4
0.6002261426212067 4
0.6167127409999243 4
0.6169286448804071 4
0.6173715817073768 4
0.6175095821258296 4
0.617687647181898 4
0.6281022271486888 4
0.6281868080503212 4
0.6284561314476244 4
0.6286408739432952 4
0.6288189389993634 4
0.6289747459234232 4
0.6292596500131323 4
0.6831688457377904 4
0.683384749618273 4
0.6838276864452427 4
0.6839656868636956 4
0.6841437519197638 4
0.6945583318865548 4
0.6946429127881871 4
0.6949122361854904 4
0.6950969786811612 4
0.6952750437372294 4
0.6954308506612891 4
0.6957157547509982 4
0.7124471925818098 4
0.7126630964622925 4
0.7131060332892623 4
0.7132440337077152 4
0.7134220987637834 4
0.7238366787305742 4
0.7239212596322067 4
0.7241905830295098 4
0.7243753255251806 4
0.7245533905812489 4
0.7247091975053086 4
0.7249941015950178 4
0.7414851516001371 4
0.7417010554806198 4
0.7421439923075895 4
0.7422819927260424 4
0.7424600577821107 4
0.7528746377489015 4
0.752959218650534 4
0.7532285420478372 4
0.753413284543508 4
0.7535913495995762 4
0.7537471565236359 4
0.754032060613345 4
0.7705320138712679 4
0.7707479177517506 4
0.7711908545787204 4
0.7713288549971732 4
0.7715069200532415 4
0.7819215000200324 4
0.7820060809216647 4
0.7822754043189679 4
0.7824601468146387 4
0.7826382118707069 4
0.7827940187947666 4
0.7830789228844759 4
0.7995877793952021 4
0.7998036832756847 4
0.8002466201026545 4
0.8003846205211074 4
0.8005626855771756 4
0.8109772655439665 4
0.8110618464455989 4
0.8113311698429021 4
0.8115159123385729 4
0.8116939773946411 4
0.8118497843187008 4
0.81213468840841 4
0.8653271722823934 4
0.8655430761628761 4
0.8659860129898458 4
0.8661240134082987 4
0.8663020784643669 4
0.8767166584311579 4
0.8768012393327902 4
0.8770705627300934 4
0.8772553052257642 4
0.8774333702818324 4
0.8775891772058921 4
0.8778740812956013 4
0.8946277772584214 4
0.8948436811389041 4
0.8952866179658738 4
0.8954246183843267 4
0.895602683440395 4
0.9060172634071858 4
0.9061018443088182 4
0.9063711677061215 4
0.9065559102017923 4
0.9067339752578605 4
0.9068897821819202 4
0.9071746862716293 4
0.9236879944087573 4
0.92390389828924 4
0.9243468351162097 4
0.9244848355346625 4
0.9246629005907309 4
0.9350774805575217 4
0.9351620614591541 4
0.9354313848564573 4
0.9356161273521281 4
0.9357941924081963 4
0.9359499993322561 4
0.9362349034219652 4
0.9527571148118965 4
0.9529730186923793 4
0.953415955519349 4
0.9535539559378019 4
0.9537320209938701 4
0.964146600960661 4
0.9642311818622934 4
0.9645005052595966 4
0.9646852477552674 4
0.9648633128113356 4
0.9650191197353953 4
0.9653040238251045 4
