0.3064232517350214 0
0.3078477721835673 0
0.4584373901004732 0
0.45963042597613035 0
0.4651014748238269 0
0.46646589831594976 0
0.4709130730912539 0
0.4720660443292957 0
0.47747031878096663 0
0.4788347422730895 0
0.48339988514803883 0
0.48455285638608064 0
0.4905469713359776 0
0.49128148969225904 0
0.6388506790956076 0
0.6400437149712648 0
0.6455147638189612 0
0.6468791873110841 0
0.6523034940815627 0
0.6536679175736856 0
0.6590588371461513 0
0.6604232606382742 0
0.665965535508398 0
0.6673299590005208 0
0.6733107190712126 0
0.6740452374274941 0
0.8217168142380818 0
0.8229098501137391 0
0.8283808989614355 0
0.8297453224535584 0
0.835169629224037 0
0.8365340527161599 0
0.8419249722886256 0
0.8432893957807485 0
0.8488316706508723 0
0.8501960941429951 0
0.8551997222185125 0
0.8561724025872852 0
0.9748816980283747 0
0.9760747339040319 0
0.9805352635585411 0
0.981688234796583 0
0.9861153772530794 0
0.9872683484911212 0
0.9918468462452757 0
0.9929998174833176 0
