0.14287049773634797 1
0.14340914453095438 1
0.14556373170938003 1
0.14604005573436254 2
0.14651860557254592 2
0.1471151235103745 2
0.1476782542501903 2
0.16326117246936167 2
0.1657607606939195 3
0.16704505491081167 3
0.17023464522763393 4
0.1711628093323896 4
0.17281881435382418 4
0.17426114130797687 4
0.17486878831180971 4
0.1853968847518441 4
0.18589991853523685 4
0.18701505094886417 4
0.18754256867746633 4
0.18979731744993034 4
0.19095919194077557 4
0.19206096947519777 4
0.19303142403076964 4
0.19450713818293514 4
0.1966839834933693 4
0.1986226667913122 4
0.1999470256458197 4
0.20078170559613956 4
0.20125802962112208 4
0.2016965148216901 4
0.20292961533496262 4
0.20350610095398353 4
0.20500852486455926 5
0.20608359264057124 5
0.20680030449124587 5
0.20758601655114697 5
0.20796663060849283 5
0.21009895965490993 5
0.21074444548315727 5
0.2118395455779769 5
0.21228693403134835 5
0.22204267329068675 5
0.2226035782173017 6
0.22305764411027568 6
0.22466468124129152 7
0.22574420064370518 7
