0.29637147931996954 0
0.333504720949799 0
0.3627340999033997 0
0.39172754265771 0
0.4207298886648237 0
0.4497411379247408 0
0.4634120826043795 0
0.4701518449765622 0
0.47578092656151927 0
0.48263865703334713 0
0.4887017721924705 0
0.5156652733076029 0
0.5449169103932121 0
0.573932611279531 0
0.6029572154186532 0
0.6319907228105789 0
0.6438253715995139 0
0.650618553488517 0
0.6573738965531056 0
0.6642805949153523 0
0.6714699715541073 0
0.6984512791748465 0
0.7277251743924643 0
0.7567631334107916 0
0.7858099956819223 0
0.8148657612058565 0
0.8266915067419882 0
0.8334846886309913 0
0.8402400316955799 0
0.8471467300578266 0
0.8542826871797611 0
0.8806096057194496 0
0.9099057590690759 0
0.9389659762194118 0
0.968035096622551 0
0.9797740354438494 0
0.9853541491383877 0
0.991085618130584 0
0.997153184916109 0
