0.310015714241198 0
0.34093225960104523 0
0.37011934810382974 0
0.3991172424845417 0
0.42812404011805716 0
0.46111726919430013 0
0.4679282575889101 0
0.47352172616265353 0
0.4802659401612379 0
0.48597737683462655 0
0.49357630310233847 0
0.5230928119588492 0
0.5523021585936422 0
0.5813223111063627 0
0.6103513668718866 0
0.6415305581894345 0
0.6483415465840445 0
0.65511469615424 0
0.6618544585264227 0
0.6687455761962633 0
0.6763400508375735 0
0.7058788178260927 0
0.7351104225928943 0
0.7641528332376234 0
0.7932041471351559 0
0.8243966933319088 0
0.8312076817265188 0
0.8379808312967143 0
0.844720593668897 0
0.8516117113387376 0
0.8584761192501681 0
0.8880371443706958 0
0.917291007269506 0
0.9463556760462435 0
0.9775504480561973 0
0.9831483682563424 0
0.9887129012584748 0
0.9944287895582651 0
