0.1428972074947582 1
0.14343585428936462 2
0.14560157053379452 3
0.14606899130597364 4
0.14654976695735786 5
0.14714183326878474 6
0.14770941563500226 7
0.1632878822277719 8
0.16579637370513317 9
0.1670717646692219 10
0.17028138730485182 11
0.17118951909079982 12
0.17284552411223442 13
0.17431901245119905 14
0.17489549807021995 15
0.1854347235762586 16
0.1859266282936471 17
0.18705288977327866 18
0.18756927843587654 19
0.18983515627434483 20
0.1909903533255875 21
0.19209880829961226 22
0.19305813378917988 23
0.19454497700734963 24
0.19671069325177953 25
0.19864937654972245 26
0.19999821934943932 27
0.20081954442055405 28
0.2012847393795323 29
0.20172322458010034 30
0.2029874864781848 31
0.20354393977839805 32
0.20503746043617035 33
0.20612143146498574 34
0.2068381433156604 35
0.2076171779359589 36
0.20799779199330476 37
0.21013012103972187 38
0.2107756068679692 39
0.2118773844023914 40
0.21231809541616029 41
0.22209386699430636 42
0.2226369654153145 43
0.22308880549508764 44
0.2246936168129026 45
0.2257953943473248 46
