0.28433650734295773 1
0.28527802632691857 2
0.30957945485383087 2
0.34049600021367804 2
0.36968308871646255 2
0.39868098309717453 2
0.42768778073068997 2
0.46068546143333466 2
0.46749644982794464 2
0.47308991840168807 2
0.47983413240027245 2
0.4855455690736611 2
0.4931400437149713 2
0.522656552571482 2
0.551865899206275 2
0.5808860517189955 2
0.6099151074845195 2
0.6410987504284691 2
0.647909738823079 2
0.6546828883932745 2
0.6614226507654571 2
0.6683137684352979 2
0.6759037914502063 2
0.7054425584387256 2
0.7346741632055271 2
0.7637165738502562 2
0.7927678877477886 2
0.8239648855709434 2
0.8307758739655533 2
0.8375490235357488 2
0.8442887859079314 2
0.8511799035777722 2
0.8580398598628008 2
0.8876008849833287 2
0.9168547478821387 2
0.9459194166588764 2
0.9771186402952319 2
0.982716560495377 2
0.9882810934975094 2
0.9939969817972997 2
