0.0011462937984392599 1
0.0011819068096529067 2
0.0012108423812639947 3
0.0012464553924776418 4
0.0013510686129177296 5
0.0014089397561399058 6
0.0014445527673535527 7
0.0014801657785671995 8
0.0015157787897808464 9
0.0015513918009944934 10
0.0015870048122081403 11
0.0016448759554303165 12
0.0017027470986524928 12
0.0017383601098661396 13
0.0017962312530883158 13
0.0018318442643019627 13
0.001860779835913051 13
0.0018963928471266978 13
0.002116748354011138 14
0.002174619497233314 15
0.0023081682892844902 16
0.003354300493685368 16
0.003389913504899015 16
0.003418849076510103 16
0.00345446208772375 16
0.003559075308163838 16
0.003616946451386014 16
0.003652559462599661 16
0.0036881724738133076 16
0.0037237854850269547 16
0.0037593984962406013 16
0.0037950115074542484 16
0.003852882650676425 16
0.003910753793898601 16
0.0039463668051122475 16
0.004004237948334424 16
0.0040398509595480706 16
0.004068786531159159 16
0.004104399542372806 16
0.004324755049257246 16
0.004382626192479423 16
0.004516174984530598 16
0.005335274242444477 16
0.005370887253658124 16
0.005399822825269212 16
0.005435435836482859 16
0.005540049056922946 16
0.005597920200145123 16
0.00563353321135877 16
0.005669146222572417 16
0.005704759233786064 16
0.00574037224499971 16
0.005775985256213358 16
0.005833856399435533 16
0.00589172754265771 16
0.005927340553871357 16
0.005985211697093533 16
0.00602082470830718 16
0.006049760279918268 16
0.006085373291131915 16
0.006305728798016355 16
0.006363599941238532 16
0.006497148733289707 16
0.0081242181831132 16
0.008159831194326847 16
0.008188766765937935 16
0.008224379777151583 16
0.00832899299759167 16
0.008386864140813846 16
0.008422477152027492 16
0.00845809016324114 16
0.008493703174454787 16
0.008529316185668434 16
0.00856492919688208 16
0.008622800340104257 16
0.008680671483326434 16
0.00871628449454008 16
0.008774155637762257 16
0.008809768648975903 16
0.00883870422058699 16
0.008874317231800639 16
0.009094672738685078 16
0.009152543881907255 16
0.00928609267395843 16
0.010452418791205367 16
0.010488031802419013 16
0.010516967374030102 16
0.010552580385243749 16
0.010657193605683837 16
0.010715064748906013 16
0.01075067776011966 16
0.010786290771333307 16
0.010821903782546953 16
0.0108575167937606 16
0.010893129804974247 16
0.010951000948196423 16
0.0110088720914186 16
0.011044485102632246 16
0.011102356245854423 16
0.01113796925706807 16
0.011166904828679158 16
0.011202517839892805 16
0.011422873346777246 16
0.01148074448999942 16
0.011614293282050598 16
0.012742780574883034 16
0.01277839358609668 16
0.012807329157707768 16
0.012842942168921415 16
0.012947555389361503 16
0.013005426532583679 16
0.013041039543797326 16
0.013076652555010974 16
0.01311226556622462 16
0.013147878577438267 16
0.013183491588651914 16
0.01324136273187409 16
0.013299233875096267 16
0.013334846886309914 16
0.01339271802953209 16
0.013428331040745737 16
0.013457266612356824 16
0.013492879623570472 16
0.013713235130454911 16
0.013771106273677088 16
0.013904655065728263 16
0.014599108784394379 16
0.014634721795608025 16
0.014663657367219113 16
0.014699270378432761 16
0.014803883598872847 16
0.014861754742095024 16
0.01489736775330867 16
0.014932980764522319 16
0.014968593775735966 16
0.015004206786949612 16
0.015039819798163259 16
0.015097690941385435 16
0.015155562084607612 16
0.015191175095821258 16
0.015249046239043435 16
0.015284659250257081 16
0.015313594821868169 16
0.015349207833081817 16
0.015569563339966256 16
0.015627434483188433 16
0.015760983275239608 16
0.01841192679745545 17
0.01861892742513477 17
0.01865454043634842 17
0.01868347600795951 17
0.018719089019173154 18
0.018754702030386802 19
0.018790315041600447 19
0.018825928052814096 20
0.018930541273254182 20
0.01896615428446783 20
0.01899508985607892 20
0.019030702867292564 20
0.019135316087732654 20
0.01919318723095483 20
0.019228800242168477 20
0.019264413253382122 20
0.01930002626459577 20
0.01933563927580942 20
0.019371252287023064 20
0.019429123430245242 20
0.019486994573467416 20
0.019522607584681065 20
0.01958047872790324 20
0.019616091739116888 20
0.019645027310727974 20
0.019680640321941622 20
0.01990099582882606 20
0.01995886697204824 20
0.020092415764099415 20
0.0201970289845395 20
0.023578039236635106 20
0.02361365224784875 20
0.02364258781945984 20
0.02367820083067349 20
0.023713813841887133 20
0.02374942685310078 20
0.023785039864314426 20
0.023889653084754516 20
0.02392526609596816 20
0.02395420166757925 20
0.0239898146787929 20
0.024094427899232985 20
0.02415229904245516 20
0.024187912053668808 20
0.024223525064882456 20
0.0242591380760961 20
0.02429475108730975 20
0.024330364098523394 20
0.024388235241745573 20
0.024446106384967747 20
0.024481719396181396 20
0.02453959053940357 20
0.02457520355061722 20
0.024604139122228304 20
0.024639752133441953 20
0.024860107640326392 20
0.02491797878354857 20
0.025051527575599745 20
0.02515614079603983 20
0.028201053254806645 20
0.02823666626602029 20
0.02826560183763138 20
0.028301214848845027 20
0.028336827860058672 20
0.02837244087127232 20
0.028408053882485965 20
0.028512667102926055 20
0.0285482801141397 20
0.02857721568575079 20
0.028612828696964437 20
0.028717441917404524 20
0.0287753130606267 20
0.028810926071840347 20
0.028846539083053995 20
0.02888215209426764 20
0.02891776510548129 20
0.028953378116694933 20
0.02901124925991711 20
0.029069120403139286 20
0.029104733414352935 20
0.02916260455757511 20
0.029198217568788758 20
0.029227153140399847 20
0.02926276615161349 20
0.02948312165849793 20
0.02954099280172011 20
0.029674541593771284 20
0.02977915481421137 20
0.030357866246433135 20
0.03039347925764678 20
0.03042241482925787 20
0.030458027840471517 20
0.030493640851685162 20
0.03052925386289881 20
0.030564866874112456 20
0.030669480094552545 20
0.03070509310576619 20
0.03073402867737728 20
0.030769641688590928 20
0.030874254909031014 20
0.030932126052253192 20
0.030967739063466837 20
0.031003352074680485 20
0.03103896508589413 20
0.03107457809710778 20
0.031110191108321424 20
0.031168062251543602 20
0.031225933394765776 20
0.031261546405979425 20
0.0313194175492016 20
0.03135503056041525 20
0.031383966132026334 20
0.031419579143239985 20
0.03163993465012442 20
0.0316978057933466 20
0.03183135458539778 20
0.031935967805837864 20
0.033011035581849826 20
0.03304664859306348 20
0.033075584164674564 20
0.03311119717588821 20
0.03314681018710186 20
0.033182423198315505 20
0.03321803620952915 20
0.03332264942996924 20
0.03335826244118289 20
0.033387198012793974 20
0.03342281102400762 20
0.03352742424444771 20
0.03358529538766988 20
0.033620908398883535 20
0.03365652141009718 20
0.033692134421310825 20
0.03372774743252447 20
0.03376336044373812 20
0.03382123158696029 20
0.03387910273018247 20
0.033914715741396116 20
0.033972586884618294 20
0.03400819989583194 20
0.03403713546744303 20
0.03407274847865668 20
0.03429310398554112 20
0.03435097512876329 20
0.03448452392081447 20
0.034589137141254556 20
0.0354905914876 20
0.03552620449881364 20
0.03555514007042473 20
0.03559075308163838 20
0.035626366092852024 20
0.03566197910406567 20
0.035697592115279314 20
0.03580220533571941 20
0.03583781834693305 20
0.03586675391854414 20
0.03590236692975779 20
0.036006980150197876 20
0.036064851293420054 20
0.0361004643046337 20
0.036136077315847344 20
0.03617169032706099 20
0.03620730333827464 20
0.036242916349488286 20
0.036300787492710464 20
0.036358658635932635 20
0.03639427164714629 20
0.03645214279036846 20
0.03648775580158211 20
0.036516691373193196 20
0.03655230438440684 20
0.03677265989129128 20
0.03683053103451346 20
0.03696407982656463 20
0.037068693047004726 20
0.0392544416102423 20
0.03929005462145595 20
0.03931899019306704 20
0.039354603204280685 20
0.03939021621549433 20
0.039425829226707974 20
0.039461442237921626 20
0.03956605545836171 20
0.03960166846957536 20
0.03963060404118645 20
0.039666217052400095 20
0.03977083027284018 20
0.03982870141606236 20
0.039864314427276004 20
0.03989992743848965 20
0.0399355404497033 20
0.039971153460916946 20
0.04000676647213059 20
0.04006463761535277 20
0.04012250875857495 20
0.04015812176978859 20
0.04021599291301077 20
0.040251605924224415 20
0.0402805414958355 20
0.04031615450704915 20
0.04053651001393359 20
0.040594381157155766 20
0.040727929949206945 20
0.040785801092429116 21
0.040919349884480295 21
0.04187644956084705 21
0.041912062572060704 21
0.04194099814367179 21
0.041976611154885435 21
0.04201222416609909 21
0.04204783717731273 21
0.042083450188526376 21
0.04218806340896646 21
0.042223676420180115 21
0.0422526119917912 21
0.042288225003004845 21
0.04239283822344494 21
0.04245070936666711 21
0.04248632237788076 21
0.042521935389094406 21
0.04255754840030805 21
0.042593161411521696 21
0.04262877442273535 21
0.04268664556595752 21
0.0427445167091797 21
0.04278012972039334 21
0.04283800086361552 21
0.04287361387482917 21
0.04290254944644026 21
0.0429381624576539 21
0.043158517964538345 21
0.043216389107760524 21
0.043349937899811695 21
0.043407809043033874 21
0.043541357835085046 21
0.045482266946228804 21
0.04551787995744245 21
0.04554681552905354 21
0.045582428540267186 21
0.04561804155148083 21
0.04565365456269448 21
0.04568926757390813 21
0.045793880794348214 21
0.04582949380556186 21
0.04585842937717295 21
0.0458940423883866 21
0.04599865560882668 21
0.04605652675204886 21
0.046092139763262506 21
0.04612775277447616 21
0.0461633657856898 21
0.04619897879690345 21
0.04623459180811709 21
0.04629246295133927 21
0.04635033409456145 21
0.046385947105775094 21
0.04644381824899727 21
0.04647943126021092 21
0.04650836683182201 21
0.046543979843035654 21
0.04676433534992009 21
0.04682220649314227 21
0.04695575528519345 21
0.04701362642841562 21
0.0471471752204668 21
0.048834341626713317 21
0.04886995463792697 21
0.048898890209538054 21
0.0489345032207517 21
0.04897011623196535 21
0.049005729243178996 21
0.04904134225439264 21
0.04914595547483273 21
0.04918156848604638 21
0.049210504057657464 21
0.04924611706887111 21
0.0493507302893112 21
0.049408601432533374 21
0.049444214443747025 21
0.04947982745496067 21
0.049515440466174315 21
0.04955105347738797 21
0.04958666648860161 21
0.04964453763182379 21
0.04970240877504596 21
0.04973802178625961 21
0.049795892929481785 21
0.049831505940695436 21
0.04986044151230652 21
0.04989605452352017 21
0.05011641003040461 21
0.05017428117362679 21
0.05030782996567796 21
0.05036570110890014 21
0.05049924990095131 21
0.051296091026856665 21
0.05133170403807031 21
0.051360639609681395 21
0.05139625262089505 21
0.05143186563210869 21
0.05146747864332234 21
0.05150309165453598 21
0.051607704874976075 21
0.05164331788618972 21
0.051672253457800806 21
0.05170786646901446 21
0.051812479689454544 21
0.05187035083267672 21
0.05190596384389037 21
0.05194157685510401 21
0.051977189866317657 21
0.05201280287753131 21
0.05204841588874495 21
0.05210628703196713 21
0.0521641581751893 21
0.052199771186402955 21
0.052257642329625126 21
0.05229325534083878 21
0.05232219091244986 21
0.05235780392366351 21
0.05257815943054795 21
0.05263603057377013 21
0.0527695793658213 21
0.05282745050904348 21
0.05296099930109466 21
0.0545524557397045 21
0.05458806875091815 21
0.054617004322529236 21
0.05465261733374288 21
0.05468823034495653 21
0.05472384335617018 21
0.05475945636738382 21
0.05486406958782391 21
0.05489968259903756 21
0.054928618170648646 21
0.05496423118186229 21
0.055068844402302385 21
0.055126715545524556 21
0.05516232855673821 21
0.05519794156795185 21
0.0552335545791655 21
0.05526916759037914 21
0.055304780601592794 21
0.055362651744814965 21
0.055420522888037144 21
0.05545613589925079 21
0.05551400704247297 21
0.05554962005368661 21
0.055578555625297704 21
0.05561416863651135 21
0.05583452414339579 21
0.05589239528661796 21
0.05602594407866914 21
0.05608381522189132 21
0.05621736401394249 21
0.05740149663679625 21
0.0574371096480099 21
0.05746604521962099 21
0.05750165823083463 21
0.057537271242048285 21
0.05757288425326193 21
0.057608497264475575 21
0.05771311048491566 21
0.05774872349612931 21
0.0577776590677404 21
0.057813272078954044 21
0.05791788529939414 21
0.05797575644261631 21
0.05801136945382996 21
0.058046982465043605 21
0.05808259547625725 21
0.058118208487470895 21
0.058153821498684546 21
0.05821169264190672 21
0.058269563785128896 21
0.05830517679634254 21
0.05836304793956472 21
0.058398660950778364 21
0.058427596522389456 21
0.0584632095336031 21
0.058683565040487544 21
0.058741436183709715 21
0.058874984975760894 21
0.05893285611898307 21
0.059066404911034244 21
0.060045762719409534 21
0.060081375730623186 21
0.06011031130223427 21
0.06014592431344792 21
0.06018153732466156 21
0.060217150335875214 21
0.06025276334708886 21
0.060357376567528945 21
0.0603929895787426 21
0.06042192515035368 21
0.06045753816156733 21
0.06056215138200741 21
0.06062002252522959 21
0.060655635536443236 21
0.06069124854765689 21
0.06072686155887053 21
0.06076247457008418 21
0.06079808758129783 21
0.06085595872452 21
0.06091382986774218 21
0.060949442878955824 21
0.061007314022178 21
0.06104292703339165 21
0.06107186260500274 21
0.061107475616216385 21
0.06132783112310083 21
0.061385702266323 21
0.06151925105837418 21
0.061577122201596356 21
0.06171067099364753 21
0.06289257780330043 21
0.06292819081451408 21
0.06295712638612518 21
0.06299273939733882 21
0.06302835240855247 21
0.06306396541976611 21
0.06309957843097976 21
0.06320419165141984 21
0.06323980466263349 21
0.06326874023424459 21
0.06330435324545823 21
0.06340896646589832 21
0.06346683760912049 21
0.06350245062033413 21
0.06353806363154779 21
0.06357367664276144 21
0.06360928965397508 21
0.06364490266518873 21
0.0637027738084109 21
0.06376064495163308 21
0.06379625796284673 21
0.0638541291060689 21
0.06388974211728254 21
0.06391867768889364 21
0.06395429070010729 21
0.06417464620699173 21
0.0642325173502139 21
0.06436606614226507 21
0.06442393728548726 21
0.06455748607753843 21
0.06821227135333895 21
0.06824788436455259 21
0.06827681993616368 21
0.06831243294737732 21
0.06834804595859097 21
0.06838365896980461 21
0.06841927198101827 21
0.06852388520145836 21
0.068559498212672 21
0.06858843378428309 21
0.06862404679549673 21
0.06872866001593682 21
0.068786531159159 21
0.06882214417037265 21
0.0688577571815863 21
0.06889337019279994 21
0.06892898320401358 21
0.06896459621522723 21
0.06902246735844941 21
0.06908033850167158 21
0.06911595151288523 21
0.06917382265610741 21
0.06920943566732106 21
0.06923837123893214 21
0.06927398425014579 21
0.06949433975703023 21
0.0695522109002524 21
0.06968575969230359 21
0.06974363083552576 21
0.06987717962757693 21
0.06993505077079912 21
0.06997066378201276 22
0.07002853492523493 22
0.07006414793644858 22
0.07009976094766222 23
0.0706116979838584 23
0.07076973072111896 24
0.070905505326371 24
0.07094111833758464 24
0.07097005390919572 24
0.07100566692040937 24
0.07104127993162301 24
0.07107689294283666 24
0.07111250595405032 24
0.0712171191744904 24
0.07125273218570405 24
0.07128166775731513 24
0.07131728076852878 24
0.07142189398896887 24
0.07147976513219105 24
0.0715153781434047 24
0.07155099115461834 24
0.07158660416583199 24
0.07162221717704563 24
0.07165783018825927 24
0.07171570133148146 24
0.07177357247470363 24
0.07180918548591728 24
0.07186705662913946 24
0.0719026696403531 24
0.07193160521196419 24
0.07196721822317784 24
0.07218757373006228 24
0.07224544487328445 24
0.07237899366533564 24
0.07243686480855781 24
0.07257041360060898 24
0.07262828474383116 24
0.07266389775504481 24
0.07269951076625845 24
0.07272844633786954 24
0.07390367570791989 24
0.07393928871913354 24
0.07396822429074462 24
0.07400383730195827 24
0.07403945031317191 24
0.07407506332438557 24
0.07411067633559922 24
0.0742152895560393 24
0.07425090256725295 24
0.07427983813886403 24
0.07431545115007768 24
0.07442006437051776 24
0.07447793551373995 24
0.0745135485249536 24
0.07454916153616724 24
0.07458477454738088 24
0.07462038755859453 24
0.07465600056980817 24
0.07471387171303036 24
0.07477174285625253 24
0.07480735586746617 24
0.07486522701068836 24
0.074900840021902 24
0.07492977559351309 24
0.07496538860472673 24
0.07518574411161118 24
0.07524361525483335 24
0.07537716404688453 24
0.0754350351901067 24
0.07556858398215788 24
0.07562645512538006 24
0.07566206813659371 24
0.07569768114780735 24
0.07572661671941844 24
0.07723571806959673 24
0.07727133108081037 24
0.07730026665242146 24
0.07733587966363512 24
0.07737149267484876 24
0.0774071056860624 24
0.07744271869727605 24
0.07754733191771614 24
0.07758294492892978 24
0.07761188050054087 24
0.07764749351175453 24
0.07775210673219461 24
0.07780997787541678 24
0.07784559088663043 24
0.07788120389784407 24
0.07791681690905772 24
0.07795242992027138 24
0.07798804293148502 24
0.07804591407470719 24
0.07810378521792936 24
0.07813939822914302 24
0.0781972693723652 24
0.07823288238357884 24
0.07826181795518992 24
0.07829743096640357 24
0.07851778647328801 24
0.0785756576165102 24
0.07870920640856137 24
0.07876707755178354 24
0.07890062634383473 24
0.0789584974870569 24
0.07899411049827054 24
0.07902972350948419 24
0.07905865908109527 24
0.08039414700160703 24
0.08042976001282068 24
0.08045869558443178 24
0.08049430859564542 24
0.08052992160685907 24
0.08056553461807271 24
0.08060114762928636 24
0.08070576084972644 24
0.08074137386094009 24
0.08077030943255119 24
0.08080592244376483 24
0.08091053566420492 24
0.08096840680742709 24
0.08100401981864074 24
0.0810396328298544 24
0.08107524584106804 24
0.08111085885228168 24
0.08114647186349533 24
0.0812043430067175 24
0.08126221414993968 24
0.08129782716115333 24
0.0813556983043755 24
0.08139131131558915 24
0.08142024688720025 24
0.08145585989841389 24
0.08167621540529832 24
0.0817340865485205 24
0.08186763534057168 24
0.08192550648379385 24
0.08205905527584503 24
0.0821169264190672 24
0.08215253943028085 24
0.0821881524414945 24
0.0822170880131056 24
0.08283141245654099 24
0.08286702546775464 24
0.08289596103936574 24
0.08293157405057938 24
0.08296718706179303 24
0.08300280007300667 24
0.08303841308422032 24
0.0831430263046604 24
0.08317863931587405 24
0.08320757488748515 24
0.08324318789869879 24
0.08334780111913888 24
0.08340567226236105 24
0.0834412852735747 24
0.08347689828478835 24
0.083512511296002 24
0.08354812430721564 24
0.08358373731842929 24
0.08364160846165146 24
0.08369947960487364 24
0.08373509261608729 24
0.08379296375930946 24
0.0838285767705231 24
0.0838575123421342 24
0.08389312535334785 24
0.08411348086023229 24
0.08417135200345446 24
0.08430490079550564 24
0.08436277193872782 24
0.08442064308194999 25
0.08466993416044552 26
0.08480570876569755 26
0.0848413217769112 26
0.08487025734852228 26
0.08490587035973593 26
0.08494148337094957 26
0.08497709638216322 26
0.08501270939337686 26
0.08511732261381696 26
0.08515293562503061 26
0.0851818711966417 26
0.08521748420785534 26
0.08532209742829543 26
0.0853799685715176 26
0.08541558158273126 26
0.0854511945939449 26
0.08548680760515855 26
0.08552242061637219 26
0.08555803362758584 26
0.08561590477080802 26
0.08567377591403019 26
0.08570938892524384 26
0.08576726006846601 26
0.08580287307967967 26
0.08583180865129075 26
0.0858674216625044 26
0.08608777716938884 26
0.08614564831261101 26
0.08627919710466218 26
0.08633706824788437 26
0.08637268125909801 26
0.08650623005114919 26
0.08656410119437136 26
0.08659971420558502 26
0.08663532721679866 26
0.08666426278840975 26
0.08911265730934798 27
0.08955336832311685 27
0.08958898133433049 27
0.08961791690594159 27
0.08965352991715524 27
0.08968914292836888 27
0.08972475593958253 27
0.08976036895079617 27
0.08986498217123626 27
0.0899005951824499 27
0.089929530754061 27
0.08996514376527465 27
0.09006975698571473 27
0.0901276281289369 27
0.09016324114015055 27
0.09019885415136421 27
0.09023446716257785 27
0.0902700801737915 27
0.09030569318500514 27
0.09036356432822731 27
0.0904214354714495 27
0.09045704848266314 27
0.09051491962588532 27
0.09055053263709896 27
0.09057946820871005 27
0.0906150812199237 27
0.09083543672680813 27
0.09089330787003032 27
0.09102685666208149 27
0.09108472780530366 27
0.09112034081651732 27
0.09117821195973949 28
0.09134069632340175 28
0.09139856746662393 28
0.09143418047783758 28
0.09146979348905122 28
0.09149872906066231 28
0.0934529930510112 29
0.09388034918557495 29
0.09391596219678859 29
0.09394489776839969 29
0.09398051077961334 29
0.09401612379082698 29
0.09405173680204063 29
0.09408734981325427 29
0.09419196303369436 29
0.094227576044908 29
0.0942565116165191 29
0.09429212462773275 29
0.09439673784817283 29
0.094454608991395 29
0.09449022200260865 29
0.0945258350138223 29
0.09456144802503595 29
0.0945970610362496 29
0.09463267404746324 29
0.09469054519068541 29
0.0947484163339076 29
0.09478402934512124 29
0.09484190048834341 29
0.09487751349955706 29
0.09490644907116814 29
0.0949420620823818 29
0.09516241758926623 29
0.09522028873248842 29
0.09535383752453959 29
0.09541170866776176 29
0.09544732167897542 29
0.09550519282219759 29
0.09566767718585985 29
0.09572554832908203 29
0.09576116134029568 29
0.09579677435150932 29
0.09582570992312041 29
0.09644003436655582 29
0.09647564737776947 29
0.09650458294938055 29
0.0965401959605942 29
0.09657580897180786 29
0.0966114219830215 29
0.09664703499423515 29
0.09675164821467523 29
0.09678726122588888 29
0.09681619679749996 29
0.09685180980871361 29
0.09695642302915371 29
0.09701429417237588 29
0.09704990718358952 29
0.09708552019480317 29
0.09712113320601681 29
0.09715674621723047 29
0.09719235922844412 29
0.09725023037166629 29
0.09730810151488846 29
0.09734371452610212 29
0.09740158566932429 29
0.09743719868053793 29
0.09746613425214902 29
0.09750174726336266 29
0.09772210277024711 29
0.09777997391346929 29
0.09791352270552046 29
0.09797139384874264 29
0.09800700685995628 29
0.09806487800317847 29
0.09822736236684072 29
0.09828523351006291 29
0.09832084652127655 29
0.0983564595324902 29
0.09838539510410128 29
0.09844326624732345 29
0.09867475082021217 30
0.09871036383142581 31
0.09884613843667785 31
0.09888175144789149 31
0.09891068701950258 31
0.09894630003071622 31
0.09898191304192987 31
0.09901752605314351 31
0.09905313906435716 31
0.09915775228479726 31
0.0991933652960109 31
0.09922230086762199 31
0.09925791387883563 31
0.09936252709927572 31
0.09942039824249789 31
0.09945601125371155 31
0.0994916242649252 31
0.09952723727613884 31
0.09956285028735248 31
0.09959846329856613 31
0.09965633444178831 31
0.09971420558501048 31
0.09974981859622413 31
0.0998076897394463 31
0.09984330275065996 31
0.09987223832227105 31
0.09990785133348469 31
0.10012820684036913 31
0.1001860779835913 31
0.10031962677564248 31
0.10037749791886466 31
0.1004131109300783 31
0.10047098207330048 31
0.10063346643696275 31
0.10069133758018492 31
0.10072695059139856 31
0.10076256360261221 31
0.10079149917422331 31
0.10082711218543695 31
0.1008627251966506 31
0.10260331111971759 31
0.10263892413093123 31
0.10266785970254233 31
0.10270347271375597 31
0.10273908572496962 31
0.10277469873618326 31
0.10281031174739691 31
0.102914924967837 31
0.10295053797905064 31
0.10297947355066174 31
0.10301508656187539 31
0.10311969978231547 31
0.10317757092553764 31
0.10321318393675129 31
0.10324879694796493 31
0.10328440995917859 31
0.10332002297039224 31
0.10335563598160588 31
0.10341350712482805 31
0.10347137826805024 31
0.10350699127926388 31
0.10356486242248605 31
0.1036004754336997 31
0.10362941100531078 31
0.10366502401652444 31
0.10388537952340887 31
0.10394325066663106 31
0.10407679945868223 31
0.1041346706019044 31
0.10417028361311806 31
0.10422815475634023 31
0.1042860258995624 32
0.10430828403157093 32
0.10434389704278459 33
0.10437951005399823 34
0.10441512306521188 34
0.10445073607642552 34
0.10448634908763917 34
0.10452196209885281 35
0.10476457573774578 36
0.1049292859146089 36
0.10496489892582254 36
0.10499383449743364 36
0.10502944750864729 36
0.10506506051986093 36
0.10510067353107458 36
0.10513628654228822 36
0.10524089976272831 36
0.10527651277394195 36
0.10530544834555305 36
0.1053410613567667 36
0.10544567457720679 36
0.10550354572042896 36
0.1055391587316426 36
0.10557477174285625 36
0.1056103847540699 36
0.10564599776528355 36
0.1056816107764972 36
0.10573948191971937 36
0.10579735306294155 36
0.1058329660741552 36
0.10589083721737737 36
0.10592645022859101 36
0.1059553858002021 36
0.10599099881141576 36
0.10621135431830019 36
0.10626922546152237 36
0.10640277425357354 36
0.10646064539679571 36
0.10649625840800937 36
0.10655412955123154 36
0.10658974256244519 36
0.10675222692610746 36
0.10681009806932963 36
0.10684571108054328 36
0.10688132409175692 36
0.106910259663368 36
0.10694587267458165 36
0.10698148568579531 36
0.10803874695620044 36
0.10807435996741409 36
0.10810329553902519 36
0.10813890855023883 36
0.10817452156145248 36
0.10821013457266612 36
0.10824574758387977 36
0.10835036080431985 36
0.1083859738155335 36
0.1084149093871446 36
0.10845052239835824 36
0.10855513561879833 36
0.1086130067620205 36
0.10864861977323415 36
0.1086842327844478 36
0.10871984579566145 36
0.1087554588068751 36
0.10879107181808874 36
0.10884894296131091 36
0.1089068141045331 36
0.10894242711574674 36
0.10900029825896891 36
0.10903591127018256 36
0.10906484684179366 36
0.1091004598530073 36
0.10932081535989174 36
0.10937868650311391 36
0.10951223529516509 36
0.10957010643838727 36
0.10960571944960092 36
0.10966359059282309 36
0.10969920360403673 36
0.109861687967699 36
0.10991955911092118 36
0.10995517212213482 36
0.10999078513334846 36
0.11001972070495955 36
0.11005533371617321 36
0.11009094672738685 36
0.11014881787060903 36
0.11018443088182267 36
0.11022004389303632 36
0.11025565690424997 37
0.11031352804747215 37
0.11077204556684785 38
0.11090782017209988 38
0.11094343318331353 38
0.11097236875492461 38
0.11100798176613826 38
0.1110435947773519 38
0.11107920778856556 38
0.1111148207997792 38
0.11121943402021929 38
0.11125504703143294 38
0.11128398260304402 38
0.11131959561425767 38
0.11142420883469775 38
0.11148207997791994 38
0.11151769298913358 38
0.11155330600034723 38
0.11158891901156087 38
0.11162453202277452 38
0.11166014503398816 38
0.11171801617721035 38
0.11177588732043252 38
0.11181150033164616 38
0.11186937147486835 38
0.111904984486082 38
0.11193392005769308 38
0.11196953306890672 38
0.11218988857579117 38
0.11224775971901334 38
0.11238130851106452 38
0.1124391796542867 38
0.11247479266550034 38
0.11253266380872251 38
0.11256827681993617 38
0.11273076118359843 38
0.1127886323268206 38
0.11282424533803426 38
0.1128598583492479 38
0.11288879392085899 38
0.11292440693207263 38
0.11296001994328628 38
0.11299563295449992 38
0.11446466966706287 38
0.11450028267827651 38
0.1145292182498876 38
0.11456483126110124 38
0.11460044427231489 38
0.11463605728352853 38
0.11467167029474218 38
0.11477628351518228 38
0.11481189652639592 38
0.11484083209800701 38
0.11487644510922065 38
0.11498105832966074 38
0.11503892947288291 38
0.11507454248409657 38
0.11511015549531022 38
0.11514576850652386 38
0.1151813815177375 38
0.11521699452895115 38
0.11527486567217334 38
0.1153327368153955 38
0.11536834982660915 38
0.11542622096983132 38
0.11546183398104498 38
0.11549076955265607 38
0.11552638256386971 38
0.11574673807075415 38
0.11580460921397633 38
0.1159381580060275 38
0.11599602914924968 38
0.11603164216046333 38
0.1160895133036855 38
0.11612512631489914 38
0.11628761067856141 38
0.11634548182178359 38
0.11638109483299723 38
0.11641670784421088 38
0.11644564341582198 38
0.11648125642703562 38
0.11651686943824927 38
0.11655248244946291 38
0.11732038800375717 38
0.11735600101497082 38
0.1173849365865819 38
0.11742054959779555 38
0.11745616260900921 38
0.11749177562022285 38
0.1175273886314365 38
0.11763200185187658 38
0.11766761486309023 38
0.11769655043470131 38
0.11773216344591496 38
0.11783677666635506 38
0.11789464780957723 38
0.11793026082079087 38
0.11796587383200452 38
0.11800148684321816 38
0.11803709985443182 38
0.11807271286564547 38
0.11813058400886764 38
0.11818845515208981 38
0.11822406816330347 38
0.11828193930652564 38
0.11831755231773929 38
0.11834648788935037 38
0.11838210090056402 38
0.11860245640744846 38
0.11866032755067064 38
0.11879387634272182 38
0.11885174748594399 38
0.11888736049715763 38
0.11894523164037982 38
0.11898084465159346 38
0.11903871579481563 38
0.11907432880602928 38
0.11935923289573845 38
0.11939484590695211 38
0.11943045891816575 39
0.1194660719293794 40
0.1196975565022681 41
0.11975542764549028 41
0.11979104065670393 41
0.11982665366791757 41
0.11986226667913122 41
0.11989787969034486 42
0.12016052564804551 42
0.12019613865925916 42
0.12100856047757048 42
0.12104417348878413 42
0.12107310906039521 42
0.12110872207160886 42
0.1211443350828225 42
0.12117994809403615 42
0.12121556110524981 42
0.1213201743256899 42
0.12135578733690354 42
0.12138472290851463 42
0.12142033591972827 42
0.12152494914016836 42
0.12158282028339054 42
0.12161843329460419 42
0.12165404630581783 42
0.12168965931703148 42
0.12172527232824512 42
0.12176088533945877 42
0.12181875648268095 42
0.12187662762590312 42
0.12191224063711677 42
0.12197011178033895 42
0.1220057247915526 42
0.12203466036316368 42
0.12207027337437733 42
0.12229062888126177 42
0.12234850002448394 42
0.1228804693794878 42
0.12291608239070144 42
0.12294501796231252 42
0.12298063097352618 42
0.12301624398473983 42
0.12305185699595347 42
0.12308747000716712 42
0.1231920832276072 42
0.12322769623882085 42
0.12325663181043194 42
0.1232922448216456 42
0.13508905478616612 42
0.13512466779737978 42
0.13515360336899085 42
0.1351892163802045 42
0.13522482939141817 42
0.1352604424026318 42
0.13529605541384546 42
0.13540066863428554 42
0.1354585397775077 42
0.13549415278872137 42
0.135529765799935 42
0.13556537881114866 42
0.1356009918223623 42
0.13563660483357595 42
0.13569447597679812 42
0.1357523471200203 42
0.13578796013123395 42
0.13599273494571243 42
0.13602834795692606 43
0.13608621910014823 43
0.13610847723215677 43
0.1361440902433704 43
0.13617970325458406 43
0.13621531626579772 43
0.13625092927701135 44
0.13630880042023352 44
0.13633105855224206 44
0.13636667156345572 44
0.13640228457466935 44
0.136437897585883 45
0.13649576872910518 45
0.1365313817403188 45
0.13683186652243398 46
0.13688973766565615 46
0.13691199579766467 46
0.13694760880887832 46
0.13698322182009198 46
0.1370188348313056 46
0.13705444784251927 46
0.1370900608537329 46
0.13714125455735252 47
0.13719912570057471 47
0.13723473871178835 48
0.137270351723002 49
0.13732822286622418 50
0.13754190093350604 51
0.1375775139447197 52
0.13763538508794187 52
0.13767099809915553 52
0.13770661111036916 52
0.13774222412158282 53
0.137800095264805 53
0.13783570827601865 53
0.13787132128723228 53
0.13790693429844594 53
0.13836990344422334 54
0.1384277745874455 54
0.13846338759865917 54
0.13849900060987283 54
0.13853461362108646 54
0.13857022663230012 54
0.13887961466721868 54
0.1389152276784323 54
0.13895084068964597 54
0.14010381192768778 54
0.14013942493890144 54
0.14017503795011507 54
0.14021065096132873 54
0.14024626397254236 55
0.14030413511576453 55
0.1404621678530251 55
0.14049778086423875 55
0.14053339387545238 55
0.14056900688666604 55
0.1406046198978797 55
0.14064023290909333 55
0.140675845920307 56
0.14073371706352916 56
0.14076933007474282 56
0.14080494308595645 56
0.1408405560971701 57
0.14089842724039228 57
0.1409340402516059 57
0.14096965326281957 57
0.14119446039610573 57
0.14123007340731936 57
0.14126568641853302 57
0.14130129942974665 57
0.1413369124409603 58
0.14137252545217396 58
0.14179320414713514 59
0.14185107529035734 59
0.14188001086196841 59
0.14191562387318207 59
0.1419512368843957 59
0.14198684989560936 59
0.14202246290682302 59
0.14205807591803665 59
0.1420936889292503 59
0.14212930194046394 59
0.1421649149516776 59
0.14220052796289123 59
0.1422361409741049 59
0.14227175398531855 59
0.14230736699653218 59
0.14234298000774584 59
0.14237859301895947 59
0.14241420603017313 60
0.14244981904138676 61
0.14250769018460896 61
0.1425433031958226 61
0.14257891620703625 61
0.14261452921824988 62
0.14304633697921534 62
0.143081949990429 62
0.14311756300164266 63
0.14317543414486483 63
0.14321104715607846 63
0.14324666016729212 63
0.14358498377382176 63
0.14361614515863372 64
0.1436740163018559 64
0.14370962931306952 64
0.14374524232428318 65
0.14380311346750535 65
0.14671670294742184 66
0.146774574090644 66
0.14681018710185767 66
0.1468458001130713 66
0.14688141312428496 66
0.1469170261354986 67
0.1472909627532419 68
0.14734883389646408 68
0.1473844469076777 68
0.14742005991889137 68
0.147455672930105 68
0.14749128594131866 68
0.1478296095478483 69
0.14796538415310034 69
0.14800099716431397 69
0.14802993273592507 69
0.1480655457471387 69
0.14810115875835236 69
0.14813677176956602 69
0.14817238478077965 69
0.14827699800121974 69
0.1483348691444419 69
0.14837048215565557 69
0.14840609516686923 69
0.14844170817808286 69
0.14847732118929652 69
0.14851293420051015 69
0.1485485472117238 69
0.14858416022293744 69
0.1486197732341511 69
0.14875332202620228 69
0.14881119316942445 69
0.14884680618063809 69
0.14888241919185174 69
0.14891135476346284 69
0.14894696777467648 69
0.14898258078589013 69
0.14901819379710377 69
0.15061187604891446 69
0.15064748906012812 69
0.15067642463173922 69
0.15071203764295285 69
0.1507476506541665 69
0.15078326366538014 69
0.1508188766765938 69
0.15092348989703389 69
0.15098136104025606 69
0.15101697405146972 69
0.15105258706268335 69
0.151088200073897 69
0.15112381308511064 69
0.1511594260963243 69
0.15119503910753793 69
0.15123065211875159 69
0.15126626512996524 69
0.1513998139220164 69
0.15145768506523857 69
0.15149329807645223 69
0.1515289110876659 69
0.15155784665927696 69
0.15159345967049062 69
0.15162907268170425 69
0.1516646856929179 69
0.15172255683614008 69
0.15175816984735374 69
0.15179378285856737 69
0.15182939586978103 69
0.15186500888099466 69
0.15190062189220832 69
0.15193623490342195 69
0.15225230037794307 69
0.15228791338915673 70
0.1523457845323789 70
0.15238139754359256 70
0.15259284979767357 70
0.15262846280888723 70
0.1526640758201009 70
0.15269968883131452 70
0.15273530184252818 70
0.1527709148537418 70
0.15280652786495547 70
0.15359669155125824 70
0.1536323045624719 70
0.153661240134083 70
0.15369685314529663 70
0.1537324661565103 70
0.15376807916772392 70
0.15380369217893758 70
0.1538393051901512 70
0.15387491820136487 71
0.1552437933198894 72
0.1597978071288345 72
0.15985567827205668 72
0.15989129128327034 72
0.159926904294484 72
0.15996251730569763 72
0.1599981303169113 72
0.16003374332812492 72
0.16006935633933858 72
0.1601049693505522 72
0.16014058236176587 72
0.16027413115381706 72
0.16071261635438508 72
0.16077048749760725 72
0.1608061005088209 72
0.16084171352003454 72
0.1608773265312482 72
0.16091293954246183 72
0.1609485525536755 72
0.16098416556488912 72
0.16101977857610278 72
0.16105539158731644 72
0.16108655297212837 73
0.16114442411535054 73
0.16117335968696164 73
0.16120897269817527 73
0.16124458570938893 73
0.16128019872060256 74
0.16131581173181622 74
0.16135142474302985 75
0.16140929588625205 75
0.16144490889746568 75
0.16148052190867934 76
0.1615383930519015 76
0.1615673286235126 76
0.16160294163472624 76
0.1616385546459399 76
0.16167416765715353 76
0.1617097806683672 76
0.16174539367958082 76
0.16178100669079448 77
0.16183887783401665 77
0.1618744908452303 77
0.16191010385644394 77
0.1619457168676576 77
0.16198132987887123 78
0.16203920102209343 78
0.16207481403330706 78
0.16211042704452072 78
0.16214604005573435 78
0.162181653066948 78
0.16221726607816164 78
0.1622528790893753 78
0.16228849210058896 78
0.1623241051118026 78
0.16235971812301625 78
0.16239533113422988 78
0.16243094414544354 79
0.1624888152886657 79
0.16252442829987937 79
0.162560041311093 79
0.16259565432230666 79
0.1626312673335203 79
0.16266688034473395 80
0.16272475148795612 80
0.16276036449916978 80
0.1627959775103834 80
0.16283159052159707 80
0.1634347858990282 81
0.16349265704225038 82
0.16355052818547255 82
0.1635861411966862 82
0.16362175420789984 82
0.1636573672191135 82
0.16369298023032716 82
0.1637285932415408 82
0.16376420625275445 82
0.16379981926396808 82
0.16383543227518174 82
0.16387104528639537 82
0.16390665829760903 82
0.1639422713088227 82
0.16397788432003632 82
0.16401349733124998 83
0.16407136847447215 83
0.16410698148568578 83
0.16414259449689944 83
0.1641782075081131 83
0.16421382051932673 83
0.1642494335305404 83
0.16428504654175402 83
0.16454991831265553 84
0.1646077894558777 84
0.16464340246709136 84
0.164679015478305 84
0.16471462848951865 84
0.16475024150073228 84
0.16478585451194594 84
0.1648214675231596 84
0.16514198462408242 84
0.16517759763529605 84
0.1667178603702863 84
0.16675347338149993 84
0.1667890863927136 84
0.1672142167140765 85
0.16727208785729866 85
0.16730770086851232 85
0.16734331387972595 85
0.1673789268909396 85
0.16741453990215324 85
0.16783076697071275 86
0.16788863811393492 86
0.16792425112514858 87
0.16798212226837075 87
0.16814015500563131 87
0.16817576801684495 87
0.1682113810280586 87
0.16824699403927224 87
0.1682826070504859 87
0.16831822006169955 87
0.1688880282411179 87
0.16892364125233153 87
0.17043719422891154 88
0.17049506537213371 88
0.17053067838334734 88
0.170566291394561 88
0.17060190440577466 88
0.1706375174169883 88
0.17067313042820195 88
0.17070874343941558 88
0.17074435645062924 88
0.17077996946184287 88
0.17081558247305653 88
0.1708511954842702 88
0.17088680849548382 88
0.17205313461273075 88
0.1720887476239444 89
0.17214661876716658 89
0.17218223177838024 89
0.17221784478959387 89
0.17225345780080753 89
0.17228907081202116 89
0.17232468382323482 89
0.17236029683444848 89
0.1723959098456621 89
0.17243152285687577 89
0.1724671358680894 89
0.17447036774885705 90
0.17452823889207922 90
0.17456385190329288 90
0.1745994649145065 90
0.17463507792572017 90
0.17506020824708307 91
0.17528278956716836 91
0.17534066071039053 91
0.1753762737216042 91
0.17541188673281782 91
0.17544749974403148 91
0.17548311275524514 91
0.17551872576645877 91
0.17555433877767243 91
0.17558995178888606 91
0.17562556480009972 91
0.17565672618491165 91
0.17571459732813383 91
0.17574353289974493 91
0.17577914591095856 91
0.17581475892217222 91
0.17585037193338587 91
0.1758859849445995 91
0.17592159795581316 91
0.17597946909903533 91
0.17601508211024897 91
0.17605069512146262 91
0.1761085662646848 91
0.1761375018362959 91
0.17617311484750953 91
0.17620872785872319 91
0.17624434086993684 91
0.17627995388115048 91
0.17631556689236413 91
0.17635117990357776 91
0.17638679291479142 91
0.17642240592600505 91
0.1766427614328895 91
0.17726376331592747 91
0.17732163445914964 91
0.1773572474703633 91
0.17739286048157693 91
0.1774284734927906 91
0.17746408650400425 91
0.17749969951521788 91
0.17753531252643154 91
0.17757092553764517 91
0.17760653854885883 91
0.17763769993367076 91
0.17769557107689293 91
0.17772450664850403 91
0.1777601196597177 91
0.17779573267093132 91
0.17783134568214498 91
0.1778669586933586 91
0.17790257170457227 91
0.17796044284779444 91
0.1779960558590081 91
0.17803166887022173 91
0.1780895400134439 91
0.178118475585055 91
0.17815408859626863 91
0.1781897016074823 91
0.17822531461869595 91
0.17826092762990958 91
0.17829654064112324 91
0.17833215365233687 91
0.17836776666355053 91
0.17840337967476416 91
0.17862373518164862 91
0.17924473706468658 91
0.17930260820790875 91
0.1793382212191224 91
0.17937383423033607 91
0.1794094472415497 91
0.17944506025276336 91
0.179480673263977 91
0.17951628627519065 91
0.17955189928640428 91
0.17958751229761793 91
0.17961867368242987 91
0.17967654482565204 91
0.17970548039726314 91
0.1797410934084768 91
0.17977670641969043 91
0.1798123194309041 91
0.17984793244211772 91
0.17988354545333138 91
0.17994141659655355 91
0.1799770296077672 91
0.18001264261898084 91
0.180070513762203 91
0.1800994493338141 91
0.18013506234502777 91
0.1801706753562414 91
0.18020628836745506 91
0.1802419013786687 91
0.18027751438988235 91
0.18031312740109598 91
0.18034874041230964 91
0.1803843534235233 91
0.18060470893040773 91
0.18122571081344568 91
0.18128358195666786 91
0.18131919496788151 91
0.18135480797909517 91
0.1813904209903088 91
0.18142603400152246 91
0.1814616470127361 91
0.18149726002394975 91
0.18153287303516338 91
0.18156848604637704 91
0.18159964743118898 91
0.18165751857441115 91
0.18168645414602225 91
0.1817220671572359 91
0.18175768016844954 91
0.1817932931796632 91
0.18182890619087683 91
0.18186451920209049 91
0.18192239034531266 91
0.18195800335652632 91
0.18199361636773995 91
0.18205148751096212 91
0.18208042308257322 91
0.18211603609378688 91
0.1821516491050005 91
0.18218726211621417 91
0.1822228751274278 91
0.18225848813864146 91
0.1822941011498551 91
0.18232971416106875 91
0.1823653271722824 91
0.18258568267916683 91
0.1832066845622048 91
0.183264555705427 91
0.18330016871664062 91
0.18333578172785428 91
0.1833713947390679 91
0.18340700775028157 91
0.1834426207614952 91
0.18347823377270886 91
0.18351384678392252 91
0.18354945979513615 91
0.18358062117994808 91
0.18363849232317028 91
0.18366742789478135 91
0.183703040905995 91
0.18373865391720864 91
0.1837742669284223 91
0.18380987993963593 91
0.1838454929508496 91
0.18390336409407176 91
0.18393897710528542 91
0.18397459011649905 91
0.18403246125972125 91
0.18406139683133232 91
0.18409700984254598 91
0.18413262285375961 91
0.18416823586497327 91
0.1842038488761869 91
0.18423946188740056 91
0.18427507489861422 91
0.18431068790982785 91
0.1843463009210415 91
0.18437746230585345 91
0.1855994337531217 92
0.18565730489634388 92
0.18569291790755751 92
0.18720424507093666 93
0.18726211621415884 93
0.1872977292253725 93
0.18772063373353454 94
0.1877517951183465 95
0.18780966626156867 95
0.1878452792727823 95
0.18788089228399596 95
0.18791650529520962 95
0.18795211830642325 95
0.1879877313176369 95
0.18802334432885054 95
0.1880589573400642 95
0.18809457035127783 95
0.18861318482707656 95
0.18998651157200283 96
0.190044382715225 96
0.19007999572643866 96
0.1901156087376523 96
0.19015122174886595 96
0.19018683476007958 96
0.19022244777129324 96
0.1902580607825069 96
0.19029367379372053 97
0.1903515449369427 97
0.19038715794815636 97
0.19042277095937002 97
0.19045838397058365 98
0.19051625511380582 98
0.19055186812501948 98
0.1905874811362331 98
0.19062309414744677 98
0.19065870715866043 98
0.19069432016987406 98
0.19225016359727026 99
0.19230803474049243 99
0.1923436477517061 99
0.19237926076291972 99
0.19241487377413338 99
0.192450486785347 99
0.19248609979656067 99
0.19252171280777433 99
0.19255732581898796 99
0.1932272955924447 100
0.19325845697725663 100
0.194720816250217 101
0.1947786873934392 101
0.19481430040465283 101
0.1948499134158665 102
0.19490778455908866 102
0.19494339757030232 102
0.19497901058151595 102
0.1950146235927296 102
0.19544197972729338 103
0.19549985087051555 103
0.19553546388172918 103
0.19557107689294284 103
0.19560668990415647 104
0.19566456104737867 104
0.1957001740585923 104
0.19573578706980596 104
0.1957714000810196 104
0.19580701309223325 105
0.19586488423545542 105
0.19590049724666908 105
0.1959361102578827 105
0.19597172326909637 105
0.19600733628031 105
0.19604294929152366 106
0.19610082043474583 106
0.1961364334459595 106
0.19617204645717312 106
0.19640798265646353 106
0.1968531452966341 106
0.19774569639017614 107
0.19780356753339834 107
0.19783918054461197 107
0.19787479355582563 107
0.19791040656703926 108
0.19796827771026143 108
0.198126310447522 108
0.19816192345873565 108
0.1981975364699493 108
0.19823314948116294 109
0.1982910206243851 109
0.19832663363559877 109
0.1983622466468124 109
0.19839785965802606 109
0.19879182859457703 109
0.1988274416057907 110
0.19888531274901286 110
0.1989209257602265 110
0.19895653877144015 110
0.19899215178265378 110
0.19902776479386744 110
0.1990633778050811 110
0.2009731255314129 111
0.2010309966746351 111
0.20106660968584872 111
0.20110222269706238 111
0.2014360946771903 111
0.20147170768840394 112
0.20152957883162614 112
0.20365745625164153 113
0.20371532739486373 113
0.20375094040607736 114
0.20380881154929953 115
0.2038666826925217 115
0.20390229570373536 116
0.20396016684695753 116
0.2039957798581712 116
0.20415381259543175 116
0.20418942560664538 116
0.20422503861785904 116
0.20426065162907267 116
0.20429626464028633 116
0.2043318776515 116
0.20463681406001683 116
0.20534907428428978 116
0.2053846872955034 117
0.20544255843872558 117
0.20547817144993924 117
0.20551378446115287 117
0.20554939747236653 117
0.20695165978890387 118
0.20700953093212604 118
0.2070451439433397 118
0.20708075695455336 118
0.207116369965767 119
0.20717424110898916 119
0.20720985412020282 119
0.20724546713141645 119
0.2072810801426301 119
0.20731669315384377 119
0.20811130846654827 120
0.20816917960977044 120
0.20820479262098407 120
0.20824040563219773 121
0.2082982767754199 121
0.20833388978663356 121
0.2083695027978472 121
0.20840511580906085 122
0.20846298695228302 122
0.20849859996349665 122
0.2085342129747103 122
0.20884360100962887 123
0.20890147215285104 123
0.2089370851640647 123
0.20897269817527833 123
0.209008311186492 124
0.20906618232971416 124
0.20910179534092782 124
0.20913740835214145 124
0.2091730213633551 125
0.20923089250657728 125
0.2092665055177909 125
0.20978511999358965 125
0.21028147633737987 126
0.21033934748060204 126
0.21037496049181567 126
0.21041057350302933 126
0.210446186514243 126
0.21048179952545662 126
0.2124316118894038 127
0.21248948303262596 128
0.21254735417584814 128
0.21257628974745924 128
0.2126119027586729 128
0.21264751576988652 128
0.21268312878110018 128
0.21271874179231381 128
0.21275435480352747 128
0.2127899678147411 128
0.21282558082595476 129
0.21286119383716842 129
0.21289680684838205 129
0.2129324198595957 129
0.21296803287080934 129
0.213003645882023 129
0.21303925889323663 129
0.2130748719044503 129
0.21311048491566395 129
0.21314609792687758 129
0.21318171093809124 129
0.21321732394930487 129
0.21325293696051853 129
0.21328854997173216 129
0.21332416298294582 129
0.21335977599415948 129
0.2133953890053731 130
0.21342655039018504 131
0.21362019613865926 131
0.21367806728188143 131
0.2137136802930951 131
0.21374929330430872 131
0.21378490631552238 131
0.213820519326736 131
0.21385613233794967 131
0.2138917453491633 131
0.21392735836037696 131
0.21396297137159062 131
0.21399413275640256 131
0.2140297457676162 131
0.21406535877882985 131
0.2141009717900435 131
0.21413658480125713 131
0.2141721978124708 131
0.21420781082368442 131
0.21424342383489808 131
0.21430129497812025 131
0.21435916612134243 131
0.21438810169295353 131
0.21442371470416716 131
0.21445932771538082 131
0.21449494072659447 131
0.2145305537378081 131
0.21456616674902176 131
0.2146017797602354 131
0.21463739277144905 131
0.21467300578266268 131
0.21470861879387634 131
0.21474423180509 131
0.21477984481630363 131
0.2148154578275173 131
0.21485107083873092 131
0.21488668384994458 131
0.2149222968611582 131
0.21495790987237187 131
0.21499352288358553 131
0.21502913589479916 131
0.21506474890601282 131
0.21510036191722645 131
0.2151359749284401 131
0.21517158793965374 131
0.2152072009508674 131
0.21523836233567933 131
0.2154297822709527 131
0.21641136589252882 131
0.21646923703575102 131
0.21650485004696465 131
0.2165404630581783 131
0.21657607606939194 131
0.2166116890806056 131
0.21664730209181923 131
0.2166829151030329 131
0.21671852811424655 131
0.21675414112546018 131
0.21678530251027212 131
0.21682091552148577 131
0.21685652853269943 131
0.21689214154391306 131
0.21692775455512672 131
0.21696336756634035 131
0.216998980577554 131
0.21703459358876764 131
0.21709246473198984 131
0.217150335875212 131
0.21717927144682309 131
0.21721488445803674 131
0.2172504974692504 131
0.21728611048046403 131
0.2173217234916777 131
0.21735733650289132 131
0.21739294951410498 131
0.2174285625253186 131
0.21746417553653227 131
0.21749978854774593 131
0.21753540155895956 131
0.21757101457017322 131
0.21760662758138685 131
0.2176422405926005 131
0.21767785360381414 131
0.2177134666150278 131
0.21774907962624146 131
0.2177846926374551 131
0.21782030564866875 131
0.21785591865988238 131
0.21789153167109604 131
0.21792714468230967 131
0.21796275769352333 131
0.217998370704737 131
0.21802953208954892 131
0.21822095202482228 131
0.2187729536986338 131
0.21922924540480865 131
0.21928711654803082 131
0.21932272955924448 131
0.2193583425704581 131
0.21939395558167177 131
0.2194295685928854 131
0.21946518160409906 131
0.21950079461531272 131
0.21953640762652635 131
0.21957202063774 131
0.21960318202255194 131
0.2196387950337656 131
0.21967440804497923 131
0.2197100210561929 131
0.21974563406740652 131
0.21978124707862018 131
0.2198168600898338 131
0.21985247310104747 131
0.21991034424426964 131
0.2199682153874918 131
0.2199971509591029 131
0.22003276397031654 131
0.2200683769815302 131
0.22010398999274386 131
0.2201396030039575 131
0.22017521601517115 131
0.22021082902638478 131
0.22024644203759844 131
0.22028205504881207 131
0.22031766806002573 131
0.2203532810712394 131
0.22038889408245302 131
0.22042450709366668 131
0.2204601201048803 131
0.22049573311609397 131
0.2205313461273076 131
0.22056695913852126 131
0.22060257214973492 131
0.22063818516094855 131
0.2206737981721622 131
0.22070941118337584 131
0.2207450241945895 131
0.22078063720580313 131
0.22081625021701679 131
0.22084741160182872 131
0.22278832071297247 131
0.22282393372418613 131
0.2228595467353998 131
0.22324461241914734 132
0.223280225430361 133
0.22331583844157463 134
0.2233737095847968 134
0.22340932259601046 134
0.2234449356072241 134
0.22364080716889917 135
0.22369867831212134 135
0.22373429132333497 135
0.22376990433454863 135
0.22380551734576226 136
0.22386338848898446 136
0.2238990015001981 136
0.22393461451141175 136
0.22417945396350555 137
0.22423732510672775 137
0.23462074368870667 137
0.23465635669992033 137
0.23469196971113396 137
0.23472758272234762 137
