0.22643197692276873 0
0.2264475576151747 0
0.23981356588629657 0
0.23982246913909996 0
0.24053472936337292 0
0.2405436326161763 0
0.24085747227749657 0
0.2408663755303 0
0.2408752787831034 0
0.24574758387977047 0
0.2457564871325739 0
0.24576539038537729 0
0.24844526947920423 0
0.2484608501716102 0
0.24847643086401616 0
0.24848533411681958 0
0.2560352924941127 0
0.2560508731865187 0
0.2560597764393221 0
0.25606867969212554 0
0.25977911029794737 0
0.2597902393639516 0
0.259799142616755 0
0.26311783009922673 0
0.2631267333520302 0
0.26654113080213854 0
0.2665722921869505 0
0.2665811954397539 0
0.2691030417963203 0
0.26913420318113224 0
0.26914310643393563 0
0.27164937209809603 0
0.271680533482908 0
0.2716894367357114 0
0.2741957023998718 0
0.27420683146587604 0
0.2742157347186795 0
0.3186719017793151 0
0.31868303084531935 0
0.31869193409812274 0
0.31870083735092614 0
0.3187097406037296 0
0.3242030475834346 0
0.32421417664943886 0
0.32422975734184484 0
0.32423866059464823 0
0.3486001860779836 0
0.34861131514398785 0
0.34862021839679125 0
0.3486291216495947 0
0.3486380249023981 0
0.35346358792184723 0
0.3534747169878515 0
0.35349029768025747 0
0.3534992009330609 0
0.37759362883229386 0
0.3776047578982981 0
0.37761366115110157 0
0.37762256440390496 0
0.37763146765670835 0
0.38245703067615755 0
0.3824681597421618 0
0.3824837404345678 0
0.3824926436873712 0
0.40659597483940757 0
0.4066071039054118 0
0.4066160071582153 0
0.40662491041101867 0
0.40663381366382206 0
0.41145937668327126 0
0.4114705057492755 0
0.41148608644168144 0
0.4114949896944849 0
0.4356072240993247 0
0.43561835316532893 0
0.4356272564181324 0
0.4356361596709358 0
0.43564506292373917 0
0.44047062594318837 0
0.4404817550091926 0
0.4404973357015986 0
0.440506238954402 0
0.5015269078557851 0
0.5015380369217893 0
0.5015469401745928 0
0.5015558434273962 0
0.5015647466801996 0
0.5063903096996488 0
0.506401438765653 0
0.506417019458059 0
0.5064259227108624 0
0.530782996567796 0
0.5307941256338004 0
0.5308030288866037 0
0.5308119321394071 0
0.5308208353922106 0
0.5356463984116597 0
0.5356575274776639 0
0.53567310817007 0
0.5356820114228733 0
0.5597986974541148 0
0.5598098265201191 0
0.5598187297729226 0
0.5598276330257259 0
0.5598365362785294 0
0.5646620992979785 0
0.5646732283639828 0
0.5646888090563887 0
0.5646977123091922 0
0.588823301593237 0
0.5888344306592413 0
0.5888433339120448 0
0.5888522371648481 0
0.5888611404176516 0
0.5936867034371007 0
0.593697832503105 0
0.593713413195511 0
0.5937223164483144 0
0.6178568089851627 0
0.617867938051167 0
0.6178768413039704 0
0.6178857445567738 0
0.6178946478095773 0
0.6227202108290264 0
0.6227313398950306 0
0.6227469205874366 0
0.6227558238402401 0
0.6843129137230287 0
0.684324042789033 0
0.6843329460418364 0
0.6843418492946398 0
0.6843507525474432 0
0.6891763155668924 0
0.6891874446328966 0
0.6892030253253026 0
0.689211928578106 0
0.7135912605670481 0
0.7136023896330524 0
0.7136112928858559 0
0.7136201961386592 0
0.7136290993914627 0
0.7184546624109118 0
0.7184657914769161 0
0.7184813721693221 0
0.7184902754221255 0
0.7426292195853755 0
0.7426403486513797 0
0.7426492519041832 0
0.7426581551569866 0
0.74266705840979 0
0.7474926214292392 0
0.7475037504952434 0
0.7475193311876495 0
0.7475282344404528 0
0.7716760818565063 0
0.7716872109225106 0
0.7716961141753139 0
0.7717050174281174 0
0.7717139206809208 0
0.77653948370037 0
0.7765506127663742 0
0.7765661934587802 0
0.7765750967115835 0
0.8007318473804405 0
0.8007429764464447 0
0.8007518796992481 0
0.8007607829520516 0
0.8007696862048549 0
0.8055952492243041 0
0.8056063782903083 0
0.8056219589827144 0
0.8056308622355177 0
0.8664712402676318 0
0.8664823693336361 0
0.8664912725864394 0
0.8665001758392429 0
0.8665090790920463 0
0.8713346421114955 0
0.8713457711774997 0
0.8713613518699057 0
0.871370255122709 0
0.8957718452436598 0
0.895782974309664 0
0.8957918775624675 0
0.8958007808152708 0
0.8958096840680743 0
0.9006352470875234 0
0.9006463761535277 0
0.9006619568459336 0
0.9006708600987371 0
0.9248320623939956 0
0.9248431914599999 0
0.9248520947128033 0
0.9248609979656067 0
0.9248699012184102 0
0.9296954642378593 0
0.9297065933038635 0
0.9297221739962696 0
0.929731077249073 0
0.953901182797135 0
0.9539123118631392 0
0.9539212151159426 0
0.953930118368746 0
0.9539390216215494 0
0.9587645846409986 0
0.9587757137070029 0
0.9587912943994088 0
0.9588001976522122 0
