0.24161870039218827 1
0.2463329727515948 1
0.24756607326486732 1
0.24917088458268227 1
0.25657393928871913 1
0.2602264987513188 1
0.26358079924500416 1
0.2670263580799245 1
0.2695882690741062 1
0.27213459937588197 1
0.27464309085324323 1
0.28281182530037347 1
0.28953823279335106 1
0.2913901093764607 1
0.29264546802174174 1
0.29490689423380834 1
0.296591834826854 1
0.298392517706344 1
0.3003178461250818 1
0.3014774948027262 1
0.3026438209199731 1
0.30381014703722004 1
0.313209756184422 1
0.313875274331477 1
0.31457417967654483 1
0.3192572906511394 1
0.3248997271153016 1
0.3337562378414954 1
0.33472001495746473 1
0.33585295387669883 1
0.336683182200617 1
0.337635830250582 1
0.3438614297733677 1
0.3445269479204227 1
0.34522585326549055 1
0.3491855749498079 1
0.3541602674537142 1
0.3629878426082969 1
0.36395161972426626 1
0.3650845586435004 1
0.3659147869674185 1
0.3668674350173836 1
0.3728504209012763 1
0.3735159390483313 1
0.37421484439339914 1
0.3781790177041182 1
0.3831537102080245 1
0.39198573698900896 1
0.39294951410497825 1
0.3940824530242124 1
0.3949126813481305 1
0.3958653293980956 1
0.4018483152819883 1
0.4025138334290433 1
0.4032127387741111 1
0.4071813637112319 1
0.4121560562151382 1
0.42099253462252434 1
0.4219563117384937 1
0.4230892506577278 1
0.42391947898164595 1
0.424872127031611 1
0.43085511291550366 1
0.4315206310625587 1
0.4322195364076265 1
0.43619261297114903 1
0.44116730547505534 1
0.45000823550884317 1
0.45097201262481246 1
0.4521049515440466 1
0.4529351798679648 1
0.4538878279179298 1
0.4967703450455624 1
0.4974358631926174 1
0.49813476853768524 1
0.5021122967276095 1
0.5070869892315157 1
0.5159167901992994 1
0.5168805673152687 1
0.5180135062345028 1
0.5188437345584209 1
0.519796382608386 1
0.5260219821311716 1
0.5266875002782266 1
0.5273864056232944 1
0.5313683854396204 1
0.5363430779435266 1
0.5451706530981094 1
0.5461344302140787 1
0.5472673691333129 1
0.548097597457231 1
0.549050245507196 1
0.5550332313910887 1
0.5556987495381438 1
0.5563976548832116 1
0.5603840863259392 1
0.5653587788298455 1
0.5741908056108299 1
0.5751545827267992 1
0.5762875216460334 1
0.5771177499699516 1
0.5780703980199166 1
0.5840533839038092 1
0.5847189020508643 1
0.5854178073959321 1
0.5894086904650614 1
0.5943833829689678 1
0.6032198613763539 1
0.6041836384923231 1
0.6053165774115573 1
0.6061468057354754 1
0.6070994537854405 1
0.6130824396693332 1
0.6137479578163882 1
0.614446863161456 1
0.6184421978569871 1
0.6234168903608933 1
0.6322578203946811 1
0.6332215975106505 1
0.6343545364298847 1
0.6351847647538028 1
0.6361374128037679 1
0.6795340927807975 1
0.6801996109278525 1
0.6808985162729203 1
0.6848983025948531 1
0.6898729950987593 1
0.698702796066543 1
0.6996665731825122 1
0.7007995121017464 1
0.7016297404256645 1
0.7025823884756296 1
0.7088079879984153 1
0.7094735061454702 1
0.7101724114905381 1
0.7141766494388725 1
0.7191513419427787 1
0.7279789170973615 1
0.7289426942133308 1
0.730075633132565 1
0.7309058614564832 1
0.7318585095064482 1
0.7378414953903408 1
0.7385070135373959 1
0.7392059188824637 1
0.7432146084571999 1
0.7481893009611061 1
0.7570213277420905 1
0.7579851048580599 1
0.7591180437772941 1
0.7599482721012122 1
0.7609009201511773 1
0.76688390603507 1
0.7675494241821249 1
0.7682483295271928 1
0.7722614707283306 1
0.7772361632322369 1
0.786072641639623 1
0.7870364187555924 1
0.7881693576748265 1
0.7889995859987446 1
0.7899522340487097 1
0.7959352199326024 1
0.7966007380796574 1
0.7972996434247253 1
0.8013172362522648 1
0.8062919287561711 1
0.8151328587899589 1
0.8160966359059282 1
0.8172295748251623 1
0.8180598031490806 1
0.8190124511990455 1
0.861670161193392 1
0.8623356793404471 1
0.8630345846855149 1
0.8670566291394561 1
0.8720313216433624 1
0.880861122611146 1
0.8818248997271153 1
0.8829578386463495 1
0.8837880669702676 1
0.8847407150202327 1
0.8909663145430183 1
0.8916318326900733 1
0.8923307380351412 1
0.8963572341154841 1
0.9013319266193904 1
0.9101595017739731 1
0.9111232788899425 1
0.9122562178091765 1
0.9130864461330948 1
0.9140390941830597 1
0.9200220800669524 1
0.9206875982140075 1
0.9213865035590753 1
0.92541745126582 1
0.9303921437697262 1
0.9392241705507107 1
0.94018794766668 1
0.9413208865859142 1
0.9421511149098323 1
0.9431037629597974 1
0.94908674884369 1
0.9497522669907451 1
0.9504511723358129 1
0.9544865716689592 1
0.9594612641728656 1
0.9682977425802517 1
0.969261519696221 1
0.9703944586154551 1
0.9712246869393732 1
0.9721773349893383 1
