0.0028802022819036936 1
0.007558861630096556 2
0.017405859230669927 3
0.018098087136135185 4
0.021948743973610758 5
0.022180228546499463 6
0.022362745228969402 7
0.022594229801858108 8
0.026996888313145208 9
0.027228372886033914 10
0.037587307522803454 11
0.0378121146560896 12
0.03803692178937575 13
0.03826172892266189 14
0.06543890810507619 15
0.06581507053602033 16
0.06603987766930648 17
0.07332273846249728 18
0.0873520390674733 19
0.088188944830994 20
0.09294105601481502 21
0.15492995365856915 22
