0.12428273169602515 0
0.12436508678445671 0
0.12445189349928996 0
0.12453647440092237 0
0.12467670063257612 0
0.12488370126025543 0
0.12571615539737444 0
0.12579851048580598 0
0.12588531720063925 0
0.12596989810227166 0
0.1261101243339254 0
0.12631267333520302 0
0.127145127472322 0
0.12722748256075356 0
0.12731428927558683 0
0.12739887017721924 0
0.12753909640887298 0
0.1277416454101506 0
0.12854738978885935 0
0.12862974487729092 0
0.1287165515921242 0
0.1288011324937566 0
0.12894135872541032 0
0.12914390772668793 0
0.12997636186380696 1
0.1300587169522385 2
0.13014552366707177 3
0.13023010456870418 4
0.1303703308003579 4
0.13057287980163554 4
0.23354345009949384 4
0.23376825723278 4
0.23385951557401496 4
0.23515493885691138 4
0.23533968135258215 4
0.2393149837293055 4
0.2394529841477584 4
0.2396310492038266 4
0.2770625498025704 4
0.27714713070420277 4
0.277794842345651 4
0.2779795848413218 4
0.27815764989739 4
0.2783134568214497 4
0.2785983609111589 4
0.2816811121943402 4
0.2817656930959726 4
0.28199717766886134 4
0.3058222821707911 4
0.31735867199081186 4
0.31757457587129456 4
0.3181777712487257 4
0.3183157716671786 4
0.3184938367232468 4
0.3295761606502936 4
0.329660741551926 4
0.3299300649492292 4
0.3301148074449 4
0.3302928725009682 4
0.3304486794250279 4
0.3307335835147371 4
0.3474472148399418 4
0.3476631187204245 4
0.34810605554739427 4
0.3482440559658471 4
0.34842212102191533 4
0.35883670098870624 4
0.3589212818903386 4
0.35919060528764185 4
0.35937534778331265 4
0.35955341283938086 4
0.35970921976344056 4
0.3599941238531498 4
0.37644065759425205 4
0.3766565614747348 4
0.3770994983017045 4
0.3772374987201574 4
0.37741556377622565 4
0.3878301437430165 4
0.38791472464464893 4
0.3881840480419521 4
0.3883687905376229 4
0.3885468555936912 4
0.3887026625177509 4
0.38898756660746003 4
0.40544300360136576 4
0.4056589074818485 4
0.40610184430881824 4
0.4062398447272711 4
0.40641790978333936 4
0.4168324897501302 4
0.41691707065176264 4
0.4171863940490658 4
0.4173711365447366 4
0.41754920160080483 4
0.4177050085248646 4
0.41798991261457374 4
0.43445425286128286 4
0.4346701567417656 4
0.43511309356873534 4
0.4352510939871882 4
0.43542915904325646 4
0.4458437390100473 4
0.44592831991167975 4
0.4461976433089829 4
0.4463823858046537 4
0.446560450860722 4
0.4467162577847817 4
0.44700116187449085 4
0.5003739366177433 4
0.5005898404982261 4
0.5010327773251958 4
0.5011707777436486 4
0.5013488427997169 4
0.5117634227665078 4
0.5118480036681402 4
0.5121173270654433 4
0.5123020695611141 4
0.5124801346171823 4
0.5126359415412421 4
0.5129208456309513 4
0.5296300253297542 4
0.529845929210237 4
0.5302888660372067 4
0.5304268664556596 4
0.5306049315117278 4
0.5410195114785187 4
0.5411040923801511 4
0.5413734157774543 4
0.541558158273125 4
0.5417362233291934 4
0.541892030253253 4
0.5421769343429622 4
0.558645726216073 4
0.5588616300965558 4
0.5593045669235255 4
0.5594425673419784 4
0.5596206323980466 4
0.5700352123648375 4
0.5701197932664699 4
0.5703891166637731 4
0.5705738591594439 4
0.5707519242155121 4
0.5709077311395718 4
0.571192635229281 4
0.5876703303551952 4
0.587886234235678 4
0.5883291710626477 4
0.5884671714811006 4
0.5886452365371688 4
0.5990598165039597 4
0.5991443974055921 4
0.5994137208028953 4
0.5995984632985661 4
0.5997765283546344 4
0.599932335278694 4
0.6002172393684032 4
0.6167038377471209 4
0.6169197416276037 4
0.6173626784545734 4
0.6175006788730263 4
0.6176787439290945 4
0.6280933238958853 4
0.6281779047975178 4
0.628447228194821 4
0.6286319706904918 4
0.62881003574656 4
0.6289658426706197 4
0.6292507467603289 4
0.6831599424849869 4
0.6833758463654697 4
0.6838187831924394 4
0.6839567836108923 4
0.6841348486669605 4
0.6945494286337514 4
0.6946340095353838 4
0.6949033329326869 4
0.6950880754283577 4
0.695266140484426 4
0.6954219474084857 4
0.6957068514981949 4
0.7124382893290063 4
0.7126541932094891 4
0.7130971300364588 4
0.7132351304549117 4
0.7134131955109799 4
0.7238277754777708 4
0.7239123563794032 4
0.7241816797767064 4
0.7243664222723772 4
0.7245444873284455 4
0.7247002942525052 4
0.7249851983422143 4
0.7414762483473337 4
0.7416921522278165 4
0.7421350890547862 4
0.742273089473239 4
0.7424511545293073 4
0.7528657344960982 4
0.7529503153977306 4
0.7532196387950337 4
0.7534043812907045 4
0.7535824463467727 4
0.7537382532708325 4
0.7540231573605417 4
0.7705231106184645 4
0.7707390144989472 4
0.7711819513259169 4
0.7713199517443698 4
0.7714980168004381 4
0.7819125967672289 4
0.7819971776688613 4
0.7822665010661646 4
0.7824512435618353 4
0.7826293086179036 4
0.7827851155419633 4
0.7830700196316724 4
0.7995788761423986 4
0.7997947800228814 4
0.8002377168498511 4
0.8003757172683039 4
0.8005537823243722 4
0.8109683622911631 4
0.8110529431927955 4
0.8113222665900987 4
0.8115070090857694 4
0.8116850741418378 4
0.8118408810658975 4
0.8121257851556066 4
0.86531826902959 4
0.8655341729100727 4
0.8659771097370424 4
0.8661151101554954 4
0.8662931752115636 4
0.8767077551783544 4
0.8767923360799869 4
0.87706165947729 4
0.8772464019729608 4
0.8774244670290291 4
0.8775802739530888 4
0.877865178042798 4
0.8946188740056179 4
0.8948347778861007 4
0.8952777147130704 4
0.8954157151315233 4
0.8955937801875915 4
0.9060083601543824 4
0.9060929410560148 4
0.906362264453318 4
0.9065470069489888 4
0.906725072005057 4
0.9068808789291167 4
0.9071657830188259 4
0.9236790911559538 4
0.9238949950364366 4
0.9243379318634063 4
0.9244759322818592 4
0.9246539973379274 4
0.9350685773047183 4
0.9351531582063507 4
0.9354224816036539 4
0.9356072240993247 4
0.9357852891553929 4
0.9359410960794526 4
0.9362260001691618 4
0.9527482115590931 4
0.9529641154395758 4
0.9534070522665455 4
0.9535450526849985 4
0.9537231177410667 4
0.9641376977078575 4
0.96422227860949 4
0.9644916020067932 4
0.964676344502464 4
0.9648544095585322 4
0.9650102164825919 4
0.965295120572301 4
