0.3192862262227505 1
0.3249286626869127 1
0.33388533500714485 2
0.3348491121231142 2
0.349214510521419 2
0.3541892030253253 2
0.36311693977394643 3
0.3640807168899157 3
0.3782079532757293 3
0.38318264577963557 3
0.3921148341546584 4
0.3930786112706277 4
0.40721029928284297 4
0.4121849917867493 4
0.4211216317881738 5
0.42208540890414314 5
0.4362215485427601 5
0.4411962410466664 5
0.45013733267449263 6
0.4511011097904619 6
0.5021412322992205 6
0.5071159248031268 6
0.5160458873649488 7
0.5170096644809181 7
0.5313973210112315 7
0.5363720135151377 7
0.5452997502637589 8
0.5462635273797282 8
0.5604130218975503 8
0.5653877144014565 8
0.5743199027764794 9
0.5752836798924487 9
0.5894376260366725 9
0.5944123185405789 9
0.6033489585420033 10
0.6043127356579726 10
0.6184711334285982 10
0.6234458259325044 10
0.6323869175603307 11
0.6333506946763 11
0.6849272381664642 11
0.6899019306703704 11
0.6988318932321924 12
0.6997956703481617 12
0.7142055850104836 12
0.7191802775143898 12
0.728108014263011 13
0.7290717913789803 13
0.7432435440288109 13
0.7482182365327172 13
0.7571504249077401 14
0.7581142020237094 14
0.7722904062999417 14
0.777265098803848 14
0.7862017388052726 15
0.7871655159212418 15
0.8013461718238759 15
0.8063208643277822 15
0.8152619559556084 16
0.8162257330715778 16
0.8670855647110672 16
0.8720602572149735 16
0.8809902197767955 17
0.8819539968927648 17
0.8963861696870952 17
0.9013608621910015 17
0.9102885989396226 18
0.911252376055592 18
0.9254463868374311 18
0.9304210793413373 18
0.9393532677163602 19
0.9403170448323295 19
0.9545155072405703 19
0.9594901997444767 19
0.9684268397459012 20
0.9693906168618704 20
