0.1242938607620294 0
0.12437621585046096 0
0.12446302256529423 0
0.12454760346692664 0
0.12468782969858037 0
0.1248948303262597 0
0.1257272844633787 0
0.12580963955181027 0
0.1258964462666435 0
0.12598102716827592 0
0.12612125339992966 0
0.12632380240120727 0
0.12715625653832627 0
0.12723861162675784 0
0.1273254183415911 0
0.12740999924322352 0
0.12755022547487724 0
0.12775277447615485 0
0.12855851885486363 0
0.12864087394329518 0
0.12872768065812845 0
0.12881226155976086 0
0.1289524877914146 0
0.12915503679269222 0
0.1299874909298112 1
0.13006984601824276 2
0.13015665273307603 3
0.13024123363470844 4
0.13038145986636218 4
0.1305840088676398 4
0.23355457916549813 4
0.23377938629878425 4
0.23387064464001922 4
0.23516606792291564 4
0.23535081041858644 4
0.23932611279530977 4
0.23946411321376265 4
0.2396421782698309 4
0.27707367886857465 4
0.277158259770207 4
0.27780597141165525 4
0.27799071390732605 4
0.27816877896339426 4
0.27832458588745396 4
0.27860948997716317 4
0.2816922412603445 4
0.28177682216197686 4
0.2820083067348656 4
0.30583341123679536 4
0.3173698010568161 4
0.3175857049372988 4
0.31818890031472996 4
0.31832690073318287 4
0.3185049657892511 4
0.32958728971629786 4
0.32967187061793024 4
0.3299411940152335 4
0.33012593651090427 4
0.3303040015669725 4
0.3304598084910322 4
0.3307447125807414 4
0.34745834390594604 4
0.34767424778642875 4
0.3481171846133985 4
0.3482551850318514 4
0.34843325008791964 4
0.3588478300547105 4
0.3589324109563429 4
0.3592017343536461 4
0.3593864768493169 4
0.3595645419053851 4
0.3597203488294448 4
0.36000525291915403 4
0.3764517866602563 4
0.37666769054073906 4
0.3771106273677088 4
0.3772486277861617 4
0.3774266928422299 4
0.38784127280902075 4
0.3879258537106532 4
0.38819517710795637 4
0.38837991960362717 4
0.38855798465969543 4
0.38871379158375513 4
0.3889986956734643 4
0.40545413266737 4
0.4056700365478528 4
0.4061129733748225 4
0.40625097379327535 4
0.4064290388493436 4
0.41684361881613446 4
0.4169281997177669 4
0.4171975231150701 4
0.4173822656107409 4
0.41756033066680914 4
0.41771613759086884 4
0.418001041680578 4
0.4344653819272871 4
0.4346812858077699 4
0.4351242226347396 4
0.4352622230531925 4
0.4354402881092607 4
0.44585486807605157 4
0.445939448977684 4
0.4462087723749872 4
0.446393514870658 4
0.44657157992672625 4
0.44672738685078595 4
0.4470122909404951 4
0.5003850656837475 4
0.5006009695642303 4
0.5010439063912 4
0.5011819068096529 4
0.5013599718657211 4
0.511774551832512 4
0.5118591327341444 4
0.5121284561314476 4
0.5123131986271184 4
0.5124912636831866 4
0.5126470706072463 4
0.5129319746969555 4
0.5296411543957585 4
0.5298570582762412 4
0.5302999951032109 4
0.5304379955216638 4
0.530616060577732 4
0.541030640544523 4
0.5411152214461553 4
0.5413845448434585 4
0.5415692873391293 4
0.5417473523951976 4
0.5419031593192573 4
0.5421880634089664 4
0.5586568552820773 4
0.5588727591625601 4
0.5593156959895298 4
0.5594536964079827 4
0.5596317614640509 4
0.5700463414308418 4
0.5701309223324742 4
0.5704002457297773 4
0.5705849882254481 4
0.5707630532815164 4
0.5709188602055761 4
0.5712037642952853 4
0.5876814594211995 4
0.5878973633016823 4
0.588340300128652 4
0.5884783005471049 4
0.5886563656031731 4
0.599070945569964 4
0.5991555264715964 4
0.5994248498688997 4
0.5996095923645703 4
0.5997876574206387 4
0.5999434643446984 4
0.6002283684344075 4
0.6167149668131252 4
0.6169308706936079 4
0.6173738075205777 4
0.6175118079390305 4
0.6176898729950988 4
0.6281044529618897 4
0.628189033863522 4
0.6284583572608252 4
0.628643099756496 4
0.6288211648125642 4
0.6289769717366239 4
0.6292618758263332 4
0.6831710715509911 4
0.6833869754314739 4
0.6838299122584436 4
0.6839679126768965 4
0.6841459777329647 4
0.6945605576997556 4
0.694645138601388 4
0.6949144619986912 4
0.695099204494362 4
0.6952772695504302 4
0.6954330764744899 4
0.6957179805641991 4
0.7124494183950106 4
0.7126653222754934 4
0.7131082591024631 4
0.7132462595209159 4
0.7134243245769842 4
0.7238389045437751 4
0.7239234854454075 4
0.7241928088427106 4
0.7243775513383814 4
0.7245556163944498 4
0.7247114233185095 4
0.7249963274082186 4
0.7414873774133379 4
0.7417032812938207 4
0.7421462181207904 4
0.7422842185392433 4
0.7424622835953115 4
0.7528768635621024 4
0.7529614444637348 4
0.753230767861038 4
0.7534155103567088 4
0.753593575412777 4
0.7537493823368367 4
0.7540342864265459 4
0.7705342396844688 4
0.7707501435649514 4
0.7711930803919211 4
0.771331080810374 4
0.7715091458664423 4
0.7819237258332332 4
0.7820083067348655 4
0.7822776301321688 4
0.7824623726278396 4
0.7826404376839078 4
0.7827962446079675 4
0.7830811486976766 4
0.7995900052084028 4
0.7998059090888856 4
0.8002488459158553 4
0.8003868463343082 4
0.8005649113903764 4
0.8109794913571673 4
0.8110640722587997 4
0.811333395656103 4
0.8115181381517738 4
0.811696203207842 4
0.8118520101319017 4
0.8121369142216108 4
0.8653293980955942 4
0.8655453019760769 4
0.8659882388030467 4
0.8661262392214996 4
0.8663043042775678 4
0.8767188842443587 4
0.8768034651459911 4
0.8770727885432943 4
0.8772575310389651 4
0.8774355960950333 4
0.877591403019093 4
0.8778763071088022 4
0.8946300030716222 4
0.894845906952105 4
0.8952888437790747 4
0.8954268441975276 4
0.8956049092535958 4
0.9060194892203867 4
0.9061040701220191 4
0.9063733935193223 4
0.9065581360149931 4
0.9067362010710613 4
0.906892007995121 4
0.9071769120848302 4
0.9236902202219581 4
0.9239061241024408 4
0.9243490609294106 4
0.9244870613478634 4
0.9246651264039317 4
0.9350797063707226 4
0.9351642872723549 4
0.9354336106696581 4
0.9356183531653289 4
0.9357964182213971 4
0.9359522251454568 4
0.9362371292351661 4
0.9527593406250974 4
0.9529752445055801 4
0.9534181813325499 4
0.9535561817510028 4
0.953734246807071 4
0.9641488267738618 4
0.9642334076754943 4
0.9645027310727975 4
0.9646874735684683 4
0.9648655386245365 4
0.9650213455485962 4
0.9653062496383054 4
