0.24183237845947017 0
0.24654442500567583 0
0.2477797513321492 0
0.2494446596063872 0
0.25678539154280017 0
0.2572372316225733 0
0.26043795100539985 0
0.26385457426870906 0
0.26730013310362943 0
0.2698620440978111 0
0.2724083743995869 0
0.27485454310732427 0
0.28301214848845024 0
0.2876730013310363 0
0.2880135507507668 0
0.289736330168227 0
0.29068675240499114 0
0.2915904325645374 0
0.29175736855460144 0
0.293034985331891 0
0.2939809559422535 0
0.29523186296113285 0
0.2956926062937094 0
0.29693461005978533 0
0.29787835485694697 0
0.2988042931485018 0
0.2997502637588643 0
0.30072294412763706 0
0.30090991243650866 0
0.3018825928052814 0
0.30206956111415306 0
0.30304891892252833 0
0.3032358872314 0
0.304144019017348 0
0.30508776381450964 0
0.31044974781536433 0
0.31084594256511616 0
0.31115755641323556 0
0.31143800887654305 0
0.31211020446320065 0
0.3134234342517039 0
0.3136014993077721 0
0.3140889523987589 0
0.31427592070763055 0
0.31478563193062586 0
0.31497037442629666 0
0.3340789807556191 0
0.3342570458116873 0
0.3350427578715884 0
0.33522972618046004 0
0.3361578902852157 0
0.33633595534128397 0
0.33698811860913386 0
0.3371750869180055 0
0.33793854084589803 0
0.3381232833415688 0
0.3387086722133932 0
0.34136184154880983 0
0.3416155842537071 0
0.34189158509061285 0
0.3425593290508687 0
0.34290878172340267 0
0.3440751078406496 0
0.3442531728967178 0
0.3447406259877046 0
0.34492759429657627 0
0.3454373055195716 0
0.3456220480152424 0
0.3633105855224206 0
0.36348865057848884 0
0.3642743626383899 0
0.3644613309472616 0
0.36538949505201723 0
0.3655675601080855 0
0.3662197233759354 0
0.36640669168480705 0
0.3671701456126996 0
0.3673548881083704 0
0.367935825353793 0
0.37054893005159434 0
0.3708026727564916 0
0.37107867359339736 0
0.37174641755365323 0
0.3730640989685582 0
0.3732421640246264 0
0.3737296171156132 0
0.37391658542448486 0
0.3744262966474802 0
0.37461103914315097 0
0.3923084799031326 0
0.3924865449592008 0
0.39327225701910196 0
0.39345922532797356 0
0.3943873894327293 0
0.3945654544887975 0
0.3952176177566474 0
0.39540458606551904 0
0.3961680399934116 0
0.3963527824890824 0
0.396933719734505 0
0.3995468244323063 0
0.3998005671372036 0
0.40007656797410934 0
0.4007443119343652 0
0.4020619933492702 0
0.4022400584053384 0
0.4027275114963252 0
0.40291447980519685 0
0.40342419102819216 0
0.40360893352386296 0
0.421315277536648 0
0.42149334259271626 0
0.42227905465261734 0
0.422466022961489 0
0.42339418706624465 0
0.42357225212231286 0
0.4242244153901628 0
0.4244113836990344 0
0.425174837626927 0
0.4253595801225978 0
0.4259405173680204 0
0.42855362206582176 0
0.42880736477071896 0
0.4290833656076247 0
0.42975110956788065 0
0.43106879098278555 0
0.4312468560388538 0
0.43173430912984057 0
0.4319212774387122 0
0.43243098866170754 0
0.43261573115737834 0
0.4503309784229668 0
0.4505090434790351 0
0.45129475553893617 0
0.45148172384780777 0
0.4524098879525635 0
0.4525879530086317 0
0.4532401162764816 0
0.45342708458535325 0
0.4541905385132458 0
0.4543752810089166 0
0.45495621825433924 0
0.46154685114206473 0
0.461800593846962 0
0.46207659468386775 0
0.4627443386441236 0
0.4635211474512213 0
0.4683578395366747 0
0.46861158224157196 0
0.4688875830784777 0
0.4695553270387336 0
0.47026090982340396 0
0.47395130811041813 0
0.4742050508153154 0
0.47448105165222115 0
0.475148795612477 0
0.475889991408361 0
0.4806955221090025 0
0.48094926481389977 0
0.48122526565080553 0
0.4818930096110614 0
0.4822291074043902 0
0.48274772188018894 0
0.48641586203519455 0
0.48682763747735236 0
0.4871437029518735 0
0.48743305866798436 0
0.48811415750744536 0
0.4888197402921157 0
0.49401033667650474 0
0.49440653142625657 0
0.494718145274376 0
0.49499859773768345 0
0.49567079332434105 0
0.4969840231128443 0
0.4971620881689125 0
0.4976495412598993 0
0.49783650956877096 0
0.49834622079176627 0
0.49853096328743707 0
0.516239533113423 0
0.5164175981694912 0
0.5172033102293923 0
0.5173902785382639 0
0.5183184426430196 0
0.5184965076990878 0
0.5191486709669377 0
0.5193356392758094 0
0.520099093203702 0
0.5202838356993728 0
0.5208692245711971 0
0.5235223939066138 0
0.523776136611511 0
0.5240521374484168 0
0.5247198814086727 0
0.5250693340812066 0
0.5262356601984535 0
0.5264137252545218 0
0.5269011783455085 0
0.5270881466543802 0
0.5275978578773755 0
0.5277826003730463 0
0.5454933960122331 0
0.5456714610683013 0
0.5464571731282024 0
0.5466441414370741 0
0.5475723055418297 0
0.547750370597898 0
0.5484025338657479 0
0.5485895021746195 0
0.549352956102512 0
0.5495376985981828 0
0.5501186358436054 0
0.5527317405414068 0
0.552985483246304 0
0.5532614840832099 0
0.5539292280434657 0
0.5552469094583706 0
0.5554249745144388 0
0.5559124276054257 0
0.5560993959142972 0
0.5566091071372926 0
0.5567938496329634 0
0.5745135485249536 0
0.5746916135810218 0
0.5754773256409229 0
0.5756642939497946 0
0.5765924580545503 0
0.5767705231106185 0
0.5774226863784684 0
0.57760965468734 0
0.5783731086152326 0
0.5785578511109034 0
0.5791387883563259 0
0.5817518930541273 0
0.5820056357590245 0
0.5822816365959304 0
0.5829493805561862 0
0.5842670619710911 0
0.5844451270271593 0
0.5849325801181462 0
0.5851195484270179 0
0.5856292596500131 0
0.5858140021456839 0
0.6035426042904776 0
0.6037206693465458 0
0.6045063814064469 0
0.6046933497153185 0
0.6056215138200741 0
0.6057995788761424 0
0.6064517421439923 0
0.606638710452864 0
0.6074021643807566 0
0.6075869068764274 0
0.6081678441218499 0
0.6107809488196513 0
0.6110346915245485 0
0.6113106923614543 0
0.6119784363217101 0
0.6132961177366151 0
0.6134741827926833 0
0.6139616358836701 0
0.6141486041925417 0
0.6146583154155371 0
0.6148430579112079 0
0.6325805633088049 0
0.6327586283648731 0
0.6335443404247741 0
0.6337313087336458 0
0.6346594728384015 0
0.6348375378944697 0
0.6354897011623196 0
0.6356766694711913 0
0.6364401233990838 0
0.6366248658947546 0
0.6372058031401773 0
0.6419601401371992 0
0.6422138828420964 0
0.6424898836790022 0
0.643157627639258 0
0.6439344364463557 0
0.6487711285318091 0
0.6490248712367064 0
0.6493008720736121 0
0.649968616033868 0
0.6507276183353589 0
0.6555442781020046 0
0.6557980208069017 0
0.6560740216438076 0
0.6567417656040635 0
0.6574829613999474 0
0.6622840404741872 0
0.6625377831790845 0
0.6628137840159902 0
0.6634815279762462 0
0.6638176257695749 0
0.6643896597621941 0
0.6691840613968313 0
0.6695958368389892 0
0.6699119023135103 0
0.6702012580296212 0
0.6708823568690822 0
0.6715879396537525 0
0.6767740844117398 0
0.6771702791614916 0
0.677481893009611 0
0.6777623454729186 0
0.6784345410595761 0
0.6797477708480794 0
0.6799258359041476 0
0.6804132889951344 0
0.680600257304006 0
0.6811099685270013 0
0.6812947110226721 0
0.6990255389806665 0
0.6992036040367349 0
0.699989316096636 0
0.7001762844055075 0
0.7011044485102632 0
0.7012825135663314 0
0.7019346768341813 0
0.702121645143053 0
0.7028850990709455 0
0.7030698415666163 0
0.7036552304384407 0
0.7063083997738574 0
0.7065621424787546 0
0.7068381433156604 0
0.7075058872759162 0
0.7078553399484502 0
0.709021666065697 0
0.7091997311217654 0
0.7096871842127521 0
0.7098741525216238 0
0.7103838637446191 0
0.7105686062402898 0
0.7283016600114852 0
0.7284797250675534 0
0.7292654371274545 0
0.7294524054363262 0
0.7303805695410819 0
0.7305586345971501 0
0.731210797865 0
0.7313977661738716 0
0.7321612201017642 0
0.732345962597435 0
0.7329268998428576 0
0.7355400045406589 0
0.7357937472455561 0
0.736069748082462 0
0.7367374920427178 0
0.7380551734576227 0
0.7382332385136909 0
0.7387206916046778 0
0.7389076599135495 0
0.7394173711365447 0
0.7396021136322155 0
0.7573440706562142 0
0.7575221357122824 0
0.7583078477721835 0
0.7584948160810552 0
0.7594229801858109 0
0.7596010452418791 0
0.760253208509729 0
0.7604401768186007 0
0.7612036307464932 0
0.761388373242164 0
0.7619693104875866 0
0.7645824151853879 0
0.7648361578902853 0
0.765112158727191 0
0.7657799026874469 0
0.7670975841023518 0
0.7672756491584201 0
0.7677631022494068 0
0.7679500705582785 0
0.7684597817812738 0
0.7686445242769446 0
0.7863953845537467 0
0.7865734496098149 0
0.787359161669716 0
0.7875461299785876 0
0.7884742940833434 0
0.7886523591394116 0
0.7893045224072615 0
0.7894914907161331 0
0.7902549446440257 0
0.7904396871396965 0
0.7910206243851191 0
0.7936337290829204 0
0.7938874717878177 0
0.7941634726247234 0
0.7948312165849793 0
0.7961488979998843 0
0.7963269630559525 0
0.7968144161469393 0
0.7970013844558109 0
0.7975110956788063 0
0.7976958381744771 0
0.8154556017040826 0
0.8156336667601508 0
0.8164193788200519 0
0.8166063471289235 0
0.8175345112336793 0
0.8177125762897475 0
0.8183647395575974 0
0.818551707866469 0
0.8193151617943616 0
0.8194999042900324 0
0.820080841535455 0
0.8248262752796734 0
0.8250800179845706 0
0.8253560188214765 0
0.8260237627817323 0
0.82680057158883 0
0.8316372636742834 0
0.8318910063791807 0
0.8321670072160864 0
0.8328347511763423 0
0.8335937534778332 0
0.8384104132444788 0
0.8386641559493762 0
0.8389401567862819 0
0.8396079007465378 0
0.8403490965424217 0
0.8451501756166615 0
0.8454039183215588 0
0.8456799191584645 0
0.8463476631187205 0
0.8466837609120492 0
0.8472557949046684 0
0.8520501965393056 0
0.8524619719814635 0
0.8527780374559846 0
0.8530673931720955 0
0.8537484920115564 0
0.8544006552794063 0
0.8589101528243344 0
0.8593063475740862 0
0.8596179614222056 0
0.859898413885513 0
0.8605706094721707 0
0.8618838392606739 0
0.8620619043167421 0
0.8625493574077289 0
0.8627363257166005 0
0.8632460369395959 0
0.8634307794352667 0
0.8811838655252696 0
0.8813619305813379 0
0.882147642641239 0
0.8823346109501107 0
0.8832627750548663 0
0.8834408401109345 0
0.8840930033787845 0
0.884279971687656 0
0.8850434256155486 0
0.8852281681112194 0
0.8858135569830438 0
0.8884667263184605 0
0.8887204690233577 0
0.8889964698602635 0
0.8896642138205193 0
0.8900136664930532 0
0.8911799926103001 0
0.8913580576663684 0
0.8918455107573552 0
0.8920324790662268 0
0.8925421902892222 0
0.892726932784893 0
0.9104822446880968 0
0.910660309744165 0
0.9114460218040661 0
0.9116329901129377 0
0.9125611542176935 0
0.9127392192737617 0
0.9133913825416116 0
0.9135783508504832 0
0.9143418047783758 0
0.9145265472740466 0
0.9151074845194692 0
0.9177205892172705 0
0.9179743319221678 0
0.9182503327590735 0
0.9189180767193295 0
0.9202357581342343 0
0.9204138231903026 0
0.9209012762812894 0
0.921088244590161 0
0.9215979558131563 0
0.9217826983088271 0
0.9395469134648344 0
0.9397249785209026 0
0.9405106905808037 0
0.9406976588896754 0
0.941625822994431 0
0.9418038880504993 0
0.9424560513183492 0
0.9426430196272209 0
0.9434064735551133 0
0.9435912160507841 0
0.9441721532962067 0
0.9467852579940081 0
0.9470390006989053 0
0.9473150015358112 0
0.947982745496067 0
0.9493004269109719 0
0.9494784919670402 0
0.9499659450580269 0
0.9501529133668986 0
0.9506626245898939 0
0.9508473670855647 0
0.9686204854943754 0
0.9687985505504436 0
0.9695842626103447 0
0.9697712309192164 0
0.970699395023972 0
0.9708774600800403 0
0.9715296233478902 0
0.9717165916567618 0
0.9724800455846544 0
0.9726647880803252 0
0.9732457253257477 0
0.9779800300039619 0
0.9782337727088591 0
0.978509773545765 0
0.9791775175060208 0
0.9798831002906913 0
0.9835779502041071 0
0.9838316929090043 0
0.9841076937459101 0
0.9847754377061659 0
0.9854632139852295 0
0.9891424832062394 0
0.9893962259111366 0
0.9896722267480424 0
0.9903399707082983 0
0.990676068501627 0
0.9911946829774259 0
0.9948672747588332 0
0.995279050200991 0
0.9955951156755121 0
0.995884471391623 0
0.9965655702310839 0
0.9972711530157543 0
