0.22614262120665785 1
0.23563348869509476 2
0.23594065091681246 3
0.23621442594051736 4
0.23648820096422227 5
0.23693336360439288 6
0.23726055814491825 7
0.23768791427948202 8
0.23811972204044748 9
0.24033885780169786 10
0.24161202295258571 10
0.24555171231809542 10
0.24632629531199224 10
0.24755939582526476 10
0.24825607535713173 10
0.2491642071430797 10
0.25298815422214505 11
0.2565672618491166 11
0.2602198213117162 11
0.26357412180540163 11
0.26701968064032194 11
0.2695815916345037 11
0.27212792193627944 11
0.2746364134136407 11
0.28280514786077093 11
0.28953155535374847 11
0.2913834319368581 11
0.2926387905821392 11
0.29490021679420575 11
0.29658515738725144 11
0.2983858402667415 11
0.30031116868547925 11
0.30147081736312364 11
0.3026371434803706 11
0.3038034695976175 11
0.3132030787448194 11
0.31386859689187446 11
0.31456750223694224 11
0.3178505767082003 12
0.31925061321153686 12
0.32489304967569904 12
0.33374956040189285 12
0.33471333751786214 12
0.3358462764370963 12
0.33667650476101446 12
0.3376291528109795 12
0.34385475233376517 12
0.3445202704808202 12
0.345219175825888 12
0.34917889751020537 12
0.3541535900141117 12
0.3629811651686944 12
0.3639449422846637 12
0.36507788120389784 12
0.365908109527816 12
0.366860757577781 12
0.3728437434616737 12
0.37350926160872877 12
0.37420816695379655 12
0.3781723402645156 12
0.38314703276842194 12
0.3919790595494064 12
0.3929428366653757 12
0.3940757755846098 12
0.394906003908528 12
0.395858651958493 12
0.4018416378423857 12
0.40250715598944076 12
0.40320606133450854 12
0.40717468627162934 12
0.41214937877553565 12
0.4209858571829218 12
0.4219496342988911 12
0.42308257321812526 12
0.42391280154204336 12
0.42486544959200845 12
0.4308484354759011 12
0.43151395362295614 12
0.43221285896802397 12
0.43618593553154644 12
0.44116062803545275 12
0.4500015580692406 12
0.4509653351852099 12
0.45209827410444403 12
0.4529285024283622 12
0.4538811504783273 12
0.49676366760595986 12
0.49742918575301487 12
0.4981280910980827 12
0.5021056192880069 12
0.5070803117919132 12
0.5159101127596968 12
0.5168738898756661 12
0.5180068287949002 12
0.5188370571188183 12
0.5197897051687834 12
0.5260153046915691 12
0.526680822838624 12
0.5273797281836919 12
0.5313617080000178 12
0.5363364005039241 12
0.5451639756585068 12
0.5461277527744761 12
0.5472606916937103 12
0.5480909200176285 12
0.5490435680675935 12
0.5550265539514861 12
0.5556920720985412 12
0.556390977443609 12
0.5603774088863366 12
0.565352101390243 12
0.5741841281712273 12
0.5751479052871967 12
0.5762808442064308 12
0.577111072530349 12
0.578063720580314 12
0.5840467064642066 12
0.5847122246112617 12
0.5854111299563295 12
0.5894020130254588 12
0.5943767055293652 12
0.6032131839367513 12
0.6041769610527206 12
0.6053098999719547 12
0.6061401282958729 12
0.6070927763458379 12
0.6130757622297306 12
0.6137412803767857 12
0.6144401857218534 12
0.6184355204173845 12
0.6234102129212908 12
0.6322511429550787 12
0.633214920071048 12
0.6343478589902821 12
0.6351780873142002 12
0.6361307353641653 12
0.6795274153411949 12
0.6801929334882499 12
0.6808918388333177 12
0.6848916251552505 12
0.6898663176591567 12
0.6986961186269404 12
0.6996598957429097 12
0.7007928346621438 12
0.7016230629860619 12
0.702575711036027 12
0.7088013105588127 12
0.7094668287058676 12
0.7101657340509355 12
0.7141699719992699 12
0.7191446645031763 12
0.7279722396577589 12
0.7289360167737283 12
0.7300689556929624 12
0.7308991840168806 12
0.7318518320668457 12
0.7378348179507384 12
0.7385003360977933 12
0.7391992414428612 12
0.7432079310175973 12
0.7481826235215036 12
0.757014650302488 12
0.7579784274184573 12
0.7591113663376915 12
0.7599415946616096 12
0.7608942427115747 12
0.7668772285954674 12
0.7675427467425224 12
0.7682416520875902 12
0.772254793288728 12
0.7772294857926343 12
0.7860659642000205 12
0.7870297413159898 12
0.788162680235224 12
0.7889929085591421 12
0.7899455566091071 12
0.7959285424929998 12
0.7965940606400549 12
0.7972929659851227 12
0.8013105588126622 12
0.8062852513165685 12
0.8151261813503563 12
0.8160899584663257 12
0.8172228973855599 12
0.818053125709478 12
0.8190057737594431 12
0.8616634837537894 12
0.8623290019008445 12
0.8630279072459123 12
0.8670499516998535 12
0.8720246442037598 12
0.8808544451715434 12
0.8818182222875127 12
0.8829511612067469 12
0.883781389530665 12
0.8847340375806301 12
0.8909596371034157 12
0.8916251552504708 12
0.8923240605955386 12
0.8963505566758815 12
0.9013252491797878 12
0.9101528243343706 12
0.9111166014503399 12
0.9122495403695741 12
0.9130797686934922 12
0.9140324167434573 12
0.9200154026273499 12
0.9206809207744049 12
0.9213798261194728 12
0.9254107738262174 12
0.9303854663301238 12
0.9392174931111081 12
0.9401812702270774 12
0.9413142091463116 12
0.9421444374702298 12
0.9430970855201948 12
0.9490800714040875 12
0.9497455895511425 12
0.9504444948962103 12
0.9544798942293566 12
0.959454586733263 12
0.9682910651406491 12
0.9692548422566185 12
0.9703877811758526 12
0.9712180094997708 12
0.9721706575497358 12
