0.1967351771969889 1
0.22311551525349788 1
0.2260224272938118 1
0.2348410991955911 1
0.2348700347672022 1
0.2348989703388133 1
0.23492790591042437 1
0.23550661734264614 1
0.23581377956436383 1
0.23608755458806874 1
0.23636132961177367 1
0.23680649225194425 1
0.2371403642320722 1
0.23756772036663595 1
0.23799952812760142 1
0.24040563219772343 1
0.2407283751118471 1
0.245618486714121 1
0.24831617231355477 1
0.3093079056433268 1
0.31772370535575173 1
0.31928177459634877 1
0.32492421106051095 1
0.340224451003174 1
0.3492100588950173 1
0.3541847513989236 1
0.3694115395059585 1
0.3782035016493276 1
0.3831781941532339 1
0.3984094338866705 1
0.4072058476564413 1
0.4121805401603476 1
0.4274162315201859 1
0.4362170969163584 1
0.4411917894202647 1
0.4928684945044672 1
0.5021367806728189 1
0.5071114731767251 1
0.5223850033609779 1
0.5313928693848298 1
0.536367561888736 1
0.551594349995771 1
0.5604085702711485 1
0.5653832627750549 1
0.5806145025084914 1
0.5894331744102708 1
0.5944078669141771 1
0.6096435582740154 1
0.6184666818021964 1
0.6234413743061027 1
0.6756322422397023 1
0.6849227865400624 1
0.6898974790439687 1
0.7051710092282215 1
0.7142011333840819 1
0.7191758258879882 1
0.734402613995023 1
0.7432390924024093 1
0.7482137849063155 1
0.7634450246397522 1
0.77228595467354 1
0.7772606471774463 1
0.7924963385372846 1
0.8013417201974742 1
0.8063164127013804 1
0.8577683106522969 1
0.8670811130846655 1
0.8720558055885718 1
0.8873293357728246 1
0.8963817180606934 1
0.9013564105645998 1
0.9165831986716347 1
0.9254419352110294 1
0.9304166277149356 1
0.9456478674483723 1
0.9545110556141686 1
0.959485748118075 1
