0.08453193374199264 1
0.11919007109247363 2
0.12416476359637994 2
0.12559818729772923 2
0.1270271593726768 2
0.12842942168921415 2
0.12985839376416175 3
0.14583305510668323 4
0.2188864701718773 5
0.3127423354122429 6
0.3433984606275903 7
0.37238745175549887 8
0.40138534613621085 9
0.4303921437697263 10
0.4963029242733833 11
0.5255590129853942 12
0.5545702622453114 13
0.5835904147580319 14
0.6126194705235558 15
0.6790666720086184 16
0.7083450188526378 17
0.7373785262445635 18
0.7664209368892925 19
0.7954722507868249 20
0.8612027404212129 21
0.8905033453972409 22
0.919559110921175 23
0.9486237796979127 24
