0.1529556573494126 1
0.1529890445474254 1
0.16591656761797924 2
0.16596330969519715 2
0.16926419067206203 3
0.16932428762848506 4
0.19726269492559106 5
0.19730943700280898 5
0.1973561790800269 5
0.1974029211572448 5
0.20448991038876052 6
0.2822575978133611 7
0.28235330778099776 8
0.28242675961662594 9
0.3205482623076341 10
0.32064397227527075 11
0.3211291995530567 12
0.3216144268308426 13
0.32209965410862856 14
0.3225848813864145 15
0.3313145207601597 15
0.33148368256342453 16
0.3498288349648544 17
0.3499245449324911 18
0.350409772210277 19
0.35089499948806296 20
0.3513802267658489 21
0.35186545404363484 22
0.36057506109857235 22
0.36074422290183716 23
0.3788222777191647 24
0.37891798768680135 25
0.3794032149645873 26
0.3798884422423732 27
0.38037366952015916 28
0.38085889679794516 29
0.38956850385288266 29
0.3897376656561475 30
0.4078246237262784 31
0.40792033369391506 32
0.408405560971701 33
0.40889078824948694 34
0.4093760155272729 35
0.4098612428050588 36
0.4185708498599964 36
0.4187400116632612 37
0.43683587298619553 38
0.43693158295383216 39
0.4374168102316181 40
0.43790203750940404 41
0.43838726478719 42
0.4388724920649759 43
0.4475820991199135 43
0.4477512609231783 44
0.5027555567426559 45
0.5028512667102926 46
0.5033364939880786 47
0.5038217212658644 48
0.5043069485436504 49
0.5047921758214363 50
0.5135017828763739 50
0.5136709446796387 51
0.5320116454546668 52
0.5321073554223036 53
0.5325925827000895 54
0.5330778099778755 55
0.5335630372556613 56
0.5340482645334473 57
0.5427578715883848 57
0.5429270333916496 58
0.5610273463409857 59
0.5611230563086224 60
0.5616082835864082 61
0.5620935108641942 62
0.5625787381419801 63
0.5630639654197661 64
0.5717735724747036 64
0.5719427342779685 65
0.590051950480108 66
0.5901476604477446 67
0.5906328877255306 68
0.5911181150033165 69
0.5916033422811025 70
0.5920885695588883 71
0.6007981766138258 71
0.6009673384170907 72
0.6190854578720335 73
0.6191811678396703 74
0.6196663951174561 75
0.6201516223952421 76
0.620636849673028 77
0.621122076950814 78
0.6298316840057515 78
0.6300008458090163 79
0.6855415626098995 80
0.6856372725775361 81
0.6861224998553221 82
0.686607727133108 83
0.687092954410894 84
0.68757818168868 85
0.6962877887436175 85
0.6964569505468823 86
0.714819909453919 87
0.7149156194215557 88
0.7154008466993416 89
0.7158860739771276 90
0.7163713012549134 91
0.7168565285326994 92
0.7255661355876369 92
0.7257352973909018 93
0.7438578684722463 94
0.743953578439883 95
0.744438805717669 96
0.7449240329954548 97
0.7454092602732408 98
0.7458944875510267 99
0.7546040946059643 99
0.7547732564092291 100
0.7729047307433771 101
0.7730004407110138 102
0.7734856679887997 103
0.7739708952665857 104
0.7744561225443716 105
0.7749413498221576 106
0.7836509568770951 106
0.7838201186803598 107
0.8019604962673113 108
0.8020562062349479 109
0.8025414335127339 110
0.8030266607905198 111
0.8035118880683058 112
0.8039971153460916 113
0.8127067224010293 113
0.812875884204294 114
0.8676998891545026 115
0.8677955991221393 116
0.8682808263999252 117
0.8687660536777112 118
0.8692512809554971 119
0.8697365082332831 120
0.8784461152882206 120
0.8786152770914853 121
0.8970004941305306 122
0.8970962040981673 123
0.8975814313759533 124
0.8980666586537391 125
0.8985518859315251 126
0.899037113209311 127
0.9077467202642485 127
0.9079158820675134 128
0.9260607112808664 129
0.9261564212485032 130
0.926641648526289 131
0.927126875804075 132
0.9276121030818609 133
0.9280973303596469 134
0.9368069374145844 134
0.9369760992178492 135
0.9551298316840058 136
0.9552255416516424 137
0.9557107689294284 138
0.9561959962072143 139
0.9566812234850003 140
0.9571664507627862 141
0.9658760578177237 141
0.9660452196209885 142
