0.24249121916692262 0
0.24284067183945654 0
0.24315673731397766 0
0.2437087389877892 0
0.24402703027551115 0
0.24458125776252354 0
0.2448995490502455 0
0.24544709909765533 0
0.2467402965673509 0
0.2473256854391752 0
0.2481247523782814 0
0.24815591376309334 0
0.24964053116806226 0
0.2502259200398866 0
0.2606338225670749 0
0.2612192114388992 0
0.2640504458303841 0
0.2646358347022085 0
0.2750504146689993 0
0.2756358035408236 0
0.2833326655893731 0
0.28613051278284524 0
0.28644880407056716 0
0.2883830357421084 0
0.2888415532614841 0
0.28915984454920607 0
0.28993220172990203 0
0.2905710101185468 0
0.29165275533416135 0
0.29208233728192595 0
0.29323085689356604 0
0.29386966528221087 0
0.2971304816214604 0
0.2977692900101052 0
0.2990001647101769 0
0.29963897309882165 0
0.30433989057902305 0
0.3049786989676678 0
0.3118030422414829 0
0.3422566184555527 0
0.3714437069583372 0
0.4004416013390492 0
0.42944839897256465 0
0.4624416280488076 0
0.4692526164434176 0
0.474846085017161 0
0.4815902990157454 0
0.48780254365932596 0
0.4953636311026233 0
0.5244171708133567 0
0.5536265174481497 0
0.5826466699608702 0
0.6116757257263942 0
0.642854917043942 0
0.649665905438552 0
0.6564390550087474 0
0.6631788173809301 0
0.6705707430209628 0
0.6781273788378585 0
0.7072031766806003 0
0.7364347814474018 0
0.7654771920921308 0
0.7945285059896633 0
0.8257210521864163 0
0.8325320405810263 0
0.8393051901512217 0
0.8460449525234044 0
0.853436878163437 0
0.860263447250453 0
0.8893615032252034 0
0.9186153661240134 0
0.947680034900751 0
0.9788748069107048 0
0.98447272711085 0
0.9900372601129823 0
0.9962539563829645 0
