0.14288607842875395 1
0.14342472522336036 2
0.14558598984138854 3
0.14605786223996936 4
0.1465341862649519 5
0.1471307042027805 6
0.14769383494259627 7
0.16327675316176765 8
0.1657807930127272 9
0.16706063560321763 10
0.17026580661244586 11
0.17117839002479557 12
0.17283439504623013 13
0.17430343175879306 14
0.1748843690042157 15
0.1854191428838526 16
0.18591549922764283 17
0.1870373090808727 18
0.18755814936987228 19
0.18981957558193885 20
0.19097477263318152 21
0.19208322760720628 22
0.19304700472317562 23
0.19452939631494368 24
0.19669956418577528 25
0.19863824748371817 26
0.19998263865703333 27
0.20080396372814807 28
0.20127361031352806 29
0.20171209551409608 30
0.20297190578577884 31
0.20352835908599207 32
0.2050263313701661 33
0.20610585077257976 34
0.2068225626232544 35
0.20760159724355293 36
0.20798221130089878 37
0.2101145403473159 38
0.21076002617556325 39
0.21186180370998545 40
0.21230251472375433 41
0.2220782863019004 42
0.22262138472290852 43
0.22307322480268166 44
0.22468248774689834 45
0.22577981365491884 46
