0.26557067624656666 0
0.2679255866130691 0
0.26853323361690196 0
0.27047636854124657 0
0.2710817897318785 0
0.27302269884302227 0
0.2736281200336543 0
0.2812537560597764 0
0.28780209849668575 0
0.29188869153345176 0
0.29989048999051804 0
0.30105013866816244 0
0.30221201315900764 0
0.30337833927625457 0
0.3122482048816535 0
0.3319666840280096 0
0.3330751390020344 0
0.33336672053134614 0
0.337304184083655 0
0.338332509782449 0
0.3388333177526409 0
0.3427017810957233 0
0.361216095300418 0
0.3623089695820368 0
0.3625960994849468 0
0.3665357888504565 0
0.3675641145492506 0
0.3680604708930408 0
0.3718888695985078 0
0.3902095380547283 0
0.3913024123363471 0
0.3915895422392571 0
0.3955336832311685 0
0.3965620089299626 0
0.39705836527375277 0
0.4008867639792198 0
0.419211884061842 0
0.42030475834346076 0
0.42059188824637084 0
0.42454048086468393 0
0.42556880656347795 0
0.42606516290726815 0
0.42989356161273523 0
0.4482231333217591 0
0.4493160076033779 0
0.44960313750628794 0
0.4535561817510027 0
0.4545845074497968 0
0.455080863793587 0
0.4628867906889782 0
0.46364579299046904 0
0.4696977790835882 0
0.47038555536265175 0
0.4752912476573316 0
0.4760146369476088 0
0.48203101002951426 0
0.4828723674194367 0
0.4882521579258982 0
0.4889488374577652 0
0.4958087937427939 0
0.5141428170782195 0
0.51524014298624 0
0.51552727288915 0
0.5194647364414589 0
0.5204930621402529 0
0.5209938701104448 0
0.5248623334535273 0
0.5433989057902304 0
0.5444917800718493 0
0.5447789099747593 0
0.548718599340269 0
0.549746925039063 0
0.5502432813828533 0
0.5540716800883203 0
0.5724146066765493 0
0.5735074809581681 0
0.5737946108610781 0
0.5777387518529895 0
0.5787670775517836 0
0.5792634338955738 0
0.5830918326010408 0
0.6014392108156715 0
0.6025320850972903 0
0.6028192150002003 0
0.6067678076185135 0
0.6077961333173075 0
0.6082924896610977 0
0.6121208883665648 0
0.6304727182075971 0
0.631565592489216 0
0.631852722392126 0
0.6358057666368407 0
0.6368340923356348 0
0.637330448679425 0
0.6433000796841126 0
0.6440590819856035 0
0.6501110680787225 0
0.6508522638746066 0
0.656884217648918 0
0.6576076069391953 0
0.663619528394699 0
0.6645143053014418 0
0.671020357287535 0
0.671717036819402 0
0.678572541478029 0
0.6969288229454631 0
0.6980261488534836 0
0.6983132787563936 0
0.7022507423087024 0
0.7032790680074965 0
0.7037798759776884 0
0.7076483393207709 0
0.7262071697894826 0
0.7273000440711014 0
0.7275871739740114 0
0.7315268633395211 0
0.7325551890383152 0
0.7330515453821054 0
0.7368799440875724 0
0.7552451288078099 0
0.7563380030894287 0
0.7566251329923388 0
0.7605692739842501 0
0.7615975996830442 0
0.7620939560268344 0
0.7659223547323014 0
0.7842919910789407 0
0.7853848653605595 0
0.7856719952634695 0
0.7896205878817826 0
0.7906489135805767 0
0.7911452699243668 0
0.7949736686298339 0
0.8133477566028748 0
0.8144406308844937 0
0.8147277607874037 0
0.8186808050321185 0
0.8197091307309126 0
0.8202054870747028 0
0.8261662148265869 0
0.8269252171280778 0
0.8329772032211968 0
0.8337183990170809 0
0.8397503527913923 0
0.8404737420816696 0
0.8464856635371734 0
0.8473804404439161 0
0.8538864924300094 0
0.8545297524450558 0
0.8607086098906236 0
0.8790871494900662 0
0.8801844753980866 0
0.8804716053009968 0
0.8844090688533055 0
0.8854373945520996 0
0.8859382025222915 0
0.8898066658653739 0
0.9083877544660942 0
0.909480628747713 0
0.909767758650623 0
0.9137074480161327 0
0.9147357737149268 0
0.915232130058717 0
0.919060528764184 0
0.93744797161643 0
0.9385408458980489 0
0.9388279758009589 0
0.9427721167928703 0
0.9438004424916643 0
0.9442967988354546 0
0.9481251975409216 0
0.9665170920195694 0
0.9676099663011881 0
0.9678970962040981 0
0.9718456888224113 0
0.9728740145212054 0
0.9733703708649956 0
0.9793199695508754 0
0.980007745829939 0
0.9849178897510206 0
0.9855878595244772 0
0.9904779711267512 0
0.9913193285166736 0
0.9967035706495369 0
0.9974002501814038 0
