0.2420861211643674 0
0.24211060510957677 0
0.24798007452022597 0
0.24800455846543534 0
0.24805797798225582 0
0.2503750495243437 0
0.2503995334695531 0
0.2574219741182441 0
0.2574464580634535 0
0.2613661151101555 0
0.2613905990553649 0
0.2647849641866656 0
0.26480944813187496 0
0.26754942418212496 0
0.26757390812733434 0
0.27011133517630664 0
0.270135819121516 0
0.2726576654780824 0
0.2726821494232918 0
0.2757827072120799 0
0.2758071911572893 0
0.31519295574638195 0
0.31521743969159133 0
0.3152664075820101 0
0.31529089152721945 0
0.31533985941763826 0
0.31536434336284763 0
0.34584462933532767 0
0.34586911328053704 0
0.3459180811709558 0
0.34594256511616517 0
0.345991533006584 0
0.34601601695179335 0
0.37483362046323626 0
0.37485810440844564 0
0.3749070722988644 0
0.37493155624407376 0
0.3749805241344925 0
0.37500500807970194 0
0.40383151484394825 0
0.4038559987891576 0
0.40390496667957637 0
0.40392945062478575 0
0.40397841851520455 0
0.4040029024604139 0
0.4328383124774636 0
0.432862796422673 0
0.4329117643130918 0
0.4329362482583012 0
0.43298521614871993 0
0.4330097000939293 0
0.49875354460752236 0
0.49877802855273173 0
0.4988269964431505 0
0.4988514803883599 0
0.49890044827877866 0
0.49892493222398804 0
0.5280051816931316 0
0.528029665638341 0
0.5280786335287597 0
0.5281031174739691 0
0.5281520853643878 0
0.5281765693095972 0
0.5570164309530486 0
0.5570409148982581 0
0.5570898827886769 0
0.5571143667338863 0
0.557163334624305 0
0.5571878185695144 0
0.5860365834657693 0
0.5860610674109786 0
0.5861100353013974 0
0.5861345192466068 0
0.5861834871370255 0
0.5862079710822349 0
0.6150656392312932 0
0.6150901231765026 0
0.6151390910669213 0
0.6151635750121307 0
0.6152125429025495 0
0.6152370268477588 0
0.6815172923427574 0
0.6815417762879669 0
0.6815907441783856 0
0.681615228123595 0
0.6816641960140137 0
0.6816886799592231 0
0.7107911875603752 0
0.7108156715055846 0
0.7108646393960033 0
0.7108891233412127 0
0.7109380912316314 0
0.7109625751768408 0
0.7398246949523009 0
0.7398491788975102 0
0.739898146787929 0
0.7399226307331384 0
0.7399715986235571 0
0.7399960825687665 0
0.7688671055970299 0
0.7688915895422392 0
0.768940557432658 0
0.7689650413778674 0
0.7690140092682861 0
0.7690384932134956 0
0.7979184194945623 0
0.7979429034397717 0
0.7979918713301904 0
0.7980163552753998 0
0.7980653231658187 0
0.7980898071110281 0
0.8636533607553519 0
0.8636778447005613 0
0.8637268125909802 0
0.8637512965361895 0
0.8638002644266083 0
0.8638247483718177 0
0.8929495141049782 0
0.8929739980501876 0
0.8930229659406064 0
0.8930474498858157 0
0.8930964177762345 0
0.893120901721444 0
0.9220052796289124 0
0.9220297635741218 0
0.9220787314645406 0
0.9221032154097499 0
0.9221521833001687 0
0.9221766672453781 0
0.95106994840565 0
0.9510944323508593 0
0.9511434002412782 0
0.9511678841864876 0
0.9512168520769063 0
0.9512413360221157 0
