0.00013577460525202883 0
0.0025129431037629597 0
0.004720949799009068 0
0.006701923547768177 0
0.0094908674884369 0
0.011819068096529066 0
0.014109429880206734 0
0.01596575808971808 0
0.020401803799017973 0
0.025360915610518304 0
0.029983929628689843 0
0.03214074262031633 0
0.034793911955733024 0
0.037273467861483195 0
0.041124124698958764 0
0.04374613264956352 0
0.047351950034945266 0
0.050704024715429785 0
0.053165774115573126 0
0.05642213882842096 0
0.05927117972551271 0
0.061915445808125996 0
0.06476226089201689 0
0.0729621567239591 0
0.075960327105508 0
0.07929236946718483 0
0.08245079839919514 0
0.08689797317449931 0
0.09173243944675187 0
0.09605942030920997 0
0.10109643558274016 0
0.10721519607188486 0
0.11322934334058948 0
0.11678619283555247 0
0.14925190418319334 0
0.21610642948401199 0
