0.0010839710288153778 1
0.0011017775344222011 2
0.0013065523489006708 2
0.0020722320899940793 2
0.0022636520252674315 2
0.003291977724061486 2
0.003309784229668309 2
0.003514559044146779 2
0.0042802387852401876 2
0.004471658720513539 2
0.005272951472820595 2
0.005290757978427418 2
0.0054955327929058885 2
0.0062612125339992965 2
0.006452632469272648 2
0.008061895413489319 2
0.008079701919096141 2
0.008284476733574611 2
0.00905015647466802 2
0.009241576409941372 2
0.010390096021581485 2
0.010407902527188309 2
0.010612677341666777 2
0.011378357082760186 2
0.011569777018033538 2
0.012680457805259152 2
0.012698264310865974 2
0.012903039125344445 2
0.013668718866437854 2
0.013860138801711205 2
0.014536786014770497 2
0.01455459252037732 2
0.01475936733485579 2
0.015525047075949198 2
0.01571646701122255 2
0.018574411161117715 2
0.018886025009237126 2
0.019090799823715594 2
0.019856479564809 2
0.020047899500082355 2
0.02015251272052244 2
0.023533522972618046 2
0.023845136820737457 2
0.024049911635215925 2
0.024815591376309336 2
0.025007011311582686 2
0.025111624532022776 2
0.028156536990789585 2
0.028468150838908995 2
0.028672925653387464 2
0.029438605394480875 2
0.029630025329754225 2
0.029734638550194314 2
0.030313349982416075 2
0.030624963830535486 2
0.030829738645013954 2
0.03159541838610736 2
0.03178683832138072 2
0.031891451541820805 2
0.03296651931783277 2
0.033278133165952184 2
0.03348290798043065 2
0.03424858772152406 2
0.03444000765679741 2
0.034544620877237496 2
0.03544607522358294 2
0.03575768907170235 2
0.035962463886180816 2
0.03672814362727422 2
0.036919563562547573 2
0.03702417678298767 2
0.03920992534622524 2
0.03952153919434465 2
0.03972631400882312 2
0.04049199374991653 2
0.040683413685189886 2
0.040874833620463236 2
0.04183193329683 2
0.04214354714494941 2
0.04234832195942788 2
0.043114001700521286 2
0.043305421635794636 2
0.04349684157106799 2
0.045437750682211744 2
0.045749364530331155 2
0.04595413934480962 2
0.04671981908590304 2
0.04691123902117639 2
0.04710265895644974 2
0.048789825362696264 2
0.049101439210815674 2
0.04930621402529414 2
0.05007189376638755 2
0.0502633137016609 2
0.05045473363693426 2
0.051251574762839605 2
0.051563188610959015 2
0.051767963425437484 2
0.05253364316653089 2
0.05272506310180424 2
0.0529164830370776 2
0.05450793947568744 2
0.05481955332380685 2
0.055024328138285325 2
0.05579000787937873 2
0.05598142781465208 2
0.05617284774992543 2
0.0573569803727792 2
0.05766859422089861 2
0.05787336903537708 2
0.058639048776470484 2
0.058830468711743834 2
0.059021888647017184 2
0.060001246455392475 2
0.060312860303511885 2
0.06051763511799036 2
0.06128331485908377 2
0.06147473479435712 2
0.06166615472963047 2
0.06284806153928338 2
0.06315967538740279 2
0.06336445020188125 2
0.06413012994297466 2
0.06432154987824802 2
0.06451296981352136 2
0.06816775508932188 2
0.06847936893744129 2
0.06868414375191977 2
0.06944982349301317 2
0.06964124342828652 2
0.06983266336355988 2
0.07086098906235393 2
0.07117260291047334 2
0.07137737772495181 2
0.07214305746604521 2
0.07233447740131857 2
0.07252589733659193 2
0.07385915944390282 2
0.07417077329202224 2
0.07437554810650071 2
0.07514122784759412 2
0.07533264778286747 2
0.07552406771814082 2
0.07719120180557967 2
0.07750281565369908 2
0.07770759046817755 2
0.07847327020927096 2
0.0786646901445443 2
0.07885611007981766 2
0.08034963073758998 2
0.08066124458570939 2
0.08086601940018785 2
0.08163169914128127 2
0.08182311907655462 2
0.08201453901182797 2
0.08278689619252394 2
0.08309851004064335 2
0.08330328485512181 2
0.08406896459621523 2
0.08426038453148858 2
0.08476119250168049 2
0.0850728063497999 2
0.08527758116427837 2
0.08604326090537177 2
0.08623468084064513 2
0.08646171378713213 2
0.0895088520590998 2
0.0898204659072192 2
0.09002524072169767 2
0.09079092046279108 2
0.09098234039806444 2
0.0912961800593847 2
0.0938358329215579 2
0.0941474467696773 2
0.09435222158415577 2
0.09511790132524918 2
0.09530932126052254 2
0.0956231609218428 2
0.09639551810253877 2
0.09670713195065818 2
0.09691190676513664 2
0.09767758650623005 2
0.0978690064415034 2
0.09818284610282367 2
0.09880162217266078 2
0.09911323602078019 2
0.09931801083525867 2
0.10008369057635207 2
0.10027511051162542 2
0.10058895017294568 2
0.10255879485570053 2
0.10287040870381994 2
0.1030751835182984 2
0.10384086325939182 2
0.10403228319466518 2
0.10488476965059185 2
0.10519638349871126 2
0.10540115831318972 2
0.10616683805428313 2
0.10635825798955649 2
0.1067077106620904 2
0.10799423069218339 2
0.1083058445403028 2
0.10851061935478126 2
0.10927629909587468 2
0.10946771903114803 2
0.10981717170368194 2
0.11086330390808281 2
0.11117491775620222 2
0.1113796925706807 2
0.11214537231177411 2
0.11233679224704746 2
0.11268624491958137 2
0.1144201534030458 2
0.11473176725116521 2
0.11493654206564369 2
0.11570222180673709 2
0.11589364174201044 2
0.11624309441454435 2
0.11727587173974012 2
0.11758748558785953 2
0.11779226040233799 2
0.1185579401434314 2
0.11874936007870475 2
0.12096404421355342 2
0.12127565806167283 2
0.1214804328761513 2
0.1222461126172447 2
0.12283595311547074 2
0.12314756696359015 2
0.13504453852214907 2
0.1353561523702685 2
0.14792086788908326 2
0.1482324817372027 2
0.1487088057621852 2
0.1505673597848974 2
0.15087897363301683 2
0.15135529765799935 2
0.1535521752872412 2
0.15975329086481746 2
0.16022961488979998 2
0.16066810009036803 2
0.1752382733031513 2
0.17659824516887246 2
0.17721924705191042 2
0.17857921891763157 2
0.17920022080066952 2
0.18056019266639067 2
0.18118119454942863 2
0.18254116641514978 2
0.18316216829818774 2
0.2135756798746422 2
0.21538526600693564 2
0.21636684962851177 2
0.2181764357608052 2
0.2191847291407916 2
