0.22684597817812738 1
0.24014966367962534 2
0.24149628066614137 3
0.2462105530255479 4
0.24904846485663537 5
0.2564515195626722 6
0.2601040790252719 7
0.26345837951895723 8
0.2669039383538776 9
0.26946584934805934 10
0.27201217964983504 11
0.2745206711271963 12
0.28269163138752745 12
0.289418038880505 12
0.29252527410889567 12
0.29478670032096227 12
0.2964716409140079 12
0.29827232379349794 12
0.30019765221223577 12
0.3013573008898801 12
0.30252362700712704 12
0.30368995312437397 12
0.30555295877348787 12
0.31308733645837505 13
0.31913487092509246 14
0.32477730738925464 15
0.3336360439286493 15
0.33459982104461866 15
0.33573275996385277 15
0.34373901004732077 16
0.349063155223761 17
0.3540378477276673 18
0.3628676486954509 18
0.3638314258114202 18
0.36496436473065436 18
0.37272800117522936 19
0.3780565979780713 20
0.3830312904819776 21
0.3918655430761629 21
0.3928293201921322 21
0.39396225911136634 21
0.40172589555594135 22
0.407058943985185 23
0.4120336364890913 24
0.42087234070967827 24
0.4218361178256476 24
0.4229690567448817 24
0.4307326931894568 25
0.4360701932451021 26
0.4410448857490084 27
0.4498880415959971 27
0.4508518187119664 27
0.45198475763120055 27
0.49664792531951546 28
0.5019898770015625 29
0.5069645695054689 30
0.5157965962864532 30
0.5167603734024225 30
0.5178933123216567 30
0.5258995624051247 31
0.5312459657135734 32
0.5362206582174798 33
0.5450504591852633 33
0.5460142363012327 33
0.5471471752204669 33
0.5549108116650419 34
0.5602616665998923 35
0.5652363591037985 36
0.5740706116979839 36
0.5750343888139532 36
0.5761673277331874 36
0.5839309641777624 37
0.5892862707390145 38
0.5942609632429208 39
0.6030996674635077 39
0.6040634445794771 39
0.6051963834987113 39
0.6129600199432863 40
0.6183197781309402 41
0.6232944706348464 42
0.6321376264818351 42
0.6331014035978044 42
0.6342343425170386 42
0.6794116730547506 43
0.6847758828688061 44
0.6897505753727124 45
0.6985826021536968 45
0.6995463792696661 45
0.7006793181889003 45
0.7086855682723683 46
0.7140542297128256 47
0.7190289222167319 48
0.7278587231845155 48
0.7288225003004848 48
0.729955439219719 48
0.737719075664294 49
0.7430921887311529 50
0.7480668812350593 51
0.7569011338292445 51
0.7578649109452138 51
0.758997849864448 51
0.766761486309023 52
0.7721390510022836 53
0.77711374350619 54
0.785952447726777 54
0.7869162248427463 54
0.7880491637619804 54
0.7958128002065554 55
0.8011948165262178 56
0.8061695090301242 57
0.8150126648771129 57
0.8159764419930822 57
0.8171093809123163 57
0.8615477414673451 58
0.8669342094134092 59
0.8719089019173155 60
0.8807409286982999 60
0.8817047058142693 60
0.8828376447335033 60
0.8908438948169713 61
0.8962348143894372 62
0.9012095068933434 63
0.9100393078611271 63
0.9110030849770964 63
0.9121360238963305 63
0.9198996603409055 64
0.9252950315397731 65
0.9302697240436794 66
0.9391039766378646 66
0.940067753753834 66
0.941200692673068 66
0.9489643291176432 67
0.9543641519429124 68
0.9593388444468186 69
0.9681775486674057 69
0.969141325783375 69
0.9702742647026091 69
