0.12438289329006352 0
0.1244697000048968 0
0.1245542809065292 0
0.12469450713818293 0
0.12490150776586226 0
0.12581631699141282 0
0.12590312370624607 0
0.12598770460787848 0
0.12612793083953222 0
0.12633047984080983 0
0.1272452890663604 0
0.12733209578119367 0
0.12741667668282608 0
0.1275569029144798 0
0.1277594519157574 0
0.12864755138289774 0
0.128734358097731 0
0.12881893899936342 0
0.12895916523101716 0
0.12916171423229478 0
0.13007652345784532 1
0.1301633301726786 2
0.130247911074311 3
0.13038813730596474 3
0.13059068630724235 3
0.2337860637383868 3
0.2351727453625182 3
0.235357487858189 3
0.2394707906533652 3
0.23964885570943345 3
0.2771649372098096 3
0.2778126488512578 3
0.2779973913469286 3
0.27817545640299685 3
0.27833126332705654 3
0.2786161674167657 3
0.28178349960157945 3
0.28201498417446813 3
0.30584008867639795 3
0.3175923823769014 3
0.3183335781727854 3
0.31851164322885367 3
0.3296785480575328 3
0.329947871454836 3
0.3301326139505068 3
0.33031067900657507 3
0.33046648593063477 3
0.3307513900203439 3
0.34768092522603133 3
0.34826186247145396 3
0.3484399275275222 3
0.35893908839594546 3
0.35920841179324864 3
0.35939315428891944 3
0.3595712193449877 3
0.3597270262690474 3
0.36001193035875656 3
0.3766743679803416 3
0.3772553052257642 3
0.3774333702818325 3
0.3879325311502557 3
0.38820185454755896 3
0.38838659704322975 3
0.38856466209929796 3
0.38872046902335766 3
0.3890053731130669 3
0.4056767139874553 3
0.40625765123287794 3
0.40643571628894615 3
0.41693487715736943 3
0.41720420055467267 3
0.41738894305034346 3
0.4175670081064117 3
0.4177228150304714 3
0.41800771912018053 3
0.4346879632473724 3
0.43526890049279504 3
0.43544696554886325 3
0.44594612641728654 3
0.44621544981458977 3
0.44640019231026057 3
0.4465782573663288 3
0.4467340642903885 3
0.4470189683800977 3
0.5006076470038329 3
0.5011885842492555 3
0.5013666493053237 3
0.511865810173747 3
0.5121351335710502 3
0.512319876066721 3
0.5124979411227892 3
0.5126537480468489 3
0.5129386521365581 3
0.5298637357158438 3
0.5304446729612664 3
0.5306227380173346 3
0.5411218988857579 3
0.5413912222830611 3
0.5415759647787319 3
0.5417540298348001 3
0.5419098367588598 3
0.542194740848569 3
0.5588794366021625 3
0.5594603738475852 3
0.5596384389036535 3
0.5701375997720767 3
0.5704069231693799 3
0.5705916656650507 3
0.5707697307211189 3
0.5709255376451786 3
0.5712104417348879 3
0.5879040407412849 3
0.5884849779867074 3
0.5886630430427757 3
0.599162203911199 3
0.5994315273085021 3
0.5996162698041729 3
0.5997943348602411 3
0.5999501417843008 3
0.6002350458740101 3
0.6169375481332104 3
0.6175184853786331 3
0.6176965504347013 3
0.6281957113031246 3
0.6284650347004278 3
0.6286497771960986 3
0.6288278422521668 3
0.6289836491762265 3
0.6292685532659357 3
0.6833936528710765 3
0.6839745901164991 3
0.6841526551725673 3
0.6946518160409906 3
0.6949211394382938 3
0.6951058819339646 3
0.6952839469900328 3
0.6954397539140925 3
0.6957246580038017 3
0.7126719997150959 3
0.7132529369605185 3
0.7134310020165867 3
0.72393016288501 3
0.7241994862823132 3
0.724384228777984 3
0.7245622938340522 3
0.7247181007581119 3
0.7250030048478211 3
0.7417099587334233 3
0.7422908959788459 3
0.7424689610349141 3
0.7529681219033374 3
0.7532374453006406 3
0.7534221877963114 3
0.7536002528523796 3
0.7537560597764393 3
0.7540409638661485 3
0.770756821004554 3
0.7713377582499766 3
0.7715158233060448 3
0.7820149841744681 3
0.7822843075717714 3
0.7824690500674422 3
0.7826471151235104 3
0.7828029220475701 3
0.7830878261372792 3
0.7998125865284882 3
0.8003935237739108 3
0.800571588829979 3
0.8110707496984023 3
0.8113400730957055 3
0.8115248155913763 3
0.8117028806474446 3
0.8118586875715043 3
0.8121435916612134 3
0.8655519794156795 3
0.8661329166611021 3
0.8663109817171704 3
0.8768101425855936 3
0.8770794659828969 3
0.8772642084785677 3
0.8774422735346359 3
0.8775980804586956 3
0.8778829845484047 3
0.8948525843917076 3
0.8954335216371301 3
0.8956115866931984 3
0.9061107475616217 3
0.9063800709589248 3
0.9065648134545956 3
0.9067428785106638 3
0.9068986854347236 3
0.9071835895244328 3
0.9239128015420434 3
0.924493738787466 3
0.9246718038435342 3
0.9351709647119575 3
0.9354402881092607 3
0.9356250306049315 3
0.9358030956609997 3
0.9359589025850594 3
0.9362438066747686 3
0.9529819219451827 3
0.9535628591906052 3
0.9537409242466736 3
0.9642400851150968 3
0.9645094085124 3
0.9646941510080708 3
0.9648722160641391 3
0.9650280229881988 3
0.965312927077908 3
