0.1455926672809911 1
0.14654086370455446 2
0.14770051238219883 3
0.16578747045232975 4
0.17027248405204842 5
0.17431010919839562 6
0.18542582032345517 7
0.18704398652047527 8
0.1898262530215414 9
0.19098145007278408 10
0.19208990504680884 11
0.19453607375454623 12
0.1999893160966359 13
0.20081064116775063 14
0.2029785832253814 15
0.20353503652559463 16
0.20611252821218232 17
0.20682924006285697 18
0.20760827468315549 19
0.20798888874050134 20
0.21012121778691845 20
0.2107667036151658 20
0.211868481149588 21
0.2123091921633569 22
0.22208496374150297 23
0.22262806216251108 24
0.22307990224228422 25
0.2257864910945214 26
