0.30872474258470334 0
0.30927674425851487 0
0.33964128794455056 0
0.3401932896183621 0
0.368828376447335 0
0.36938037812114655 0
0.397826270828047 0
0.39837827250185853 0
0.42683306846156244 0
0.42738507013537397 0
0.49228533144584374 0
0.4928373331196553 0
0.5218018403023544 0
0.522353841976166 0
0.5510111869371475 0
0.551563188610959 0
0.580031339449868 0
0.5805833411236795 0
0.6090603952153919 0
0.6096123968892034 0
0.6750490791810788 0
0.6756010808548903 0
0.704587846169598 0
0.7051398478434096 0
0.7338194509363997 0
0.7343714526102112 0
0.7628618615811287 0
0.7634138632549402 0
0.7919131754786611 0
0.7924651771524727 0
0.8571851475936734 0
0.8577371492674849 0
0.8867461727142011 0
0.8872981743880126 0
0.9160000356130112 0
0.9165520372868228 0
0.9450647043897488 0
0.9456167060635603 0
