0.00020254900127761677 1
0.0002047748144784697 2
0.00020700062767932265 3
0.002579717499788548 4
0.0025819433129894006 5
0.0025841691261902534 6
0.004787724195034656 7
0.004789950008235509 8
0.004792175821436362 9
0.006768697943793765 10
0.006770923756994618 11
0.006773149570195471 12
0.009557641884462488 13
0.009559867697663342 14
0.009562093510864194 15
0.011885842492554656 16
0.011888068305755508 17
0.011890294118956361 18
0.014176204276232321 19
0.014178430089433175 20
0.014180655902634027 21
0.016032532485743666 22
0.016034758298944518 23
0.016036984112145374 24
0.017278987878221307 25
0.017281213691422163 26
0.017283439504623015 27
0.017285665317823867 28
0.01728789113102472 29
0.017290116944225574 30
0.017292342757426426 31
0.017294568570627278 32
0.017296794383828133 33
0.017299020197028985 34
0.01731014926303325 35
0.017312375076234104 36
0.017314600889434956 37
0.017316826702635808 38
0.01731905251583666 39
0.017321278329037515 40
0.017323504142238367 41
0.01732572995543922 42
0.017327955768640074 43
0.017330181581840926 44
0.017332407395041778 45
0.01733463320824263 46
0.017336859021443485 47
0.017339084834644337 48
0.01734131064784519 49
0.017343536461046045 50
0.017345762274246897 51
0.01734798808744775 52
0.0173502139006486 53
0.017352439713849456 54
0.017354665527050308 55
0.01735689134025116 56
0.017359117153452015 57
0.017361342966652867 58
0.018135925960549686 58
0.01813815177375054 58
0.018140377586951393 59
0.02046857819504356 60
0.02047080400824441 61
0.020473029821445266 62
0.02542769000654389 63
0.025429915819744745 64
0.025432141632945597 65
0.03005070402471543 66
0.030052929837916284 67
0.030055155651117136 68
0.03220751701634192 69
0.032209742829542774 70
0.03221196864274363 71
0.03486068635175862 72
0.034862912164959466 73
0.03486513797816032 74
0.03734024225750878 75
0.037342468070709636 76
0.037344693883910485 77
0.04119089909498435 78
0.041193124908185205 79
0.04119535072138606 80
0.04381290704558911 81
0.043815132858789956 82
0.04381735867199081 83
0.04741872443097086 84
0.04742095024417171 85
0.04742317605737256 86
0.05077079911145537 87
0.050773024924656227 88
0.050775250737857075 89
0.05323254851159871 90
0.05323477432479957 91
0.053237000138000416 92
0.05648891322444655 93
0.0564911390376474 94
0.05649336485084826 95
0.059337954121538306 96
0.059340179934739154 97
0.05934240574794001 98
0.06198222020415159 99
0.06198444601735244 100
0.06198667183055329 101
0.06482903528804249 102
0.06483126110124333 103
0.0648334869144442 104
0.07063840774226864 104
0.07064063355546948 104
0.07064285936867035 104
0.0706450851818712 104
0.07064731099507204 104
0.0706495368082729 104
0.07065176262147375 104
0.0706539884346746 104
0.07065621424787547 104
0.07065844006107631 104
0.07066956912708058 104
0.07067179494028143 104
0.07067402075348228 104
0.07067624656668314 104
0.07067847237988399 104
0.07068069819308484 104
0.0706829240062857 104
0.07068514981948655 104
0.0706873756326874 104
0.07068960144588826 104
0.07069182725908911 104
0.07069405307228996 104
0.07069627888549082 104
0.07069850469869167 104
0.07070073051189252 104
0.07070295632509337 104
0.07070518213829423 104
0.07070740795149508 104
0.07070963376469593 104
0.07071185957789679 104
0.07071408539109764 104
0.07071631120429848 104
0.07071853701749935 104
0.0707207628307002 104
0.07302893111998468 105
0.07303115693318554 106
0.07303338274638639 107
0.07602710150153359 108
0.07602932731473444 109
0.07603155312793529 110
0.07935914386321043 111
0.07936136967641128 112
0.07936359548961212 113
0.08251757279522073 114
0.08251979860842158 115
0.08252202442162244 116
0.08696474757052489 117
0.08696697338372575 118
0.0869691991969266 119
0.08806207347854539 119
0.08806429929174624 119
0.0880665251049471 119
0.08806875091814795 119
0.0880709767313488 119
0.08807320254454964 119
0.08807542835775051 119
0.08807765417095136 119
0.0880798799841522 119
0.08808210579735307 119
0.08809323486335732 119
0.08809546067655818 119
0.08809768648975903 119
0.08809991230295988 119
0.08810213811616074 119
0.08810436392936159 119
0.08810658974256244 119
0.0881088155557633 119
0.08811104136896415 119
0.088113267182165 119
0.08811549299536586 119
0.08811771880856671 119
0.08811994462176756 119
0.08812217043496842 119
0.08812439624816927 119
0.08812662206137012 119
0.08812884787457098 119
0.08813107368777183 119
0.08813329950097268 119
0.08813552531417353 119
0.08813775112737439 119
0.08813997694057524 119
0.08814220275377609 119
0.08814442856697695 119
0.08899246339650191 119
0.08899468920970277 119
0.08899691502290362 120
0.09179921384277746 121
0.09180143965597831 122
0.09180366546917916 123
0.09281418466236639 123
0.09281641047556725 123
0.0928186362887681 123
0.09282086210196895 123
0.09282308791516981 123
0.09282531372837066 123
0.09282753954157151 123
0.09282976535477237 123
0.09283199116797322 123
0.09283421698117407 123
0.09284534604717834 123
0.09284757186037919 123
0.09284979767358004 123
0.0928520234867809 123
0.09285424929998175 123
0.0928564751131826 123
0.09285870092638346 123
0.0928609267395843 123
0.09286315255278516 123
0.09286537836598602 123
0.09286760417918687 123
0.09286982999238771 123
0.09287205580558858 123
0.09287428161878943 123
0.09287650743199027 123
0.09287873324519114 123
0.09288095905839198 123
0.09288318487159283 123
0.0928854106847937 123
0.09288763649799454 123
0.09288986231119539 123
0.09289208812439625 123
0.0928943139375971 123
0.09289653975079795 123
0.09333279913816513 123
0.09333502495136597 123
0.09333725076456684 124
0.09612619470523556 125
0.09612842051843641 126
0.09613064633163726 127
0.10116320997876574 128
0.1011654357919666 129
0.10116766160516745 130
0.10728197046791045 131
0.1072841962811113 132
0.10728642209431216 133
0.11329611773661508 134
0.11329834354981592 135
0.11330056936301677 136
0.11685296723157805 137
0.11685519304477891 138
0.11685741885797976 139
0.12379082697863665 140
0.12379527860503835 141
0.12522425067998594 141
0.12522870230638763 142
0.12665322275493351 142
0.1266576743813352 143
0.12806883995067597 143
0.1280732915770777 144
0.12948445714641843 144
0.12948890877282015 145
0.14033084487417477 145
0.14033307068737563 145
0.1403352965005765 145
0.14033752231377733 145
0.1403397481269782 145
0.14034197394017905 145
0.1403441997533799 145
0.14034642556658075 145
0.1403486513797816 145
0.14035087719298245 145
0.14036200625898673 145
0.14036423207218757 145
0.14036645788538843 145
0.1403686836985893 145
0.14037090951179013 145
0.140373135324991 145
0.14037536113819185 145
0.14037758695139269 145
0.14037981276459355 145
0.1403820385777944 145
0.14038426439099524 145
0.1403864902041961 145
0.14038871601739697 145
0.1403909418305978 145
0.14039316764379867 145
0.1403953934569995 145
0.14039761927020036 145
0.14039984508340123 145
0.14040207089660206 145
0.14040429670980292 145
0.14040652252300378 145
0.14040874833620462 145
0.14041097414940548 145
0.14041319996260634 145
0.1493186785792189 146
0.14932090439241977 147
0.14932313020562063 148
0.15449592008440283 149
0.15450037171080455 149
0.15496779248298365 149
0.1549700182961845 149
0.15497224410938537 149
0.168008832026781 149
0.16801105783998183 149
0.1680132836531827 149
0.16801550946638355 149
0.16801773527958438 149
0.16801996109278525 149
0.1680221869059861 149
0.16802441271918694 149
0.1680266385323878 149
0.16802886434558867 149
0.16803999341159293 149
0.1680422192247938 149
0.16804444503799462 149
0.16804667085119548 149
0.16804889666439635 149
0.16805112247759718 149
0.16805334829079804 149
0.1680555741039989 149
0.16805779991719974 149
0.1680600257304006 149
0.16806225154360147 149
0.1680644773568023 149
0.16806670317000316 149
0.16806892898320402 149
0.16807115479640486 149
0.16807338060960572 149
0.16807560642280658 149
0.16807783223600742 149
0.16808005804920828 149
0.16808228386240914 149
0.16808450967560998 149
0.16808673548881084 149
0.1680889613020117 149
0.16809118711521254 149
0.19799498746867167 149
0.19799721328187253 149
0.1979994390950734 149
0.19800166490827423 149
0.1980038907214751 149
0.19800611653467595 149
0.1980083423478768 149
0.19801056816107765 149
0.1980127939742785 149
0.19801501978747935 149
0.19802614885348363 149
0.19802837466668446 149
0.19803060047988533 149
0.1980328262930862 149
0.19803505210628702 149
0.1980372779194879 149
0.19803950373268875 149
0.19804172954588958 149
0.19804395535909045 149
0.1980461811722913 149
0.19804840698549214 149
0.198050632798693 149
0.19805285861189387 149
0.1980550844250947 149
0.19805731023829556 149
0.19805953605149643 149
0.19806176186469726 149
0.19806398767789812 149
0.19806621349109899 149
0.19806843930429982 149
0.19807066511750068 149
0.19807289093070155 149
0.19807511674390238 149
0.19807734255710324 149
0.20402248961658143 149
0.20402471542978226 149
0.20402694124298312 149
0.20402916705618399 149
0.20403139286938482 149
0.20403361868258568 149
0.20403584449578654 149
0.20403807030898738 149
0.20404029612218824 149
0.2040425219353891 149
0.20405365100139336 149
0.20405587681459422 149
0.20405810262779506 149
0.20406032844099592 149
0.20406255425419678 149
0.20406478006739762 149
0.20406700588059848 149
0.20406923169379934 149
0.20407145750700018 149
0.20407368332020104 149
0.2040759091334019 149
0.20407813494660274 149
0.2040803607598036 149
0.20408258657300446 149
0.2040848123862053 149
0.20408703819940616 149
0.20408926401260702 149
0.20409148982580785 149
0.20409371563900872 149
0.20409594145220958 149
0.2040981672654104 149
0.20410039307861128 149
0.2041026188918121 149
0.20410484470501297 149
0.21617320388003758 150
0.2161754296932384 151
0.21617765550643928 152
0.21865053397258688 152
0.21865275978578774 152
0.21865498559898858 152
0.2344582593250444 152
0.23446048513824524 152
0.2344627109514461 153
