0.3068283497375766 0
0.3071889314761148 1
0.4590494887307078 1
0.46018910508954447 1
0.46026478273837346 2
0.46393069708017826 2
0.4640909556306397 2
0.46571357345406145 2
0.4670913518253894 3
0.47152517172148845 3
0.4726247234427098 3
0.47270040109153877 4
0.476299541037318 4
0.4764597995877794 4
0.47808241741120117 4
0.47946019578252913 5
0.48401198377827337 5
0.48511153549949476 5
0.48518721314832375 6
0.4892782578114914 6
0.48943851636195285 6
0.49096987584413965 6
0.49175336209083986 6
0.6394627777258421 6
0.6406023940846788 6
0.6406780717335079 7
0.6443439860753126 7
0.644504244625774 7
0.6461268624491958 7
0.6475046408205237 8
0.651132716337914 8
0.6512929748883755 8
0.6529155927117972 8
0.6542933710831252 9
0.6578880594025027 9
0.6580483179529641 9
0.6596709357763859 9
0.6610487141477138 10
0.6647947577647494 10
0.6649550163152108 10
0.6665776341386326 10
0.6679554125099605 11
0.6720420055467266 11
0.6722022640971879 11
0.6737336235793747 11
0.6745171098260749 11
0.8223289128683164 11
0.8234685292271532 11
0.8235442068759822 12
0.8272101212177869 12
0.8273703797682483 12
0.8289929975916701 12
0.8303707759629981 13
0.8339988514803883 13
0.8341591100308497 13
0.8357817278542715 13
0.8371595062255995 14
0.840754194544977 14
0.8409144530954384 14
0.8425370709188602 14
0.8439148492901881 15
0.8476608929072237 15
0.8478211514576851 15
0.8494437692811069 15
0.8508215476524348 16
0.8556226267266746 16
0.8565775005898405 16
0.8566531782386695 16
0.9754937966586092 16
0.9766378646438476 16
0.9767135422926766 17
0.9811473621887756 17
0.9822513655363987 17
0.9823270431852277 18
0.986727475883314 18
0.9878314792309371 18
0.987907156879766 19
0.9924589448755102 19
0.9935629482231333 19
0.9936386258719623 20
0.9977296705351301 20
0.9978899290855914 21
