0.2282816276926775 1
0.2521846356566372 2
0.31619457168676574 3
0.32592805281409565 4
0.34628311453589566 5
0.3551885931525083 6
0.375276557290206 7
0.38418203590681854 8
0.4042789032973197 9
0.41318438191393225 10
0.4332901525572368 11
0.44219563117384936 12
0.4992098363136972 13
0.5081153149303098 14
0.5284659250257081 15
0.5373714036423207 16
0.557481625912027 17
0.5663871045286395 18
0.5865062300511492 19
0.5954117086677617 20
0.6155397374430748 21
0.6244452160596874 22
0.6819958421809408 23
0.6909013207975534 24
0.7112741890249603 25
0.7201796676415728 26
0.7403121480432876 27
0.7492176266599002 28
0.7693590103144183 29
0.778264488931031 30
0.7984147758383525 31
0.8073202544549651 32
0.8641541687255438 33
0.8730596473421565 34
0.8934547737015719 35
0.9023602523181844 36
0.9225149908519077 37
0.9314204694685203 38
0.951584111255047 39
0.9604895898716597 40
