0.16582530927674427 1
0.16585424484835534 2
0.22663897755044807 2
0.22665455824285402 3
0.22667013893526 4
0.22668571962766595 5
0.22670130032007194 6
0.2267213326388796 7
0.2267369133312856 8
0.22675249402369155 9
0.23992263073313835 9
0.23993821142554433 10
0.2399537921179503 11
0.23996937281035627 11
0.23998495350276222 12
0.2410511180259708 12
0.24106669871837677 12
0.24108227941078272 12
0.2410978601031887 13
0.24111344079559466 14
0.24112902148800064 15
0.24114460218040662 16
0.24116018287281257 17
0.24593900381504383 17
0.2459545845074498 17
0.24597016519985576 17
0.24598574589226174 17
0.2460013265846677 18
0.24865227010688354 18
0.24866785079928952 18
0.2486834314916955 18
0.24869901218410145 19
0.24871459287650743 20
0.24873017356891342 21
0.2487769156461313 21
0.24879694796493898 21
0.24881252865734496 22
0.24882810934975094 23
0.2488436900421569 24
0.24885927073456288 25
0.24887485142696883 26
0.2488904321193748 27
0.2489060128117808 28
0.24892159350418674 29
0.24893717419659273 30
0.2562445189349929 30
0.2562600996273989 30
0.25627568031980485 30
0.25629126101221084 31
0.25630684170461676 32
0.25632242239702274 33
0.2563380030894287 34
0.25996385279361817 34
0.2599794334860241 34
0.2599950141784301 34
0.26330034678169667 34
0.26331592747410265 34
0.26333150816650863 34
0.2633470888589146 34
0.2667481314298179 34
0.26676371212222383 34
0.2667792928146298 34
0.2667948735070358 34
0.2693100424239996 34
0.26932562311640557 34
0.26934120380881155 34
0.2693567845012175 34
0.27185637272577534 34
0.2718719534181813 34
0.2718875341105873 34
0.2719031148029933 34
0.2743804448955426 34
0.27439602558794857 34
0.27441160628035455 34
0.31282246468747354 34
0.3128380453798795 34
0.3128536260722855 34
0.3128692067646915 34
0.31288478745709747 34
0.3129048197759051 34
0.3129204004683111 34
0.3129359811607171 35
0.31295156185312306 36
0.31887667659379354 36
0.3188922572861995 36
0.3189078379786055 36
0.3189234186710114 36
0.3189389993634174 36
0.3189545800558234 36
0.319005773759443 37
0.31902358026504984 38
0.3243966933319088 38
0.3244122740243148 38
0.32442785471672075 38
0.32444343540912673 38
0.3244590161015327 38
0.32447459679393864 38
0.3245124356183532 38
0.32453246793716084 38
0.3245480486295668 38
0.3245636293219728 38
0.3245792100143787 38
0.3245947907067847 38
0.3246103713991907 38
0.32462595209159667 38
0.32464153278400265 38
0.32465711347640863 38
0.32467269416881456 38
0.343478589902821 38
0.34349417059522697 38
0.34350975128763295 38
0.34352533198003893 38
0.34354091267244485 38
0.34356094499125256 38
0.34357652568365854 38
0.3435921063760645 38
0.34360768706847045 38
0.34880496089246205 38
0.348820541584868 38
0.348836122277274 38
0.34885170296968 38
0.34886728366208597 38
0.3488828643544919 38
0.3489340580581115 38
0.34895186456371835 38
0.3536572336703214 38
0.3536728143627274 38
0.3536883950551334 38
0.35370397574753937 38
0.35371955643994535 38
0.35373513713235133 38
0.3537729759567658 38
0.3537930082755735 38
0.35380858896797945 38
0.35382416966038543 38
0.3538397503527914 38
0.35385533104519734 38
0.3538709117376033 38
0.3538864924300093 38
0.3539020731224153 38
0.35391765381482126 38
0.3539332345072272 38
0.3724675810307296 38
0.37248316172313556 38
0.37249874241554154 38
0.37251432310794746 38
0.37252990380035345 38
0.37254993611916115 38
0.37256551681156713 38
0.37258109750397306 38
0.37259667819637904 38
0.37779840364677236 38
0.37781398433917834 38
0.37782956503158427 38
0.37784514572399025 38
0.37786072641639623 38
0.3778763071088022 38
0.3779275008124218 38
0.37794530731802867 38
0.38265067642463174 38
0.3826662571170377 38
0.3826818378094437 38
0.38269741850184963 38
0.3827129991942556 38
0.3827285798866616 38
0.3827664187110761 38
0.3827864510298838 38
0.3828020317222897 38
0.3828176124146957 38
0.3828331931071017 38
0.38284877379950766 38
0.38286435449191364 38
0.38287993518431956 38
0.38289551587672555 38
0.3829110965691315 38
0.3829266772615375 38
0.40146547541144156 38
0.40148105610384754 38
0.4014966367962535 38
0.4015122174886595 38
0.40152779818106543 38
0.40154783049987314 38
0.4015634111922791 38
0.40157899188468504 38
0.401594572577091 38
0.4068007496538861 38
0.406816330346292 38
0.406831911038698 38
0.40684749173110396 38
0.40686307242350994 38
0.4068786531159159 38
0.40692984681953553 38
0.4069476533251423 38
0.41165302243174545 38
0.41166860312415143 38
0.41168418381655736 38
0.41169976450896334 38
0.4117153452013693 38
0.4117309258937753 38
0.4117687647181898 38
0.41178879703699744 38
0.4118043777294034 38
0.4118199584218094 38
0.4118355391142154 38
0.41185111980662137 38
0.4118667004990273 38
0.4118822811914333 38
0.41189786188383926 38
0.41191344257624524 38
0.4119290232686512 38
0.430472273044957 38
0.4304878537373629 38
0.4305034344297689 38
0.4305190151221749 38
0.43053459581458087 38
0.4305546281333885 38
0.4305702088257945 38
0.4305857895182005 38
0.43060137021060646 38
0.4358119989138032 38
0.4358275796062091 38
0.4358431602986151 38
0.43585874099102107 38
0.43587432168342705 38
0.435889902375833 38
0.43594109607945264 38
0.4359589025850594 38
0.44066427169166256 38
0.44067985238406854 38
0.44069543307647446 38
0.44071101376888044 38
0.4407265944612864 38
0.4407421751536924 38
0.4407800139781069 38
0.4408000462969146 38
0.44081562698932053 38
0.4408312076817265 38
0.4408467883741325 38
0.4408623690665385 38
0.44087794975894445 38
0.4408935304513504 38
0.44090911114375636 38
0.44092469183616234 38
0.4409402725285683 38
0.496383053548614 38
0.49639863424101993 38
0.4964142149334259 38
0.4964297956258319 38
0.4964453763182379 38
0.4964654086370455 38
0.4964809893294515 38
0.4964965700218575 38
0.49651215071426347 38
0.5017316826702636 38
0.5017472633626695 38
0.5017628440550755 38
0.5017784247474815 38
0.5017940054398875 38
0.5018095861322934 38
0.501860779835913 38
0.5018785863415198 38
0.506583955448123 38
0.506599536140529 38
0.5066151168329349 38
0.5066306975253408 38
0.5066462782177469 38
0.5066618589101528 38
0.5066996977345674 38
0.506719730053375 38
0.5067353107457809 38
0.506750891438187 38
0.5067664721305929 38
0.5067820528229989 38
0.5067976335154049 38
0.5068132142078108 38
0.5068287949002168 38
0.5068443755926227 38
0.5068599562850288 38
0.5256391422606249 38
0.5256547229530308 38
0.5256703036454369 38
0.5256858843378428 38
0.5257014650302488 38
0.5257214973490565 38
0.5257370780414624 38
0.5257526587338684 38
0.5257682394262744 38
0.5309877713822745 38
0.5310033520746805 38
0.5310189327670864 38
0.5310345134594924 38
0.5310500941518984 38
0.5310656748443043 38
0.531116868547924 38
0.5311346750535308 38
0.5358400441601339 38
0.5358556248525399 38
0.5358712055449458 38
0.5358867862373519 38
0.5359023669297578 38
0.5359179476221637 38
0.5359557864465783 38
0.5359758187653859 38
0.535991399457792 38
0.5360069801501979 38
0.5360225608426038 38
0.5360381415350098 38
0.5360537222274158 38
0.5360693029198218 38
0.5360848836122277 38
0.5361004643046337 38
0.5361160449970397 38
0.5546503915205421 38
0.554665972212948 38
0.5546815529053539 38
0.55469713359776 38
0.5547127142901659 38
0.5547327466089735 38
0.5547483273013796 38
0.5547639079937855 38
0.5547794886861915 38
0.5600034722685934 38
0.5600190529609993 38
0.5600346336534052 38
0.5600502143458113 38
0.5600657950382172 38
0.5600813757306232 38
0.5601325694342428 38
0.5601503759398496 38
0.5648557450464528 38
0.5648713257388587 38
0.5648869064312647 38
0.5649024871236706 38
0.5649180678160766 38
0.5649336485084826 38
0.564971487332897 38
0.5649915196517048 38
0.5650071003441107 38
0.5650226810365166 38
0.5650382617289227 38
0.5650538424213286 38
0.5650694231137346 38
0.5650850038061406 38
0.5651005844985465 38
0.5651161651909525 38
0.5651317458833585 38
0.5836705440332626 38
0.5836861247256685 38
0.5837017054180745 38
0.5837172861104805 38
0.5837328668028864 38
0.5837528991216941 38
0.5837684798141001 38
0.583784060506506 38
0.583799641198912 38
0.5890280764077156 38
0.5890436571001215 38
0.5890592377925274 38
0.5890748184849335 38
0.5890903991773394 38
0.5891059798697454 38
0.5891571735733651 38
0.5891749800789718 38
0.593880349185575 38
0.5938959298779809 38
0.5939115105703869 38
0.5939270912627929 38
0.5939426719551988 38
0.5939582526476048 38
0.5939960914720193 38
0.594016123790827 38
0.594031704483233 38
0.5940472851756389 38
0.5940628658680449 38
0.5940784465604508 38
0.5940940272528569 38
0.5941096079452628 38
0.5941251886376687 38
0.5941407693300748 38
0.5941563500224807 38
0.6126995997987865 38
0.6127151804911924 38
0.6127307611835985 38
0.6127463418760044 38
0.6127619225684103 38
0.6127819548872181 38
0.612797535579624 38
0.61281311627203 38
0.612828696964436 38
0.6180615837996412 38
0.6180771644920472 38
0.6180927451844531 38
0.6181083258768592 38
0.6181239065692651 38
0.618139487261671 38
0.6181906809652906 38
0.6182084874708975 38
0.6229138565775005 38
0.6229294372699066 38
0.6229450179623125 38
0.6229605986547185 38
0.6229761793471245 38
0.6229917600395305 38
0.6230295988639449 38
0.6230496311827526 38
0.6230652118751586 38
0.6230807925675645 38
0.6230963732599706 38
0.6231119539523765 38
0.6231275346447824 38
0.6231431153371885 38
0.6231586960295944 38
0.6231742767220004 38
0.6231898574144064 38
0.6791468012838491 38
0.679162381976255 38
0.679177962668661 38
0.679193543361067 38
0.6792091240534729 38
0.6792291563722807 38
0.6792447370646866 38
0.6792603177570925 38
0.6792758984494985 38
0.6845176885375072 38
0.6845332692299132 38
0.6845488499223191 38
0.684564430614725 38
0.6845800113071311 38
0.684595591999537 38
0.6846467857031566 38
0.6846645922087635 38
0.6893699613153665 38
0.6893855420077726 38
0.6894011227001785 38
0.6894167033925844 38
0.6894322840849905 38
0.6894478647773964 38
0.6894857036018109 38
0.6895057359206186 38
0.6895213166130245 38
0.6895368973054306 38
0.6895524779978365 38
0.6895680586902425 38
0.6895836393826484 38
0.6895992200750545 38
0.6896148007674604 38
0.6896303814598663 38
0.6896459621522724 38
0.7084251481278685 38
0.7084407288202745 38
0.7084563095126805 38
0.7084718902050864 38
0.7084874708974924 38
0.7085075032163001 38
0.708523083908706 38
0.708538664601112 38
0.708554245293518 38
0.7137960353815267 38
0.7138116160739326 38
0.7138271967663385 38
0.7138427774587446 38
0.7138583581511505 38
0.7138739388435565 38
0.7139251325471762 38
0.7139429390527829 38
0.7186483081593861 38
0.718663888851792 38
0.7186794695441979 38
0.718695050236604 38
0.7187106309290099 38
0.7187262116214159 38
0.7187640504458304 38
0.718784082764638 38
0.718799663457044 38
0.71881524414945 38
0.718830824841856 38
0.7188464055342619 38
0.7188619862266679 38
0.7188775669190739 38
0.7188931476114798 38
0.7189087283038859 38
0.7189243089962918 38
0.7374586555197942 38
0.7374742362122001 38
0.7374898169046061 38
0.7375053975970121 38
0.7375209782894181 38
0.7375410106082257 38
0.7375565913006317 38
0.7375721719930377 38
0.7375877526854436 38
0.742833994399854 38
0.7428495750922599 38
0.7428651557846659 38
0.7428807364770719 38
0.7428963171694779 38
0.7429118978618838 38
0.7429630915655034 38
0.7429808980711102 38
0.7476862671777134 38
0.7477018478701194 38
0.7477174285625253 38
0.7477330092549312 38
0.7477485899473373 38
0.7477641706397432 38
0.7478020094641578 38
0.7478220417829654 38
0.7478376224753713 38
0.7478532031677774 38
0.7478687838601833 38
0.7478843645525893 38
0.7478999452449953 38
0.7479155259374012 38
0.7479311066298072 38
0.7479466873222131 38
0.7479622680146192 38
0.7665010661645232 38
0.7665166468569292 38
0.7665322275493351 38
0.7665478082417411 38
0.7665633889341471 38
0.7665834212529548 38
0.7665990019453608 38
0.7666145826377667 38
0.7666301633301726 38
0.7718808566709847 38
0.7718964373633908 38
0.7719120180557967 38
0.7719275987482026 38
0.7719431794406086 38
0.7719587601330146 38
0.7720099538366342 38
0.7720277603422411 38
0.7767331294488441 38
0.7767487101412501 38
0.7767642908336561 38
0.7767798715260621 38
0.776795452218468 38
0.7768110329108739 38
0.7768488717352885 38
0.7768689040540961 38
0.7768844847465022 38
0.7769000654389081 38
0.776915646131314 38
0.7769312268237201 38
0.776946807516126 38
0.776962388208532 38
0.776977968900938 38
0.7769935495933439 38
0.7770091302857499 38
0.7955523800620556 38
0.7955679607544617 38
0.7955835414468676 38
0.7955991221392735 38
0.7956147028316796 38
0.7956347351504872 38
0.7956503158428933 38
0.7956658965352992 38
0.7956814772277051 38
0.8009366221949189 38
0.8009522028873249 38
0.8009677835797309 38
0.8009833642721368 38
0.8009989449645428 38
0.8010145256569488 38
0.8010657193605684 38
0.8010835258661753 38
0.8057888949727783 38
0.8058044756651843 38
0.8058200563575902 38
0.8058356370499962 38
0.8058512177424022 38
0.8058667984348081 38
0.8059046372592227 38
0.8059246695780303 38
0.8059402502704363 38
0.8059558309628423 38
0.8059714116552482 38
0.8059869923476543 38
0.8060025730400602 38
0.8060181537324661 38
0.8060337344248721 38
0.8060493151172781 38
0.8060648958096841 38
0.8612828696964436 38
0.8612984503888496 38
0.8613140310812555 38
0.8613296117736615 38
0.8613451924660674 38
0.8613652247848752 38
0.8613808054772811 38
0.8613963861696871 38
0.8614119668620931 38
0.8666760150821102 38
0.8666915957745163 38
0.8667071764669222 38
0.8667227571593281 38
0.8667383378517342 38
0.8667539185441401 38
0.8668051122477597 38
0.8668229187533666 38
0.8715282878599696 38
0.8715438685523756 38
0.8715594492447816 38
0.8715750299371876 38
0.8715906106295935 38
0.8716061913219995 38
0.871644030146414 38
0.8716640624652217 38
0.8716796431576277 38
0.8716952238500336 38
0.8717108045424395 38
0.8717263852348456 38
0.8717419659272515 38
0.8717575466196575 38
0.8717731273120635 38
0.8717887080044694 38
0.8718042886968754 38
0.8905834746724716 38
0.8905990553648776 38
0.8906146360572835 38
0.8906302167496895 38
0.8906457974420955 38
0.8906658297609031 38
0.8906814104533091 38
0.8906969911457151 38
0.890712571838121 38
0.8959766200581383 38
0.8959922007505442 38
0.8960077814429502 38
0.8960233621353562 38
0.8960389428277621 38
0.8960545235201681 38
0.8961057172237877 38
0.8961235237293945 38
0.9008288928359977 38
0.9008444735284036 38
0.9008600542208096 38
0.9008756349132155 38
0.9008912156056215 38
0.9009067962980275 38
0.9009446351224419 38
0.9009646674412497 38
0.9009802481336556 38
0.9009958288260616 38
0.9010114095184676 38
0.9010269902108735 38
0.9010425709032795 38
0.9010581515956855 38
0.9010737322880914 38
0.9010893129804974 38
0.9011048936729034 38
0.9196392401964057 38
0.9196548208888117 38
0.9196704015812177 38
0.9196859822736236 38
0.9197015629660297 38
0.9197215952848373 38
0.9197371759772432 38
0.9197527566696493 38
0.9197683373620552 38
0.9250368372084741 38
0.9250524179008801 38
0.925067998593286 38
0.9250835792856921 38
0.925099159978098 38
0.9251147406705039 38
0.9251659343741235 38
0.9251837408797304 38
0.9298891099863336 38
0.9299046906787395 38
0.9299202713711454 38
0.9299358520635514 38
0.9299514327559574 38
0.9299670134483634 38
0.9300048522727778 38
0.9300248845915855 38
0.9300404652839915 38
0.9300560459763975 38
0.9300716266688035 38
0.9300872073612094 38
0.9301027880536153 38
0.9301183687460214 38
0.9301339494384273 38
0.9301495301308333 38
0.9301651108232393 38
0.9487039089731434 38
0.9487194896655493 38
0.9487350703579552 38
0.9487506510503613 38
0.9487662317427672 38
0.9487862640615748 38
0.9488018447539809 38
0.9488174254463868 38
0.9488330061387928 38
0.9541059576116134 38
0.9541215383040194 38
0.9541371189964254 38
0.9541526996888313 38
0.9541682803812372 38
0.9541838610736433 38
0.9542350547772629 38
0.9542528612828697 38
0.9589582303894728 38
0.9589738110818787 38
0.9589893917742848 38
0.9590049724666907 38
0.9590205531590966 38
0.9590361338515027 38
0.9590739726759171 38
0.9590940049947249 38
0.9591095856871308 38
0.9591251663795367 38
0.9591407470719427 38
0.9591563277643487 38
0.9591719084567547 38
0.9591874891491606 38
0.9592030698415667 38
0.9592186505339726 38
0.9592342312263785 38
