0.30995339147157414 0
0.34086993683142136 0
0.37005702533420587 0
0.39905491971491786 0
0.42806171734843323 0
0.461059398051078 0
0.46787038644568796 0
0.47346385501943133 0
0.4802080690180157 0
0.48591950569140435 0
0.49351398033271454 0
0.5230304891892252 0
0.5522398358240183 0
0.5812599883367389 0
0.6102890441022628 0
0.6414726870462123 0
0.6482836754408223 0
0.6550568250110178 0
0.6617965873832005 0
0.6686877050530411 0
0.6762777280679496 0
0.7058164950564689 0
0.7350480998232705 0
0.7640905104679995 0
0.7931418243655319 0
0.8243388221886866 0
0.8311498105832966 0
0.8379229601534921 0
0.8446627225256748 0
0.8515538401955154 0
0.8584137964805442 0
0.887974821601072 0
0.917228684499882 0
0.9462933532766196 0
0.9774925769129752 0
0.9830904971131202 0
0.9886550301152526 0
0.9943709184150429 0
