0.23576036004754336 0
0.2360341350712483 0
0.2363079100949532 0
0.2365816851186581 0
0.23671523391070928 0
0.23706023495684148 0
0.23738297787096516 0
0.23740078437657197 0
0.2378815600279562 0
0.23789936653356303 0
0.2382554966456995 0
0.23826662571170376 0
0.2382844322173106 0
0.23854930398821209 0
0.23856711049381893 0
0.23876075624229312 0
0.23877856274789994 0
0.23897220849637416 0
0.23899001500198097 0
0.2390078215075878 0
0.23919924144286114 0
0.23922372538807052 0
0.23924153189367736 0
0.23925933839928418 0
0.31797299643424726 0
0.3180842870942899 0
0.3181221259187044 0
0.34790128073291576 0
0.34801257139295844 0
0.34805041021737293 0
0.3768947234872261 0
0.3770060141472687 0
0.3770438529716832 0
0.40589706949433974 0
0.4060083601543824 0
0.4060461989787969 0
0.4349083187542569 0
0.4350196094142995 0
0.435057448238714 0
0.5008280025107172 0
0.5009392931707599 0
0.5009771319951745 0
0.5300840912227283 0
0.5301953818827708 0
0.5302332207071854 0
0.559099792109047 0
0.5592110827690897 0
0.5592489215935041 0
0.5881243962481693 0
0.5882356869082119 0
0.5882735257326264 0
0.6171579036400949 0
0.6172691943001376 0
0.617307033124552 0
0.6836140083779609 0
0.6837252990380035 0
0.683763137862418 0
0.7128923552219804 0
0.713003645882023 0
0.7130414847064375 0
0.7419303142403076 0
0.7420416049003503 0
0.7420794437247649 0
0.7709771765114385 0
0.771088467171481 0
0.7711263059958956 0
0.8000329420353727 0
0.8001442326954152 0
0.8001820715198298 0
0.865772334922564 0
0.8658836255826066 0
0.8659214644070211 0
0.8950729398985919 0
0.8951842305586346 0
0.895222069383049 0
0.9241331570489278 0
0.9242444477089705 0
0.924282286533385 0
0.9532022774520671 0
0.9533135681121098 0
0.9533514069365242 0
