0.2265989129128327 0
0.239882566095523 0
0.24060372957259935 0
0.24101105338835543 0
0.24589893917742847 0
0.2486122054692682 0
0.25620445429737754 0
0.2599237881560028 0
0.2632602821440813 0
0.26670806679220255 0
0.26926997778638423 0
0.27181630808816 0
0.27434038025792723 0
0.3188366119561782 0
0.32435662869429344 0
0.3487648962548467 0
0.3536171690327061 0
0.377758339009157 0
0.3826106117870164 0
0.4067606850162707 0
0.4116129577941301 0
0.4357719342761878 0
0.4406242070540472 0
0.5016916180326483 0
0.5065438908105077 0
0.5309477067446592 0
0.5357999795225186 0
0.559963407630978 0
0.5648156804088373 0
0.5889880117701002 0
0.5938402845479596 0
0.6180215191620259 0
0.6228737919398852 0
0.6844776238998919 0
0.6893298966777512 0
0.7137559707439113 0
0.7186082435217707 0
0.7427939297622387 0
0.7476462025400981 0
0.7718407920333694 0
0.7766930648112288 0
0.8008965575573036 0
0.805748830335163 0
0.8666359504444949 0
0.8714882232223543 0
0.8959365554205229 0
0.9007888281983822 0
0.9249967725708588 0
0.9298490453487182 0
0.954065892973998 0
0.9589181657518574 0
