0.14273472313109595 1
0.14335349920093307 2
0.14591095856871308 3
0.1463828309672939 3
0.1470260909823404 4
0.14760925404096387 4
0.16321888201854548 5
0.16700276445999546 6
0.17258955559413633 7
0.17475972346496793 8
0.18580420856760016 9
0.187411245698616 10
0.19081673989592096 10
0.19270868111664596 11
0.19654820888811728 12
0.1985136019444704 13
0.20121573917030589 14
0.2016408694916688 15
0.20477258866526885 16
0.2074368870666898 16
0.20785756576165101 16
0.2099097655328374 16
0.2106019934383027 16
0.21213112710728865 16
0.22221406090715243 16
0.22297528902184413 16
0.22451555175683435 17
