0.22866001593682253 1
0.22902282348856154 2
0.22921201761063403 2
0.22960821236038587 3
0.22979740648245836 4
0.23038724698068438 5
0.23061650574037224 6
0.23085244193966264 7
0.23091253889608568 8
0.23110173301815817 9
0.2313510240966537 10
0.23154021821872622 11
0.23172941234079872 12
0.2319853808588968 13
0.23203657456251642 14
0.2322747365750077 15
0.23246393069708018 16
0.23250399533469554 17
0.2327332540943834 18
0.23277331873199875 19
0.2330025774916866 20
0.23304264212930195 21
0.23329193320779748 22
0.25266095968161967 23
0.25275666964925636 24
0.3166085729421244 25
0.3168155735698037 26
0.32640437683907814 27
0.32650008680671483 28
0.34669711579125434 29
0.34690411641893365 30
0.35566491717749077 31
0.35576062714512746 32
0.3756905585455646 33
0.37589755917324397 34
0.3846583599318011 35
0.3847540698994378 36
0.4046929045526783 37
0.4048999051803576 38
0.4136607059389148 39
0.41375641590655143 40
0.4337041538125954 41
0.4339111544402747 42
0.4426719551988319 43
0.4427676651664686 44
0.4996238375690559 45
0.4998308381967352 46
0.5085916389552924 47
0.508687348922929 48
0.5288799262810668 49
0.5290869269087461 50
0.5378477276673033 51
0.5379434376349399 52
0.5578956271673856 53
0.5581026277950649 54
0.566863428553622 55
0.5669591385212588 56
0.5869202313065078 57
0.5871272319341871 58
0.5958880326927443 59
0.595983742660381 60
0.6159537386984335 61
0.6161607393261128 62
0.6249215400846699 63
0.6250172500523066 64
0.6824098434362994 65
0.6826168440639788 66
0.6913776448225359 67
0.6914733547901726 68
0.7116881902803189 69
0.7118951909079982 70
0.7206559916665554 71
0.720751701634192 72
0.7407261492986462 73
0.7409331499263255 74
0.7496939506848828 75
0.7497896606525194 76
0.7697730115697771 77
0.7699800121974564 78
0.7787408129560135 79
0.7788365229236501 80
0.7988287770937111 81
0.7990357777213906 82
0.8077965784799477 83
0.8078922884475843 84
0.8645681699809025 85
0.8647751706085819 86
0.873535971367139 87
0.8736316813347756 88
0.8938687749569305 89
0.8940757755846098 90
0.9028365763431669 91
0.9029322863108037 92
0.9229289921072664 93
0.9231359927349457 94
0.9318967934935029 95
0.9319925034611395 96
0.9519981125104057 97
0.952205113138085 98
0.9609659138966421 99
0.9610616238642788 100
