0.14473127757226104 0
0.1447379550118636 0
0.16543356615339413 0
0.1654402435929967 0
0.1696114175313951 0
0.16961809497099764 0
0.1696247724106002 0
0.1734643001820715 0
0.17347097762167407 0
0.17347765506127663 0
0.1734843325008792 0
0.18492946397966498 0
0.18493614141926754 0
0.18661885619911234 0
0.1866255336387149 0
0.18926979972132818 0
0.18927647716093074 0
0.19164919403303998 0
0.19165587147264254 0
0.19387723304709376 0
0.19388391048669631 0
0.19941950791721755 0
0.1994261853568201 0
0.19943286279642267 0
0.20041889804440052 0
0.20042557548400308 0
0.20224851649550163 0
0.2022551939351042 0
0.20226187137470675 0
0.2022685488143093 0
0.20324568080948374 0
0.2032523582490863 0
0.2057875594848578 0
0.20579423692446036 0
0.2065354327203444 0
0.20654211015994695 0
0.21134541504738757 0
0.21135209248699013 0
0.21140773781701144 0
0.2114099636302123 0
0.21143444757542168 0
0.21143667338862254 0
0.21146115733383192 0
0.21146338314703278 0
0.22131483237400784 0
0.2213215098136104 0
0.22132818725321296 0
0.22516326339828258 0
0.2251699408378851 0
0.22517661827748767 0
