0.2354420687598214 0
0.2366106206902692 0
0.23674416948232035 0
0.23742971994818307 0
0.23746755877259756 0
0.23750539759701206 0
0.237930527918375 0
0.23831336778892168 0
0.23835120661333617 0
0.23859604606543 0
0.23880749831951104 0
0.23903675707919889 0
0.31766583421252953 0
0.34775437706165946 0
0.3767478198159698 0
0.4057501658230835 0
0.4347614150830006 0
0.500681098839461 0
0.5299371875514719 0
0.5589528884377908 0
0.587977492576913 0
0.6170109999688386 0
0.6834671047067046 0
0.7127454515507241 0
0.7417834105690514 0
0.7708302728401821 0
0.7998860383641163 0
0.8656254312513076 0
0.8949260362273357 0
0.9239862533776715 0
0.9530553737808108 0
