0.22631178300992266 0
0.23969559778665137 0
0.2842786361997356 0
0.28503541268802557 0
0.28522015518369637 0
0.294185730756732 0
0.29636257606716615 0
0.31258207686178147 0
0.31855838530607156 0
0.3432382020771289 0
0.3484866696047401 0
0.37222719320503744 0
0.3774801123590504 0
0.40122508758574943 0
0.4064824583661641 0
0.43023188521926486 0
0.4354937076260812 0
0.4604183638492323 0
0.4634031793515761 0
0.46724493293624825 0
0.47014294172375876 0
0.47285398220239766 0
0.4757720233087158 0
0.479613776893388 0
0.48262975378054374 0
0.4853407942591826 0
0.4866184110364722 0
0.4886928689396671 0
0.49614266572292187 0
0.5014133913825416 0
0.5253987544349328 0
0.5306694800945525 0
0.5544100036948499 0
0.5596851809808714 0
0.5834301562075704 0
0.5887097851199936 0
0.6124592119730944 0
0.6177432925119193 0
0.6408316528443667 0
0.6438164683467105 0
0.6476582219313827 0
0.6506096502357136 0
0.6544469521939841 0
0.6573649933003023 0
0.6612022952585728 0
0.664271691662549 0
0.6681089936208193 0
0.669386610398109 0
0.6714610683013039 0
0.6789064134581569 0
0.6841993972497852 0
0.7081847603021764 0
0.7134777440938047 0
0.737218267694102 0
0.742515703112132 0
0.766260678338831 0
0.7715625653832627 0
0.7953119922363635 0
0.8006183309071969 0
0.823697787986841 0
0.8266826034891848 0
0.830524357073857 0
0.8334757853781879 0
0.8373130873364584 0
0.8402311284427766 0
0.8440684304010471 0
0.8471378268050233 0
0.8509751287632936 0
0.8522527455405833 0
0.8542737839269577 0
0.8610424818707515 0
0.8663577237943882 0
0.8903430868467794 0
0.8956583287704163 0
0.9193988523707136 0
0.9247185459207522 0
0.9484635211474512 0
0.9537876663238914 0
0.9768671234035354 0
0.979765132191046 0
0.9824806242960866 0
0.9853452458855843 0
0.9880607379906249 0
0.9910767148777806 0
0.9937922069828212 0
0.9950698237601108 0
0.9971442816633057 0
