0.07038911666377311 0
0.1192012001584779 0
0.13916897038332954 0
0.1458441841726875 0
0.14614021732840093 0
0.15207423532187483 0
0.1530513673170493 0
0.15407746720264248 0
0.16496391956801418 0
0.1655493084398385 0
0.16692263518476474 0
0.18833495817696996 0
0.1951860112091953 0
0.1952416565392166 0
0.19527281792402854 0
0.19716253333155268 0
0.20866108432715894 0
0.2096026033111197 0
0.21837230732248028 0
0.22638300903234998 0
0.22647649318678578 0
0.2274402703027551 0
0.23976682380907866 0
0.23985140471071106 0
0.240487987286155 0
0.2405725681877874 0
0.24066160071582152 0
0.24081073020027868 0
0.2409175692339196 0
0.2409798920035435 0
0.2417455717446369 0
0.24176782987664544 0
0.24570084180255256 0
0.24581658408899693 0
0.24586777779261654 0
0.24645761829084256 0
0.2464798764228511 0
0.24769294461731595 0
0.24771520274932446 0
0.2483985274019863 0
0.24852985038083664 0
0.24858104408445625 0
0.24935785289155393 0
0.24938011102356245 0
0.2516103758508171 0
0.25598855041689483 0
0.2561176475825443 0
0.25617329291256563 0
0.2566985848279669 0
0.25672084295997544 0
0.2580607825068889 0
0.2597323682207294 0
0.25984143306757124 0
0.25989262677119085 0
0.26035114429056655 0
0.26037340242257506 0
0.26191811678396704 0
0.26307108802200885 0
0.2631712496160472 0
0.2632291207592694 0
0.2637677675538758 0
0.26379002568588433 0
0.2653369658604771 0
0.265626321576588 0
0.26649438872492065 0
0.266625711703771 0
0.2666769054073906 0
0.26721332638879614 0
0.2672355845208047 0
0.2676829729741761 0
0.2679812319430904 0
0.26858887894692324 0
0.2690562997191024 0
0.2691876226979527 0
0.2692388164015723 0
0.2697752373829779 0
0.2697974955149864 0
0.27024488396835783 0
0.27053201387126785 0
0.27113743506189986 0
0.27160263002087814 0
0.27173395299972847 0
0.2717851467033481 0
0.27232156768475363 0
0.27234382581676214 0
0.2727912142701336 0
0.2730783441730436 0
0.2736837653636756 0
0.2741489603226539 0
0.27425802516949566 0
0.27430921887311527 0
0.274767736392491 0
0.27478999452449954 0
0.27592070763053284 0
0.2784136184154881 0
0.28130940138979776 0
0.28292979340001867 0
0.28295205153202724 0
0.2843543138485646 0
0.28451902402542767 0
0.2846458953778763 0
0.284801702301936 0
0.28529583283252535 0
0.2854605430093885 0
0.2855874143618371 0
0.2857432212858968 0
0.2896539750797954 0
0.2896762332118039 0
0.2915080774761059 0
0.2915303356081144 0
0.29294817861705774 0
0.29297043674906625 0
0.2951450562462996 0
0.2951673143783081 0
0.2968478033449521 0
0.2968700614769606 0
0.298710808994066 0
0.2987330671260745 0
0.30063613741280376 0
0.3006583955448123 0
0.30179578609044816 0
0.30181804422245667 0
0.3029621122076951 0
0.3029843703397036 0
0.3040572123025147 0
0.30407947043452327 0
0.30834635434055835 0
0.3086735488810837 0
0.3088983560143698 0
0.30922555055489526 0
0.30959726135943766 0
0.3097619715363008 0
0.3098888428887494 0
0.3124040118057132 0
0.31275346447824715 0
0.3133344017236697 0
0.3133566598556783 0
0.3139999198707248 0
0.3140221780027333 0
0.31469882521579257 0
0.31472108334780113 0
0.3159964743118899 0
0.3186296113284989 0
0.3187520310545458 0
0.3188054505713662 0
0.32010087385426267 0
0.3241607571326184 0
0.32428095104546445 0
0.32432546730948153 0
0.32536492207427986 0
0.33054884101906634 0
0.33202232935803094 0
0.33398994822758493 0
0.3340122063595935 0
0.3349537253435543 0
0.3349759834755628 0
0.3360688577571816 0
0.3360911158891901 0
0.33689908608109975 0
0.33692134421310826 0
0.3378517341310648 0
0.3378739922630733 0
0.3392628997004055 0
0.33959009424093095 0
0.33981490137421705 0
0.3401420959147424 0
0.3405138067192849 0
0.34067851689614803 0
0.34080538824859663 0
0.34306013702106064 0
0.34340958969359453 0
0.3439860753126155 0
0.344008333444624 0
0.3446515934596705 0
0.344673851591679 0
0.34535049880473834 0
0.34537275693674685 0
0.34612953342503683 0
0.3485578956271674 0
0.3486803153532143 0
0.3487337348700348 0
0.34938144651148295 0
0.353421297471031 0
0.3535414913838771 0
0.35358600764789416 0
0.3546254624126925 0
0.359809381357479 0
0.3612717406304393 0
0.3632215529943865 0
0.36324381112639503 0
0.3641853301103558 0
0.3642075882423643 0
0.3653004625239831 0
0.36532272065599164 0
0.3661306908479013 0
0.3661529489799098 0
0.3670833388978663 0
0.3671055970298749 0
0.36844998820319 0
0.3687771827437154 0
0.36900198987700156 0
0.36932918441752693 0
0.3697008952220694 0
0.3698656053989325 0
0.36999247675138114 0
0.37204912814896923 0
0.3723985808215031 0
0.37297506644052403 0
0.3729973245725326 0
0.3736405845875791 0
0.3736628427195876 0
0.3743394899326469 0
0.37436174806465544 0
0.37512297617934715 0
0.3775513383814777 0
0.37767375810752457 0
0.37772717762434505 0
0.37837488926579327 0
0.38241474022534133 0
0.3825349341381874 0
0.3825794504022044 0
0.38361890516700275 0
0.38880282411178924 0
0.39026518338474964 0
0.3922194473750985 0
0.392241705507107 0
0.3931832244910678 0
0.39320548262307636 0
0.3942983569046951 0
0.3943206150367037 0
0.39512858522861327 0
0.3951508433606218 0
0.3960812332785783 0
0.39610349141058687 0
0.397447882583902 0
0.3977750771244274 0
0.39799988425771354 0
0.3983270787982389 0
0.3986987896027814 0
0.39886349977964447 0
0.3989903711320931 0
0.4010470225296812 0
0.4013964752022151 0
0.401972960821236 0
0.4019952189532446 0
0.4026384789682911 0
0.4026607371002996 0
0.40333738431335886 0
0.40335964244536743 0
0.4041253221864608 0
0.40655368438859135 0
0.4066761041146383 0
0.40672952363145876 0
0.407377235272907 0
0.41141708623245504 0
0.4115372801453011 0
0.41158179640931813 0
0.41262125117411647 0
0.41780517011890295 0
0.4192675293918633 0
0.4212262450086139 0
0.4212485031406224 0
0.42219002212458323 0
0.42221228025659174 0
0.42330515453821055 0
0.42332741267021906 0
0.42413538286212865 0
0.4241576409941372 0
0.42508803091209374 0
0.42511028904410225 0
0.42645468021741745 0
0.4267818747579428 0
0.427006681891229 0
0.42733387643175436 0
0.42770558723629676 0
0.4278702974131599 0
0.4279971687656085 0
0.4300538201631966 0
0.43040327283573054 0
0.43097975845475145 0
0.43100201658675996 0
0.43164527660180646 0
0.431667534733815 0
0.4323441819468743 0
0.4323664400788828 0
0.43313657144637796 0
0.43556493364850846 0
0.4356873533745554 0
0.43574077289137586 0
0.4363884845328241 0
0.44042833549237215 0
0.4405485294052182 0
0.44059304566923524 0
0.44163250043403357 0
0.44681641937882005 0
0.44827877865178045 0
0.4502419458949327 0
0.45026420402694123 0
0.45120572301090206 0
0.4512279811429106 0
0.4523208554245294 0
0.4523431135565379 0
0.4531510837484475 0
0.45317334188045605 0
0.45410373179841257 0
0.4541259899304211 0
0.4607032679389415 0
0.4608679781158046 0
0.46099484946825325 0
0.4675142563335515 0
0.4676789665104146 0
0.46780583786286317 0
0.47310772490729486 0
0.473272435084158 0
0.4733993064366066 0
0.47985193890587924 0
0.4800166490827424 0
0.480143520435191 0
0.4855633755792679 0
0.485728085756131 0
0.4858549571085796 0
0.49190694320169875 0
0.49223413774222413 0
0.4924589448755103 0
0.49278613941603566 0
0.49315785022057806 0
0.4933225603974412 0
0.4934494317498898 0
0.49596460066685366 0
0.49631405333938755 0
0.4968949905848102 0
0.4969172487168187 0
0.4975605087318652 0
0.4975827668638737 0
0.498259414076933 0
0.49828167220894154 0
0.49905625520283836 0
0.5014846174049689 0
0.5016070371310158 0
0.5016604566478363 0
0.5023081682892845 0
0.5063480192488325 0
0.5064682131616787 0
0.5065127294256957 0
0.507552184190494 0
0.5127361031352805 0
0.5141984624082409 0
0.5161505005853889 0
0.5161727587173974 0
0.5171142777013582 0
0.5171365358333667 0
0.5182294101149855 0
0.5182516682469941 0
0.5190596384389037 0
0.5190818965709122 0
0.5200122864888687 0
0.5200345446208773 0
0.5214234520582095 0
0.5217506465987348 0
0.521975453732021 0
0.5223026482725464 0
0.5226743590770888 0
0.522839069253952 0
0.5229659406064006 0
0.5252206893788646 0
0.5255701420513985 0
0.5261466276704194 0
0.5261688858024279 0
0.5268121458174744 0
0.526834403949483 0
0.5275110511625423 0
0.5275333092945508 0
0.5283123439148493 0
0.5307407061169799 0
0.5308631258430268 0
0.5309165453598472 0
0.5315642570012954 0
0.5356041079608435 0
0.5357243018736896 0
0.5357688181377066 0
0.5368082729025049 0
0.5419921918472914 0
0.5434545511202518 0
0.545404363484199 0
0.5454266216162075 0
0.5463681406001683 0
0.5463903987321768 0
0.5474832730137956 0
0.5475055311458041 0
0.5483135013377137 0
0.5483357594697222 0
0.5492661493876788 0
0.5492884075196873 0
0.5506327986930025 0
0.5509599932335278 0
0.551184800366814 0
0.5515119949073394 0
0.5518837057118818 0
0.552048415888745 0
0.5521752872411936 0
0.5542319386387817 0
0.5545813913113156 0
0.5551578769303365 0
0.555180135062345 0
0.5558233950773915 0
0.5558456532094 0
0.5565223004224593 0
0.5565445585544678 0
0.5573280448011682 0
0.5597564070032987 0
0.5598788267293455 0
0.559932246246166 0
0.5605799578876143 0
0.5646198088471623 0
0.5647400027600084 0
0.5647845190240254 0
0.5658239737888238 0
0.5710078927336102 0
0.5724702520065706 0
0.5744245159969195 0
0.574446774128928 0
0.5753882931128887 0
0.5754105512448974 0
0.5765034255265161 0
0.5765256836585246 0
0.5773336538504342 0
0.5773559119824427 0
0.5782863019003993 0
0.5783085600324078 0
0.579652951205723 0
0.5799801457462483 0
0.5802049528795346 0
0.5805321474200599 0
0.5809038582246023 0
0.5810685684014655 0
0.5811954397539141 0
0.5832520911515022 0
0.5836015438240361 0
0.584178029443057 0
0.5842002875750656 0
0.584843547590112 0
0.5848658057221205 0
0.5855424529351798 0
0.5855647110671884 0
0.5863526489402904 0
0.5887810111424209 0
0.5889034308684677 0
0.5889568503852882 0
0.5896045620267365 0
0.5936444129862846 0
0.5937646068991306 0
0.5938091231631476 0
0.594848577927946 0
0.6000324968727324 0
0.6014948561456929 0
0.6034535717624434 0
0.6034758298944519 0
0.6044173488784127 0
0.6044396070104212 0
0.6055324812920401 0
0.6055547394240486 0
0.6063627096159582 0
0.6063849677479667 0
0.6073153576659233 0
0.6073376157979318 0
0.608682006971247 0
0.6090092015117723 0
0.6092340086450585 0
0.6095612031855838 0
0.6099329139901263 0
0.6100976241669894 0
0.610224495519438 0
0.6122811469170262 0
0.61263059958956 0
0.6132070852085809 0
0.6132293433405895 0
0.613872603355636 0
0.6138948614876445 0
0.6145715087007038 0
0.6145937668327124 0
0.6153861563322159 0
0.6178145185343465 0
0.6179369382603934 0
0.6179903577772139 0
0.6186380694186621 0
0.6226779203782101 0
0.6227981142910562 0
0.6228426305550733 0
0.6238820853198717 0
0.6290660042646581 0
0.6305283635376184 0
0.6324915307807708 0
0.6325137889127793 0
0.6334553078967401 0
0.6334775660287486 0
0.6345704403103674 0
0.6345926984423759 0
0.6354006686342856 0
0.6354229267662941 0
0.6363533166842505 0
0.6363755748162592 0
0.6411165569340759 0
0.641281267110939 0
0.6414081384633876 0
0.6479275453286858 0
0.6480922555055489 0
0.6482191268579975 0
0.6547006948988813 0
0.6548654050757444 0
0.654992276428193 0
0.6614404572710639 0
0.6616051674479271 0
0.6617320388003757 0
0.6683315749409047 0
0.6684962851177678 0
0.6686231564702164 0
0.6746706909369338 0
0.6749978854774592 0
0.6752226926107453 0
0.6755498871512707 0
0.6759215979558132 0
0.6760863081326762 0
0.6762131794851249 0
0.6787283484020887 0
0.6790778010746226 0
0.6796587383200452 0
0.6796809964520537 0
0.6803242564671003 0
0.6803465145991088 0
0.681023161812168 0
0.6810454199441766 0
0.681842261070082 0
0.6842706232722126 0
0.6843930429982594 0
0.6844464625150799 0
0.6850941741565281 0
0.6891340251160761 0
0.6892542190289223 0
0.6892987352929393 0
0.6903381900577376 0
0.6955221090025241 0
0.6969844682754844 0
0.6989365064526325 0
0.698958764584641 0
0.6999002835686018 0
0.6999225417006103 0
0.7010154159822292 0
0.7010376741142377 0
0.7018456443061473 0
0.7018679024381558 0
0.7027982923561124 0
0.7028205504881209 0
0.7042094579254531 0
0.7045366524659784 0
0.7047614595992646 0
0.7050886541397899 0
0.7054603649443324 0
0.7056250751211955 0
0.7057519464736441 0
0.7080066952461082 0
0.7083561479186421 0
0.708932633537663 0
0.7089548916696715 0
0.709598151684718 0
0.7096204098167266 0
0.7102970570297858 0
0.7103193151617944 0
0.7111206079141014 0
0.713548970116232 0
0.7136713898422788 0
0.7137248093590993 0
0.7143725210005476 0
0.7184123719600957 0
0.7185325658729417 0
0.7185770821369587 0
0.7196165369017571 0
0.7248004558465435 0
0.7262628151195039 0
0.7282126274834511 0
0.7282348856154596 0
0.7291764045994203 0
0.729198662731429 0
0.7302915370130477 0
0.7303137951450562 0
0.7311217653369658 0
0.7311440234689743 0
0.7320744133869309 0
0.7320966715189394 0
0.7334410626922546 0
0.7337682572327799 0
0.7339930643660662 0
0.7343202589065915 0
0.7346919697111339 0
0.7348566798879971 0
0.7349835512404457 0
0.7370402026380338 0
0.7373896553105678 0
0.7379661409295887 0
0.7379883990615972 0
0.7386316590766436 0
0.7386539172086521 0
0.7393305644217115 0
0.73935282255372 0
0.7401585669324288 0
0.7425869291345593 0
0.7427093488606062 0
0.7427627683774267 0
0.7434104800188749 0
0.747450330978423 0
0.7475705248912691 0
0.7476150411552861 0
0.7486544959200844 0
0.7538384148648709 0
0.7553007741378313 0
0.7572550381281802 0
0.7572772962601887 0
0.7582188152441495 0
0.758241073376158 0
0.7593339476577767 0
0.7593562057897852 0
0.760164175981695 0
0.7601864341137035 0
0.7611168240316599 0
0.7611390821636685 0
0.7624834733369836 0
0.7628106678775091 0
0.7630354750107952 0
0.7633626695513206 0
0.763734380355863 0
0.7638990905327261 0
0.7640259618851748 0
0.7660826132827628 0
0.7664320659552968 0
0.7670085515743177 0
0.7670308097063262 0
0.7676740697213728 0
0.7676963278533813 0
0.7683729750664405 0
0.768395233198449 0
0.7692054292035595 0
0.7716337914056901 0
0.771756211131737 0
0.7718096306485575 0
0.7724573422900056 0
0.7764971932495537 0
0.7766173871623998 0
0.7766619034264168 0
0.7777013581912151 0
0.7828852771360016 0
0.784347636408962 0
0.7863063520257126 0
0.7863286101577212 0
0.7872701291416819 0
0.7872923872736904 0
0.7883852615553092 0
0.7884075196873178 0
0.7892154898792274 0
0.7892377480112359 0
0.7901681379291924 0
0.790190396061201 0
0.7915347872345161 0
0.7918619817750415 0
0.7920867889083276 0
0.792413983448853 0
0.7927856942533955 0
0.7929504044302585 0
0.7930772757827073 0
0.7951339271802953 0
0.7954833798528292 0
0.7960598654718501 0
0.7960821236038587 0
0.7967253836189052 0
0.7967476417509137 0
0.797424288963973 0
0.7974465470959815 0
0.7982611947274937 0
0.8006895569296243 0
0.8008119766556712 0
0.8008653961724916 0
0.8015131078139398 0
0.8055529587734879 0
0.805673152686334 0
0.805717668950351 0
0.8067571237151493 0
0.8119410426599358 0
0.8134034019328962 0
0.8153665691760484 0
0.815388827308057 0
0.8163303462920178 0
0.8163526044240264 0
0.8174454787056451 0
0.8174677368376536 0
0.8182757070295632 0
0.8182979651615718 0
0.8192283550795283 0
0.8192506132115368 0
0.8239826920765502 0
0.8241474022534133 0
0.8242742736058619 0
0.8307936804711601 0
0.8309583906480232 0
0.8310852620004718 0
0.8375668300413556 0
0.8377315402182187 0
0.8378584115706673 0
0.8443065924135383 0
0.8444713025904014 0
0.84459817394285 0
0.851197710083379 0
0.8513624202602421 0
0.8514892916126907 0
0.8568067593495283 0
0.8571339538900538 0
0.8573587610233399 0
0.8576859555638653 0
0.8580576663684077 0
0.8582223765452708 0
0.8583492478977194 0
0.8608644168146833 0
0.8612138694872171 0
0.8617948067326398 0
0.8618170648646483 0
0.8624603248796948 0
0.8624825830117033 0
0.8631592302247626 0
0.8631814883567711 0
0.864000587614685 0
0.8664289498168156 0
0.8665513695428625 0
0.866604789059683 0
0.8672525007011311 0
0.8712923516606792 0
0.8714125455735253 0
0.8714570618375423 0
0.8724965166023406 0
0.8776804355471272 0
0.8791427948200875 0
0.8810948329972356 0
0.8811170911292441 0
0.8820586101132049 0
0.8820808682452134 0
0.8831737425268322 0
0.8831960006588407 0
0.8840039708507503 0
0.8840262289827588 0
0.8849566189007154 0
0.8849788770327239 0
0.8863677844700562 0
0.8866949790105815 0
0.8869197861438677 0
0.887246980684393 0
0.8876186914889355 0
0.8877834016657986 0
0.8879102730182472 0
0.8901650217907112 0
0.8905144744632452 0
0.8910909600822661 0
0.8911132182142746 0
0.8917564782293211 0
0.8917787363613296 0
0.8924553835743889 0
0.8924776417063974 0
0.8933011925907131 0
0.8957295547928436 0
0.8958519745188904 0
0.8959053940357109 0
0.8965531056771592 0
0.9005929566367072 0
0.9007131505495533 0
0.9007576668135704 0
0.9017971215783687 0
0.9069810405231551 0
0.9084433997961155 0
0.9103932121600626 0
0.9104154702920713 0
0.911356989276032 0
0.9113792474080405 0
0.9124721216896593 0
0.9124943798216678 0
0.9133023500135775 0
0.913324608145586 0
0.9142549980635425 0
0.914277256195551 0
0.9156216473688662 0
0.9159488419093916 0
0.9161736490426777 0
0.9165008435832032 0
0.9168725543877455 0
0.9170372645646087 0
0.9171641359170573 0
0.9192207873146454 0
0.9195702399871793 0
0.9201467256062003 0
0.9201689837382088 0
0.9208122437532552 0
0.9208345018852638 0
0.9215111490983231 0
0.9215334072303316 0
0.9223614097410489 0
0.9247897719431795 0
0.9249121916692263 0
0.9249656111860468 0
0.925613322827495 0
0.929653173787043 0
0.9297733676998892 0
0.9298178839639062 0
0.9308573387287046 0
0.936041257673491 0
0.9375036169464513 0
0.9394578809368003 0
0.9394801390688088 0
0.9404216580527696 0
0.9404439161847781 0
0.9415367904663969 0
0.9415590485984054 0
0.942367018790315 0
0.9423892769223235 0
0.9433196668402801 0
0.9433419249722886 0
0.9446863161456038 0
0.9450135106861292 0
0.9452383178194154 0
0.9455655123599407 0
0.9459372231644831 0
0.9461019333413463 0
0.9462288046937949 0
0.948285456091383 0
0.9486349087639169 0
0.9492113943829378 0
0.9492336525149463 0
0.9498769125299928 0
0.9498991706620014 0
0.9505758178750606 0
0.9505980760070691 0
0.9514305301441882 0
0.9538588923463187 0
0.9539813120723656 0
0.9540347315891861 0
0.9546824432306343 0
0.9587222941901824 0
0.9588424881030284 0
0.9588870043670455 0
0.9599264591318438 0
0.9651103780766302 0
0.9665727373495907 0
0.9685314529663412 0
0.9685537110983498 0
0.9694952300823105 0
0.9695174882143192 0
0.9706103624959379 0
0.9706326206279464 0
0.971440590819856 0
0.9714628489518645 0
0.9723932388698211 0
0.9724154970018296 0
0.9771364468008387 0
0.9773011569777018 0
0.9774280283301504 0
0.9827343670009838 0
0.982899077177847 0
0.9830259485302956 0
0.9882989000031162 0
0.9884636101799793 0
0.9885904815324279 0
0.9940147883029065 0
0.9941794984797696 0
0.9943063698322182 0
