0.14488708449632073 1
0.16559827633025725 1
0.16981396653267272 2
0.16989186999470257 3
0.1737714624037892 4
0.17389388212983614 5
0.17399849535027623 6
0.17416543134034018 7
0.18524107782778437 8
0.18695272817924027 9
0.1896481879654732 10
0.19200532414517643 10
0.19430458918165752 11
0.19966212155611052 11
0.19978454128215745 12
0.1998847028761958 13
0.20061922123247727 13
0.2025289689588091 14
0.20265138868485602 15
0.20275155027889438 16
0.20283390536732596 17
0.20345045562396222 18
0.20597452779372943 18
0.20671794940281432 19
0.21169709353312233 20
0.22159751065051617 20
0.22171993037656307 21
0.22182009197060146 22
0.22541923191638066 22
0.22554165164242757 23
0.22564181323646595 24
