0.3210446186514243 1
0.32152984592921025 2
0.3220150732069962 3
0.3225003004847821 4
0.33139910166179215 5
0.3503251913086446 6
0.35081041858643053 7
0.35129564586421647 8
0.3517808731420024 9
0.3606596420002048 10
0.3793186340629549 11
0.37980386134074084 12
0.3802890886185268 13
0.3807743158963127 14
0.38965308475451504 15
0.4083209800700686 16
0.40880620734785456 17
0.4092914346256405 18
0.40977666190342643 19
0.41865543076162876 20
0.4373322293299857 21
0.43781745660777166 22
0.4383026838855576 23
0.43878791116334354 24
0.44766668002154586 25
0.5032519130864461 26
0.5037371403642321 27
0.504222367642018 28
0.504707594919804 29
0.5135863637780063 30
0.532508001798457 31
0.532993229076243 32
0.5334784563540289 33
0.5339636836318149 34
0.5428424524900173 35
0.5615237026847759 36
0.5620089299625618 37
0.5624941572403478 38
0.5629793845181337 39
0.571858153376336 40
0.5905483068238981 41
0.591033534101684 42
0.59151876137947 43
0.5920039886572559 44
0.6008827575154583 45
0.6195818142158237 46
0.6200670414936097 47
0.6205522687713956 48
0.6210374960491816 49
0.629916264907384 50
0.6860379189536897 51
0.6865231462314757 52
0.6870083735092616 53
0.6874936007870476 54
0.6963723696452498 55
0.7153162657977092 56
0.7158014930754951 57
0.7162867203532811 58
0.716771947631067 59
0.7256507164892694 60
0.7443542248160365 61
0.7448394520938225 62
0.7453246793716084 63
0.7458099066493944 64
0.7546886755075967 65
0.7734010870871673 66
0.7738863143649533 67
0.7743715416427391 68
0.7748567689205251 69
0.7837355377787275 70
0.8024568526111014 71
0.8029420798888874 72
0.8034273071666733 73
0.8039125344444593 74
0.8127913033026616 75
0.8681962454982928 76
0.8686814727760788 77
0.8691667000538646 78
0.8696519273316506 79
0.8785306961898529 80
0.8974968504743208 81
0.8979820777521067 82
0.8984673050298927 83
0.8989525323076786 84
0.907831301165881 85
0.9265570676246566 86
0.9270422949024426 87
0.9275275221802285 88
0.9280127494580145 89
0.9368915183162169 90
0.955626188027796 91
0.9561114153055819 92
0.9565966425833679 93
0.9570818698611537 94
0.9659606387193561 95
