0.24187466891028636 1
0.24658226383009033 2
0.2494824984308017 2
0.25682323036721466 3
0.26047578982981434 3
0.26389241309312356 3
0.2673379719280439 4
0.2698998829222256 4
0.27244621322400137 4
0.27489238193173876 4
0.28305443893926646 5
0.28977416899264147 6
0.29307282415630553 7
0.29526970178554734 8
0.2969724488841998 9
0.2988421319729163 10
0.30076078295205155 11
0.3019204316296959 12
0.3030867577469428 13
0.3041818578417625 14
0.3134612730761184 15
0.3141267912231734 15
0.31482347075504036 15
0.3341168195800336 16
0.3350805966960029 17
0.3361957291096302 18
0.33702595743354835 19
0.3379763796703125 20
0.3441129466650641 21
0.3447784648121191 21
0.3454751443439861 21
0.3633484243468351 22
0.3643122014628044 23
0.3654273338764318 24
0.3662575622003499 25
0.3672079844371141 26
0.3731019377929727 27
0.3737674559400277 27
0.37446413547189467 27
0.3923463187275471 28
0.39331009584351645 29
0.39442522825714377 30
0.39525545658106187 31
0.3962058788178261 32
0.40209983217368467 33
0.4027653503207397 33
0.40346202985260665 33
0.42135311636106254 34
0.42231689347703183 35
0.42343202589065915 36
0.4242622542145773 37
0.4252126764513415 38
0.43110662980720005 39
0.4317721479542551 39
0.43246882748612203 39
0.4503688172473813 40
0.45133259436335066 41
0.452447726776978 42
0.45327795510089613 43
0.4542283773376603 44
0.4970218619372588 45
0.4976873800843138 45
0.49838405961618076 45
0.5162773719378375 46
0.5172411490538068 47
0.5183562814674342 48
0.5191865097913523 49
0.5201369320281165 50
0.526273499022868 51
0.5269390171699231 51
0.52763569670179 51
0.5455312348366476 52
0.5464950119526168 53
0.5476101443662442 54
0.5484403726901623 55
0.5493907949269266 56
0.5552847482827851 57
0.5559502664298401 57
0.5566469459617072 57
0.5745513873493681 58
0.5755151644653375 59
0.5766302968789647 60
0.5774605252028828 61
0.578410947439647 62
0.5843049007955057 63
0.5849704189425606 63
0.5856670984744277 63
0.603580443114892 64
0.6045442202308613 65
0.6056593526444887 66
0.6064895809684068 67
0.607440003205171 68
0.6133339565610296 69
0.6139994747080846 69
0.6146961542399516 69
0.6326184021332194 70
0.6335821792491887 71
0.634697311662816 72
0.6355275399867342 73
0.6364779622234984 74
0.6797856096724938 75
0.6804511278195489 75
0.6811478073514159 75
0.6990633778050811 76
0.7000271549210504 77
0.7011422873346778 78
0.7019725156585959 79
0.7029229378953601 80
0.7090595048901116 81
0.7097250230371667 81
0.7104217025690336 81
0.7283394988358997 82
0.7293032759518691 83
0.7304184083654963 84
0.7312486366894145 85
0.7321990589261786 86
0.7380930122820373 87
0.7387585304290922 87
0.7394552099609593 87
0.7573819094806288 88
0.7583456865965981 89
0.7594608190102254 90
0.7602910473341435 91
0.7612414695709078 92
0.7671354229267663 93
0.7678009410738214 93
0.7684976206056883 93
0.7864332233781612 94
0.7873970004941305 95
0.7885121329077579 96
0.789342361231676 97
0.7902927834684402 98
0.7961867368242987 99
0.7968522549713538 99
0.7975489345032207 99
0.815493440528497 100
0.8164572176444664 101
0.8175723500580937 102
0.8184025783820119 103
0.819353000618776 104
0.8619216780850883 105
0.8625871962321434 105
0.8632838757640103 105
0.8812217043496842 106
0.8821854814656535 107
0.8833006138792808 108
0.8841308422031989 109
0.8850812644399632 110
0.8912178314347147 111
0.8918833495817697 111
0.8925800291136367 111
0.9105200835125113 112
0.9114838606284806 113
0.9125989930421079 114
0.9134292213660261 115
0.9143796436027902 116
0.9202735969586489 117
0.9209391151057039 117
0.9216357946375708 117
0.9395847522892489 118
0.9405485294052182 119
0.9416636618188455 120
0.9424938901427636 121
0.9434443123795279 122
0.9493382657353864 123
0.9500037838824414 123
0.9507004634143085 123
0.9686583243187898 124
0.9696221014347592 125
0.9707372338483865 126
0.9715674621723046 127
0.9725178844090688 128
