0.22839069253951932 1
0.22846414437514745 2
0.22861995129920717 3
0.2287980163552754 3
0.22898275885094618 3
0.2291719529730187 3
0.2295681477227705 3
0.229757341844843 3
0.22996656828572318 3
0.23034718234306903 3
0.23057644110275688 3
0.23081237730204732 3
0.23106166838054285 3
0.23131095945903837 3
0.23150015358111087 3
0.23168934770318336 3
0.23194531622128145 3
0.23223467193739233 3
0.23242386605946483 3
0.23269318945676803 3
0.23296251285407124 3
0.23325186857018212 3
0.24007621184399722 4
0.2412581186536501 5
0.24134715118168423 6
0.24140279651170554 6
0.2422374764620254 7
0.24232650899005953 8
0.2424778642877175 9
0.24258692913455931 9
0.24267596166259342 9
0.24282731696025142 9
0.2429942529503154 10
0.24314338243477254 10
0.24334147980964846 11
0.2434483188432894 11
0.2435373513713235 11
0.24369538410858407 11
0.24386232009864803 11
0.24401367539630603 11
0.24421177277118195 11
0.24432083761802376 11
0.24440987014605786 11
0.24456790288331842 11
0.24473483887338238 11
0.24488619417104038 11
0.2450842915459163 11
0.2451933563927581 11
0.2452823889207922 11
0.2454337442184502 11
0.2461192946843129 11
0.24672694168814577 11
0.24692503906302168 11
0.24711423318509418 11
0.2473123305599701 11
0.24962717628885714 11
0.24982527366373306 11
0.25001446778580555 11
0.25021256516068147 11
0.2507289538232793 12
0.25178176346728276 13
0.2518975057537271 14
0.2524227976691284 14
0.2525096043839617 14
0.2534043812907046 15
0.2535913495995762 16
0.25569919470078395 17
0.2557993562948223 18
0.25587280813045044 19
0.25695677915926585 20
0.2571437474681375 20
0.25826110569496563 20
0.2584547514434399 21
0.25850371933385863 21
0.2606204676878698 21
0.2608185650627457 21
0.26100775918481817 21
0.2612058565596941 21
0.264037090951179 21
0.2642351883260549 21
0.26442438244812744 21
0.26462247982300335 21
0.265701999225417 22
0.2680569095919194 22
0.2686623307825514 22
0.2706076915200969 22
0.27121088689752804 22
0.2731540218218726 22
0.2737572171993038 22
0.2750370597897942 22
0.2752351571646701 22
0.2754243512867426 22
0.2756224486616185 22
0.27878087759362885 22
0.27895449102329534 22
0.2791281044529619 22
0.2793017178826284 22
0.27947533131229496 22
0.2796489447419615 22
0.279822558171628 22
0.27999617160129453 22
0.28016978503096107 22
0.2803433984606276 22
0.2805170118902941 22
0.28069062531996064 22
0.28147411156666086 22
0.2821195973949082 23
0.2826738248819206 24
0.28331931071016797 24
0.2835174080850439 24
0.28370660220711635 24
0.28406273231925283 25
0.28494638015999146 25
0.2858700926383454 25
0.28595912516637956 25
0.2861171579036401 25
0.2862840938937041 25
0.28643544919136205 25
0.28663354656623796 25
0.2867626437318874 25
0.2868516762599216 25
0.28700970899718214 25
0.2871677417344427 25
0.2873190970321007 25
0.2875082911541732 25
0.28812484141080946 25
0.28821387393884357 25
0.28836968086290327 25
0.2886701656450184 25
0.28882819838227897 25
0.2889951343723429 25
0.28914648967000095 25
0.28934458704487687 25
0.2899188468506969 25
0.2901169442255728 25
0.2903061383476453 25
0.2905576552393417 25
0.2908581400214568 25
0.2909983662531106 25
0.29121204432039244 25
0.29225149908519077 25
0.2932175020143609 25
0.29341559938923684 25
0.29360479351130936 25
0.29385631040300575 25
0.29475999056255203 26
0.29540325057759853 26
0.2955902188864702 26
0.29711712674225527 26
0.2973152241171312 26
0.2975044182392037 26
0.2977559351309001 26
0.29898680983097176 26
0.29918490720584767 26
0.29937410132792014 26
0.29962561821961653 26
0.30432653569981793 26
0.30452463307469385 26
0.3047138271967663 26
0.3049653440884627 26
0.30552624901507763 26
0.31154929953658567 26
0.3116383320646198 26
0.3117896873622778 26
0.3163214430392144 26
0.3163948948748425 26
0.31656850830450906 26
0.31677550893218837 26
0.3170759937143035 26
0.3203345842403522 27
0.3208242631445399 27
0.3213094904223258 27
0.32179471770011175 27
0.3222799449778977 27
0.32406727297818255 27
0.3253115025574594 27
0.32551627737193783 27
0.3256320196583822 27
0.3261662148265869 27
0.32625302154142016 27
0.32700089477690675 27
0.32717673401977415 27
0.329282353307781 27
0.32938251490181936 27
0.32945596673744754 27
0.33093390670281386 27
0.3311676170889034 27
0.33166397343269366 27
0.3322048460405009 27
0.3357060502054426 27
0.3420028757506555 27
0.3420919082786896 27
0.3422432635763476 27
0.3464099858883443 27
0.34648343772397244 27
0.346657051153639 27
0.3468640517813183 27
0.34716453656343343 27
0.34961515689757255 27
0.35010483580176016 27
0.3505900630795461 27
0.35107529035733204 27
0.351560517635118 27
0.35332781331659524 27
0.354572042895872 27
0.35477681771035047 27
0.3548925599967948 27
0.35542675516499955 27
0.3555135618798328 27
0.3562614351153194 27
0.3564372743581868 27
0.35854289364619363 27
0.35864305524023204 27
0.35871650707586017 27
0.3601944470412265 27
0.36042815742731604 27
0.3609245137711063 27
0.36145425731290926 27
0.3649376549722441 27
0.37118996425344 27
0.37127899678147414 27
0.3714303520791321 27
0.3754034286426546 27
0.37547688047828276 27
0.37565049390794925 27
0.3758574945356286 27
0.37615797931774375 27
0.3786085996518828 27
0.3790982785560705 27
0.3795835058338564 27
0.38006873311164235 27
0.3805539603894283 27
0.3823212560709055 27
0.3835654856501823 27
0.3837702604646608 27
0.3838860027511051 27
0.3844201979193098 27
0.38450700463414306 27
0.38525487786962964 27
0.38543071711249705 27
0.38753633640050394 27
0.3876364979945423 27
0.38770994983017043 27
0.3891878897955368 27
0.38942160018162636 27
0.38991795652541655 27
0.39044770006721957 27
0.3939355493529561 27
0.40018785863415196 27
0.4002768911621861 27
0.4004282464598441 27
0.4044057746497683 27
0.4044792264853964 27
0.40465283991506296 27
0.40485984054274227 27
0.40516032532485746 27
0.4076109456589965 27
0.40810062456318413 27
0.40858585184097007 27
0.40907107911875606 27
0.409556306396542 27
0.4113236020780192 27
0.412567831657296 27
0.41277260647177444 27
0.41288834875821884 27
0.4134225439264235 27
0.41350935064125677 27
0.41425722387674335 27
0.41443306311961076 27
0.4165386824076176 27
0.416638844001656 27
0.41671229583728414 27
0.4181902358026505 27
0.41842394618874007 27
0.41892030253253026 27
0.4194500460743333 27
0.4229423469864715 27
0.4291946562676674 27
0.4292836887957015 27
0.42943504409335953 27
0.4334170239096854 27
0.4334904757453136 27
0.43366408917498006 27
0.4338710898026594 27
0.43417157458477457 27
0.43662219491891363 27
0.4371118738231013 27
0.43759710110088723 27
0.43808232837867317 27
0.4385675556564591 27
0.4403348513379363 27
0.4415790809172131 27
0.4417838557316916 27
0.44189959801813594 27
0.44243379318634063 27
0.44252059990117387 27
0.44326847313666046 27
0.44344431237952786 27
0.44554993166753476 27
0.4456500932615731 27
0.44572354509720125 27
0.4472014850625676 27
0.4474351954486572 27
0.44793155179244737 27
0.4484612953342504 27
0.4519580478727903 27
0.4621878853439104 27
0.4622769178719445 27
0.4624282731696025 27
0.4689988737385204 27
0.4690879062665545 27
0.4692392615642125 27
0.47459234231226377 27
0.4746813748402979 27
0.4748327301379559 27
0.48133655631084815 27
0.4814255888388823 27
0.4815769441365403 27
0.487544349328027 27
0.4876333818560611 27
0.48778918878012084 27
0.49510988839772613 27
0.49519892092576023 27
0.4953502762234182 27
0.49933670766614585 27
0.499410159501774 27
0.4995837729314405 27
0.4997907735591198 27
0.500091258341235 27
0.502541878675374 27
0.5030315575795616 27
0.5035167848573476 27
0.5040020121351336 27
0.5044872394129195 27
0.5062545350943968 27
0.5074987646736735 27
0.507703539488152 27
0.5078192817745963 27
0.5083534769428011 27
0.5084402836576343 27
0.5091881568931209 27
0.5093639961359883 27
0.5114696154239952 27
0.5115697770180335 27
0.5116432288536616 27
0.513121168819028 27
0.5133548792051176 27
0.5138512355489078 27
0.5143809790907108 27
0.5178666025632465 27
0.5241634281084594 27
0.5242524606364936 27
0.5244038159341515 27
0.5285927963781568 27
0.5286662482137849 27
0.5288398616434514 27
0.5290468622711307 27
0.5293473470532459 27
0.5317979673873849 27
0.5322876462915727 27
0.5327728735693585 27
0.5332581008471445 27
0.5337433281249304 27
0.5355106238064077 27
0.5367548533856844 27
0.536959628200163 27
0.5370753704866073 27
0.537609565654812 27
0.5376963723696453 27
0.5384442456051318 27
0.5386200848479992 27
0.5407257041360061 27
0.5408258657300444 27
0.5408993175656727 27
0.5423772575310389 27
0.5426109679171285 27
0.5431073242609187 27
0.5436370678027217 27
0.5471204654620566 27
0.5533727747432524 27
0.5534618072712866 27
0.5536131625689446 27
0.5576084972644756 27
0.5576819491001037 27
0.5578555625297702 27
0.5580625631574496 27
0.5583630479395647 27
0.5608136682737038 27
0.5613033471778914 27
0.5617885744556774 27
0.5622738017334633 27
0.5627590290112493 27
0.5645263246927265 27
0.5657705542720033 27
0.5659753290864817 27
0.5660910713729261 27
0.5666252665411308 27
0.5667120732559641 27
0.5674599464914507 27
0.567635785734318 27
0.569741405022325 27
0.5698415666163633 27
0.5699150184519914 27
0.5713929584173578 27
0.5716266688034474 27
0.5721230251472376 27
0.5726527686890406 27
0.5761406179747771 27
0.5823929272559729 27
0.5824819597840071 27
0.582633315081665 27
0.5866331014035978 27
0.5867065532392259 27
0.5868801666688925 27
0.5870871672965718 27
0.5873876520786869 27
0.589838272412826 27
0.5903279513170137 27
0.5908131785947996 27
0.5912984058725855 27
0.5917836331503715 27
0.5935509288318487 27
0.5947951584111255 27
0.594999933225604 27
0.5951156755120484 27
0.595649870680253 27
0.5957366773950863 27
0.5964845506305729 27
0.5966603898734403 27
0.5987660091614472 27
0.5988661707554855 27
0.5989396225911137 27
0.60041756255648 27
0.6006512729425696 27
0.6011476292863598 27
0.6016773728281628 27
0.6051696737403011 27
0.6114219830214969 27
0.611511015549531 27
0.611662370847189 27
0.6156666087955235 27
0.6157400606311516 27
0.6159136740608181 27
0.6161206746884974 27
0.6164211594706126 27
0.6188717798047517 27
0.6193614587089393 27
0.6198466859867252 27
0.6203319132645112 27
0.6208171405422971 27
0.6225844362237744 27
0.6238286658030512 27
0.6240334406175296 27
0.6241491829039739 27
0.6246833780721787 27
0.624770184787012 27
0.6255180580224985 27
0.625693897265366 27
0.6277995165533727 27
0.6278996781474112 27
0.6279731299830393 27
0.6294510699484056 27
0.6296847803344952 27
0.6301811366782855 27
0.6307108802200884 27
0.6342076327586283 27
0.6426011743390447 27
0.6426902068670789 27
0.6428415621647369 27
0.6494121627336548 27
0.6495011952616888 27
0.6496525505593469 27
0.6561853123038502 27
0.6562743448318843 27
0.6564257001295424 27
0.6629250746760329 27
0.6630141072040671 27
0.663165462501725 27
0.6703125486896637 27
0.6704015812176979 27
0.6705573881417576 27
0.6778736361329611 27
0.6779626686609953 27
0.6781140239586533 27
0.6821227135333894 27
0.6821961653690176 27
0.6823697787986841 27
0.6825767794263634 27
0.6828772642084786 27
0.6853278845426176 27
0.6858175634468053 27
0.6863027907245912 27
0.6867880180023772 27
0.6872732452801631 27
0.6890405409616404 27
0.6902847705409171 27
0.6904895453553956 27
0.6906052876418399 27
0.6911394828100447 27
0.691226289524878 27
0.6919741627603645 27
0.6921500020032318 27
0.6942556212912387 27
0.6943557828852771 27
0.6944292347209052 27
0.6959071746862716 27
0.6961408850723612 27
0.6966372414161514 27
0.6971669849579544 27
0.70065260843049 27
0.706949433975703 27
0.7070384665037371 27
0.7071898218013951 27
0.7114010603774089 27
0.711474512213037 27
0.7116481256427035 27
0.7118551262703828 27
0.712155611052498 27
0.7146062313866371 27
0.7150959102908248 27
0.7155811375686106 27
0.7160663648463966 27
0.7165515921241826 27
0.7183188878056598 27
0.7195631173849366 27
0.7197678921994151 27
0.7198836344858595 27
0.7204178296540641 27
0.7205046363688974 27
0.7212525096043839 27
0.7214283488472514 27
0.7235339681352582 27
0.7236341297292966 27
0.7237075815649248 27
0.7251855215302911 27
0.7254192319163807 27
0.7259155882601709 27
0.7264453318019739 27
0.7299287294613087 27
0.7361810387425046 27
0.7362700712705387 27
0.7364214265681966 27
0.7404390193957362 27
0.7405124712313644 27
0.7406860846610309 27
0.7408930852887102 27
0.7411935700708254 27
0.7436441904049644 27
0.7441338693091522 27
0.744619096586938 27
0.745104323864724 27
0.7455895511425099 27
0.7473568468239872 27
0.7486010764032639 27
0.7488058512177425 27
0.7489215935041867 27
0.7494557886723915 27
0.7495425953872247 27
0.7502904686227113 27
0.7504663078655787 27
0.7525719271535856 27
0.7526720887476239 27
0.752745540583252 27
0.7542234805486184 27
0.754457190934708 27
0.7549535472784982 27
0.7554832908203012 27
0.7589711401060377 27
0.7652234493872336 27
0.7653124819152678 27
0.7654638372129258 27
0.769485881666867 27
0.7695593335024952 27
0.7697329469321617 27
0.769939947559841 27
0.7702404323419562 27
0.7726910526760952 27
0.7731807315802829 27
0.7736659588580688 27
0.7741511861358548 27
0.7746364134136406 27
0.7764037090951179 27
0.7776479386743947 27
0.7778527134888732 27
0.7779684557753175 27
0.7785026509435222 27
0.7785894576583555 27
0.779337330893842 27
0.7795131701367094 27
0.7816187894247163 27
0.7817189510187547 27
0.7817924028543829 27
0.7832703428197492 27
0.7835040532058387 27
0.7840004095496289 27
0.7845301530914319 27
0.7880224540035702 27
0.7942747632847661 27
0.7943637958128003 27
0.7945151511104582 27
0.7985416471908011 27
0.7986150990264294 27
0.7987887124560958 27
0.7989957130837751 27
0.7992961978658903 27
0.8017468182000294 27
0.8022364971042171 27
0.802721724382003 27
0.803206951659789 27
0.8036921789375748 27
0.8054594746190521 27
0.8067037041983288 27
0.8069084790128074 27
0.8070242212992517 27
0.8075584164674564 27
0.8076452231822896 27
0.8083930964177762 27
0.8085689356606436 27
0.8106745549486505 27
0.8107747165426888 27
0.810848168378317 27
0.8123261083436834 27
0.8125598187297729 27
0.8130561750735631 27
0.8135859186153661 27
0.8170826711539061 27
0.825467309481519 27
0.8255563420095532 27
0.8257076973072112 27
0.8322782978761291 27
0.8323673304041631 27
0.8325186857018212 27
0.8390514474463245 27
0.8391404799743586 27
0.8392918352720167 27
0.8457912098185072 27
0.8458802423465414 27
0.8460315976441993 27
0.853178683832138 27
0.8532677163601722 27
0.8534235232842319 27
0.8600097045455557 27
0.8600987370735899 27
0.8602500923712478 27
0.8642810400779924 27
0.8643544919136207 27
0.8645281053432872 27
0.8647351059709665 27
0.8650355907530817 27
0.8674862110872207 27
0.8679758899914084 27
0.8684611172691943 27
0.8689463445469803 27
0.8694315718247662 27
0.8711988675062434 27
0.8724430970855201 27
0.8726478718999987 27
0.872763614186443 27
0.8732978093546477 27
0.873384616069481 27
0.8741324893049676 27
0.8743083285478349 27
0.8764139478358418 27
0.8765141094298802 27
0.8765875612655084 27
0.8780655012308747 27
0.8782992116169642 27
0.8787955679607544 27
0.8793253115025574 27
0.8828109349750931 27
0.889107760520306 27
0.8891967930483402 27
0.8893481483459982 27
0.8935816450540205 27
0.8936550968896486 27
0.8938287103193152 27
0.8940357109469945 27
0.8943361957291096 27
0.8967868160632487 27
0.8972764949674363 27
0.8977617222452223 27
0.8982469495230082 27
0.8987321768007942 27
0.9004994724822714 27
0.9017437020615482 27
0.9019484768760266 27
0.902064219162471 27
0.9025984143306757 27
0.902685221045509 27
0.9034330942809956 27
0.903608933523863 27
0.9057145528118699 27
0.9058147144059082 27
0.9058881662415363 27
0.9073661062069027 27
0.9075998165929923 27
0.9080961729367825 27
0.9086259164785855 27
0.9121093141379203 27
0.9183616234191162 27
0.9184506559471503 27
0.9186020112448083 27
0.9226418622043564 27
0.9227153140399845 27
0.922888927469651 27
0.9230959280973303 27
0.9233964128794455 27
0.9258470332135846 27
0.9263367121177722 27
0.9268219393955581 27
0.9273071666733441 27
0.92779239395113 27
0.9295596896326073 27
0.9308039192118841 27
0.9310086940263625 27
0.9311244363128068 27
0.9316586314810116 27
0.9317454381958449 27
0.9324933114313314 27
0.9326691506741989 27
0.9347747699622057 27
0.9348749315562441 27
0.9349483833918723 27
0.9364263233572385 27
0.9366600337433282 27
0.9371563900871184 27
0.9376861336289213 27
0.9411739829146579 27
0.9474262921958537 27
0.9475153247238879 27
0.9476666800215459 27
0.9517109826074956 27
0.9517844344431238 27
0.9519580478727904 27
0.9521650485004697 27
0.9524655332825848 27
0.9549161536167239 27
0.9554058325209115 27
0.9558910597986975 27
0.9563762870764834 27
0.9568615143542694 27
0.9586288100357465 27
0.9598730396150233 27
0.9600778144295018 27
0.9601935567159462 27
0.9607277518841508 27
0.9608145585989841 27
0.9615624318344708 27
0.9617382710773381 27
0.963843890365345 27
0.9639440519593834 27
0.9640175037950115 27
0.9654954437603779 27
0.9657291541464674 27
0.9662255104902576 27
0.9667552540320606 27
0.9702475549441989 27
0.9786210642058076 27
0.9787100967338417 27
0.9788614520314997 27
0.9842189844059527 27
0.9843080169339868 27
0.9844593722316448 27
0.989783517408085 27
0.9898725499361192 27
0.9900239052337771 27
0.9959957620516656 27
0.9960847945796997 27
0.9962406015037594 27
