0.2626949255910647 1
0.27668416155842535 2
0.3233305288087003 3
0.32825847923538864 4
0.3525999723999163 5
0.3575190195738013 6
0.3815934151542266 7
0.3865124623281116 8
0.4105957611613403 9
0.41551480833522525 10
0.4396070104212574 11
0.4445260575951424 12
0.5055266941777178 13
0.5104457413516028 14
0.5347827828897288 15
0.5397018300636137 16
0.5637984837760476 17
0.5687175309499326 18
0.5928230879151698 19
0.5977421350890548 20
0.6218565953070955 21
0.6267756424809804 22
0.6883127000449615 23
0.6932317472188464 24
0.7175910468889809 25
0.7225100940628658 26
0.7466290059073082 27
0.7515480530811932 28
0.775675868178439 29
0.780594915352324 30
0.8047316337023732 31
0.8096506808762581 32
0.8704710265895645 33
0.8753900737634495 34
0.8997716315655925 35
0.9046906787394775 36
0.9288318487159284 37
0.9337508958898133 38
0.9579009691190676 39
0.9628200162929527 40
