0.2283105632642886 1
0.2285331445843739 1
0.22871120964044214 1
0.22889595213611294 1
0.22908514625818543 1
0.22948134100793724 1
0.22967053513000976 1
0.22987976157088993 1
0.23026037562823579 1
0.23048963438792364 1
0.23072557058721405 1
0.23097486166570957 1
0.2312241527442051 1
0.2314133468662776 1
0.2316025409883501 1
0.23185850950644818 1
0.23214786522255906 1
0.23233705934463156 1
0.23260638274193476 1
0.23287570613923797 1
0.23316506185534885 1
0.240033921393181 2
0.24120915076323135 3
0.24218850857160665 3
0.24237102525407658 3
0.24253796124414054 3
0.2427204779266105 3
0.24287183322426847 3
0.2430365434011316 3
0.2431878986987896 3
0.24339935095287063 3
0.24358854507494312 3
0.24373990037260113 3
0.2439068363626651 3
0.2440581916603231 3
0.24427186972760498 3
0.24446106384967747 3
0.24461241914733547 3
0.24477935513739946 3
0.24493071043505746 3
0.24514438850233933 3
0.24532690518480926 3
0.24605697191468903 4
0.24662010265450482 4
0.24681820002938074 4
0.24696065207423532 4
0.24720549152632915 4
0.2495203372552162 4
0.2497184346300921 4
0.2498608866749467 4
0.2501057261270405 4
0.25049524343718976 5
0.2516994083788512 5
0.25221134541504736 5
0.2531595418386107 5
0.2535668656543668 5
0.25557454916153616 5
0.25686329500483 5
0.2570502633137017 5
0.25816316991412813 6
0.2583679447286066 6
0.26051362865422883 6
0.26071172602910475 6
0.26085417807395933 6
0.26109901752605313 6
0.26393025191753805 6
0.26412834929241397 6
0.26427080133726855 6
0.2645156407893624 6
0.2656775152802076 7
0.26803242564671004 7
0.26863784683734204 7
0.27058320757488746 7
0.2711864029523186 7
0.2731295378766632 7
0.27373273325409436 7
0.27493022075615325 7
0.27512831813102917 7
0.27527077017588375 7
0.2755156096279776 7
0.27869407087879555 7
0.2788676843084621 7
0.27904129773812864 7
0.2792149111677952 7
0.27938852459746166 7
0.2795621380271282 7
0.27973575145679475 7
0.2799093648864613 7
0.2800829783161278 7
0.2802565917457943 7
0.28043020517546086 7
0.2806038186051274 7
0.2813583692802165 7
0.28209511344969884 7
0.2825847923538865 7
0.283212471676527 7
0.28341056905140294 7
0.2835530210962575 7
0.2838000863615522 7
0.2839826030440221 7
0.2848974122695727 7
0.28582112474792665 7
0.28601031886999917 7
0.28616167416765714 7
0.2863286101577211 7
0.2864799654553791 7
0.2867136758414687 7
0.2869028699635412 7
0.2870453220083958 7
0.28721225799845973 7
0.2873547100433143 7
0.28807587352039066 7
0.2882628418292623 7
0.2885521975453732 7
0.288721359348638 7
0.28887271464629605 7
0.28903965063636 7
0.289191005934018 7
0.28981200781705596 7
0.2900101051919319 7
0.29015255723678646 7
0.29045081620570073 7
0.29079581725183296 7
0.29090488209867477 7
0.2911185601659566 7
0.29215801493075494 7
0.2923984027564471 7
0.29311066298072 7
0.29330876035559594 7
0.2934512124004505 7
0.2937494713693648 7
0.2946620547817145 7
0.2953097664231627 7
0.29549673473203436 7
0.2970102877086143 7
0.29720838508349023 7
0.2973508371283448 7
0.29764909609725915 7
0.2988799707973308 7
0.2990780681722067 7
0.2992205202170613 7
0.2995187791859756 7
0.304219696666177 7
0.3044177940410529 7
0.3045602460859075 7
0.30485850505482176 7
0.3115003316461669 7
0.31168284832863685 7
0.31622350725837683 8
0.31646389508406897 8
0.3166708957117483 8
0.3169713804938634 8
0.32021439032750615 9
0.3207040692316938 9
0.32118929650947975 9
0.3216745237872657 9
0.3221597510650516 9
0.32396043394454166 9
0.3250777921713698 9
0.32543392228350626 9
0.3259547625725059 9
0.32675605532481294 9
0.3271522500745647 9
0.32915770776853326 9
0.3308292934823738 9
0.3310474231760574 9
0.3315593602122536 9
0.33207129724844975 9
0.3355880821057974 9
0.3419539078602367 9
0.34213642454270665 9
0.34631205010750676 9
0.3465524379331989 9
0.3467594385608782 9
0.34705992334299335 9
0.3494949629847265 9
0.3499846418889141 9
0.35046986916670003 9
0.35095509644448597 9
0.3514403237222719 9
0.3532209742829543 9
0.35433833250978247 9
0.3546944626219189 9
0.3552153029109185 9
0.3560165956632256 9
0.35641279041297735 9
0.3584182481069459 9
0.3600898338207864 9
0.36030796351447003 9
0.3608199005506662 9
0.36132070852085807 9
0.3648196868725989 9
0.3711409963630212 9
0.37132351304549116 9
0.3753054928618171 9
0.37554588068750916 9
0.3757528813151885 9
0.37605336609730367 9
0.37848840573903675 9
0.3789780846432244 9
0.37946331192101035 9
0.3799485391987963 9
0.3804337664765822 9
0.38221441703726455 9
0.38333177526409273 9
0.3836879053762292 9
0.3842087456652288 9
0.38501003841753584 9
0.38540623316728767 9
0.38741169086125615 9
0.3890832765750967 9
0.3893014062687803 9
0.38981334330497647 9
0.3903141512751684 9
0.3938175812533109 9
0.4001388907437332 9
0.40032140742620315 9
0.4043078388689308 9
0.40454822669462287 9
0.4047552273223022 9
0.4050557121044174 9
0.40749075174615046 9
0.4079804306503381 9
0.40846565792812406 9
0.40895088520591 9
0.40943611248369594 9
0.41121676304437826 9
0.41233412127120644 9
0.4126902513833429 9
0.4132110916723425 9
0.41401238442464955 9
0.4144085791744014 9
0.41641403686836986 9
0.41808562258221044 9
0.418303752275894 9
0.4188156893120902 9
0.4193164972822821 9
0.4228243788868263 9
0.42914568837724865 9
0.4293282050597186 9
0.4333190881288479 9
0.43355947595454 9
0.43376647658221934 9
0.4340669613643345 9
0.43650200100606756 9
0.4369916799102552 9
0.43747690718804116 9
0.4379621344658271 9
0.43844736174361304 9
0.44022801230429537 9
0.44134537053112355 9
0.44170150064326 9
0.4422223409322596 9
0.44302363368456665 9
0.4434198284343185 9
0.44542528612828697 9
0.44709687184212754 9
0.4473150015358111 9
0.4478269385720073 9
0.4483277465421992 9
0.4518400797731451 9
0.4621389174534916 9
0.46232143413596155 9
0.4689499058481016 9
0.4691324225305715 9
0.474543374421845 9
0.47472589110431496 9
0.4812875884204294 9
0.48147010510289934 9
0.48749538143760823 9
0.4876823497464799 9
0.4950609205073073 9
0.49524343718977726 9
0.4992387718853083 9
0.49947915971100043 9
0.49968616033867974 9
0.4999866451207949 9
0.502421684762528 9
0.5029113636667156 9
0.5033965909445016 9
0.5038818182222875 9
0.5043670455000735 9
0.5061476960607558 9
0.507265054287584 9
0.5076211843997205 9
0.50814202468872 9
0.508943317441027 9
0.5093395121907789 9
0.5113449698847474 9
0.5130165555985879 9
0.5132346852922716 9
0.5137466223284677 9
0.5142474302986596 9
0.5177486344636013 9
0.5241144602180406 9
0.5242969769005106 9
0.5284948605973192 9
0.5287352484230113 9
0.5289422490506906 9
0.5292427338328058 9
0.5316777734745389 9
0.5321674523787265 9
0.5326526796565125 9
0.5331379069342984 9
0.5336231342120844 9
0.5354037847727667 9
0.5365211429995949 9
0.5368772731117314 9
0.537398113400731 9
0.538199406153038 9
0.5385956009027898 9
0.5406010585967583 9
0.5422726443105989 9
0.5424907740042825 9
0.5430027110404786 9
0.5435035190106705 9
0.5470024973624114 9
0.5533238068528337 9
0.5535063235353036 9
0.5575105614836381 9
0.5577509493093301 9
0.5579579499370095 9
0.5582584347191246 9
0.5606934743608577 9
0.5611831532650454 9
0.5616683805428313 9
0.5621536078206173 9
0.5626388350984032 9
0.5644194856590855 9
0.5655368438859137 9
0.5658929739980502 9
0.5664138142870497 9
0.5672151070393568 9
0.5676113017891087 9
0.5696167594830771 9
0.5712883451969177 9
0.5715064748906012 9
0.5720184119267975 9
0.5725192198969894 9
0.5760226498751319 9
0.5823439593655542 9
0.5825264760480241 9
0.5865351656227603 9
0.5867755534484524 9
0.5869825540761318 9
0.5872830388582468 9
0.5897180784999799 9
0.5902077574041676 9
0.5906929846819535 9
0.5911782119597395 9
0.5916634392375254 9
0.5934440897982077 9
0.594561448025036 9
0.5949175781371724 9
0.595438418426172 9
0.5962397111784791 9
0.5966359059282309 9
0.5986413636221993 9
0.60031294933604 9
0.6005310790297235 9
0.6010430160659197 9
0.6015438240361116 9
0.6050517056406558 9
0.6113730151310781 9
0.611555531813548 9
0.6155686730146859 9
0.615809060840378 9
0.6160160614680573 9
0.6163165462501725 9
0.6187515858919056 9
0.6192412647960932 9
0.6197264920738792 9
0.6202117193516651 9
0.6206969466294511 9
0.6224775971901334 9
0.6235949554169616 9
0.6239510855290981 9
0.6244719258180976 9
0.6252732185704047 9
0.6256694133201565 9
0.627674871014125 9
0.6293464567279655 9
0.6295645864216491 9
0.6300765234578454 9
0.6305773314280372 9
0.6340896646589832 9
0.642552206448626 9
0.6427347231310959 9
0.649363194843236 9
0.649545711525706 9
0.6561363444134315 9
0.6563188610959014 9
0.6628761067856141 9
0.6630586234680841 9
0.670263580799245 9
0.6704505491081166 9
0.6778246682425424 9
0.6780071849250123 9
0.6820247777525519 9
0.682265165578244 9
0.6824721662059233 9
0.6827726509880385 9
0.6852076906297716 9
0.6856973695339592 9
0.6861825968117452 9
0.6866678240895311 9
0.6871530513673171 9
0.6889337019279994 9
0.6900510601548275 9
0.6904071902669641 9
0.6909280305559636 9
0.6917293233082706 9
0.6921255180580225 9
0.694130975751991 9
0.6958025614658315 9
0.6960206911595151 9
0.6965326281957113 9
0.6970334361659032 9
0.7005346403308449 9
0.7069004660852842 9
0.7070829827677542 9
0.7113031245965714 9
0.7115435124222634 9
0.7117505130499427 9
0.7120509978320579 9
0.714486037473791 9
0.7149757163779787 9
0.7154609436557646 9
0.7159461709335506 9
0.7164313982113365 9
0.7182120487720188 9
0.7193294069988471 9
0.7196855371109835 9
0.720206377399983 9
0.7210076701522902 9
0.721403864902042 9
0.7234093225960104 9
0.7250809083098511 9
0.7252990380035346 9
0.7258109750397308 9
0.7263117830099227 9
0.7298107613616635 9
0.7361320708520858 9
0.7363145875345557 9
0.7403410836148987 9
0.7405814714405908 9
0.7407884720682701 9
0.7410889568503853 9
0.7435239964921184 9
0.744013675396306 9
0.744498902674092 9
0.7449841299518779 9
0.7454693572296639 9
0.7472500077903462 9
0.7483673660171744 9
0.7487234961293109 9
0.7492443364183105 9
0.7500456291706175 9
0.7504418239203693 9
0.7524472816143378 9
0.7541188673281783 9
0.754336997021862 9
0.7548489340580581 9
0.75534974202825 9
0.7588531720063926 9
0.7651744814968149 9
0.7653569981792848 9
0.7693879458860294 9
0.7696283337117216 9
0.7698353343394009 9
0.7701358191215161 9
0.7725708587632492 9
0.7730605376674368 9
0.7735457649452228 9
0.7740309922230086 9
0.7745162195007946 9
0.776296870061477 9
0.7774142282883051 9
0.7777703584004416 9
0.7782911986894412 9
0.7790924914417482 9
0.7794886861915 9
0.7814941438854686 9
0.7831657295993091 9
0.7833838592929927 9
0.7838957963291888 9
0.7843966042993807 9
0.787904485903925 9
0.7942257953943473 9
0.7944083120768173 9
0.7984437114099636 9
0.7986840992356558 9
0.7988910998633351 9
0.7991915846454503 9
0.8016266242871833 9
0.802116303191371 9
0.8026015304691569 9
0.8030867577469428 9
0.8035719850247288 9
0.8053526355854111 9
0.8064699938122393 9
0.8068261239243758 9
0.8073469642133754 9
0.8081482569656824 9
0.8085444517154342 9
0.8105499094094027 9
0.8122214951232433 9
0.8124396248169269 9
0.812951561853123 9
0.8134523698233149 9
0.8169647030542608 9
0.8254183415911003 9
0.8256008582735702 9
0.8322293299857103 9
0.8324118466681802 9
0.8390024795559058 9
0.8391849962383757 9
0.8457422419280884 9
0.8459247586105584 9
0.8531297159417193 9
0.8533166842505909 9
0.859960736655137 9
0.8601432533376069 9
0.864183104297155 9
0.8644234921228471 9
0.8646304927505264 9
0.8649309775326416 9
0.8673660171743747 9
0.8678556960785623 9
0.8683409233563483 9
0.8688261506341342 9
0.8693113779119201 9
0.8710920284726025 9
0.8722093866994306 9
0.8725655168115671 9
0.8730863571005667 9
0.8738876498528737 9
0.8742838446026255 9
0.8762893022965941 9
0.8779608880104346 9
0.8781790177041182 9
0.8786909547403143 9
0.8791917627105063 9
0.882692966875448 9
0.8890587926298873 9
0.8892413093123572 9
0.893483709273183 9
0.8937240970988751 9
0.8939310977265544 9
0.8942315825086695 9
0.8966666221504026 9
0.8971563010545903 9
0.8976415283323762 9
0.8981267556101622 9
0.8986119828879481 9
0.9003926334486304 9
0.9015099916754586 9
0.9018661217875951 9
0.9023869620765946 9
0.9031882548289017 9
0.9035844495786536 9
0.905589907272622 9
0.9072614929864626 9
0.9074796226801461 9
0.9079915597163424 9
0.9084923676865343 9
0.911991346038275 9
0.9183126555286975 9
0.9184951722111674 9
0.9225439264235188 9
0.9227843142492109 9
0.9229913148768902 9
0.9232917996590054 9
0.9257268393007385 9
0.9262165182049261 9
0.9267017454827121 9
0.927186972760498 9
0.927672200038284 9
0.9294528505989663 9
0.9305702088257946 9
0.930926338937931 9
0.9314471792269305 9
0.9322484719792377 9
0.9326446667289895 9
0.9346501244229579 9
0.9363217101367984 9
0.9365398398304821 9
0.9370517768666783 9
0.9375525848368701 9
0.9410560148150127 9
0.947377324305435 9
0.9475598409879049 9
0.9516130468266581 9
0.9518534346523503 9
0.9520604352800296 9
0.9523609200621447 9
0.9547959597038778 9
0.9552856386080655 9
0.9557708658858514 9
0.9562560931636374 9
0.9567413204414232 9
0.9585219710021056 9
0.9596393292289338 9
0.9599954593410702 9
0.9605162996300698 9
0.9613175923823769 9
0.9617137871321287 9
0.9637192448260972 9
0.9653908305399378 9
0.9656089602336213 9
0.9661208972698175 9
0.9666217052400095 9
0.9701295868445536 9
0.9785720963153888 9
0.9787546129978588 9
0.9841700165155339 9
0.9843525331980039 9
0.9897345495176663 9
0.9899170662001362 9
0.9959467941612468 9
0.9961337624701184 9
