0.28844090688533053 0
0.29201556288590036 0
0.2943259569883857 0
0.29585286484417084 0
0.298074226418622 0
0.29999955483735985 0
0.3011592035150042 0
0.3023255296322511 0
0.30349185574949805 0
0.3052836353761847 0
0.3069463178372218 0
0.3108882330159324 0
0.3119699782315469 0
0.33437723972453337 0
0.33895573747868785 0
0.34242355444561673 0
0.34295107217421883 0
0.3636088444913349 0
0.3681828906190877 0
0.3716106429484012 0
0.3926067388720469 0
0.3971807849997997 0
0.40060853732911317 0
0.4216135365055623 0
0.4261875826333151 0
0.4296153349626286 0
0.4506292373918811 0
0.4552032835196339 0
0.45916968264355384 0
0.4593900381504383 0
0.46260856403887163 0
0.46376821271651597 0
0.4642156011698874 0
0.4644448599295753 0
0.4646741186892631 0
0.4658293157405058 0
0.4660496712473902 0
0.46627002675427465 0
0.46941955243348155 0
0.4705079750886987 0
0.47164981726073624 0
0.47187462439402234 0
0.475013021007225 0
0.47613705667365575 0
0.47658444512702713 0
0.476813703886715 0
0.4770429626464029 0
0.4781981596976455 0
0.47841851520453 0
0.4786388707114144 0
0.48175723500580936 0
0.4822713978552064 0
0.4829947871454836 0
0.48413662931752116 0
0.4843614364508073 0
0.4868699279281686 0
0.4879694796493899 0
0.48907570881021384 0
0.4895631619012006 0
0.48979242066088846 0
0.4900216794205763 0
0.491085618130584 0
0.4944488218770728 0
0.49553056709268734 0
0.5165377920823373 0
0.5211162898364917 0
0.5245841068034206 0
0.5251116245320228 0
0.5457916549811473 0
0.5503657011089002 0
0.5537934534382136 0
0.5748118074938678 0
0.5793858536216207 0
0.5828136059509341 0
0.6038408632593918 0
0.6084149093871446 0
0.6118426617164581 0
0.6328788222777192 0
0.6374528684054719 0
0.6395829716386882 0
0.6398033271455726 0
0.6430218530340059 0
0.6441815017116503 0
0.6446288901650218 0
0.6448581489247096 0
0.6450874076843975 0
0.6462426047356402 0
0.6464629602425246 0
0.6466833157494091 0
0.649832841428616 0
0.6509746836006535 0
0.6514176204276232 0
0.6516468791873111 0
0.651876137946999 0
0.6530313349982416 0
0.653251690505126 0
0.6534720460120105 0
0.6566059909988115 0
0.6577300266652422 0
0.6581729634922119 0
0.6584022222518997 0
0.6586314810115876 0
0.6597866780628302 0
0.6600070335697147 0
0.6602273890765992 0
0.6633457533709941 0
0.6638599162203911 0
0.6646367250274888 0
0.6650796618544585 0
0.6653089206141464 0
0.6655381793738342 0
0.6666933764250769 0
0.6669137319319614 0
0.6671340874388458 0
0.6696381272898053 0
0.6707376790110267 0
0.6718439081718506 0
0.6723269096364357 0
0.6725561683961235 0
0.6727854271558114 0
0.6738493658658191 0
0.6772125696123078 0
0.6782943148279224 0
0.6993237979495809 0
0.7039022957037354 0
0.7073701126706642 0
0.7078976303992663 0
0.7285999189803994 0
0.7331739651081522 0
0.7366017174374658 0
0.7576423296251286 0
0.7622163757528814 0
0.7656441280821948 0
0.786693643522661 0
0.7912676896504138 0
0.7946954419797273 0
0.8157538606729969 0
0.8203279068007496 0
0.8224491067811625 0
0.8226694622880469 0
0.8258879881764802 0
0.8270476368541246 0
0.8274950253074961 0
0.8277242840671839 0
0.8279535428268718 0
0.8291087398781145 0
0.8293290953849989 0
0.8295494508918834 0
0.8326989765710903 0
0.8338408187431278 0
0.8342837555700975 0
0.8345130143297854 0
0.8347422730894732 0
0.8358974701407159 0
0.8361178256476004 0
0.8363381811544848 0
0.8394721261412857 0
0.8405961618077165 0
0.8410390986346862 0
0.841268357394374 0
0.8414976161540619 0
0.8426528132053046 0
0.842873168712189 0
0.8430935242190735 0
0.8462118885134684 0
0.8467260513628654 0
0.8475028601699631 0
0.8479457969969328 0
0.8481750557566207 0
0.8484043145163085 0
0.8495595115675512 0
0.8497798670744356 0
0.8500002225813201 0
0.8525042624322796 0
0.853603814153501 0
0.8546566237975044 0
0.8557472722659224 0
0.8559765310256102 0
0.8593486380249024 0
0.8604303832405169 0
0.881482124494184 0
0.8860606222483385 0
0.8895284392152673 0
0.8900559569438694 0
0.9107805036570111 0
0.9153545497847638 0
0.9187823021140774 0
0.9398451724337487 0
0.9444192185615015 0
0.9478469708908149 0
0.9689187444632896 0
0.9734927905910424 0
0.9756139905714553 0
0.9758343460783397 0
0.9790417429007688 0
0.9801301655559859 0
0.9812720077280235 0
0.9814968148613096 0
0.9846396631009139 0
0.9857102792505241 0
0.9868521214225617 0
0.9870769285558478 0
0.9902041961030462 0
0.9907183589524433 0
0.9914417482427205 0
0.9925835904147581 0
0.9928083975480442 0
0.9953213406518071 0
0.9964208923730284 0
0.9975271215338524 0
0.9980145746248392 0
0.998243833384527 0
0.9984730921442149 0
