0.003187364503621398 0
0.0032118484488307805 0
0.00795728219304923 0
0.007981766138258612 0
0.018302861950613657 0
0.01832734589582304 0
0.02293700503478946 0
0.02296148897999884 0
0.023106166838054283 0
0.023130650783263665 0
0.023275328641319107 0
0.02329981258652849 0
0.023444490444583927 0
0.023468974389793312 0
0.027867181274678705 0
0.027891665219888086 0
0.02803634307794353 0
0.02806082702315291 0
0.03860005252919154 0
0.03862453647440092 0
0.038769214332456364 0
0.038793698277665746 0
0.03893837613572119 0
0.03896286008093057 0
0.03910753793898601 0
0.03913202188419539 0
0.06759794690990353 0
0.06762243085511292 0
0.06778046359237347 0
0.06780494753758286 0
0.0679496253956383 0
0.06797410934084767 0
0.07374341715745848 0
0.07376790110266786 0
0.08864968816357056 0
0.08867417210877994 0
0.15513472847304763 0
0.155159212418257 0
