0.23564906938750071 1
0.23595623160921841 2
0.23623000663292335 3
0.23650378165662825 4
0.23694894429679883 5
0.2372761388373242 6
0.23770349497188797 7
0.23813530273285344 8
0.23839572287735325 8
0.23864056232944705 8
0.2388520145835281 8
0.2390879507828185 8
0.3178661574006063 9
0.3180086094454609 9
0.3477944416992748 9
0.3479368937441294 9
0.37678788445358513 9
0.3769303364984397 9
0.40579023046069884 9
0.4059326825055534 9
0.43480147972061595 9
0.4349439317654705 9
0.5007211634770764 9
0.5008636155219309 9
0.5299772521890873 9
0.5301197042339418 9
0.5589929530754061 9
0.5591354051202607 9
0.5880175572145283 9
0.5881600092593829 9
0.617051064606454 9
0.6171935166513085 9
0.68350716934432 9
0.6836496213891745 9
0.7127855161883394 9
0.712927968233194 9
0.7418234752066668 9
0.7419659272515213 9
0.7708703374777975 9
0.7710127895226521 9
0.7999261030017317 9
0.8000685550465862 9
0.865665495888923 9
0.8658079479337776 9
0.894966100864951 9
0.8951085529098056 9
0.9240263180152869 9
0.9241687700601414 9
0.9530954384184261 9
0.9532378904632808 9
