0.24181902358026505 0
0.2465310701264707 0
0.24776639645294407 0
0.24943130472718208 0
0.25677203666359505 0
0.2572283283697699 0
0.26042459612619473 0
0.26384121938950394 0
0.2672867782244243 0
0.269848689218606 0
0.27239501952038175 0
0.27484118822811915 0
0.28300324523564685 0
0.2876640980782329 0
0.28800019587156167 0
0.2897274269154235 0
0.29067784915218775 0
0.29158152931173403 0
0.291748465301798 0
0.29302163045268587 0
0.2939720526894501 0
0.29521850808192773 0
0.295683703040906 0
0.2969212551805802 0
0.2978694516041436 0
0.2987909382692967 0
0.29974136050606087 0
0.30070958924843194 0
0.30090100918370527 0
0.3018692379260763 0
0.30206065786134967 0
0.3030355640433232 0
0.3032269839785966 0
0.3041306641381429 0
0.30507886056170624 0
0.31044084456256094 0
0.31083258768591104 0
0.31114865316043216 0
0.31142465399733793 0
0.3121013012103972 0
0.3134078535592979 0
0.3135925960549687 0
0.3140733717063529 0
0.3142670174548271 0
0.31477227705142075 0
0.3149614711734932 0
0.3340634000632131 0
0.3342481425588839 0
0.3350271771791824 0
0.3352208229276566 0
0.3361423095928097 0
0.3363270520884805 0
0.3369725379167279 0
0.33716618366520207 0
0.3379251859666929 0
0.33811438008876543 0
0.33869976896058973 0
0.34135293829600644 0
0.3416066810009037 0
0.34187823021140773 0
0.34255042579806533 0
0.34289542684419755 0
0.3440595271482436 0
0.3442442696439144 0
0.3447250452952986 0
0.3449186910437728 0
0.34542395064036646 0
0.345613144762439 0
0.36329500483001465 0
0.36347974732568544 0
0.364258781945984 0
0.3644524276944582 0
0.3653739143596113 0
0.3655586568552821 0
0.3662041426835294 0
0.36639778843200366 0
0.3671567907334945 0
0.36734598485556696 0
0.3679269221009896 0
0.37054002679879094 0
0.3707937695036882 0
0.37106531871419224 0
0.37173751430084984 0
0.3730485182761522 0
0.373233260771823 0
0.3737140364232072 0
0.3739076821716814 0
0.37441294176827505 0
0.3746021358903475 0
0.39229289921072663 0
0.39247764170639743 0
0.393256676326696 0
0.39345032207517017 0
0.3943718087403233 0
0.3945565512359941 0
0.3952020370642414 0
0.39539568281271564 0
0.3961546851142065 0
0.39634387923627895 0
0.3969248164817016 0
0.39953792117950293 0
0.3997916638844002 0
0.4000632130949042 0
0.4007354086815618 0
0.4020464126568642 0
0.402231155152535 0
0.4027119308039192 0
0.4029055765523934 0
0.40341083614898704 0
0.4036000302710595 0
0.42129969684424207 0
0.42148443933991286 0
0.42226347396021136 0
0.42245711970868555 0
0.4233786063738387 0
0.42356334886950947 0
0.42420883469775683 0
0.424402480446231 0
0.42516148274772186 0
0.4253506768697944 0
0.425931614115217 0
0.4285447188130183 0
0.42879846151791556 0
0.4290700107284196 0
0.4297422063150772 0
0.4310532102903796 0
0.43123795278605037 0
0.43171872843743464 0
0.43191237418590883 0
0.4324176337825024 0
0.43260682790457494 0
0.45031539773056084 0
0.45050014022623164 0
0.4512791748465302 0
0.4514728205950044 0
0.4523943072601575 0
0.4525790497558283 0
0.45322453558407566 0
0.45341818133254985 0
0.4541771836340407 0
0.4543663777561132 0
0.4549473150015358 0
0.46153794788926134 0
0.4617916905941586 0
0.46206323980466263 0
0.4627354353913202 0
0.4635122441984179 0
0.4683489362838713 0
0.46860267898876856 0
0.4688742281992726 0
0.4695464237859302 0
0.47025200657060057 0
0.47394240485761474 0
0.47419614756251194 0
0.47446769677301603 0
0.47513989235967363 0
0.47588108815555763 0
0.4806866188561991 0
0.4809403615610963 0
0.4812119107716004 0
0.481884106358258 0
0.48221575252518506 0
0.4827388186273855 0
0.48640695878239115 0
0.48681428259814724 0
0.48713479969907003 0
0.48741970378877925 0
0.4881052542546419 0
0.48881083703931233 0
0.49400143342370134 0
0.49439317654705145 0
0.49470924202157257 0
0.49498524285847834 0
0.49566189007153766 0
0.4969684424204383 0
0.4971531849161091 0
0.4976339605674933 0
0.49782760631596756 0
0.49833286591256115 0
0.4985220600346337 0
0.516223952421017 0
0.5164086949166878 0
0.5171877295369863 0
0.5173813752854606 0
0.5183028619506137 0
0.5184876044462845 0
0.5191330902745318 0
0.519326736023006 0
0.5200857383244969 0
0.5202749324465693 0
0.5208603213183937 0
0.5235134906538104 0
0.5237672333587076 0
0.5240387825692117 0
0.5247109781558692 0
0.5250559792020014 0
0.5262200795060475 0
0.5264048220017183 0
0.5268855976531026 0
0.5270792434015767 0
0.5275845029981704 0
0.5277736971202429 0
0.5454778153198271 0
0.5456625578154979 0
0.5464415924357964 0
0.5466352381842706 0
0.5475567248494237 0
0.5477414673450945 0
0.5483869531733419 0
0.5485805989218161 0
0.5493396012233069 0
0.5495287953453795 0
0.5501097325908021 0
0.5527228372886034 0
0.5529765799935006 0
0.5532481292040047 0
0.5539203247906622 0
0.5552313287659646 0
0.5554160712616354 0
0.5558968469130197 0
0.5560904926614939 0
0.5565957522580874 0
0.55678494638016 0
0.5744979678325476 0
0.5746827103282184 0
0.575461744948517 0
0.5756553906969911 0
0.5765768773621442 0
0.576761619857815 0
0.5774071056860623 0
0.5776007514345366 0
0.5783597537360274 0
0.5785489478581 0
0.5791298851035226 0
0.5817429898013239 0
0.5819967325062212 0
0.5822682817167252 0
0.5829404773033828 0
0.5842514812786852 0
0.584436223774356 0
0.5849169994257402 0
0.5851106451742144 0
0.585615904770808 0
0.5858050988928805 0
0.6035270235980715 0
0.6037117660937423 0
0.6044908007140408 0
0.6046844464625151 0
0.6056059331276682 0
0.605790675623339 0
0.6064361614515863 0
0.6066298072000605 0
0.6073888095015514 0
0.6075780036236239 0
0.6081589408690465 0
0.6107720455668478 0
0.611025788271745 0
0.6112973374822491 0
0.6119695330689068 0
0.6132805370442092 0
0.61346527953988 0
0.6139460551912641 0
0.6141397009397384 0
0.614644960536332 0
0.6148341546584044 0
0.6325649826163989 0
0.6327497251120697 0
0.6335287597323682 0
0.6337224054808425 0
0.6346438921459956 0
0.6348286346416663 0
0.6354741204699137 0
0.6356677662183879 0
0.6364267685198788 0
0.6366159626419512 0
0.6371968998873738 0
0.6419512368843957 0
0.6422049795892929 0
0.642476528799797 0
0.6431487243864545 0
0.6439255331935523 0
0.6487622252790057 0
0.6490159679839029 0
0.649287517194407 0
0.6499597127810646 0
0.6507187150825554 0
0.6555353748492011 0
0.6557891175540984 0
0.6560606667646024 0
0.65673286235126 0
0.6574740581471441 0
0.6622751372213839 0
0.6625288799262811 0
0.6628004291367852 0
0.6634726247234427 0
0.6638042708903698 0
0.6643807565093907 0
0.669175158144028 0
0.669582481959784 0
0.6699029990607068 0
0.670187903150416 0
0.6708734536162787 0
0.6715790364009491 0
0.6767651811589365 0
0.6771569242822866 0
0.6774729897568077 0
0.6777489905937134 0
0.6784256378067727 0
0.6797321901556733 0
0.6799169326513441 0
0.6803977083027284 0
0.6805913540512026 0
0.6810966136477962 0
0.6812858077698687 0
0.6990099582882606 0
0.6991947007839314 0
0.6999737354042299 0
0.7001673811527042 0
0.7010888678178573 0
0.7012736103135281 0
0.7019190961417754 0
0.7021127418902496 0
0.7028717441917405 0
0.703060938313813 0
0.7036463271856372 0
0.706299496521054 0
0.7065532392259511 0
0.7068247884364552 0
0.7074969840231129 0
0.707841985069245 0
0.7090060853732911 0
0.7091908278689619 0
0.7096716035203462 0
0.7098652492688203 0
0.710370508865414 0
0.7105597029874865 0
0.7282860793190792 0
0.72847082181475 0
0.7292498564350486 0
0.7294435021835227 0
0.7303649888486758 0
0.7305497313443466 0
0.7311952171725941 0
0.7313888629210682 0
0.732147865222559 0
0.7323370593446316 0
0.7329179965900542 0
0.7355311012878555 0
0.7357848439927528 0
0.7360563932032568 0
0.7367285887899144 0
0.7380395927652168 0
0.7382243352608876 0
0.7387051109122718 0
0.738898756660746 0
0.7394040162573396 0
0.7395932103794122 0
0.7573284899638083 0
0.7575132324594791 0
0.7582922670797776 0
0.7584859128282518 0
0.759407399493405 0
0.7595921419890758 0
0.7602376278173231 0
0.7604312735657973 0
0.7611902758672882 0
0.7613794699893606 0
0.7619604072347832 0
0.7645735119325846 0
0.7648272546374818 0
0.7650988038479859 0
0.7657709994346434 0
0.7670820034099458 0
0.7672667459056166 0
0.7677475215570009 0
0.767941167305475 0
0.7684464269020687 0
0.7686356210241412 0
0.7863798038613408 0
0.7865645463570116 0
0.78734358097731 0
0.7875372267257843 0
0.7884587133909374 0
0.7886434558866082 0
0.7892889417148555 0
0.7894825874633298 0
0.7902415897648206 0
0.790430783886893 0
0.7910117211323157 0
0.7936248258301171 0
0.7938785685350143 0
0.7941501177455184 0
0.7948223133321759 0
0.7961333173074783 0
0.7963180598031491 0
0.7967988354545333 0
0.7969924812030075 0
0.7974977407996011 0
0.7976869349216736 0
0.8154400210116766 0
0.8156247635073474 0
0.816403798127646 0
0.8165974438761201 0
0.8175189305412732 0
0.817703673036944 0
0.8183491588651914 0
0.8185428046136656 0
0.8193018069151564 0
0.8194910010372289 0
0.8200719382826516 0
0.82481737202687 0
0.8250711147317672 0
0.8253426639422713 0
0.826014859528929 0
0.8267916683360266 0
0.83162836042148 0
0.8318821031263772 0
0.8321536523368813 0
0.8328258479235389 0
0.8335848502250297 0
0.8384015099916755 0
0.8386552526965727 0
0.8389268019070768 0
0.8395989974937343 0
0.8403401932896184 0
0.8451412723638582 0
0.8453950150687554 0
0.8456665642792595 0
0.846338759865917 0
0.846670406032844 0
0.8472468916518651 0
0.8520412932865022 0
0.8524486171022583 0
0.8527691342031811 0
0.8530540382928903 0
0.853739588758753 0
0.8543917520266029 0
0.8589012495715309 0
0.859292992694881 0
0.8596090581694021 0
0.859885059006308 0
0.8605617062193672 0
0.8618682585682679 0
0.8620530010639387 0
0.8625337767153229 0
0.8627274224637972 0
0.8632326820603907 0
0.8634218761824632 0
0.8811682848328637 0
0.8813530273285345 0
0.882132061948833 0
0.8823257076973072 0
0.8832471943624604 0
0.8834319368581312 0
0.8840774226863785 0
0.8842710684348527 0
0.8850300707363435 0
0.8852192648584161 0
0.8858046537302403 0
0.888457823065657 0
0.8887115657705543 0
0.8889831149810583 0
0.889655310567716 0
0.8900003116138481 0
0.8911644119178942 0
0.891349154413565 0
0.8918299300649493 0
0.8920235758134234 0
0.892528835410017 0
0.8927180295320896 0
0.9104666639956909 0
0.9106514064913617 0
0.9114304411116602 0
0.9116240868601343 0
0.9125455735252874 0
0.9127303160209582 0
0.9133758018492056 0
0.9135694475976798 0
0.9143284498991706 0
0.9145176440212431 0
0.9150985812666658 0
0.9177116859644672 0
0.9179654286693644 0
0.9182369778798684 0
0.918909173466526 0
0.9202201774418284 0
0.9204049199374992 0
0.9208856955888834 0
0.9210793413373576 0
0.9215846009339512 0
0.9217737950560237 0
0.9395313327724284 0
0.9397160752680992 0
0.9404951098883977 0
0.9406887556368719 0
0.9416102423020251 0
0.9417949847976959 0
0.9424404706259432 0
0.9426341163744174 0
0.9433931186759082 0
0.9435823127979808 0
0.9441632500434034 0
0.9467763547412047 0
0.9470300974461019 0
0.947301646656606 0
0.9479738422432635 0
0.9492848462185659 0
0.9494695887142367 0
0.949950364365621 0
0.9501440101140952 0
0.9506492697106887 0
0.9508384638327613 0
0.9686049048019694 0
0.9687896472976402 0
0.9695686819179388 0
0.9697623276664129 0
0.970683814331566 0
0.9708685568272368 0
0.9715140426554841 0
0.9717076884039584 0
0.9724666907054492 0
0.9726558848275217 0
0.9732368220729444 0
0.9779711267511585 0
0.9782248694560558 0
0.9784964186665598 0
0.9791686142532174 0
0.9798741970378878 0
0.9835690469513036 0
0.9838227896562008 0
0.9840943388667049 0
0.9847665344533625 0
0.9854543107324261 0
0.989133579953436 0
0.9893873226583332 0
0.9896588718688373 0
0.9903310674554948 0
0.990662713622422 0
0.9911857797246224 0
0.9948583715060297 0
0.9952656953217858 0
0.9955862124227086 0
0.9958711165124178 0
0.9965566669782805 0
0.9972622497629509 0
