0.22838846672631846 1
0.22846191856194661 2
0.2286177254860063 3
0.22879579054207455 3
0.22898053303774535 3
0.22916972715981784 3
0.22956592190956965 3
0.22975511603164217 3
0.22996434247252234 3
0.2303449565298682 3
0.23057421528955604 3
0.23081015148884645 3
0.23105944256734198 3
0.2313087336458375 3
0.23149792776791 3
0.2316871218899825 3
0.2319430904080806 3
0.23223244612419147 3
0.23242164024626397 3
0.23269096364356717 3
0.23296028704087038 3
0.23324964275698126 3
0.24007398603079635 4
0.24125589284044927 5
0.24134492536848337 6
0.2414005706985047 6
0.24223525064882453 7
0.24232428317685867 8
0.24247563847451667 9
0.24258470332135845 9
0.24267373584939259 9
0.2428250911470506 9
0.24299202713711454 10
0.24314115662157168 10
0.2433392539964476 11
0.24344609303008855 11
0.24353512555812265 11
0.2436931582953832 11
0.2438600942854472 11
0.2440114495831052 11
0.2442095469579811 11
0.2443186118048229 11
0.244407644332857 11
0.24456567707011756 11
0.24473261306018154 11
0.24488396835783954 11
0.24508206573271546 11
0.24519113057955724 11
0.24528016310759135 11
0.24543151840524935 11
0.24611706887111207 11
0.2467247158749449 11
0.24692281324982082 11
0.24711200737189332 11
0.24731010474676923 11
0.24962495047565628 11
0.2498230478505322 11
0.2500122419726047 11
0.2502103393474806 11
0.2507267280100785 12
0.2517795376540819 13
0.2518952799405263 14
0.2524205718559276 14
0.25250737857076083 14
0.2534021554775037 15
0.2535891237863753 16
0.2556969688875831 17
0.25579713048162145 18
0.25587058231724963 19
0.256954553346065 20
0.25714152165493664 20
0.2582588798817648 20
0.258452525630239 21
0.25850149352065777 21
0.2606182418746689 21
0.26081633924954484 21
0.2610055333716173 21
0.2612036307464932 21
0.26403486513797814 21
0.26423296251285405 21
0.2644221566349266 21
0.2646202540098025 21
0.2656997734122162 22
0.26805468377871855 22
0.26866010496935055 22
0.27060546570689603 22
0.2712086610843272 22
0.2731517960086718 22
0.27375499138610293 22
0.27503483397659334 22
0.27523293135146926 22
0.2754221254735418 22
0.2756202228484177 22
0.278778651780428 22
0.27895226521009453 22
0.279125878639761 22
0.27929949206942756 22
0.2794731054990941 22
0.27964671892876064 22
0.2798203323584271 22
0.27999394578809367 22
0.2801675592177602 22
0.28034117264742675 22
0.2805147860770933 22
0.2806883995067598 22
0.28147188575346005 22
0.28211737158170735 23
0.28267159906871975 24
0.2833170848969671 24
0.283515182271843 24
0.2837043763939155 24
0.28406050650605197 25
0.2849441543467906 25
0.2858678668251446 25
0.2859568993531787 25
0.28611493209043926 25
0.2862818680805032 25
0.2864332233781612 25
0.2866313207530371 25
0.2867604179186866 25
0.2868494504467207 25
0.2870074831839813 25
0.28716551592124184 25
0.2873168712188998 25
0.28750606534097234 25
0.2881226155976086 25
0.2882116481256427 25
0.2883674550497024 25
0.28866793983181754 25
0.2888259725690781 25
0.28899290855914206 25
0.2891442638568001 25
0.289342361231676 25
0.28991662103749605 25
0.29011471841237196 25
0.2903039125344445 25
0.2905554294261408 25
0.29085591420825596 25
0.29099614043990973 25
0.2912098185071916 25
0.2922492732719899 25
0.2932152762011601 25
0.29341337357603603 25
0.2936025676981085 25
0.2938540845898049 25
0.29475776474935117 26
0.29540102476439767 26
0.29558799307326933 26
0.2971149009290544 26
0.2973129983039303 26
0.29750219242600284 26
0.29775370931769923 26
0.2989845840177709 26
0.2991826813926468 26
0.2993718755147193 26
0.29962339240641567 26
0.3043243098866171 26
0.304522407261493 26
0.3047116013835655 26
0.30496311827526185 26
0.3055240232018768 26
0.31154707372338486 26
0.31163610625141897 26
0.31178746154907694 26
0.3163192172260135 26
0.31639266906164165 26
0.3165662824913082 26
0.3167732831189875 26
0.31707376790110264 26
0.32033235842715135 27
0.320822037331339 27
0.32130726460912495 27
0.3217924918869109 27
0.32227771916469683 27
0.32406504716498175 27
0.3253092767442585 27
0.32551405155873697 27
0.3256297938451813 27
0.32616398901338606 27
0.3262507957282193 27
0.3269986689637059 27
0.3271745082065733 27
0.32928012749458013 27
0.32938028908861855 27
0.3294537409242467 27
0.330931680889613 27
0.3311653912757026 27
0.3316617476194928 27
0.33220262022730007 27
0.3357038243922417 27
0.34200064993745466 27
0.34208968246548876 27
0.34224103776314674 27
0.34640776007514346 27
0.3464812119107716 27
0.3466548253404381 27
0.34686182596811743 27
0.34716231075023257 27
0.3496129310843717 27
0.3501026099885593 27
0.35058783726634524 27
0.3510730645441312 27
0.3515582918219171 27
0.3533255875033944 27
0.35456981708267116 27
0.3547745918971496 27
0.354890334183594 27
0.3554245293517987 27
0.35551133606663193 27
0.3562592093021185 27
0.3564350485449859 27
0.35854066783299277 27
0.3586408294270312 27
0.3587142812626593 27
0.36019222122802563 27
0.36042593161411524 27
0.36092228795790543 27
0.3614520314997084 27
0.36493542915904326 27
0.37118773844023917 27
0.3712767709682733 27
0.37142812626593125 27
0.3754012028294537 27
0.3754746546650819 27
0.37564826809474844 27
0.37585526872242775 27
0.3761557535045429 27
0.37860637383868195 27
0.3790960527428696 27
0.37958128002065555 27
0.3800665072984415 27
0.38055173457622743 27
0.38231903025770464 27
0.3835632598369814 27
0.3837680346514599 27
0.38388377693790426 27
0.38441797210610895 27
0.38450477882094225 27
0.38525265205642883 27
0.3854284912992962 27
0.3875341105873031 27
0.38763427218134144 27
0.3877077240169696 27
0.38918566398233595 27
0.3894193743684255 27
0.3899157307122157 27
0.3904454742540187 27
0.39393332353975524 27
0.40018563282095115 27
0.40027466534898526 27
0.40042602064664323 27
0.40440354883656743 27
0.4044770006721956 27
0.4046506141018621 27
0.40485761472954146 27
0.4051580995116566 27
0.40760871984579566 27
0.4080983987499833 27
0.40858362602776926 27
0.4090688533055552 27
0.40955408058334114 27
0.41132137626481835 27
0.41256560584409513 27
0.41277038065857363 27
0.412886122945018 27
0.41342031811322266 27
0.4135071248280559 27
0.4142549980635425 27
0.4144308373064099 27
0.4165364565944168 27
0.41663661818845515 27
0.4167100700240833 27
0.41818800998944966 27
0.4184217203755392 27
0.4189180767193294 27
0.4194478202611324 27
0.4229401211732707 27
0.42919243045446653 27
0.42928146298250064 27
0.42943281828015867 27
0.43341479809648453 27
0.4334882499321127 27
0.4336618633617792 27
0.43386886398945856 27
0.4341693487715737 27
0.43661996910571277 27
0.43710964800990043 27
0.43759487528768637 27
0.4380801025654723 27
0.43856532984325824 27
0.44033262552473545 27
0.44157685510401223 27
0.44178162991849074 27
0.4418973722049351 27
0.44243156737313977 27
0.44251837408797307 27
0.44326624732345965 27
0.443442086566327 27
0.4455477058543339 27
0.44564786744837226 27
0.4457213192840004 27
0.44719925924936677 27
0.4474329696354563 27
0.4479293259792465 27
0.4484590695210495 27
0.45195582205958945 27
0.46218565953070956 27
0.46227469205874366 27
0.46242604735640164 27
0.46899664792531953 27
0.46908568045335364 27
0.4692370357510116 27
0.4745901164990629 27
0.47467914902709707 27
0.47483050432475504 27
0.4813343304976473 27
0.48142336302568145 27
0.4815747183233394 27
0.4875421235148261 27
0.4876311560428603 27
0.48778696296692 27
0.49510766258452527 27
0.49519669511255937 27
0.4953480504102174 27
0.499334481852945 27
0.4994079336885731 27
0.49958154711823965 27
0.49978854774591897 27
0.5000890325280342 27
0.5025396528621732 27
0.5030293317663609 27
0.5035145590441468 27
0.5039997863219328 27
0.5044850135997186 27
0.5062523092811959 27
0.5074965388604726 27
0.5077013136749512 27
0.5078170559613955 27
0.5083512511296002 27
0.5084380578444334 27
0.50918593107992 27
0.5093617703227874 27
0.5114673896107943 27
0.5115675512048327 27
0.5116410030404608 27
0.5131189430058272 27
0.5133526533919167 27
0.5138490097357069 27
0.5143787532775099 27
0.5178643767500456 27
0.5241612022952585 27
0.5242502348232927 27
0.5244015901209507 27
0.528590570564956 27
0.5286640224005841 27
0.5288376358302506 27
0.5290446364579299 27
0.5293451212400451 27
0.5317957415741841 27
0.5322854204783718 27
0.5327706477561577 27
0.5332558750339437 27
0.5337411023117296 27
0.5355083979932068 27
0.5367526275724837 27
0.5369574023869621 27
0.5370731446734064 27
0.5376073398416111 27
0.5376941465564444 27
0.538442019791931 27
0.5386178590347984 27
0.5407234783228052 27
0.5408236399168436 27
0.5408970917524718 27
0.5423750317178381 27
0.5426087421039276 27
0.5431050984477179 27
0.5436348419895208 27
0.5471182396488558 27
0.5533705489300516 27
0.5534595814580857 27
0.5536109367557437 27
0.5576062714512747 27
0.5576797232869029 27
0.5578533367165694 27
0.5580603373442488 27
0.5583608221263638 27
0.560811442460503 27
0.5613011213646906 27
0.5617863486424766 27
0.5622715759202624 27
0.5627568031980484 27
0.5645240988795256 27
0.5657683284588024 27
0.5659731032732809 27
0.5660888455597253 27
0.5666230407279299 27
0.5667098474427632 27
0.5674577206782498 27
0.5676335599211172 27
0.5697391792091241 27
0.5698393408031625 27
0.5699127926387906 27
0.571390732604157 27
0.5716244429902465 27
0.5721207993340367 27
0.5726505428758397 27
0.5761383921615763 27
0.5823907014427722 27
0.5824797339708062 27
0.5826310892684642 27
0.586630875590397 27
0.5867043274260251 27
0.5868779408556917 27
0.587084941483371 27
0.5873854262654861 27
0.5898360465996252 27
0.5903257255038128 27
0.5908109527815988 27
0.5912961800593847 27
0.5917814073371707 27
0.5935487030186478 27
0.5947929325979247 27
0.5949977074124031 27
0.5951134496988475 27
0.5956476448670521 27
0.5957344515818854 27
0.5964823248173721 27
0.5966581640602394 27
0.5987637833482463 27
0.5988639449422847 27
0.5989373967779128 27
0.6004153367432792 27
0.6006490471293687 27
0.6011454034731589 27
0.6016751470149619 27
0.6051674479271002 27
0.611419757208296 27
0.6115087897363302 27
0.6116601450339881 27
0.6156643829823226 27
0.6157378348179507 27
0.6159114482476172 27
0.6161184488752965 27
0.6164189336574117 27
0.6188695539915509 27
0.6193592328957385 27
0.6198444601735243 27
0.6203296874513103 27
0.6208149147290962 27
0.6225822104105735 27
0.6238264399898503 27
0.6240312148043288 27
0.6241469570907732 27
0.6246811522589778 27
0.6247679589738111 27
0.6255158322092976 27
0.6256916714521651 27
0.6277972907401719 27
0.6278974523342103 27
0.6279709041698385 27
0.6294488441352047 27
0.6296825545212944 27
0.6301789108650846 27
0.6307086544068875 27
0.6342054069454275 27
0.6425989485258439 27
0.642687981053878 27
0.642839336351536 27
0.6494099369204539 27
0.649498969448488 27
0.649650324746146 27
0.6561830864906494 27
0.6562721190186834 27
0.6564234743163415 27
0.662922848862832 27
0.6630118813908662 27
0.6631632366885242 27
0.6703103228764629 27
0.670399355404497 27
0.6705551623285567 27
0.6778714103197603 27
0.6779604428477944 27
0.6781117981454524 27
0.6821204877201885 27
0.6821939395558168 27
0.6823675529854832 27
0.6825745536131625 27
0.6828750383952777 27
0.6853256587294168 27
0.6858153376336045 27
0.6863005649113904 27
0.6867857921891763 27
0.6872710194669622 27
0.6890383151484395 27
0.6902825447277162 27
0.6904873195421948 27
0.6906030618286391 27
0.6911372569968438 27
0.6912240637116771 27
0.6919719369471636 27
0.692147776190031 27
0.6942533954780379 27
0.6943535570720762 27
0.6944270089077045 27
0.6959049488730708 27
0.6961386592591603 27
0.6966350156029505 27
0.6971647591447535 27
0.7006503826172892 27
0.7069472081625021 27
0.7070362406905363 27
0.7071875959881943 27
0.711398834564208 27
0.7114722863998362 27
0.7116458998295027 27
0.7118529004571821 27
0.7121533852392972 27
0.7146040055734363 27
0.7150936844776239 27
0.7155789117554099 27
0.7160641390331958 27
0.7165493663109818 27
0.7183166619924589 27
0.7195608915717358 27
0.7197656663862142 27
0.7198814086726586 27
0.7204156038408632 27
0.7205024105556965 27
0.7212502837911831 27
0.7214261230340505 27
0.7235317423220574 27
0.7236319039160958 27
0.7237053557517239 27
0.7251832957170903 27
0.7254170061031798 27
0.72591336244697 27
0.726443105988773 27
0.7299265036481078 27
0.7361788129293038 27
0.7362678454573378 27
0.7364192007549958 27
0.7404367935825353 27
0.7405102454181636 27
0.7406838588478301 27
0.7408908594755094 27
0.7411913442576246 27
0.7436419645917636 27
0.7441316434959513 27
0.7446168707737372 27
0.7451020980515232 27
0.745587325329309 27
0.7473546210107863 27
0.748598850590063 27
0.7488036254045416 27
0.7489193676909859 27
0.7494535628591906 27
0.7495403695740239 27
0.7502882428095105 27
0.7504640820523778 27
0.7525697013403847 27
0.7526698629344231 27
0.7527433147700512 27
0.7542212547354176 27
0.7544549651215071 27
0.7549513214652973 27
0.7554810650071003 27
0.7589689142928369 27
0.7652212235740328 27
0.7653102561020669 27
0.7654616113997249 27
0.7694836558536662 27
0.7695571076892943 27
0.7697307211189608 27
0.7699377217466401 27
0.7702382065287553 27
0.7726888268628943 27
0.773178505767082 27
0.7736637330448679 27
0.7741489603226539 27
0.7746341876004398 27
0.776401483281917 27
0.7776457128611939 27
0.7778504876756723 27
0.7779662299621166 27
0.7785004251303214 27
0.7785872318451547 27
0.7793351050806412 27
0.7795109443235086 27
0.7816165636115154 27
0.7817167252055538 27
0.781790177041182 27
0.7832681170065483 27
0.7835018273926379 27
0.7839981837364282 27
0.7845279272782311 27
0.7880202281903693 27
0.7942725374715652 27
0.7943615699995994 27
0.7945129252972574 27
0.7985394213776003 27
0.7986128732132285 27
0.798786486642895 27
0.7989934872705743 27
0.7992939720526895 27
0.8017445923868285 27
0.8022342712910162 27
0.8027194985688021 27
0.8032047258465881 27
0.803689953124374 27
0.8054572488058512 27
0.806701478385128 27
0.8069062531996065 27
0.8070219954860508 27
0.8075561906542555 27
0.8076429973690888 27
0.8083908706045754 27
0.8085667098474427 27
0.8106723291354496 27
0.810772490729488 27
0.8108459425651162 27
0.8123238825304825 27
0.812557592916572 27
0.8130539492603622 27
0.8135836928021652 27
0.8170804453407052 27
0.8254650836683182 27
0.8255541161963523 27
0.8257054714940103 27
0.8322760720629282 27
0.8323651045909624 27
0.8325164598886203 27
0.8390492216331237 27
0.8391382541611577 27
0.8392896094588158 27
0.8457889840053063 27
0.8458780165333405 27
0.8460293718309985 27
0.8531764580189373 27
0.8532654905469713 27
0.853421297471031 27
0.8600074787323548 27
0.860096511260389 27
0.860247866558047 27
0.8642788142647917 27
0.8643522661004198 27
0.8645258795300863 27
0.8647328801577656 27
0.8650333649398808 27
0.8674839852740198 27
0.8679736641782075 27
0.8684588914559934 27
0.8689441187337794 27
0.8694293460115653 27
0.8711966416930426 27
0.8724408712723194 27
0.8726456460867978 27
0.8727613883732421 27
0.8732955835414469 27
0.8733823902562802 27
0.8741302634917667 27
0.874306102734634 27
0.876411722022641 27
0.8765118836166793 27
0.8765853354523075 27
0.8780632754176738 27
0.8782969858037634 27
0.8787933421475536 27
0.8793230856893566 27
0.8828087091618922 27
0.8891055347071053 27
0.8891945672351393 27
0.8893459225327973 27
0.8935794192408196 27
0.8936528710764478 27
0.8938264845061143 27
0.8940334851337937 27
0.8943339699159087 27
0.8967845902500479 27
0.8972742691542355 27
0.8977594964320215 27
0.8982447237098073 27
0.8987299509875933 27
0.9004972466690705 27
0.9017414762483473 27
0.9019462510628258 27
0.9020619933492702 27
0.9025961885174748 27
0.9026829952323081 27
0.9034308684677947 27
0.9036067077106621 27
0.905712326998669 27
0.9058124885927074 27
0.9058859404283355 27
0.9073638803937019 27
0.9075975907797914 27
0.9080939471235816 27
0.9086236906653846 27
0.9121070883247194 27
0.9183593976059153 27
0.9184484301339494 27
0.9185997854316075 27
0.9226396363911555 27
0.9227130882267837 27
0.9228867016564501 27
0.9230937022841295 27
0.9233941870662447 27
0.9258448074003838 27
0.9263344863045714 27
0.9268197135823573 27
0.9273049408601433 27
0.9277901681379291 27
0.9295574638194064 27
0.9308016933986832 27
0.9310064682131617 27
0.9311222104996061 27
0.9316564056678107 27
0.931743212382644 27
0.9324910856181305 27
0.932666924860998 27
0.9347725441490048 27
0.9348727057430433 27
0.9349461575786714 27
0.9364240975440377 27
0.9366578079301273 27
0.9371541642739175 27
0.9376839078157204 27
0.9411717571014571 27
0.9474240663826529 27
0.947513098910687 27
0.947664454208345 27
0.9517087567942948 27
0.9517822086299229 27
0.9519558220595895 27
0.9521628226872688 27
0.9524633074693839 27
0.954913927803523 27
0.9554036067077106 27
0.9558888339854966 27
0.9563740612632825 27
0.9568592885410685 27
0.9586265842225457 27
0.9598708138018225 27
0.9600755886163009 27
0.9601913309027453 27
0.9607255260709501 27
0.9608123327857833 27
0.9615602060212699 27
0.9617360452641373 27
0.9638416645521442 27
0.9639418261461825 27
0.9640152779818106 27
0.965493217947177 27
0.9657269283332666 27
0.9662232846770568 27
0.9667530282188598 27
0.970245329130998 27
0.9786188383926068 27
0.9787078709206408 27
0.9788592262182989 27
0.9842167585927518 27
0.984305791120786 27
0.984457146418444 27
0.9897812915948841 27
0.9898703241229183 27
0.9900216794205763 27
0.9959935362384648 27
0.9960825687664988 27
0.9962383756905585 27
