0.13918009944933382 1
0.13918677688893638 2
0.13919345432853894 3
0.1392001317681415 4
0.13920680920774406 5
0.13921348664734662 6
0.13922016408694918 7
0.13922684152655174 7
0.14585531323869175 8
0.1458619906782943 9
0.14586866811789687 9
0.15208536438787912 10
0.15209204182748168 11
0.15209871926708424 12
0.15306249638305355 13
0.1530691738226561 14
0.15307585126225867 15
0.15308252870186123 16
0.1530892061414638 17
0.15309588358106635 18
0.1531025610206689 19
0.15310923846027147 20
0.15311591589987403 21
0.1531225933394766 22
0.15312927077907915 23
0.1531359482186817 24
0.15314262565828426 25
0.15314930309788682 26
0.15315598053748938 27
0.15316265797709194 28
0.1531693354166945 29
0.15317601285629706 30
0.15318269029589962 31
0.15409304789504846 32
0.15409972533465102 33
0.15410640277425358 34
0.15411308021385614 35
0.16497504863401843 36
0.164981726073621 37
0.16498840351322355 38
0.1649950809528261 39
0.16500175839242867 40
0.16500843583203123 41
0.1650151132716338 42
0.16502179071123635 43
0.16556043750584276 44
0.16556711494544532 45
0.16693821587717073 46
0.16694489331677329 47
0.16695157075637584 48
0.1669582481959784 49
0.18834608724297422 50
0.18835276468257678 51
0.18835944212217934 52
0.1883661195617819 53
0.18837279700138446 54
0.18837947444098702 55
0.18838615188058958 56
0.18839282932019213 57
0.1883995067597947 58
0.18840618419939725 59
0.1884128616389998 60
0.18841953907860237 61
0.18842621651820493 62
0.1884328939578075 63
0.18843957139741005 64
0.1884462488370126 65
0.18845292627661517 66
0.1884662811558203 67
0.18847295859542285 68
0.19525278560522086 69
0.19717811402395866 70
0.19718479146356122 71
0.19719146890316377 72
0.19719814634276633 73
0.1972048237823689 74
0.19721150122197145 75
0.197218178661574 76
0.2086722133931632 77
0.20867889083276575 78
0.2086855682723683 79
0.20869224571197087 80
0.209613732377124 81
0.20962040981672653 82
0.2096270872563291 83
0.20963376469593165 84
0.24093314992632558 85
0.24093982736592814 86
0.2409465048055307 87
0.24582771315500118 88
0.24583439059460374 89
0.2485409794468409 90
0.24854765688644345 91
0.25165044048843244 91
0.25612877664854855 92
0.2561399057145528 93
0.25810529877090593 93
0.2598525621335755 94
0.2598592395731781 95
0.26194705235557814 95
0.26318237868205147 96
0.26318905612165405 97
0.2631957335612566 98
0.2653569981792848 98
0.26536367561888735 98
0.26563745064259225 99
0.26663684076977523 100
0.2666435182093778 101
0.2677074569193855 101
0.2679923610090947 101
0.26860000801292755 101
0.26919875176395697 102
0.2692054292035595 103
0.2702693679135672 103
0.2705431429372721 103
0.2711485641279041 103
0.2717450820657327 104
0.27175175950533526 105
0.27281569821534296 105
0.27308947323904786 105
0.27369489442967987 105
0.2742691542354999 106
0.2742758316751025 107
0.2759496432021439 107
0.2784247474814924 107
0.2784314249210949 107
0.2784381023606975 107
0.2784447798003 107
0.2784514572399026 107
0.27845813467950514 107
0.27846481211910773 108
0.27847148955871026 109
0.27847816699831285 110
0.2784848444379154 111
0.2785026509435222 112
0.281320530455802 112
0.2843721203541714 113
0.28438547523337654 114
0.28439883011258166 115
0.2844121849917868 116
0.28442553987099184 117
0.28443889475019696 118
0.2844522496294021 119
0.2844656045086072 120
0.2844789593878123 121
0.28449231426701743 122
0.28449899170662 123
0.284530153091432 124
0.2845368305310345 125
0.2845435079706371 126
0.28455018541023963 127
0.28455686284984216 128
0.28456354028944475 129
0.2845702177290473 130
0.28457689516864987 131
0.2845947016742567 132
0.28460137911385924 133
0.28460805655346183 134
0.28461473399306436 135
0.28462141143266695 135
0.2846637018834831 136
0.28467705676268823 137
0.2848128313679403 138
0.2848195088075428 139
0.2848261862471454 140
0.28483286368674793 141
0.2853136393381322 142
0.2853269942173373 143
0.28534034909654243 144
0.28535370397574755 145
0.28536705885495267 146
0.2853804137341578 147
0.2853937686133629 148
0.285407123492568 149
0.28542047837177315 150
0.28543383325097826 151
0.2854405106905808 152
0.28547167207539276 152
0.2854783495149953 152
0.2854850269545979 152
0.2854917043942004 152
0.285498381833803 152
0.2855050592734055 152
0.2855117367130081 152
0.28551841415261064 152
0.2855362206582175 152
0.28554289809782 152
0.2855495755374226 152
0.28555625297702514 152
0.2855629304166277 152
0.28560522086744394 153
0.28561857574664906 154
0.28575435035190105 155
0.28576102779150364 156
0.2857677052311062 157
0.28577438267070876 158
0.3084331610553916 159
0.30844429012139585 159
0.30845987081380183 160
0.30848880638541293 160
0.30849548382501546 160
0.3085066128910197 161
0.3085132903306223 162
0.3085377742758317 163
0.3085444517154342 164
0.3085511291550368 165
0.30855780659463933 166
0.3085644840342419 167
0.3089851627292031 167
0.3089962917952074 167
0.30901187248761336 167
0.30904080805922446 167
0.309047485498827 167
0.30905861456483125 167
0.30906529200443383 167
0.3090897759496432 167
0.30909645338924574 167
0.3091031308288483 167
0.30910980826845086 167
0.30911648570805345 167
0.3096150678650445 167
0.3096284227442496 167
0.30964177762345474 167
0.30965513250265986 167
0.309668487381865 167
0.3096818422610701 167
0.3096951971402752 167
0.30970855201948033 167
0.30972190689868545 167
0.30973526177789057 167
0.3097419392174931 167
0.30977310060230506 167
0.3097797780419076 167
0.3097864554815102 167
0.3097931329211127 167
0.3097998103607153 167
0.30980648780031783 167
0.3098131652399204 167
0.30981984267952295 167
0.3098376491851298 167
0.3098443266247323 167
0.3098510040643349 167
0.30985768150393744 167
0.30986435894354003 167
0.30990664939435625 167
0.30992000427356137 167
0.31241514087171746 168
0.3127645935442514 169
0.31277127098385393 170
0.3127824000498582 171
0.31601428081749666 171
0.31602095825709925 171
0.3160320873231035 171
0.31876316012055006 172
0.3242920801114687 173
0.3305599700850706 173
0.33056664752467313 173
0.3305733249642757 173
0.33058000240387825 173
0.33058667984348084 173
0.33059335728308337 173
0.33060003472268595 173
0.3306067121622885 173
0.3306133896018911 173
0.3306200670414936 173
0.33063787354710045 173
0.3320334584240352 173
0.3393497064152388 173
0.3393608354812431 173
0.33937641617364905 173
0.33940535174526015 173
0.3394120291848627 173
0.33942315825086694 173
0.33942983569046953 173
0.3394543196356789 173
0.33946099707528143 173
0.339467674514884 173
0.33947435195448655 173
0.33948102939408914 173
0.33990170808905035 173
0.3399128371550546 173
0.3399284178474606 173
0.3399573534190717 173
0.3399640308586742 173
0.33997515992467847 173
0.33998183736428106 173
0.34000632130949043 173
0.34001299874909297 173
0.34001967618869555 173
0.3400263536282981 173
0.34003303106790067 173
0.3405316132248917 173
0.34054496810409685 173
0.34055832298330196 173
0.3405716778625071 173
0.3405850327417122 173
0.3405983876209173 173
0.34061174250012244 173
0.34062509737932756 173
0.3406384522585327 173
0.3406518071377378 173
0.3406584845773403 173
0.3406896459621523 173
0.3406963234017548 173
0.3407030008413574 173
0.34070967828095994 173
0.3407163557205625 173
0.34072303316016506 173
0.34072971059976764 173
0.3407363880393702 173
0.340754194544977 173
0.34076087198457955 173
0.34076754942418214 173
0.34077422686378467 173
0.34078090430338726 173
0.3408231947542035 173
0.3408365496334086 173
0.3430712660870649 174
0.34342071875959884 174
0.3434273961992014 174
0.34343852526520563 175
0.34614733993064367 175
0.3461540173702462 175
0.34616514643625046 175
0.34869144441921857 176
0.35355262044988134 177
0.35982051042348323 177
0.35982718786308576 177
0.35983386530268835 177
0.3598405427422909 177
0.35984722018189347 177
0.359853897621496 177
0.3598605750610986 177
0.3598672525007011 177
0.3598739299403037 177
0.35988060737990624 177
0.3598984138855131 177
0.3612828696964436 177
0.3685367949180233 177
0.3685479239840276 177
0.36856350467643356 177
0.3685924402480446 177
0.3685991176876472 177
0.36861024675365145 177
0.368616924193254 177
0.3686414081384634 177
0.36864808557806594 177
0.36865476301766853 177
0.36866144045727106 177
0.36866811789687365 177
0.3690887965918348 177
0.3690999256578391 177
0.36911550635024504 177
0.36914444192185614 177
0.3691511193614587 177
0.369162248427463 177
0.3691689258670655 177
0.36919340981227494 177
0.3692000872518775 177
0.36920676469148 177
0.3692134421310826 177
0.3692201195706851 177
0.3697187017276762 177
0.3697320566068813 177
0.3697454114860864 177
0.36975876636529154 177
0.36977212124449665 177
0.3697854761237018 177
0.3697988310029069 177
0.369812185882112 177
0.36982554076131713 177
0.36983889564052225 177
0.36984557308012483 177
0.36987673446493674 177
0.3698834119045393 177
0.36989008934414186 177
0.36989676678374445 177
0.369903444223347 177
0.36991012166294956 177
0.3699167991025521 177
0.3699234765421547 177
0.3699412830477615 177
0.36994796048736406 177
0.3699546379269666 177
0.3699613153665692 177
0.3699679928061717 177
0.3700102832569879 177
0.37002363813619304 177
0.3720602572149735 178
0.3724097098875074 178
0.37241638732710997 178
0.3724275163931142 179
0.37514078268495393 179
0.3751474601245565 179
0.3751585891905608 179
0.3776848871735288 180
0.38254606320419166 181
0.3888139531777935 181
0.3888206306173961 181
0.3888273080569986 181
0.3888339854966012 181
0.38884066293620373 181
0.3888473403758063 181
0.38885401781540885 181
0.38886069525501143 181
0.38886737269461397 181
0.38887405013421655 181
0.38889185663982334 181
0.3902763124507539 181
0.3975346892987353 181
0.39754581836473957 181
0.39756139905714555 181
0.3975903346287566 181
0.3975970120683592 181
0.39760814113436344 181
0.397614818573966 181
0.3976393025191754 181
0.39764597995877793 181
0.3976526573983805 181
0.39765933483798305 181
0.39766601227758563 181
0.39808669097254684 181
0.3980978200385511 181
0.3981134007309571 181
0.3981423363025681 181
0.3981490137421707 181
0.39816014280817497 181
0.39816682024777755 181
0.39819130419298693 181
0.39819798163258946 181
0.39820465907219205 181
0.3982113365117946 181
0.39821801395139717 181
0.3987165961083882 181
0.39872995098759334 181
0.39874330586679846 181
0.3987566607460036 181
0.3987700156252087 181
0.3987833705044138 181
0.3987967253836189 181
0.398810080262824 181
0.3988234351420291 181
0.39883679002123423 181
0.3988434674608368 181
0.3988746288456488 181
0.3988813062852513 181
0.3988879837248539 181
0.39889466116445643 181
0.398901338604059 181
0.39890801604366155 181
0.39891469348326414 181
0.39892137092286667 181
0.3989391774284735 181
0.39894585486807604 181
0.39895253230767863 181
0.39895920974728116 181
0.39896588718688375 181
0.3990081776376999 181
0.39902153251690503 181
0.4010581515956855 182
0.4014076042682194 182
0.40141428170782195 182
0.4014254107738262 183
0.40414312869206764 183
0.40414980613167023 183
0.4041609351976745 183
0.40668723318064254 184
0.41154840921130537 185
0.4178162991849072 185
0.4178229766245098 185
0.4178296540641123 185
0.4178363315037149 185
0.41784300894331744 185
0.41784968638292 185
0.41785636382252256 185
0.4178630412621251 185
0.4178697187017277 185
0.4178763961413302 185
0.41789420264693705 185
0.4192786584578676 185
0.4265414869322507 185
0.42655261599825495 185
0.42656819669066093 185
0.426597132262272 185
0.42660380970187456 185
0.42661493876787887 185
0.4266216162074814 185
0.4266461001526908 185
0.42665277759229336 185
0.4266594550318959 185
0.4266661324714985 185
0.426672809911101 185
0.4270934886060622 185
0.4271046176720665 185
0.42712019836447246 185
0.42714913393608356 185
0.4271558113756861 185
0.42716694044169035 185
0.42717361788129293 185
0.4271981018265023 185
0.4272047792661049 185
0.4272114567057074 185
0.42721813414531 185
0.42722481158491254 185
0.4277233937419036 185
0.4277367486211087 185
0.42775010350031384 185
0.42776345837951896 185
0.4277768132587241 185
0.4277901681379292 185
0.4278035230171343 185
0.42781687789633943 185
0.42783023277554455 185
0.42784358765474967 185
0.4278502650943522 185
0.42788142647916416 185
0.42788810391876675 185
0.4278947813583693 185
0.4279014587979718 185
0.4279081362375744 185
0.42791481367717693 185
0.4279214911167795 185
0.42792816855638205 185
0.4279459750619889 185
0.4279526525015915 185
0.427959329941194 185
0.4279660073807966 185
0.42797268482039913 185
0.42801497527121535 185
0.42802833015042047 185
0.4300649492292009 186
0.4304144019017348 186
0.43042107934133733 186
0.43043220840734164 187
0.43315437795198475 187
0.43316105539158734 187
0.4331721844575916 187
0.43569848244055964 188
0.44055965847122247 189
0.4468275484448243 189
0.4468342258844269 189
0.4468409033240294 189
0.446847580763632 189
0.44685425820323454 189
0.44686093564283713 189
0.44686761308243966 189
0.44687429052204225 189
0.4468809679616448 189
0.44688764540124737 189
0.44690545190685416 189
0.4482899077177847 189
0.4607210744445483 189
0.4607344293237534 189
0.46074778420295853 189
0.46076113908216365 189
0.46077449396136877 189
0.4607878488405739 189
0.460801203719779 189
0.4608145585989841 189
0.46082791347818924 189
0.46084126835739436 189
0.46084794579699695 189
0.46087910718180886 189
0.46088578462141144 189
0.460892462061014 189
0.46089913950061656 189
0.4609058169402191 189
0.4609124943798217 189
0.4609191718194242 189
0.4609258492590268 189
0.4609436557646336 189
0.4609503332042362 189
0.4609570106438387 189
0.4609636880834413 189
0.4609703655230438 189
0.46101265597386004 189
0.46102601085306516 189
0.46753206283915827 189
0.4675454177183634 189
0.4675587725975685 189
0.4675721274767736 189
0.46758548235597874 189
0.46759883723518386 189
0.467612192114389 189
0.4676255469935941 189
0.4676389018727992 189
0.46765225675200434 189
0.4676589341916069 189
0.46769009557641883 189
0.4676967730160214 189
0.46770345045562395 189
0.46771012789522654 189
0.46771680533482907 189
0.46772348277443165 189
0.4677301602140342 189
0.46773683765363677 189
0.46775464415924356 189
0.46776132159884615 189
0.4677679990384487 189
0.46777467647805127 189
0.4677813539176538 189
0.46782364436847 189
0.46783699924767513 189
0.4731255314129017 189
0.4731388862921068 189
0.47315224117131194 189
0.47316559605051706 189
0.4731789509297222 189
0.4731923058089273 189
0.4732056606881324 189
0.47321901556733753 189
0.47323237044654265 189
0.47324572532574777 189
0.4732524027653503 189
0.47328356415016226 189
0.4732902415897648 189
0.4732969190293674 189
0.4733035964689699 189
0.4733102739085725 189
0.47331695134817503 189
0.4733236287877776 189
0.47333030622738015 189
0.473348112732987 189
0.4733547901725896 189
0.4733614676121921 189
0.4733681450517947 189
0.47337482249139723 189
0.47341711294221345 189
0.47343046782141857 189
0.4798697454114861 189
0.4798831002906912 189
0.4798964551698963 189
0.47990981004910144 189
0.47992316492830656 189
0.4799365198075117 189
0.4799498746867168 189
0.4799632295659219 189
0.47997658444512703 189
0.47998993932433215 189
0.4799966167639347 189
0.48002777814874664 189
0.48003445558834923 189
0.48004113302795176 189
0.48004781046755435 189
0.4800544879071569 189
0.4800611653467594 189
0.480067842786362 189
0.48007452022596453 189
0.4800923267315714 189
0.48009900417117396 189
0.4801056816107765 189
0.4801123590503791 189
0.4801190364899816 189
0.48016132694079783 189
0.48017468182000295 189
0.4855811820848747 189
0.48559453696407984 189
0.48560789184328496 189
0.4856212467224901 189
0.4856346016016952 189
0.4856479564809003 189
0.48566131136010543 189
0.48567466623931055 189
0.48568802111851567 189
0.4857013759977208 189
0.4857080534373233 189
0.4857392148221353 189
0.4857458922617378 189
0.4857525697013404 189
0.48575924714094293 189
0.4857659245805455 189
0.48577260202014805 189
0.48577927945975063 189
0.48578595689935317 189
0.48580376340496 189
0.48581044084456254 189
0.48581711828416513 189
0.48582379572376766 189
0.48583047316337025 189
0.48587276361418646 189
0.4858861184933916 189
0.491993749916532 189
0.49200487898253625 189
0.49202045967494223 189
0.49204939524655333 189
0.49205607268615587 189
0.4920672017521602 189
0.4920738791917627 189
0.4920983631369721 189
0.49210504057657467 189
0.4921117180161772 189
0.4921183954557798 189
0.4921250728953823 189
0.49254575159034353 189
0.4925568806563478 189
0.49257246134875377 189
0.49260139692036486 189
0.4926080743599674 189
0.49261920342597165 189
0.49262588086557424 189
0.4926503648107836 189
0.4926570422503862 189
0.49266371968998873 189
0.4926703971295913 189
0.49267707456919385 189
0.4931756567261849 189
0.49318901160539 189
0.49320236648459514 189
0.49321572136380026 189
0.4932290762430054 189
0.4932424311222105 189
0.4932557860014156 189
0.49326914088062074 189
0.49328249575982586 189
0.493295850639031 189
0.4933025280786335 189
0.49333368946344547 189
0.49334036690304806 189
0.4933470443426506 189
0.4933537217822531 189
0.4933603992218557 189
0.49336707666145824 189
0.4933737541010608 189
0.49338043154066336 189
0.4933982380462702 189
0.4934049154858728 189
0.4934115929254753 189
0.4934182703650779 189
0.49342494780468044 189
0.49346723825549665 189
0.4934805931347018 189
0.4959757297328579 190
0.4963251824053918 190
0.4963318598449944 190
0.49634298891099865 191
0.4990740617084452 191
0.49908073914804774 191
0.499091868214052 191
0.50161816619702 192
0.5064793422276829 193
0.5127472322012847 193
0.5127539096408873 193
0.5127605870804899 193
0.5127672645200925 193
0.512773941959695 193
0.5127806193992975 193
0.5127872968389001 193
0.5127939742785026 193
0.5128006517181052 193
0.5128073291577078 193
0.5128251356633146 193
0.5142095914742452 193
0.5215102587730427 193
0.521521387839047 193
0.5215369685314529 193
0.521565904103064 193
0.5215725815426666 193
0.5215837106086709 193
0.5215903880482734 193
0.5216148719934828 193
0.5216215494330854 193
0.521628226872688 193
0.5216349043122905 193
0.521641581751893 193
0.5220622604468542 193
0.5220733895128585 193
0.5220889702052645 193
0.5221179057768756 193
0.5221245832164781 193
0.5221357122824825 193
0.5221423897220849 193
0.5221668736672943 193
0.5221735511068969 193
0.5221802285464995 193
0.5221869059861021 193
0.5221935834257045 193
0.5226921655826956 193
0.5227055204619008 193
0.5227188753411058 193
0.522732230220311 193
0.5227455850995161 193
0.5227589399787212 193
0.5227722948579263 193
0.5227856497371315 193
0.5227990046163365 193
0.5228123594955417 193
0.5228190369351443 193
0.5228501983199562 193
0.5228568757595587 193
0.5228635531991613 193
0.5228702306387639 193
0.5228769080783664 193
0.522883585517969 193
0.5228902629575716 193
0.5228969403971742 193
0.522914746902781 193
0.5229214243423835 193
0.522928101781986 193
0.5229347792215886 193
0.5229414566611912 193
0.5229837471120073 193
0.5229971019912125 193
0.5252318184448689 194
0.5255812711174027 194
0.5255879485570053 194
0.5255990776230096 195
0.5283301504204562 195
0.5283368278600586 195
0.528347956926063 195
0.5308742549090311 196
0.5357354309396938 197
0.5420033209132957 197
0.5420099983528982 197
0.5420166757925008 197
0.5420233532321034 197
0.5420300306717059 197
0.5420367081113084 197
0.542043385550911 197
0.5420500629905136 197
0.5420567404301161 197
0.5420634178697187 197
0.5420812243753256 197
0.5434656801862561 197
0.5507196054078357 197
0.55073073447384 197
0.550746315166246 197
0.550775250737857 197
0.5507819281774596 197
0.550793057243464 197
0.5507997346830664 197
0.5508242186282758 197
0.5508308960678784 197
0.550837573507481 197
0.5508442509470836 197
0.550850928386686 197
0.5512716070816472 197
0.5512827361476516 197
0.5512983168400575 197
0.5513272524116686 197
0.5513339298512712 197
0.5513450589172755 197
0.551351736356878 197
0.5513762203020873 197
0.5513828977416899 197
0.5513895751812925 197
0.5513962526208951 197
0.5514029300604976 197
0.5519015122174886 197
0.5519148670966938 197
0.5519282219758989 197
0.551941576855104 197
0.5519549317343091 197
0.5519682866135143 197
0.5519816414927193 197
0.5519949963719245 197
0.5520083512511296 197
0.5520217061303347 197
0.5520283835699373 197
0.5520595449547492 197
0.5520662223943518 197
0.5520728998339544 197
0.5520795772735569 197
0.5520862547131594 197
0.552092932152762 197
0.5520996095923646 197
0.5521062870319672 197
0.552124093537574 197
0.5521307709771766 197
0.552137448416779 197
0.5521441258563816 197
0.5521508032959842 197
0.5521930937468004 197
0.5522064486260055 197
0.5542430677047859 198
0.5545925203773199 198
0.5545991978169225 198
0.5546103268829267 199
0.5573458513067749 199
0.5573525287463775 199
0.5573636578123817 199
0.5598899557953498 200
0.5647511318260127 201
0.5710190217996145 201
0.5710256992392171 201
0.5710323766788196 201
0.5710390541184222 201
0.5710457315580247 201
0.5710524089976273 201
0.5710590864372298 201
0.5710657638768324 201
0.571072441316435 201
0.5710791187560376 201
0.5710969252616444 201
0.5724813810725748 201
0.5797397579205563 201
0.5797508869865605 201
0.5797664676789666 201
0.5797954032505775 201
0.5798020806901801 201
0.5798132097561844 201
0.579819887195787 201
0.5798443711409964 201
0.5798510485805989 201
0.5798577260202015 201
0.5798644034598041 201
0.5798710808994066 201
0.5802917595943679 201
0.580302888660372 201
0.5803184693527781 201
0.5803474049243891 201
0.5803540823639917 201
0.580365211429996 201
0.5803718888695986 201
0.5803963728148079 201
0.5804030502544104 201
0.580409727694013 201
0.5804164051336156 201
0.5804230825732182 201
0.5809216647302092 201
0.5809350196094143 201
0.5809483744886195 201
0.5809617293678245 201
0.5809750842470297 201
0.5809884391262348 201
0.5810017940054399 201
0.581015148884645 201
0.5810285037638501 201
0.5810418586430552 201
0.5810485360826578 201
0.5810796974674698 201
0.5810863749070723 201
0.5810930523466749 201
0.5810997297862774 201
0.58110640722588 201
0.5811130846654825 201
0.5811197621050851 201
0.5811264395446877 201
0.5811442460502945 201
0.581150923489897 201
0.5811576009294996 201
0.5811642783691021 201
0.5811709558087047 201
0.5812132462595209 201
0.581226601138726 201
0.5832632202175064 202
0.5836126728900404 202
0.583619350329643 202
0.5836304793956472 203
0.5863704554458972 203
0.5863771328854998 203
0.586388261951504 203
0.5889145599344721 204
0.5937757359651349 205
0.6000436259387367 205
0.6000503033783393 205
0.6000569808179418 205
0.6000636582575444 205
0.600070335697147 205
0.6000770131367495 205
0.600083690576352 205
0.6000903680159546 205
0.6000970454555572 205
0.6001037228951598 205
0.6001215294007666 205
0.6015059852116971 205
0.6087688136860802 205
0.6087799427520845 205
0.6087955234444904 205
0.6088244590161015 205
0.6088311364557041 205
0.6088422655217084 205
0.6088489429613109 205
0.6088734269065202 205
0.6088801043461228 205
0.6088867817857254 205
0.608893459225328 205
0.6089001366649305 205
0.6093208153598917 205
0.609331944425896 205
0.6093475251183019 205
0.609376460689913 205
0.6093831381295156 205
0.6093942671955199 205
0.6094009446351224 205
0.6094254285803318 205
0.6094321060199344 205
0.609438783459537 205
0.6094454608991395 205
0.609452138338742 205
0.6099507204957331 205
0.6099640753749382 205
0.6099774302541433 205
0.6099907851333485 205
0.6100041400125535 205
0.6100174948917587 205
0.6100308497709638 205
0.610044204650169 205
0.610057559529374 205
0.6100709144085792 205
0.6100775918481818 205
0.6101087532329936 205
0.6101154306725962 205
0.6101221081121988 205
0.6101287855518014 205
0.6101354629914039 205
0.6101421404310065 205
0.610148817870609 205
0.6101554953102116 205
0.6101733018158184 205
0.610179979255421 205
0.6101866566950235 205
0.6101933341346261 205
0.6102000115742287 205
0.6102423020250448 205
0.61025565690425 205
0.6122922759830304 206
0.6126417286555643 206
0.6126484060951669 206
0.6126595351611711 207
0.6154039628378228 207
0.6154106402774253 207
0.6154217693434296 207
0.6179480673263977 208
0.6228092433570604 209
0.6290771333306624 209
0.6290838107702649 209
0.6290904882098675 209
0.62909716564947 209
0.6291038430890726 209
0.6291105205286751 209
0.6291171979682777 209
0.6291238754078803 209
0.6291305528474829 209
0.6291372302870853 209
0.6291550367926922 209
0.6305394926036227 209
0.6411343634396827 209
0.6411477183188878 209
0.6411610731980929 209
0.6411744280772981 209
0.6411877829565031 209
0.6412011378357083 209
0.6412144927149134 209
0.6412278475941185 209
0.6412412024733236 209
0.6412545573525288 209
0.6412612347921313 209
0.6412923961769432 209
0.6412990736165458 209
0.6413057510561484 209
0.6413124284957509 209
0.6413191059353535 209
0.641325783374956 209
0.6413324608145586 209
0.6413391382541611 209
0.641356944759768 209
0.6413636221993705 209
0.6413702996389731 209
0.6413769770785757 209
0.6413836545181782 209
0.6414259449689944 209
0.6414392998481996 209
0.6479453518342927 209
0.6479587067134978 209
0.6479720615927029 209
0.647985416471908 209
0.6479987713511132 209
0.6480121262303182 209
0.6480254811095234 209
0.6480388359887285 209
0.6480521908679336 209
0.6480655457471387 209
0.6480722231867413 209
0.6481033845715533 209
0.6481100620111557 209
0.6481167394507583 209
0.6481234168903609 209
0.6481300943299635 209
0.648136771769566 209
0.6481434492091686 209
0.6481501266487711 209
0.6481679331543779 209
0.6481746105939805 209
0.6481812880335831 209
0.6481879654731856 209
0.6481946429127882 209
0.6482369333636044 209
0.6482502882428095 209
0.6547185014044882 209
0.6547318562836932 209
0.6547452111628984 209
0.6547585660421035 209
0.6547719209213086 209
0.6547852758005137 209
0.6547986306797189 209
0.654811985558924 209
0.6548253404381291 209
0.6548386953173342 209
0.6548453727569368 209
0.6548765341417487 209
0.6548832115813512 209
0.6548898890209538 209
0.6548965664605564 209
0.654903243900159 209
0.6549099213397614 209
0.654916598779364 209
0.6549232762189666 209
0.6549410827245734 209
0.654947760164176 209
0.6549544376037786 209
0.6549611150433811 209
0.6549677924829836 209
0.6550100829337998 209
0.655023437813005 209
0.6614582637766708 209
0.6614716186558759 209
0.6614849735350811 209
0.6614983284142861 209
0.6615116832934913 209
0.6615250381726964 209
0.6615383930519015 209
0.6615517479311066 209
0.6615651028103118 209
0.6615784576895168 209
0.6615851351291194 209
0.6616162965139314 209
0.661622973953534 209
0.6616296513931365 209
0.661636328832739 209
0.6616430062723416 209
0.6616496837119442 209
0.6616563611515467 209
0.6616630385911493 209
0.6616808450967561 209
0.6616875225363587 209
0.6616941999759612 209
0.6617008774155638 209
0.6617075548551663 209
0.6617498453059826 209
0.6617632001851876 209
0.6683493814465115 209
0.6683627363257166 209
0.6683760912049217 209
0.6683894460841269 209
0.6684028009633319 209
0.6684161558425371 209
0.6684295107217422 209
0.6684428656009473 209
0.6684562204801524 209
0.6684695753593576 209
0.6684762527989601 209
0.668507414183772 209
0.6685140916233746 209
0.6685207690629772 209
0.6685274465025797 209
0.6685341239421823 209
0.6685408013817848 209
0.6685474788213874 209
0.6685541562609899 209
0.6685719627665968 209
0.6685786402061993 209
0.6685853176458019 209
0.6685919950854045 209
0.668598672525007 209
0.6686409629758232 209
0.6686543178550284 209
0.6747574976517671 209
0.6747686267177714 209
0.6747842074101773 209
0.6748131429817884 209
0.674819820421391 209
0.6748309494873952 209
0.6748376269269978 209
0.6748621108722072 209
0.6748687883118097 209
0.6748754657514123 209
0.6748821431910148 209
0.6748888206306174 209
0.6753094993255786 209
0.6753206283915829 209
0.6753362090839888 209
0.6753651446555999 209
0.6753718220952025 209
0.6753829511612067 209
0.6753896286008093 209
0.6754141125460187 209
0.6754207899856213 209
0.6754274674252239 209
0.6754341448648263 209
0.6754408223044289 209
0.67593940446142 209
0.675952759340625 209
0.6759661142198302 209
0.6759794690990353 209
0.6759928239782405 209
0.6760061788574455 209
0.6760195337366507 209
0.6760328886158558 209
0.6760462434950609 209
0.676059598374266 209
0.6760662758138686 209
0.6760974371986805 209
0.6761041146382831 209
0.6761107920778856 209
0.6761174695174882 209
0.6761241469570908 209
0.6761308243966934 209
0.6761375018362958 209
0.6761441792758984 209
0.6761619857815053 209
0.6761686632211078 209
0.6761753406607104 209
0.676182018100313 209
0.6761886955399156 209
0.6762309859907317 209
0.6762443408699368 209
0.6787394774680929 210
0.6790889301406269 210
0.6790956075802295 210
0.6791067366462337 211
0.6818600675756887 211
0.6818667450152913 211
0.6818778740812956 211
0.6844041720642636 212
0.6892653480949265 213
0.6955332380685283 213
0.6955399155081309 213
0.6955465929477335 213
0.695553270387336 213
0.6955599478269385 213
0.6955666252665411 213
0.6955733027061437 213
0.6955799801457463 213
0.6955866575853488 213
0.6955933350249514 213
0.6956111415305581 213
0.6969955973414887 213
0.7042962646402863 213
0.7043073937062906 213
0.7043229743986965 213
0.7043519099703076 213
0.7043585874099102 213
0.7043697164759145 213
0.704376393915517 213
0.7044008778607265 213
0.704407555300329 213
0.7044142327399315 213
0.7044209101795341 213
0.7044275876191366 213
0.7048482663140978 213
0.7048593953801021 213
0.704874976072508 213
0.7049039116441191 213
0.7049105890837217 213
0.704921718149726 213
0.7049283955893285 213
0.7049528795345379 213
0.7049595569741405 213
0.7049662344137431 213
0.7049729118533457 213
0.7049795892929481 213
0.7054781714499392 213
0.7054915263291444 213
0.7055048812083494 213
0.7055182360875546 213
0.7055315909667597 213
0.7055449458459648 213
0.7055583007251699 213
0.7055716556043751 213
0.7055850104835801 213
0.7055983653627853 213
0.7056050428023879 213
0.7056362041871997 213
0.7056428816268023 213
0.7056495590664049 213
0.7056562365060075 213
0.70566291394561 213
0.7056695913852126 213
0.7056762688248152 213
0.7056829462644177 213
0.7057007527700245 213
0.7057074302096271 213
0.7057141076492296 213
0.7057207850888322 213
0.7057274625284348 213
0.7057697529792509 213
0.7057831078584561 213
0.7080178243121125 214
0.7083672769846463 214
0.7083739544242489 214
0.7083850834902532 215
0.7111384144197083 215
0.7111450918593109 215
0.711156220925315 215
0.7136825189082832 216
0.718543694938946 217
0.7248115849125478 217
0.7248182623521504 217
0.7248249397917529 217
0.7248316172313555 217
0.7248382946709581 217
0.7248449721105606 217
0.7248516495501631 217
0.7248583269897657 217
0.7248650044293683 217
0.7248716818689708 217
0.7248894883745777 217
0.7262739441855082 217
0.7335278694070879 217
0.7335389984730921 217
0.7335545791654982 217
0.7335835147371093 217
0.7335901921767117 217
0.733601321242716 217
0.7336079986823186 217
0.733632482627528 217
0.7336391600671305 217
0.7336458375067331 217
0.7336525149463357 217
0.7336591923859382 217
0.7340798710808994 217
0.7340910001469036 217
0.7341065808393097 217
0.7341355164109208 217
0.7341421938505233 217
0.7341533229165276 217
0.7341600003561302 217
0.7341844843013395 217
0.734191161740942 217
0.7341978391805446 217
0.7342045166201472 217
0.7342111940597498 217
0.7347097762167408 217
0.7347231310959459 217
0.7347364859751511 217
0.7347498408543561 217
0.7347631957335613 217
0.7347765506127664 217
0.7347899054919715 217
0.7348032603711766 217
0.7348166152503818 217
0.7348299701295868 217
0.7348366475691894 217
0.7348678089540014 217
0.7348744863936039 217
0.7348811638332065 217
0.734887841272809 217
0.7348945187124116 217
0.7349011961520141 217
0.7349078735916167 217
0.7349145510312193 217
0.7349323575368261 217
0.7349390349764287 217
0.7349457124160312 217
0.7349523898556337 217
0.7349590672952363 217
0.7350013577460526 217
0.7350147126252576 217
0.737051331704038 218
0.737400784376572 218
0.7374074618161746 218
0.7374185908821788 219
0.7401763734380356 219
0.7401830508776381 219
0.7401941799436424 219
0.7427204779266104 220
0.7475816539572733 221
0.7538495439308751 221
0.7538562213704777 221
0.7538628988100803 221
0.7538695762496829 221
0.7538762536892853 221
0.7538829311288879 221
0.7538896085684905 221
0.7538962860080931 221
0.7539029634476956 221
0.7539096408872982 221
0.753927447392905 221
0.7553119032038356 221
0.7625702800518169 221
0.7625814091178212 221
0.7625969898102272 221
0.7626259253818383 221
0.7626326028214409 221
0.762643731887445 221
0.7626504093270476 221
0.762674893272257 221
0.7626815707118596 221
0.7626882481514622 221
0.7626949255910647 221
0.7627016030306673 221
0.7631222817256285 221
0.7631334107916328 221
0.7631489914840387 221
0.7631779270556498 221
0.7631846044952524 221
0.7631957335612566 221
0.7632024110008592 221
0.7632268949460685 221
0.7632335723856711 221
0.7632402498252736 221
0.7632469272648762 221
0.7632536047044788 221
0.7637521868614698 221
0.7637655417406749 221
0.7637788966198801 221
0.7637922514990851 221
0.7638056063782903 221
0.7638189612574954 221
0.7638323161367006 221
0.7638456710159056 221
0.7638590258951108 221
0.7638723807743159 221
0.7638790582139184 221
0.7639102195987304 221
0.763916897038333 221
0.7639235744779355 221
0.763930251917538 221
0.7639369293571406 221
0.7639436067967432 221
0.7639502842363457 221
0.7639569616759483 221
0.7639747681815552 221
0.7639814456211577 221
0.7639881230607602 221
0.7639948005003628 221
0.7640014779399653 221
0.7640437683907816 221
0.7640571232699866 221
0.7660937423487671 222
0.766443195021301 222
0.7664498724609036 222
0.7664610015269079 223
0.7692232357091664 223
0.7692299131487689 223
0.7692410422147732 223
0.7717673401977413 224
0.776628516228404 225
0.782896406202006 225
0.7829030836416084 225
0.782909761081211 225
0.7829164385208136 225
0.7829231159604161 225
0.7829297934000187 225
0.7829364708396213 225
0.7829431482792238 225
0.7829498257188263 225
0.7829565031584289 225
0.7829743096640358 225
0.7843587654749663 225
0.7916215939493494 225
0.7916327230153537 225
0.7916483037077596 225
0.7916772392793707 225
0.7916839167189733 225
0.7916950457849775 225
0.7917017232245801 225
0.7917262071697895 225
0.7917328846093921 225
0.7917395620489946 225
0.7917462394885971 225
0.7917529169281997 225
0.7921735956231609 225
0.7921847246891652 225
0.7922003053815712 225
0.7922292409531823 225
0.7922359183927848 225
0.792247047458789 225
0.7922537248983916 225
0.792278208843601 225
0.7922848862832036 225
0.7922915637228062 225
0.7922982411624087 225
0.7923049186020112 225
0.7928035007590023 225
0.7928168556382075 225
0.7928302105174125 225
0.7928435653966176 225
0.7928569202758228 225
0.7928702751550278 225
0.792883630034233 225
0.7928969849134381 225
0.7929103397926432 225
0.7929236946718483 225
0.7929303721114509 225
0.7929615334962629 225
0.7929682109358654 225
0.7929748883754679 225
0.7929815658150705 225
0.7929882432546731 225
0.7929949206942757 225
0.7930015981338782 225
0.7930082755734807 225
0.7930260820790876 225
0.7930327595186901 225
0.7930394369582927 225
0.7930461143978953 225
0.7930527918374979 225
0.793095082288314 225
0.7931084371675191 225
0.7951450562462996 226
0.7954945089188334 226
0.795501186358436 226
0.7955123154244403 227
0.7982790012331005 227
0.7982856786727031 227
0.7982968077387074 227
0.8008231057216754 228
0.8056842817523382 229
0.81195217172594 229
0.8119588491655426 229
0.8119655266051452 229
0.8119722040447478 229
0.8119788814843503 229
0.8119855589239529 229
0.8119922363635554 229
0.811998913803158 229
0.8120055912427605 229
0.8120122686823631 229
0.8120300751879699 229
0.8134145309989005 229
0.824000498582157 229
0.8240138534613621 229
0.8240272083405672 229
0.8240405632197724 229
0.8240539180989774 229
0.8240672729781826 229
0.8240806278573877 229
0.8240939827365928 229
0.8241073376157979 229
0.8241206924950031 229
0.8241273699346056 229
0.8241585313194175 229
0.8241652087590201 229
0.8241718861986227 229
0.8241785636382253 229
0.8241852410778278 229
0.8241919185174303 229
0.8241985959570329 229
0.8242052733966354 229
0.8242230799022423 229
0.8242297573418449 229
0.8242364347814474 229
0.82424311222105 229
0.8242497896606525 229
0.8242920801114687 229
0.8243054349906739 229
0.830811486976767 229
0.830824841855972 229
0.8308381967351772 229
0.8308515516143823 229
0.8308649064935875 229
0.8308782613727925 229
0.8308916162519977 229
0.8309049711312028 229
0.8309183260104079 229
0.830931680889613 229
0.8309383583292156 229
0.8309695197140275 229
0.83097619715363 229
0.8309828745932326 229
0.8309895520328352 229
0.8309962294724378 229
0.8310029069120403 229
0.8310095843516428 229
0.8310162617912454 229
0.8310340682968522 229
0.8310407457364548 229
0.8310474231760574 229
0.83105410061566 229
0.8310607780552625 229
0.8311030685060787 229
0.8311164233852838 229
0.8375846365469625 229
0.8375979914261675 229
0.8376113463053727 229
0.8376247011845778 229
0.8376380560637829 229
0.837651410942988 229
0.8376647658221932 229
0.8376781207013982 229
0.8376914755806034 229
0.8377048304598085 229
0.8377115078994111 229
0.837742669284223 229
0.8377493467238255 229
0.8377560241634281 229
0.8377627016030307 229
0.8377693790426333 229
0.8377760564822357 229
0.8377827339218383 229
0.8377894113614409 229
0.8378072178670477 229
0.8378138953066503 229
0.8378205727462529 229
0.8378272501858554 229
0.8378339276254579 229
0.8378762180762742 229
0.8378895729554793 229
0.8443243989191451 229
0.8443377537983502 229
0.8443511086775554 229
0.8443644635567604 229
0.8443778184359656 229
0.8443911733151707 229
0.8444045281943758 229
0.8444178830735809 229
0.8444312379527861 229
0.8444445928319911 229
0.8444512702715937 229
0.8444824316564057 229
0.8444891090960083 229
0.8444957865356107 229
0.8445024639752133 229
0.8445091414148159 229
0.8445158188544185 229
0.844522496294021 229
0.8445291737336236 229
0.8445469802392304 229
0.844553657678833 229
0.8445603351184355 229
0.8445670125580381 229
0.8445736899976406 229
0.8446159804484569 229
0.8446293353276619 229
0.8512155165889858 229
0.8512288714681909 229
0.851242226347396 229
0.8512555812266012 229
0.8512689361058062 229
0.8512822909850114 229
0.8512956458642165 229
0.8513090007434216 229
0.8513223556226267 229
0.8513357105018319 229
0.8513423879414344 229
0.8513735493262463 229
0.8513802267658489 229
0.8513869042054515 229
0.851393581645054 229
0.8514002590846566 229
0.8514069365242591 229
0.8514136139638617 229
0.8514202914034642 229
0.8514380979090711 229
0.8514447753486737 229
0.8514514527882762 229
0.8514581302278788 229
0.8514648076674813 229
0.8515070981182975 229
0.8515204529975027 229
0.8568935660643616 229
0.8569046951303659 229
0.8569202758227719 229
0.856949211394383 229
0.8569558888339855 229
0.8569670178999897 229
0.8569736953395923 229
0.8569981792848017 229
0.8570048567244043 229
0.8570115341640068 229
0.8570182116036094 229
0.857024889043212 229
0.8574455677381732 229
0.8574566968041774 229
0.8574722774965834 229
0.8575012130681945 229
0.8575078905077971 229
0.8575190195738013 229
0.8575256970134039 229
0.8575501809586132 229
0.8575568583982158 229
0.8575635358378183 229
0.8575702132774209 229
0.8575768907170235 229
0.8580754728740145 229
0.8580888277532196 229
0.8581021826324248 229
0.8581155375116298 229
0.858128892390835 229
0.8581422472700401 229
0.8581556021492452 229
0.8581689570284503 229
0.8581823119076555 229
0.8581956667868605 229
0.8582023442264631 229
0.8582335056112751 229
0.8582401830508777 229
0.8582468604904802 229
0.8582535379300827 229
0.8582602153696853 229
0.8582668928092879 229
0.8582735702488904 229
0.858280247688493 229
0.8582980541940998 229
0.8583047316337024 229
0.8583114090733049 229
0.8583180865129075 229
0.85832476395251 229
0.8583670544033263 229
0.8583804092825313 229
0.8608755458806875 230
0.8612249985532214 230
0.861231675992824 230
0.8612428050588282 231
0.8640183941202918 231
0.8640250715598944 231
0.8640362006258987 231
0.8665624986088668 232
0.8714236746395295 233
0.8776915646131314 233
0.877698242052734 233
0.8777049194923365 233
0.8777115969319391 233
0.8777182743715416 233
0.8777249518111442 233
0.8777316292507468 233
0.8777383066903494 233
0.8777449841299518 233
0.8777516615695544 233
0.8777694680751612 233
0.8791539238860918 233
0.8864545911848895 233
0.8864657202508937 233
0.8864813009432997 233
0.8865102365149107 233
0.8865169139545133 233
0.8865280430205176 233
0.88653472046012 233
0.8865592044053295 233
0.886565881844932 233
0.8865725592845346 233
0.8865792367241372 233
0.8865859141637398 233
0.887006592858701 233
0.8870177219247052 233
0.8870333026171111 233
0.8870622381887222 233
0.8870689156283248 233
0.8870800446943291 233
0.8870867221339316 233
0.8871112060791411 233
0.8871178835187435 233
0.8871245609583461 233
0.8871312383979487 233
0.8871379158375512 233
0.8876364979945423 233
0.8876498528737474 233
0.8876632077529525 233
0.8876765626321577 233
0.8876899175113627 233
0.8877032723905679 233
0.887716627269773 233
0.8877299821489781 233
0.8877433370281832 233
0.8877566919073884 233
0.887763369346991 233
0.8877945307318028 233
0.8878012081714054 233
0.887807885611008 233
0.8878145630506106 233
0.887821240490213 233
0.8878279179298156 233
0.8878345953694182 233
0.8878412728090208 233
0.8878590793146276 233
0.8878657567542302 233
0.8878724341938328 233
0.8878791116334352 233
0.8878857890730378 233
0.887928079523854 233
0.8879414344030592 233
0.8901761508567155 234
0.8905256035292494 234
0.890532280968852 234
0.8905434100348563 235
0.8933189990963198 235
0.8933256765359224 235
0.8933368056019266 235
0.8958631035848947 236
0.9007242796155576 237
0.9069921695891594 237
0.906998847028762 237
0.9070055244683645 237
0.907012201907967 237
0.9070188793475696 237
0.9070255567871722 237
0.9070322342267747 237
0.9070389116663773 237
0.9070455891059799 237
0.9070522665455825 237
0.9070700730511893 237
0.9084545288621197 237
0.9157084540836995 237
0.9157195831497037 237
0.9157351638421097 237
0.9157640994137208 237
0.9157707768533233 237
0.9157819059193276 237
0.9157885833589302 237
0.9158130673041396 237
0.9158197447437422 237
0.9158264221833446 237
0.9158330996229472 237
0.9158397770625498 237
0.916260455757511 237
0.9162715848235152 237
0.9162871655159213 237
0.9163161010875324 237
0.9163227785271348 237
0.9163339075931392 237
0.9163405850327417 237
0.9163650689779511 237
0.9163717464175537 237
0.9163784238571562 237
0.9163851012967588 237
0.9163917787363614 237
0.9168903608933524 237
0.9169037157725575 237
0.9169170706517626 237
0.9169304255309677 237
0.9169437804101729 237
0.916957135289378 237
0.9169704901685831 237
0.9169838450477882 237
0.9169971999269934 237
0.9170105548061984 237
0.917017232245801 237
0.917048393630613 237
0.9170550710702156 237
0.917061748509818 237
0.9170684259494206 237
0.9170751033890232 237
0.9170817808286258 237
0.9170884582682283 237
0.9170951357078309 237
0.9171129422134376 237
0.9171196196530402 237
0.9171262970926428 237
0.9171329745322454 237
0.9171396519718479 237
0.9171819424226642 237
0.9171952973018692 237
0.9192319163806497 238
0.9195813690531836 238
0.9195880464927861 238
0.9195991755587904 239
0.9223792162466558 239
0.9223858936862582 239
0.9223970227522625 239
0.9249233207352306 240
0.9297844967658934 241
0.9360523867394953 241
0.9360590641790978 241
0.9360657416187004 241
0.936072419058303 241
0.9360790964979055 241
0.936085773937508 241
0.9360924513771106 241
0.9360991288167132 241
0.9361058062563158 241
0.9361124836959183 241
0.9361302902015252 241
0.9375147460124557 241
0.944773122860437 241
0.9447842519264413 241
0.9447998326188473 241
0.9448287681904584 241
0.9448354456300609 241
0.9448465746960653 241
0.9448532521356677 241
0.9448777360808771 241
0.9448844135204797 241
0.9448910909600823 241
0.9448977683996849 241
0.9449044458392873 241
0.9453251245342486 241
0.9453362536002529 241
0.9453518342926588 241
0.9453807698642699 241
0.9453874473038725 241
0.9453985763698768 241
0.9454052538094793 241
0.9454297377546886 241
0.9454364151942912 241
0.9454430926338938 241
0.9454497700734964 241
0.9454564475130989 241
0.9459550296700899 241
0.9459683845492951 241
0.9459817394285002 241
0.9459950943077053 241
0.9460084491869104 241
0.9460218040661156 241
0.9460351589453206 241
0.9460485138245258 241
0.9460618687037309 241
0.946075223582936 241
0.9460819010225385 241
0.9461130624073505 241
0.9461197398469531 241
0.9461264172865557 241
0.9461330947261583 241
0.9461397721657607 241
0.9461464496053633 241
0.9461531270449659 241
0.9461598044845685 241
0.9461776109901753 241
0.9461842884297779 241
0.9461909658693803 241
0.9461976433089829 241
0.9462043207485855 241
0.9462466111994017 241
0.9462599660786069 241
0.9482965851573872 242
0.9486460378299212 242
0.9486527152695238 242
0.948663844335528 243
0.951448336649795 243
0.9514550140893976 243
0.9514661431554018 243
0.9539924411383699 244
0.9588536171690327 245
0.9651215071426346 245
0.9651281845822371 245
0.9651348620218397 245
0.9651415394614422 245
0.9651482169010448 245
0.9651548943406474 245
0.9651615717802499 245
0.9651682492198524 245
0.965174926659455 245
0.9651816040990576 245
0.9651994106046644 245
0.9665838664155949 245
0.9771542533064456 245
0.9771676081856506 245
0.9771809630648557 245
0.9771943179440609 245
0.9772076728232659 245
0.9772210277024711 245
0.9772343825816762 245
0.9772477374608813 245
0.9772610923400864 245
0.9772744472192916 245
0.9772811246588942 245
0.977312286043706 245
0.9773189634833086 245
0.9773256409229112 245
0.9773323183625138 245
0.9773389958021163 245
0.9773456732417188 245
0.9773523506813214 245
0.977359028120924 245
0.9773768346265308 245
0.9773835120661334 245
0.977390189505736 245
0.9773968669453384 245
0.977403544384941 245
0.9774458348357572 245
0.9774591897149624 245
0.9827521735065906 245
0.9827655283857958 245
0.9827788832650008 245
0.982792238144206 245
0.9828055930234111 245
0.9828189479026163 245
0.9828323027818213 245
0.9828456576610265 245
0.9828590125402316 245
0.9828723674194367 245
0.9828790448590392 245
0.9829102062438512 245
0.9829168836834538 245
0.9829235611230563 245
0.9829302385626588 245
0.9829369160022614 245
0.982943593441864 245
0.9829502708814666 245
0.9829569483210691 245
0.982974754826676 245
0.9829814322662784 245
0.982988109705881 245
0.9829947871454836 245
0.9830014645850862 245
0.9830437550359024 245
0.9830571099151075 245
0.9883167065087229 245
0.9883300613879281 245
0.9883434162671332 245
0.9883567711463384 245
0.9883701260255434 245
0.9883834809047486 245
0.9883968357839537 245
0.9884101906631588 245
0.9884235455423639 245
0.9884369004215691 245
0.9884435778611715 245
0.9884747392459835 245
0.9884814166855861 245
0.9884880941251887 245
0.9884947715647912 245
0.9885014490043937 245
0.9885081264439963 245
0.9885148038835989 245
0.9885214813232014 245
0.9885392878288083 245
0.9885459652684108 245
0.9885526427080134 245
0.9885593201476159 245
0.9885659975872185 245
0.9886082880380347 245
0.9886216429172399 245
0.9940325948085132 245
0.9940459496877184 245
0.9940593045669235 245
0.9940726594461287 245
0.9940860143253337 245
0.9940993692045389 245
0.994112724083744 245
0.9941260789629491 245
0.9941394338421542 245
0.9941527887213594 245
0.994159466160962 245
0.9941906275457738 245
0.9941973049853764 245
0.994203982424979 245
0.9942106598645816 245
0.994217337304184 245
0.9942240147437866 245
0.9942306921833892 245
0.9942373696229918 245
0.9942551761285986 245
0.9942618535682012 245
0.9942685310078037 245
0.9942752084474062 245
0.9942818858870088 245
0.994324176337825 245
0.9943375312170302 245
