0.0012798425904904356 0
0.0019297800451394916 0
0.0019587156167505796 0
0.001987651188361668 0
0.002016586759972756 0
0.0020455223315838443 0
0.0022080066952461083 0
0.002236942266857196 0
0.002341555487297284 0
0.0034878492857365437 0
0.0041377867403856 0
0.004166722311996688 0
0.004195657883607776 0
0.004224593455218864 0
0.004253529026829952 0
0.004416013390492217 0
0.004444948962103305 0
0.004549562182543392 0
0.005468823034495653 0
0.006118760489144709 0
0.006147696060755797 0
0.0061766316323668856 0
0.006205567203977974 0
0.006234502775589061 0
0.0063969871392513256 0
0.006425922710862414 0
0.006530535931302502 0
0.008257766975164376 0
0.008907704429813432 0
0.008936640001424521 0
0.008965575573035608 0
0.008994511144646696 0
0.009023446716257785 0
0.00918593107992005 0
0.009214866651531137 0
0.009319479871971225 0
0.010585967583256542 0
0.011235905037905598 0
0.011264840609516687 0
0.011293776181127774 0
0.011322711752738863 0
0.01135164732434995 0
0.011514131688012215 0
0.011543067259623303 0
0.01164768048006339 0
0.01287632936693421 0
0.013526266821583265 0
0.013555202393194354 0
0.013584137964805442 0
0.013613073536416529 0
0.013642009108027618 0
0.013804493471689883 0
0.01383342904330097 0
0.013938042263741058 0
0.014732657576445554 0
0.01538259503109461 0
0.0154115306027057 0
0.015440466174316787 0
0.015469401745927874 0
0.015498337317538963 0
0.015660821681201226 0
0.015689757252812315 0
0.0157943704732524 0
0.018445313995468244 0
0.01885931525082689 0
0.01906409006530536 0
0.019714027519954415 0
0.019742963091565504 0
0.019771898663176593 0
0.01980083423478768 0
0.019829769806398768 0
0.019992254170061032 0
0.02002118974167212 0
0.020125802962112208 0
0.020230416182552294 0
0.023818427062327223 0
0.02402320187680569 0
0.024673139331454746 0
0.024702074903065835 0
0.024731010474676924 0
0.024759946046288013 0
0.0247888816178991 0
0.024951365981561363 0
0.024980301553172452 0
0.02508491477361254 0
0.025189527994052628 0
0.028441441080498762 0
0.02864621589497723 0
0.029296153349626285 0
0.029325088921237374 0
0.029354024492848463 0
0.029382960064459552 0
0.029411895636070638 0
0.029574379999732902 0
0.02960331557134399 0
0.029707928791784077 0
0.029812542012224167 0
0.030598254072125252 0
0.03080302888660372 0
0.031452966341252775 0
0.03148190191286387 0
0.03151083748447495 0
0.03153977305608604 0
0.03156870862769713 0
0.031731192991359396 0
0.03176012856297048 0
0.03186474178341057 0
0.031969355003850654 0
0.03325142340754195 0
0.033456198222020415 0
0.03410613567666947 0
0.03413507124828056 0
0.034164006819891644 0
0.03419294239150274 0
0.03422187796311382 0
0.03438436232677609 0
0.03441329789838717 0
0.034517911118827266 0
0.03462252433926735 0
0.03573097931329211 0
0.03593575412777058 0
0.03658569158241964 0
0.03661462715403072 0
0.036643562725641815 0
0.0366724982972529 0
0.036701433868863986 0
0.03686391823252625 0
0.03689285380413734 0
0.03699746702457743 0
0.037102080245017516 0
0.039494829435934416 0
0.03969960425041289 0
0.04034954170506194 0
0.040378477276673035 0
0.04040741284828412 0
0.040436348419895206 0
0.0404652839915063 0
0.04062776835516856 0
0.04065670392677965 0
0.04081918829044191 0
0.040848123862053 0
0.04095273708249309 0
0.04211683738653917 0
0.04232161220101764 0
0.0429715496556667 0
0.043000485227277785 0
0.04302942079888888 0
0.04305835637049996 0
0.04308729194211105 0
0.04324977630577331 0
0.043278711877384406 0
0.04344119624104666 0
0.043470131812657756 0
0.04357474503309784 0
0.045722654771920924 0
0.04592742958639939 0
0.046577367041048444 0
0.046606302612659536 0
0.04663523818427062 0
0.046664173755881715 0
0.0466931093274928 0
0.046855593691155065 0
0.04688452926276615 0
0.047047013626428415 0
0.0470759491980395 0
0.047180562418479594 0
0.04907472945240544 0
0.049279504266883906 0
0.04992944172153296 0
0.04995837729314405 0
0.04998731286475514 0
0.05001624843636623 0
0.05004518400797731 0
0.05020766837163958 0
0.05023660394325067 0
0.05039908830691293 0
0.05042802387852402 0
0.050532637098964106 0
0.05153647885254878 0
0.05174125366702725 0
0.052391191121676305 0
0.05242012669328739 0
0.05244906226489848 0
0.05247799783650957 0
0.052506933408120654 0
0.05266941777178292 0
0.05269835334339401 0
0.052860837707056275 0
0.05288977327866736 0
0.05299438649910745 0
0.05479284356539662 0
0.05499761837987509 0
0.055647555834524146 0
0.05567649140613523 0
0.05570542697774632 0
0.05573436254935741 0
0.055763298120968495 0
0.05592578248463076 0
0.055954718056241845 0
0.05611720241990411 0
0.0561461379915152 0
0.05625075121195529 0
0.05764188446248837 0
0.05784665927696684 0
0.0584965967316159 0
0.05852553230322698 0
0.05855446787483807 0
0.05858340344644916 0
0.05861233901806025 0
0.05877482338172251 0
0.0588037589533336 0
0.05896624331699586 0
0.058995178888606954 0
0.05909979210904704 0
0.060286150545101655 0
0.060490925359580124 0
0.06114086281422918 0
0.06116979838584027 0
0.06119873395745135 0
0.061227669529062445 0
0.06125660510067353 0
0.061419089464335795 0
0.06144802503594688 0
0.061610509399609145 0
0.06163944497122024 0
0.061744058191660324 0
0.06313296562899255 0
0.06333774044347103 0
0.06398767789812008 0
0.06401661346973117 0
0.06404554904134226 0
0.06407448461295334 0
0.06410342018456443 0
0.0642659045482267 0
0.06429484011983778 0
0.06445732448350004 0
0.06448626005511114 0
0.06459087327555123 0
0.06845265917903105 0
0.06865743399350953 0
0.06930737144815859 0
0.06933630701976967 0
0.06936524259138076 0
0.06939417816299184 0
0.06942311373460294 0
0.0695855980982652 0
0.06961453366987629 0
0.06977701803353856 0
0.06980595360514964 0
0.07080311791913176 0
0.07083205349074284 0
0.0711458931520631 0
0.07135066796654158 0
0.07200060542119063 0
0.07202954099280172 0
0.0720584765644128 0
0.07208741213602389 0
0.07211634770763499 0
0.07227883207129725 0
0.07230776764290833 0
0.0724702520065706 0
0.07249918757818169 0
0.07276183353588234 0
0.07279076910749342 0
0.07414406353361201 0
0.07434883834809047 0
0.07499877580273953 0
0.07502771137435062 0
0.0750566469459617 0
0.0750855825175728 0
0.07511451808918389 0
0.07527700245284615 0
0.07530593802445723 0
0.0754684223881195 0
0.07549735795973059 0
0.07576000391743123 0
0.07578893948904232 0
0.07747610589528885 0
0.07768088070976731 0
0.07833081816441637 0
0.07835975373602745 0
0.07838868930763855 0
0.07841762487924964 0
0.07844656045086072 0
0.07860904481452298 0
0.07863798038613408 0
0.07880046474979634 0
0.07882940032140742 0
0.07909204627910807 0
0.07912098185071915 0
0.08063453482729915 0
0.08083930964177763 0
0.08148924709642667 0
0.08151818266803777 0
0.08154711823964886 0
0.08157605381125994 0
0.08160498938287103 0
0.0817674737465333 0
0.08179640931814439 0
0.08195889368180664 0
0.08198782925341773 0
0.08225047521111838 0
0.08227941078272948 0
0.08307180028223311 0
0.08327657509671159 0
0.08392651255136065 0
0.08395544812297173 0
0.08398438369458282 0
0.0840133192661939 0
0.08404225483780499 0
0.08420473920146726 0
0.08423367477307835 0
0.08470332135845832 0
0.0847322569300694 0
0.08504609659138966 0
0.08525087140586814 0
0.0859008088605172 0
0.08592974443212828 0
0.08595868000373937 0
0.08598761557535045 0
0.08601655114696154 0
0.08617903551062381 0
0.0862079710822349 0
0.08640606845711081 0
0.0864350040287219 0
0.08669764998642254 0
0.08672658555803363 0
0.08979375614880897 0
0.08999853096328744 0
0.09064846841793649 0
0.09067740398954759 0
0.09070633956115867 0
0.09073527513276976 0
0.09076421070438084 0
0.09092669506804311 0
0.0909556306396542 0
0.09121159915775229 0
0.09124053472936337 0
0.09126947030097446 0
0.0915321162586751 0
0.09156105183028619 0
0.09412073701126707 0
0.09432551182574554 0
0.09497544928039459 0
0.09500438485200569 0
0.09503332042361677 0
0.09506225599522786 0
0.09509119156683894 0
0.09525367593050121 0
0.0952826115021123 0
0.09553858002021039 0
0.09556751559182147 0
0.09559645116343256 0
0.0958590971211332 0
0.09588803269274429 0
0.09668042219224794 0
0.0968851970067264 0
0.09753513446137546 0
0.09756407003298655 0
0.09759300560459765 0
0.09762194117620873 0
0.09765087674781982 0
0.09781336111148208 0
0.09784229668309317 0
0.09809826520119126 0
0.09812720077280235 0
0.09815613634441343 0
0.09874375102943861 0
0.0987726866010497 0
0.09908652626236995 0
0.09929130107684843 0
0.09994123853149749 0
0.09997017410310857 0
0.09999910967471966 0
0.10002804524633074 0
0.10005698081794183 0
0.1002194651816041 0
0.10024840075321519 0
0.10050436927131327 0
0.10053330484292436 0
0.10056224041453544 0
0.1008961123946634 0
0.10092504796627448 0
0.1028436989454097 0
0.10304847375988818 0
0.10369841121453723 0
0.10372734678614833 0
0.10375628235775941 0
0.1037852179293705 0
0.10381415350098158 0
0.10397663786464385 0
0.10400557343625494 0
0.10479796293575858 0
0.10482689850736966 0
0.10485583407898076 0
0.10516967374030102 0
0.10537444855477948 0
0.10602438600942854 0
0.10605332158103964 0
0.10608225715265072 0
0.10611119272426181 0
0.1061401282958729 0
0.10630261265953517 0
0.10633154823114625 0
0.10662312976045799 0
0.10665206533206907 0
0.10668100090368016 0
0.1070148728838081 0
0.10704380845541919 0
0.10827913478189256 0
0.10848390959637104 0
0.1091338470510201 0
0.10916278262263118 0
0.10919171819424227 0
0.10922065376585335 0
0.10924958933746444 0
0.10941207370112671 0
0.1094410092727378 0
0.10973259080204953 0
0.10976152637366061 0
0.1097904619452717 0
0.11080543276486064 0
0.11083436833647173 0
0.11114820799779199 0
0.11135298281227046 0
0.11200292026691952 0
0.1120318558385306 0
0.11206079141014169 0
0.11208972698175278 0
0.11211866255336388 0
0.11228114691702613 0
0.11231008248863722 0
0.11260166401794895 0
0.11263059958956005 0
0.11265953516117114 0
0.11302902015251272 0
0.1130579557241238 0
0.11470505749275497 0
0.11490983230723345 0
0.11555976976188251 0
0.1155887053334936 0
0.11561764090510468 0
0.11564657647671577 0
0.11567551204832685 0
0.11583799641198912 0
0.11586693198360021 0
0.11615851351291194 0
0.11618744908452303 0
0.11621638465613413 0
0.1165858696474757 0
0.11661480521908679 0
0.1175607758294493 0
0.11776555064392775 0
0.11841548809857681 0
0.1184444236701879 0
0.118473359241799 0
0.11850229481341008 0
0.11853123038502117 0
0.11869371474868343 0
0.11872265032029453 0
0.12124894830326259 0
0.12145372311774107 0
0.12210366057239012 0
0.12213259614400121 0
0.1221615317156123 0
0.12219046728722338 0
0.12221940285883448 0
0.12312085720517991 0
0.13532944261185825 0
0.1478629967458611 0
0.1478919323174722 0
0.14820577197879245 0
0.1486531604321639 0
0.14868209600377497 0
0.14905158099511656 0
0.14908051656672766 0
0.1508522638746066 0
0.15129965232797804 0
0.1513285878995891 0
0.1552771805179022 0
0.16017396955977867 0
0.16020290513138977 0
0.16030751835182985 0
0.17509359544509587 0
0.17512253101670697 0
0.17515146658831804 0
0.17518040215992914 0
0.1752093377315402 0
0.17645579312401785 0
0.17648472869562895 0
0.17651366426724002 0
0.17654259983885112 0
0.17657153541046222 0
0.1766761486309023 0
0.17843676687277696 0
0.17846570244438806 0
0.17849463801599916 0
0.17852357358761023 0
0.17855250915922133 0
0.17865712237966141 0
0.18041774062153607 0
0.18044667619314717 0
0.18047561176475826 0
0.18050454733636934 0
0.18053348290798044 0
0.18063809612842052 0
0.1823987143702952 0
0.18242764994190627 0
0.18245658551351737 0
0.18248552108512844 0
0.18251445665673954 0
0.18261906987717963 0
0.21345993758819784 0
0.21348887315980894 0
0.21351780873142 0
0.2135467443030311 0
0.21527174953369213 0
0.21530068510530323 0
0.2153296206769143 0
0.2153585562485254 0
0.2154631694689655 0
0.21806291928756172 0
0.2180918548591728 0
0.2181207904307839 0
0.21814972600239496 0
