0.1429350463191727 1
0.1434736931137791 2
0.14563940935820902 3
0.14610683013038814 4
0.14658760578177238 5
0.14717967209319924 6
0.16332572105218643 7
0.16444530509221544 8
0.1671096034936364 9
0.17031922612926634 10
0.17122735791521432 11
0.17289449200265317 12
0.17436575452841696 13
0.17494224014743787 14
0.1854814656534765 15
0.185973370370865 16
0.18709963185049658 17
0.18761602051309445 18
0.18988189835156274 19
0.19103709540280542 20
0.19214555037683018 21
0.1931048758663978 22
0.19459171908456754 23
0.19533959232005413 24
0.1963055952492243 25
0.19674408044979233 26
0.19764330898293692 27
0.19868721537413694 28
0.20004496142665723 29
0.20086628649777197 30
0.20133148145675023 31
0.20616817354220365 32
0.20766392001317682 33
0.20874121360238962 34
0.20940895756264552 35
0.20968273258635042 36
0.21017686311693978 37
0.21082234894518712 38
0.21192412647960931 39
0.22213170581872088 40
0.222674804239729 41
0.2231466766383098 42
0.22408151818266803 43
0.23485000244839452 43
0.23487893802000562 44
0.2349078735916167 45
0.2349368091632278 46
0.24041453545052685 47
0.24073727836465053 48
0.2456273899669244 49
0.24832507556635816 50
