0.30701531804644827 0
0.45923868285278024 0
0.45945903835966473 0
0.46428460137911387 0
0.4645138601388017 0
0.46474311889848957 0
0.46589831594973224 0
0.4661186714566167 0
0.4663390269635011 0
0.47171881746996264 0
0.4719436246032488 0
0.4766534453362536 0
0.47688270409594147 0
0.4771119628556293 0
0.47826715990687196 0
0.4784875154137564 0
0.4787078709206409 0
0.4842056295267476 0
0.48443043666003377 0
0.48963216211042704 0
0.4898614208701149 0
0.49009067962980274 0
0.49115461833981044 0
0.6396519718479147 0
0.639872327354799 0
0.6446978903742482 0
0.6449271491339361 0
0.6451564078936239 0
0.6463116049448666 0
0.6465319604517511 0
0.6467523159586355 0
0.6514866206368497 0
0.6517158793965375 0
0.6519451381562253 0
0.653100335207468 0
0.6533206907143525 0
0.6535410462212369 0
0.6582419637014383 0
0.6584712224611262 0
0.658700481220814 0
0.6598556782720567 0
0.6600760337789411 0
0.6602963892858256 0
0.665148662063685 0
0.6653779208233728 0
0.6656071795830607 0
0.6667623766343034 0
0.6669827321411878 0
0.6672030876480722 0
0.6723959098456621 0
0.6726251686053499 0
0.6728544273650379 0
0.6739183660750455 0
0.822518106990389 0
0.8227384624972733 0
0.8275640255167226 0
0.8277932842764104 0
0.8280225430360982 0
0.8291777400873409 0
0.8293980955942254 0
0.8296184511011098 0
0.834352755779324 0
0.8345820145390118 0
0.8348112732986996 0
0.8359664703499423 0
0.8361868258568268 0
0.8364071813637113 0
0.8411080988439126 0
0.8413373576036005 0
0.8415666163632883 0
0.842721813414531 0
0.8429421689214155 0
0.8431625244282999 0
0.8480147972061592 0
0.8482440559658472 0
0.848473314725535 0
0.8496285117767777 0
0.849848867283662 0
0.8500692227905465 0
0.8558162724751488 0
0.8560455312348366 0
0.9756829907806818 0
0.9759033462875661 0
0.9813410079372499 0
0.981565815070536 0
0.9869211216317881 0
0.9871459287650743 0
0.9926525906239845 0
0.9928773977572706 0
0.9980835748340656 0
0.9983128335937534 0
0.9985420923534414 0
