0.2822865333849722 0
0.32057719787924516 0
0.3210624251570311 0
0.32154765243481703 0
0.322032879712603 0
0.32251810699038896 0
0.33141690816739894 0
0.3498577705364655 0
0.35034299781425143 0
0.35082822509203737 0
0.3513134523698233 0
0.35179867964760925 0
0.36067744850581157 0
0.3788512132907758 0
0.37933644056856175 0
0.3798216678463477 0
0.3803068951241336 0
0.38079212240191956 0
0.3896708912601219 0
0.40785355929788947 0
0.4083387865756754 0
0.40882401385346134 0
0.4093092411312473 0
0.4097944684090332 0
0.4186732372672356 0
0.43686480855780657 0
0.4373500358355925 0
0.43783526311337845 0
0.4383204903911644 0
0.4388057176689503 0
0.4476844865271527 0
0.502784492314267 0
0.5032697195920529 0
0.5037549468698389 0
0.5042401741476248 0
0.5047254014254108 0
0.5136041702836132 0
0.5320405810262779 0
0.5325258083040639 0
0.5330110355818498 0
0.5334962628596358 0
0.5339814901374217 0
0.5428602589956241 0
0.5610562819125968 0
0.5615415091903827 0
0.5620267364681687 0
0.5625119637459546 0
0.5629971910237406 0
0.5718759598819428 0
0.590080886051719 0
0.5905661133295049 0
0.5910513406072909 0
0.5915365678850768 0
0.5920217951628628 0
0.6009005640210651 0
0.6191143934436446 0
0.6195996207214306 0
0.6200848479992165 0
0.6205700752770025 0
0.6210553025547884 0
0.6299340714129907 0
0.6855704981815106 0
0.6860557254592966 0
0.6865409527370825 0
0.6870261800148685 0
0.6875114072926544 0
0.6963901761508567 0
0.71484884502553 0
0.715334072303316 0
0.7158192995811019 0
0.7163045268588879 0
0.7167897541366738 0
0.7256685229948762 0
0.7438868040438574 0
0.7443720313216433 0
0.7448572585994293 0
0.7453424858772152 0
0.7458277131550012 0
0.7547064820132036 0
0.7729336663149882 0
0.7734188935927742 0
0.77390412087056 0
0.774389348148346 0
0.7748745754261319 0
0.7837533442843343 0
0.8019894318389224 0
0.8024746591167083 0
0.8029598863944942 0
0.8034451136722802 0
0.8039303409500661 0
0.8128091098082685 0
0.8677288247261137 0
0.8682140520038997 0
0.8686992792816856 0
0.8691845065594715 0
0.8696697338372574 0
0.8785485026954598 0
0.8970294297021417 0
0.8975146569799276 0
0.8979998842577136 0
0.8984851115354995 0
0.8989703388132855 0
0.9078491076714877 0
0.9260896468524775 0
0.9265748741302635 0
0.9270601014080494 0
0.9275453286858354 0
0.9280305559636213 0
0.9369093248218237 0
0.9551587672556169 0
0.9556439945334028 0
0.9561292218111888 0
0.9566144490889746 0
0.9570996763667606 0
0.9659784452249629 0
