0.2656597087746008 0
0.2680146191411032 0
0.2686200403317352 0
0.2705654010692807 0
0.2711685964467118 0
0.27311173137105643 0
0.2737149267484876 0
0.2813405627746097 0
0.3320534907428429 0
0.3613029020152513 0
0.39029634476956154 0
0.41929869077667525 0
0.44830994003659236 0
0.5142296237930528 0
0.5434857125050637 0
0.5725014133913825 0
0.6015260175305047 0
0.6305595249224304 0
0.6970156296602964 0
0.7262939765043158 0
0.7553319355226432 0
0.784378797793774 0
0.8134345633177081 0
0.8791739562048995 0
0.9084745611809274 0
0.9375347783312633 0
0.9666038987344027 0
