0.16660211808384193 1
0.24189024960269234 2
0.24201266932873924 3
0.24677145795216282 4
0.24739913727480334 5
0.24790439687139695 6
0.25030159768871557 6
0.25501364423492123 7
0.2550603863121391 8
0.25510712838935706 9
0.25515387046657495 10
0.2552006125437929 11
0.2552473546210108 12
0.2552940966982287 13
0.2553408387754466 14
0.2553875808526645 15
0.25697458566487263 16
0.25734407065621423 17
0.2612926632745273 17
0.26471151235103746 17
0.2673535526204499 18
0.2674759723464968 19
0.2700378833406785 19
0.2725842136424543 19
0.2757092553764518 19
0.288509907094557 20
0.29037068693047 21
0.2923160476680155 22
0.2936693420941341 23
0.2959240908665981 24
0.29642489883679 25
0.2981432266278485 26
0.30006855504658625 27
0.30122820372423065 28
0.3023945298414776 29
0.3035608559587245 30
0.30535263558541115 31
0.31347685376852436 32
0.31370833834141304 33
0.31414237191557937 34
0.3144072436864809 35
0.315101697405147 36
0.3285878995891149 37
0.32863464166633277 38
0.3286813837435507 39
0.3287281258207686 40
0.32877486789798654 41
0.32882160997520443 42
0.3288683520524224 43
0.32891509412964026 44
0.32896183620685815 45
0.3341324002724395 46
0.33444846574696063 47
0.33449965945058024 48
0.3365117945841513 49
0.3374644426341164 50
0.33850612321211554 51
0.34412852735747007 52
0.34436001193035876 53
0.3447940455045251 54
0.3450589172754266 55
0.3457533709940927 56
0.3578484399275275 57
0.35789518200474546 58
0.35794192408196335 59
0.35798866615918123 60
0.3580354082363992 61
0.35808215031361706 62
0.358128892390835 63
0.3581756344680529 64
0.35822237654527084 65
0.3633640050392411 66
0.3636800705137622 67
0.36373126421738183 68
0.36574339935095285 69
0.36669604740091793 70
0.3677377279789171 71
0.3731175184853786 72
0.37334900305826735 73
0.3737830366324337 74
0.3740479084033352 75
0.3747423621220013 76
0.38684188268183783 77
0.3868886247590557 78
0.3869353668362736 79
0.38698210891349155 80
0.38702885099070944 81
0.3870755930679274 82
0.38712233514514527 83
0.3871690772223632 84
0.3872158192995811 85
0.3923618994199531 86
0.3926779648944742 87
0.3927291585980938 88
0.3947412937316649 89
0.3956939417816299 90
0.3967356223596291 91
0.40211541286609065 92
0.40234689743897933 93
0.40278093101314566 94
0.40304580278404717 95
0.4037402565027133 96
0.4158442286889515 97
0.41589097076616943 98
0.4159377128433873 99
0.41598445492060526 100
0.41603119699782315 101
0.4160779390750411 102
0.416124681152259 103
0.41617142322947687 104
0.4162181653066948 105
0.42136869705346847 106
0.4216847625279896 107
0.4217359562316092 108
0.42374809136518027 109
0.4247007394151453 110
0.4257424199931445 111
0.43112221049960603 112
0.4313536950724947 113
0.43178772864666104 114
0.43205260041756255 115
0.43274705413622866 116
0.4448554779488686 117
0.44490222002608654 118
0.4449489621033044 119
0.44499570418052237 120
0.44504244625774025 121
0.4450891883349582 122
0.4451359304121761 123
0.445182672489394 124
0.4452294145666119 125
0.4503843979397873 126
0.4507004634143084 127
0.45075165711792803 128
0.4527637922514991 129
0.45371644030146413 130
0.4547581208794633 131
0.49703744262966476 132
0.49726892720255345 133
0.49770296077671977 134
0.4979678325476213 135
0.4986622862662874 136
0.510775161705329 137
0.510821903782547 138
0.5108686458597649 139
0.5109153879369828 140
0.5109621300142007 141
0.5110088720914187 142
0.5110556141686365 143
0.5111023562458544 144
0.5111490983230723 145
0.5162929526302434 146
0.5166090181047646 147
0.5166602118083842 148
0.5186723469419553 149
0.5196249949919203 150
0.5206666755699195 151
0.5262890797152739 152
0.5265205642881626 153
0.526954597862329 154
0.5272194696332305 155
0.5279139233518966 156
0.54003125041734 157
0.5400779924945579 158
0.5401247345717758 159
0.5401714766489937 160
0.5402182187262117 161
0.5402649608034296 162
0.5403117028806474 163
0.5403584449578653 164
0.5404051870350832 165
0.5455468155290535 166
0.5458628810035746 167
0.5459140747071942 168
0.5479262098407653 169
0.5488788578907304 170
0.5499205384687296 171
0.5553003289751911 172
0.5555318135480798 173
0.5559658471222461 174
0.5562307188931476 175
0.5569251726118137 176
0.5690469513036588 177
0.5690936933808767 178
0.5691404354580946 179
0.5691871775353126 180
0.5692339196125304 181
0.5692806616897483 182
0.5693274037669662 183
0.5693741458441842 184
0.5694208879214021 185
0.5745669680417741 186
0.5748830335162952 187
0.5749342272199148 188
0.5769463623534858 189
0.5778990104034509 190
0.5789406909814501 191
0.5843204814879116 192
0.5845519660608003 193
0.5849859996349667 194
0.5852508714058682 195
0.5859453251245342 196
0.598071555442781 197
0.5981182975199989 198
0.5981650395972169 199
0.5982117816744348 200
0.5982585237516527 201
0.5983052658288706 202
0.5983520079060884 203
0.5983987499833064 204
0.5984454920605243 205
0.603596023807298 206
0.6039120892818192 207
0.6039632829854388 208
0.6059754181190098 209
0.6069280661689749 210
0.607969746746974 211
0.6133495372534356 212
0.6135810218263242 213
0.6140150554004906 214
0.614279927171392 215
0.6149743808900582 216
0.6271050628347067 217
0.6271518049119246 218
0.6271985469891425 219
0.6272452890663603 220
0.6272920311435783 221
0.6273387732207962 222
0.6273855152980141 223
0.627432257375232 224
0.62747899945245 225
0.6326339828256253 226
0.6329500483001465 227
0.6330012420037661 228
0.6350133771373371 229
0.6359660251873022 230
0.6370077057653013 231
0.6798011903648998 232
0.6800326749377885 233
0.6804667085119548 234
0.6807315802828563 235
0.6814260340015225 236
0.6935611675725727 237
0.6936079096497906 238
0.6936546517270085 239
0.6937013938042264 240
0.6937481358814442 241
0.6937948779586622 242
0.6938416200358801 243
0.693888362113098 244
0.6939351041903159 245
0.699078958497487 246
0.6993950239720081 247
0.6994462176756278 248
0.7014583528091989 249
0.7024110008591639 250
0.7034526814371631 251
0.7090750855825175 252
0.7093065701554063 253
0.7097406037295726 254
0.7100054755004741 255
0.7106999292191402 256
0.7228395144165921 257
0.72288625649381 258
0.7229329985710279 259
0.7229797406482459 260
0.7230264827254638 261
0.7230732248026817 262
0.7231199668798995 263
0.7231667089571174 264
0.7232134510343354 265
0.7283550795283057 266
0.7286711450028268 267
0.7287223387064464 268
0.7307344738400174 269
0.7316871218899825 270
0.7327288024679817 271
0.7381085929744432 272
0.7383400775473319 273
0.7387741111214983 274
0.7390389828923998 275
0.7397334366110658 276
0.7518774734349194 277
0.7519242155121374 278
0.7519709575893553 279
0.7520176996665732 280
0.7520644417437911 281
0.752111183821009 282
0.7521579258982269 283
0.7522046679754448 284
0.7522514100526627 285
0.7573974901730347 286
0.7577135556475558 287
0.7577647493511754 288
0.7597768844847465 289
0.7607295325347115 290
0.7617712131127107 291
0.7671510036191722 292
0.767382488192061 293
0.7678165217662273 294
0.7680813935371288 295
0.768775847255795 296
0.7809243357060502 297
0.7809710777832681 298
0.781017819860486 299
0.7810645619377039 300
0.7811113040149219 301
0.7811580460921398 302
0.7812047881693577 303
0.7812515302465756 304
0.7812982723237935 305
0.7864488040705672 306
0.7867648695450883 307
0.7868160632487079 308
0.7888281983822789 309
0.789780846432244 310
0.7908225270102431 311
0.7962023175167048 312
0.7964338020895935 313
0.7968678356637597 314
0.7971327074346612 315
0.7978271611533274 316
0.8099801012299844 317
0.8100268433072023 318
0.8100735853844202 319
0.8101203274616381 320
0.810167069538856 321
0.810213811616074 322
0.8102605536932919 323
0.8103072957705098 324
0.8103540378477276 325
0.8155090212209031 326
0.8158250866954242 327
0.8158762803990438 328
0.8178884155326148 329
0.8188410635825799 330
0.819882744160579 331
0.8619372587774944 332
0.8621687433503831 333
0.8626027769245493 334
0.8628676486954509 335
0.863562102414117 336
0.8757194941171758 337
0.8757662361943936 338
0.8758129782716115 339
0.8758597203488294 340
0.8759064624260473 341
0.8759532045032653 342
0.8759999465804832 343
0.8760466886577011 344
0.876093430734919 345
0.8812372850420901 346
0.8815533505166112 347
0.8816045442202308 348
0.883616679353802 349
0.8845693274037669 350
0.8856110079817662 351
0.8912334121271206 352
0.8914648967000094 353
0.8918989302741757 354
0.8921638020450772 355
0.8928582557637433 356
0.9050200990932037 357
0.9050668411704216 358
0.9051135832476396 359
0.9051603253248575 360
0.9052070674020753 361
0.9052538094792932 362
0.9053005515565111 363
0.9053472936337291 364
0.905394035710947 365
0.9105356642049173 366
0.9108517296794384 367
0.910902923383058 368
0.912915058516629 369
0.9138677065665941 370
0.9149093871445932 371
0.9202891776510548 372
0.9205206622239435 373
0.9209546957981098 374
0.9212195675690114 375
0.9219140212876774 376
0.9340803162435396 377
0.9341270583207575 378
0.9341738003979754 379
0.9342205424751933 380
0.9342672845524113 381
0.9343140266296291 382
0.934360768706847 383
0.9344075107840649 384
0.9344542528612829 385
0.9396003329816548 386
0.9399163984561759 387
0.9399675921597955 388
0.9419797272933667 389
0.9429323753433317 390
0.9439740559213309 391
0.9493538464277924 392
0.9495853310006811 393
0.9500193645748474 394
0.9502842363457489 395
0.950978690064415 396
0.9631494366466788 397
0.9631961787238967 398
0.9632429208011147 399
0.9632896628783326 400
0.9633364049555505 401
0.9633831470327684 402
0.9634298891099863 403
0.9634766311872043 404
0.9635233732644222 405
0.9686739050111959 406
0.968989970485717 407
0.9690411641893366 408
0.9710532993229076 409
0.9720059473728727 410
0.9730476279508719 411
