0.14481808428709428 1
0.14490043937552585 2
0.14640954072570414 3
0.1476359637993741 4
0.1655203728682274 5
0.16561163120946237 6
0.16974941794984796 7
0.16982732141187784 8
0.1699052248739077 9
0.17368020406255424 10
0.17378481728299433 11
0.17390723700904126 12
0.17401185022948135 13
0.1741787862195453 14
0.1851498194865494 15
0.1852544327069895 16
0.18686592146440703 17
0.1869660830584454 18
0.1895435747450331 19
0.18966154284467832 20
0.1908434496543312 21
0.1918695495399244 22
0.19201867902438155 23
0.19412429831238842 24
0.19431794406086264 25
0.19957086321487555 26
0.19967547643531564 27
0.19979789616136256 28
0.19989805775540093 29
0.20053241451764403 30
0.2006325761116824 31
0.20243771061757412 32
0.2025423238380142 33
0.20266474356406114 34
0.2027649051580995 35
0.20284726024653107 36
0.2033859070411375 37
0.20346381050316734 38
0.20587436619969104 39
0.20598788267293455 40
0.20664894919358787 41
0.20673130428201944 42
0.20746359682510004 43
0.20788427552006125 44
0.20993647529124765 45
0.21062870319671292 46
0.21152570591665665 47
0.21171044841232745 48
0.2121578368656989 49
0.2215062523092812 50
0.22161086552972128 51
0.2217332852557682 52
0.22183344684980658 53
0.22224077066556266 54
0.22300199878025437 55
0.22532797357514567 56
0.22543258679558575 57
0.22555500652163268 58
0.22565516811567107 59
