0.24203715327394865 0
0.24742362122001274 0
0.24792888081660636 0
0.25032608163392495 0
0.2573685546014236 0
0.26131714721973676 0
0.26473599629624683 0
0.26750045629170616 0
0.2700623672858879 0
0.27260869758766365 0
0.2757337393216612 0
0.28374889265793257 1
0.29125433477120866 2
0.29234720905282746 3
0.29455076412167186 4
0.2959485748118075 5
0.29816771057305785 6
0.3000930389917957 7
0.30125268766944 8
0.30241901378668695 9
0.3035853399039339 10
0.3053771195306205 11
0.3137328222866224 11
0.31443172763169025 11
0.31512618135035636 11
0.33447294969217 12
0.3354701140061521 13
0.3365362785293607 14
0.3374889265793258 15
0.3385306071573249 16
0.34438449587556813 16
0.34508340122063597 16
0.3457778549393021 16
0.3637045544589716 17
0.3647017187729537 18
0.3657678832961623 19
0.3667205313461273 20
0.3677622119241265 21
0.3733734870034767 21
0.37407239234854456 21
0.37476684606721067 21
0.3927024488396836 22
0.3936996131536657 23
0.39476577767687426 24
0.3957184257268393 25
0.3967601063048385 26
0.4023713813841887 26
0.40307028672925654 26
0.40376474044792265 26
0.42170924647319896 27
0.4227064107871811 28
0.42377257531038964 29
0.42472522336035473 30
0.42576690393835387 31
0.43137817901770414 31
0.4320770843627719 31
0.43277153808143803 31
0.4507249473595178 32
0.4517221116734999 33
0.4527882761967085 34
0.4537409242466735 35
0.4547826048246727 36
0.4972934111477628 36
0.49799231649283066 36
0.49868677021149677 36
0.5166335020499739 37
0.517630666363956 38
0.5186968308871647 39
0.5196494789371296 40
0.5206911595151289 41
0.5265450482333721 41
0.5272439535784399 41
0.527938407297106 41
0.5458873649487841 42
0.5468845292627662 43
0.5479506937859747 44
0.5489033418359398 45
0.5499450224139389 46
0.5555562974932892 46
0.5562552028383569 46
0.5569496565570231 46
0.5749075174615046 47
0.5759046817754867 48
0.5769708462986952 49
0.5779234943486603 50
0.5789651749266594 51
0.5845764500060097 51
0.5852753553510776 51
0.5859698090697436 51
0.6039365732270285 52
0.6049337375410107 53
0.6059999020642192 54
0.6069525501141843 55
0.6079942306921834 56
0.6136055057715336 56
0.6143044111166015 56
0.6149988648352676 56
0.6329745322453558 57
0.6339716965593379 58
0.6350378610825466 59
0.6359905091325115 60
0.6370321897105108 61
0.6800571588829979 61
0.6807560642280657 61
0.6814505179467318 61
0.6994195079172175 62
0.7004166722311996 63
0.7014828367544083 64
0.7024354848043732 65
0.7034771653823725 66
0.7093310541006157 66
0.7100299594456835 66
0.7107244131643496 66
0.7286956289480362 67
0.7296927932620183 68
0.7307589577852268 69
0.7317116058351919 70
0.732753286413191 71
0.7383645614925413 71
0.7390634668376092 71
0.7397579205562752 71
0.7577380395927652 72
0.7587352039067473 73
0.7598013684299559 74
0.7607540164799209 75
0.7617956970579202 76
0.7674069721372704 76
0.7681058774823382 76
0.7688003312010043 76
0.7867893534902977 77
0.7877865178042798 78
0.7888526823274884 79
0.7898053303774534 80
0.7908470109554526 81
0.7964582860348028 81
0.7971571913798706 81
0.7978516450985368 81
0.8158495706406336 82
0.8168467349546157 83
0.8179128994778242 84
0.8188655475277893 85
0.8199072281057884 86
0.8621932272955924 86
0.8628921326406602 86
0.8635865863593264 86
0.8815778344618206 87
0.8825749987758027 88
0.8836411632990113 89
0.8845938113489763 90
0.8856354919269755 91
0.8914893806452188 91
0.8921882859902865 91
0.8928827397089527 91
0.9108762136246478 92
0.9118733779386299 93
0.9129395424618384 94
0.9138921905118035 95
0.9149338710898026 96
0.920545146169153 96
0.9212440515142207 96
0.9219385052328868 96
0.9399408824013853 97
0.9409380467153674 98
0.942004211238576 99
0.9429568592885411 100
0.9439985398665403 101
0.9496098149458905 101
0.9503087202909583 101
0.9510031740096244 101
0.9690144544309264 102
0.9700116187449085 103
0.971077783268117 104
0.9720304313180821 105
0.9730721118960812 106
