0.28237334009980547 1
0.32066400459407846 2
0.3211492318718644 3
0.32163445914965033 4
0.32211968642743627 5
0.3226049137052222 6
0.33150371488223224 7
0.3315059406954331 8
0.34994457725129874 9
0.3504298045290847 10
0.3509150318068706 11
0.35140025908465655 12
0.35188548636244255 13
0.36076425522064487 14
0.36076648103384573 15
0.37893802000560906 16
0.379423247283395 17
0.37990847456118093 18
0.38039370183896687 19
0.3808789291167528 20
0.38975769797495513 21
0.389759923788156 22
0.40794036601272277 23
0.4084255932905087 24
0.40891082056829464 25
0.4093960478460806 26
0.4098812751238665 27
0.41876004398206884 28
0.4187622697952697 29
0.43695161527263987 30
0.4374368425504258 31
0.43792206982821175 32
0.4384072971059977 33
0.4388925243837836 34
0.44777129324198595 35
0.4477735190551868 36
0.5028712990291003 37
0.5033565263068862 38
0.5038417535846722 39
0.5043269808624581 40
0.5048122081402441 41
0.5136909769984463 42
0.5136932028116472 43
0.5321273877411112 44
0.5326126150188971 45
0.5330978422966831 46
0.533583069574469 47
0.534068296852255 48
0.5429470657104574 49
0.5429492915236581 50
0.56114308862743 51
0.561628315905216 52
0.5621135431830019 53
0.5625987704607879 54
0.5630839977385738 55
0.5719627665967761 56
0.571964992409977 57
0.5901676927665522 58
0.5906529200443382 59
0.5911381473221241 60
0.5916233745999101 61
0.592108601877696 62
0.6009873707358984 63
0.6009895965490992 64
0.6192012001584779 65
0.6196864274362638 66
0.6201716547140498 67
0.6206568819918357 68
0.6211421092696217 69
0.630020878127824 70
0.6300231039410249 71
0.6856573048963439 72
0.6861425321741298 73
0.6866277594519158 74
0.6871129867297017 75
0.6875982140074877 76
0.6964769828656899 77
0.6964792086788908 78
0.7149356517403633 79
0.7154208790181493 80
0.7159061062959352 81
0.7163913335737212 82
0.7168765608515071 83
0.7257553297097095 84
0.7257575555229103 85
0.7439736107586907 86
0.7444588380364766 87
0.7449440653142626 88
0.7454292925920485 89
0.7459145198698345 90
0.7547932887280367 91
0.7547955145412376 92
0.7730204730298215 93
0.7735057003076073 94
0.7739909275853933 95
0.7744761548631792 96
0.7749613821409652 97
0.7838401509991676 98
0.7838423768123683 99
0.8020762385537556 100
0.8025614658315415 101
0.8030466931093275 102
0.8035319203871134 103
0.8040171476648994 104
0.8128959165231017 105
0.8128981423363025 106
0.867815631440947 107
0.8683008587187329 108
0.8687860859965189 109
0.8692713132743047 110
0.8697565405520907 111
0.878635309410293 112
0.8786375352234939 113
0.8971162364169749 114
0.8976014636947609 115
0.8980866909725468 116
0.8985719182503328 117
0.8990571455281187 118
0.907935914386321 119
0.9079381401995219 120
0.9261764535673108 121
0.9266616808450967 122
0.9271469081228827 123
0.9276321354006687 124
0.9281173626784546 125
0.936996131536657 126
0.9369983573498578 127
0.9552455739704501 128
0.9557308012482361 129
0.9562160285260219 130
0.9567012558038079 131
0.9571864830815938 132
0.9660652519397962 133
0.9660674777529971 134
