0.24199486282313243 0
0.24738133076919652 0
0.24788659036579014 0
0.25028379118310873 0
0.25732626415060744 0
0.26127485676892054 0
0.2646937058454306 0
0.26745816584089 0
0.2700200768350717 0
0.27256640713684743 0
0.27569144887084496 0
0.28317240703891167 0
0.29107626971514045 0
0.2920623049631183 0
0.29450847367085564 0
0.2959062843609913 0
0.29812542012224164 0
0.30005074854097946 0
0.3012103972186238 0
0.30237672333587073 0
0.3035430494531177 0
0.3053348290798043 0
0.3136905318358062 0
0.31438943718087403 0
0.31508389089954014 0
0.33443065924135384 0
0.33542782355533596 0
0.33649398807854447 0
0.33744663612850956 0
0.3384883167065087 0
0.3443422054247519 0
0.34504111076981975 0
0.34573556448848586 0
0.3636622640081554 0
0.3646594283221375 0
0.36572559284534606 0
0.3666782408953111 0
0.3677199214733103 0
0.3733311965526605 0
0.37403010189772834 0
0.37472455561639445 0
0.39266015838886736 0
0.3936573227028495 0
0.39472348722605805 0
0.3956761352760231 0
0.39671781585402227 0
0.4023290909333725 0
0.4030279962784403 0
0.40372244999710644 0
0.4216669560223828 0
0.4226641203363649 0
0.4237302848595734 0
0.4246829329095385 0
0.42572461348753765 0
0.4313358885668879 0
0.4320347939119557 0
0.43272924763062187 0
0.4506826569087016 0
0.4516798212226837 0
0.45274598574589225 0
0.45369863379585734 0
0.4547403143738565 0
0.4972511206969466 0
0.49795002604201444 0
0.49864447976068055 0
0.5165912115991578 0
0.5175883759131399 0
0.5186545404363484 0
0.5196071884863135 0
0.5206488690643126 0
0.5265027577825558 0
0.5272016631276237 0
0.5278961168462898 0
0.5458450744979678 0
0.5468422388119499 0
0.5479084033351584 0
0.5488610513851235 0
0.5499027319631228 0
0.555514007042473 0
0.5562129123875408 0
0.556907366106207 0
0.5748652270106883 0
0.5758623913246704 0
0.576928555847879 0
0.577881203897844 0
0.5789228844758433 0
0.5845341595551935 0
0.5852330649002613 0
0.5859275186189274 0
0.6038942827762123 0
0.6048914470901944 0
0.605957611613403 0
0.606910259663368 0
0.6079519402413672 0
0.6135632153207174 0
0.6142621206657852 0
0.6149565743844514 0
0.6329322417945397 0
0.6339294061085218 0
0.6349955706317303 0
0.6359482186816954 0
0.6369898992596945 0
0.6800148684321817 0
0.6807137737772495 0
0.6814082274959157 0
0.6993772174664014 0
0.7003743817803835 0
0.701440546303592 0
0.7023931943535571 0
0.7034348749315562 0
0.7092887636497994 0
0.7099876689948673 0
0.7106821227135334 0
0.7286533384972199 0
0.729650502811202 0
0.7307166673344107 0
0.7316693153843756 0
0.7327109959623749 0
0.7383222710417251 0
0.7390211763867929 0
0.739715630105459 0
0.757695749141949 0
0.7586929134559312 0
0.7597590779791397 0
0.7607117260291048 0
0.7617534066071039 0
0.7673646816864541 0
0.768063587031522 0
0.768758040750188 0
0.7867470630394815 0
0.7877442273534636 0
0.7888103918766721 0
0.7897630399266372 0
0.7908047205046363 0
0.7964159955839866 0
0.7971149009290545 0
0.7978093546477205 0
0.8158072801898173 0
0.8168044445037994 0
0.817870609027008 0
0.8188232570769731 0
0.8198649376549723 0
0.8621509368447763 0
0.8628498421898441 0
0.8635442959085102 0
0.8815355440110044 0
0.8825327083249865 0
0.883598872848195 0
0.8845515208981601 0
0.8855932014761593 0
0.8914470901944025 0
0.8921459955394704 0
0.8928404492581364 0
0.9108339231738316 0
0.9118310874878137 0
0.9128972520110222 0
0.9138499000609873 0
0.9148915806389865 0
0.9205028557183367 0
0.9212017610634046 0
0.9218962147820706 0
0.9398985919505691 0
0.9408957562645512 0
0.9419619207877598 0
0.9429145688377248 0
0.943956249415724 0
0.9495675244950743 0
0.9502664298401421 0
0.9509608835588083 0
0.9689721639801101 0
0.9699693282940922 0
0.9710354928173008 0
0.9719881408672658 0
0.9730298214452651 0
