0.15295343153621174 1
0.15298681873422454 2
0.16590766436517582 3
0.16595440644239373 4
0.16925528741925863 5
0.16931538437568167 6
0.19725379167278764 7
0.19730053375000556 8
0.19734727582722347 9
0.1973940179044414 10
0.2044876845755597 11
0.2822486945605577 12
0.28234440452819437 13
0.2824245338034251 14
0.32053935905483066 15
0.32063506902246736 16
0.3211202963002533 17
0.32160552357803923 18
0.32209075085582517 19
0.3225759781336111 20
0.3313056175073563 21
0.33147477931062114 22
0.349819931712051 23
0.3499156416796877 24
0.35040086895747363 25
0.35088609623525957 26
0.3513713235130455 27
0.35185655079083145 28
0.36056615784576895 29
0.36073531964903377 30
0.37881337446636126 31
0.37890908443399796 32
0.3793943117117839 33
0.37987953898956983 34
0.38036476626735577 35
0.3808499935451417 36
0.3895596006000792 37
0.3897287624033441 38
0.407815720473475 39
0.40791143044111167 40
0.4083966577188976 41
0.40888188499668354 42
0.4093671122744695 43
0.4098523395522554 44
0.4185619466071929 45
0.41873110841045774 46
0.4368269697333921 47
0.43692267970102877 48
0.4374079069788147 49
0.43789313425660065 50
0.4383783615343866 51
0.4388635888121725 52
0.44757319586711003 53
0.44774235767037485 54
0.5027466534898525 55
0.5028423634574892 56
0.5033275907352751 57
0.5038128180130611 58
0.504298045290847 59
0.504783272568633 60
0.5134928796235705 61
0.5136620414268352 62
0.5320027422018635 63
0.5320984521695001 64
0.532583679447286 65
0.533068906725072 66
0.5335541340028579 67
0.5340393612806439 68
0.5427489683355814 69
0.5429181301388463 70
0.5610184430881823 71
0.5611141530558189 72
0.5615993803336049 73
0.5620846076113908 74
0.5625698348891768 75
0.5630550621669627 76
0.5717646692219002 77
0.571933831025165 78
0.5900430472273045 79
0.5901387571949411 80
0.5906239844727271 81
0.591109211750513 82
0.591594439028299 83
0.5920796663060849 84
0.6007892733610225 85
0.6009584351642873 86
0.6190765546192302 87
0.6191722645868668 88
0.6196574918646528 89
0.6201427191424387 90
0.6206279464202247 91
0.6211131736980106 92
0.6298227807529481 93
0.6299919425562129 94
0.6855326593570961 95
0.6856283693247328 96
0.6861135966025187 97
0.6865988238803047 98
0.6870840511580906 99
0.6875692784358766 100
0.6962788854908141 101
0.6964480472940789 102
0.7148110062011156 103
0.7149067161687522 104
0.7153919434465382 105
0.7158771707243241 106
0.7163623980021101 107
0.716847625279896 108
0.7255572323348335 109
0.7257263941380984 110
0.7438489652194429 111
0.7439446751870796 112
0.7444299024648655 113
0.7449151297426515 114
0.7454003570204374 115
0.7458855842982234 116
0.7545951913531609 117
0.7547643531564256 118
0.7728958274905737 119
0.7729915374582104 120
0.7734767647359962 121
0.7739619920137822 122
0.7744472192915681 123
0.7749324465693541 124
0.7836420536242916 125
0.7838112154275565 126
0.8019515930145078 127
0.8020473029821445 128
0.8025325302599304 129
0.8030177575377164 130
0.8035029848155023 131
0.8039882120932883 132
0.8126978191482258 133
0.8128669809514907 134
0.8676909859016992 135
0.8677866958693359 136
0.8682719231471218 137
0.8687571504249078 138
0.8692423777026936 139
0.8697276049804796 140
0.8784372120354171 141
0.878606373838682 142
0.8969915908777272 143
0.8970873008453638 144
0.8975725281231498 145
0.8980577554009357 146
0.8985429826787217 147
0.8990282099565076 148
0.9077378170114452 149
0.9079069788147099 150
0.9260518080280631 151
0.9261475179956997 152
0.9266327452734857 153
0.9271179725512716 154
0.9276031998290576 155
0.9280884271068435 156
0.936798034161781 157
0.9369671959650459 158
0.9551209284312023 159
0.955216638398839 160
0.955701865676625 161
0.9561870929544108 162
0.9566723202321968 163
0.9571575475099827 164
0.9658671545649203 165
0.9660363163681851 166
