0.3083240962085498 0
0.3088760978823613 0
0.339240641568397 0
0.33979264324220854 0
0.3684277300711815 0
0.36897973174499304 0
0.3974256244518935 0
0.39797762612570503 0
0.4264324220854089 0
0.4269844237592204 0
0.4918846850696902 0
0.4924366867435017 0
0.521401193926201 0
0.5219531956000124 0
0.550610540560994 0
0.5511625422348055 0
0.5796306930737145 0
0.580182694747526 0
0.6086597488392385 0
0.60921175051305 0
0.6746484328049253 0
0.6752004344787368 0
0.7041871997934446 0
0.7047392014672561 0
0.7334188045602461 0
0.7339708062340576 0
0.7624612152049751 0
0.7630132168787866 0
0.7915125291025076 0
0.7920645307763191 0
0.8567845012175198 0
0.8573365028913313 0
0.8863455263380476 0
0.8868975280118592 0
0.9155993892368577 0
0.9161513909106692 0
0.9446640580135953 0
0.9452160596874067 0
