0.07014650302488014 0
0.08446738515916791 0
0.08915939938656588 0
0.0934997351282291 0
0.09849000832454137 0
0.10456870417607073 0
0.11036027012469006 0
0.11058062563157449 0
0.1191210708832472 0
0.1195083623801956 0
0.11994462176756278 0
0.12024288073647707 0
0.12068804337664765 0
0.12239524210170186 0
0.12257775878417179 0
0.1233389868988635 0
0.13583470220845187 0
0.13657812381753673 0
0.1373749649434421 0
0.13795367637566386 0
0.1381873867617534 0
0.13861696870951803 0
0.1389975827668639 0
0.13936484194500462 0
0.13955403606707711 0
0.13974990762875217 0
0.1410163953400375 0
0.14141926752939185 0
0.1426612712954678 0
0.14329340224451004 0
0.14384985554472327 0
0.14401901734798808 0
0.144217114722864 0
0.14577518396346106 0
0.1463116049448666 0
0.1469637682127165 0
0.14753802801853658 0
0.15198297698063987 0
0.15242813962081048 0
0.15285326994217338 0
0.15332069071435248 0
0.15391275702577936 0
0.16287833259881498 0
0.1631610108753233 0
0.16433178861897194 0
0.16486820960037749 0
0.16522433971251396 0
0.1668358284699315 0
0.16746128197937116 0
0.16836496213891744 0
0.16897038332954945 0
0.16918628721003218 0
0.17093355057270174 0
0.17251387794530731 0
0.1730102342890975 0
0.17468182000293808 0
0.18442420438307136 0
0.18573965998477543 0
0.18608911265730935 0
0.1873444713025904 0
0.18814131242849574 0
0.18865992690429448 0
0.19074106224709197 0
0.19115283768924976 0
0.19260406789620588 0
0.19330519905447455 0
0.19506136566994753 0
0.19621878853439104 0
0.19645472473368145 0
0.19689988737385203 0
0.1970623717375143 0
0.19754759901530025 0
0.19844460173524398 0
0.19911011988229899 0
0.20016070371310157 0
0.2011489647742803 0
0.20157632090884406 0
0.2018478701193481 0
0.20437861972871788 0
0.20468355613723474 0
0.20516433178861898 0
0.20559613954958444 0
0.206283915828648 0
0.20736343523106165 0
0.20777966229962117 0
0.20858095505192822 0
0.20931324759500883 0
0.209522474035889 0
0.20983186207080756 0
0.21052854160267453 0
0.21093809123163149 0
0.21203986876605369 0
0.2182676941020402 0
0.2188196957758517 0
0.22089415367904663 0
0.2229062888126177 0
0.223491677684442 0
0.22398135658862967 0
0.22428406718394567 0
0.22443987410800537 0
0.2248115849125478 0
0.22591336244697 0
0.23477432479956553 0
