0.16590989017837668 1
0.1659566322555946 2
0.16925751323245947 3
0.1693176101888825 4
0.1972560174859885 5
0.19730275956320642 6
0.19734950164042434 7
0.19739624371764225 8
0.28225092037375854 9
0.28234663034139523 10
0.3205415848680315 11
0.3206372948356682 12
0.32112252211345416 13
0.3216077493912401 14
0.32209297666902603 15
0.32257820394681197 16
0.3313078433205572 17
0.331477005123822 18
0.34982215752525186 19
0.3499178674928885 20
0.35040309477067444 21
0.35088832204846043 22
0.35137354932624637 23
0.3518587766040323 24
0.3605683836589698 25
0.36073754546223463 26
0.3788156002795621 27
0.3789113102471988 28
0.37939653752498476 29
0.3798817648027707 30
0.38036699208055663 31
0.38085221935834257 32
0.3895618264132801 33
0.3897309882165449 34
0.40781794628667584 35
0.40791365625431253 36
0.40839888353209847 37
0.4088841108098844 38
0.40936933808767034 39
0.4098545653654563 40
0.4185641724203938 41
0.4187333342236586 42
0.43682919554659294 43
0.43692490551422963 44
0.43741013279201557 45
0.4378953600698015 46
0.43838058734758745 47
0.4388658146253734 48
0.4475754216803109 49
0.4477445834835757 50
0.5027488793030533 51
0.5028445892706901 52
0.503329816548476 53
0.503815043826262 54
0.5043002711040478 55
0.5047854983818338 56
0.5134951054367713 57
0.5136642672400361 58
0.5320049680150643 59
0.532100677982701 60
0.5325859052604869 61
0.5330711325382729 62
0.5335563598160588 63
0.5340415870938447 64
0.5427511941487823 65
0.5429203559520471 66
0.5610206689013831 67
0.5611163788690198 68
0.5616016061468058 69
0.5620868334245916 70
0.5625720607023776 71
0.5630572879801635 72
0.571766895035101 73
0.5719360568383659 74
0.5900452730405054 75
0.590140983008142 76
0.590626210285928 77
0.5911114375637139 78
0.5915966648414999 79
0.5920818921192857 80
0.6007914991742233 81
0.6009606609774881 82
0.619078780432431 83
0.6191744904000677 84
0.6196597176778535 85
0.6201449449556395 86
0.6206301722334255 87
0.6211153995112114 88
0.6298250065661489 89
0.6299941683694138 90
0.6855348851702969 91
0.6856305951379337 92
0.6861158224157196 93
0.6866010496935055 94
0.6870862769712914 95
0.6875715042490774 96
0.6962811113040149 97
0.6964502731072797 98
0.7148132320143165 99
0.7149089419819531 100
0.7153941692597391 101
0.715879396537525 102
0.716364623815311 103
0.7168498510930968 104
0.7255594581480344 105
0.7257286199512992 106
0.7438511910326437 107
0.7439469010002805 108
0.7444321282780664 109
0.7449173555558524 110
0.7454025828336382 111
0.7458878101114242 112
0.7545974171663618 113
0.7547665789696265 114
0.7728980533037745 115
0.7729937632714112 116
0.7734789905491971 117
0.7739642178269831 118
0.774449445104769 119
0.774934672382555 120
0.7836442794374925 121
0.7838134412407574 122
0.8019538188277087 123
0.8020495287953454 124
0.8025347560731313 125
0.8030199833509173 126
0.8035052106287032 127
0.8039904379064892 128
0.8127000449614267 129
0.8128692067646914 130
0.8676932117149 131
0.8677889216825367 132
0.8682741489603226 133
0.8687593762381086 134
0.8692446035158945 135
0.8697298307936805 136
0.878439437848618 137
0.8786085996518828 138
0.896993816690928 139
0.8970895266585647 140
0.8975747539363507 141
0.8980599812141365 142
0.8985452084919225 143
0.8990304357697084 144
0.9077400428246459 145
0.9079092046279108 146
0.926054033841264 147
0.9261497438089006 148
0.9266349710866866 149
0.9271201983644725 150
0.9276054256422585 151
0.9280906529200443 152
0.9368002599749818 153
0.9369694217782467 154
0.9551231542444032 155
0.9552188642120398 156
0.9557040914898258 157
0.9561893187676117 158
0.9566745460453977 159
0.9571597733231836 160
0.9658693803781212 161
0.966038542181386 162
