0.25405209293215275 0
0.2545640299683489 0
0.2589933982380463 0
0.2591670116677128 0
0.2621696336756634 0
0.2626481835138468 0
0.26571757991782297 0
0.2680724902843254 0
0.2686779114749574 0
0.2706232722125028 0
0.27122646758993396 0
0.2731696025142786 0
0.2737727978917097 0
0.2761610954562249 0
0.27663741948120746 0
0.28148969225906684 0
0.2980252585282033 0
0.30523466748576594 0
0.31130000845809014 0
0.32291430174014074 0
0.32328378673148234 0
0.32761967084674387 0
0.32780663915561553 0
0.32821173715817076 0
0.33222042673290686 0
0.34175803629856166 0
0.3521837453313568 0
0.3525532303226984 0
0.3568802111851565 0
0.35706717949402816 0
0.3574722774965834 0
0.36146983800531524 0
0.37094512480134617 0
0.3811771880856671 0
0.3815466730770087 0
0.38587365393946677 0
0.3860606222483384 0
0.38646572025089365 0
0.39046328075962555 0
0.39994301918205816 0
0.4101795340927808 0
0.4105490190841224 0
0.4148759999465805 0
0.41506296825545214 0
0.41546806625800736 0
0.4194656267667392 0
0.4289498168155736 0
0.4391907833526979 0
0.4395602683440395 0
0.4438872492064976 0
0.44407421751536924 0
0.44447931551792447 0
0.4484768760266563 0
0.46194304589181656 0
0.46875403428642654 0
0.47434750286016997 0
0.48109171685875435 0
0.4872906066231298 0
0.4948605973192306 0
0.5051104671091583 0
0.5054799521004999 0
0.509806932962958 0
0.5099939012718296 0
0.5103989992743849 0
0.5143965597831167 0
0.5239185886563656 0
0.5343665558211692 0
0.5347360408125108 0
0.539063021674969 0
0.5392499899838405 0
0.5396550879863958 0
0.5436526484951277 0
0.5531279352911587 0
0.5633822567074881 0
0.5637517416988297 0
0.5680787225612878 0
0.5682656908701594 0
0.5686707888727146 0
0.5726683493814465 0
0.5821480878038792 0
0.5924068608466103 0
0.5927763458379519 0
0.59710332670041 0
0.5972902950092817 0
0.5976953930118368 0
0.6016929535205687 0
0.6111771435694031 0
0.621440368238536 0
0.6218098532298776 0
0.6261368340923357 0
0.6263238024012073 0
0.6267289004037625 0
0.6307264609124944 0
0.642356334886951 0
0.6491673232815609 0
0.6559404728517564 0
0.662680235223939 0
0.6700588059847665 0
0.6776243450544657 0
0.6878964729764019 0
0.6882659579677435 0
0.6925929388302016 0
0.6927799071390732 0
0.6931850051416285 0
0.6971825656503604 0
0.7067045945236092 0
0.7171748198204214 0
0.717544304811763 0
0.7218712856742211 0
0.7220582539830928 0
0.7224633519856479 0
0.7264609124943798 0
0.7359361992904108 0
0.7462127788387487 0
0.7465822638300903 0
0.7509092446925484 0
0.75109621300142 0
0.7515013110039753 0
0.7554988715127071 0
0.7649786099351398 0
0.7752596411098795 0
0.775629126101221 0
0.7799561069636792 0
0.7801430752725508 0
0.7805481732751061 0
0.784545733783838 0
0.7940299238326722 0
0.8043154066338136 0
0.8046848916251552 0
0.8090118724876133 0
0.809198840796485 0
0.8096039387990402 0
0.8136014993077721 0
0.8252224700294253 0
0.8320334584240352 0
0.8388066079942307 0
0.8455463703664133 0
0.8529249411272408 0
0.8597604134670602 0
0.870054799521005 0
0.8704242845123465 0
0.8747512653748046 0
0.8749382336836763 0
0.8753433316862316 0
0.8793408921949635 0
0.8888629210682123 0
0.899355404497033 0
0.8997248894883746 0
0.9040518703508327 0
0.9042388386597043 0
0.9046439366622595 0
0.9086414971709914 0
0.9181167839670223 0
0.9284156216473689 0
0.9287851066387105 0
0.9331120875011686 0
0.9332990558100402 0
0.9337041538125954 0
0.9377017143213273 0
0.94718145274376 0
0.9574847420505082 0
0.9578542270418497 0
0.9621812079043078 0
0.9623681762131795 0
0.9627732742157347 0
0.9667708347244666 0
0.9783762247537138 0
0.9839741449538589 0
0.9895386779559913 0
0.9957420193467683 0
