0.25549441988630545 0
0.29427253747156523 0
0.31073687771827435 0
0.3290753526801017 0
0.3583358930185143 0
0.3873293357728246 0
0.4163316817799383 0
0.4453429310398554 0
0.48670521775130543 0
0.4942974665794148 0
0.5112626147963159 0
0.5405187035083268 0
0.5695344043946455 0
0.5985590085337679 0
0.6275925159256934 0
0.6694734171129422 0
0.6770612143146498 0
0.6940486206635594 0
0.7233269675075789 0
0.7523649265259063 0
0.781411788797037 0
0.8104675543209712 0
0.8523395522554165 0
0.8591972827272444 0
0.8762069472081625 0
0.9055075521841905 0
0.9345677693345263 0
0.9636368897376657 0
0.9951566304749441 0
