0.22844633786954063 1
0.22860214479360033 2
0.22878020984966857 2
0.22896495234533937 2
0.22915414646741186 2
0.2295503412171637 2
0.2297395353392362 2
0.22994876178011636 2
0.2303293758374622 2
0.23055863459715006 2
0.23079457079644047 2
0.231043861874936 2
0.23129315295343153 2
0.23148234707550402 2
0.23167154119757655 2
0.23192750971567463 2
0.2322168654317855 2
0.232406059553858 2
0.23267538295116122 2
0.2329447063484644 2
0.23323406206457528 2
0.24005840533839037 3
0.24124031214804328 4
0.24132934467607742 5
0.24221966995641858 5
0.24229534760524757 5
0.2423087024844527 5
0.2424600577821107 5
0.2425691226289525 5
0.24264480027778149 5
0.2426581551569866 5
0.2428095104546446 5
0.24312557592916573 5
0.24331699586443908 6
0.24332367330404164 7
0.24343051233768256 7
0.24350618998651158 7
0.2435195448657167 7
0.24367757760297726 7
0.2439958688906992 7
0.24418728882597257 7
0.24419396626557513 7
0.2443030311124169 7
0.24437870876124593 7
0.24439206364045105 7
0.2445500963777116 7
0.24486838766543356 7
0.24505980760070692 7
0.24506648504030948 7
0.24517554988715126 7
0.24525122753598028 7
0.2452645824151854 7
0.2454159377128434 7
0.24670913518253895 7
0.24690723255741484 7
0.2470897492398848 7
0.24709642667948736 7
0.24729452405436325 7
0.24960936978325032 7
0.2498074671581262 7
0.24998998384059617 7
0.24999666128019873 7
0.2501947586550746 7
0.25067108268005717 8
0.2506777601196597 8
0.2506844375592623 9
0.2506977924384674 10
0.25070446987806994 11
0.2507111473176725 11
0.2517238923240606 12
0.25173724720326573 13
0.25174392464286827 14
0.2517572795220734 15
0.25176395696167597 16
0.25183295717090237 17
0.25183963461050496 17
0.2518463120501075 17
0.2518529894897101 17
0.2518663443689152 17
0.2518730218085177 17
0.2518796992481203 17
0.25247844299914973 17
0.2524851204387523 17
0.25249179787835485 17
0.2533531875870849 17
0.2533598650266875 17
0.2533732199058926 17
0.25337989734549515 17
0.25338657478509774 17
0.2556813881951771 17
0.25575484003080523 18
0.2557615174704078 18
0.25576819491001035 18
0.25577487234961294 18
0.25578154978921547 18
0.25584832418524106 18
0.25585500162484365 18
0.25693229521405647 18
0.256938972653659 18
0.2571192635229281 18
0.25712594096253066 18
0.25824329918935884 18
0.25843694493783304 19
0.26060266118226294 19
0.26080075855713886 19
0.2609832752396088 19
0.2609899526792113 19
0.26118805005408724 19
0.2640192844455722 19
0.2642173818204481 19
0.26439989850291806 19
0.2644065759425206 19
0.2646046733173965 19
0.27501925328418736 19
0.2752173506590633 19
0.2753998673415332 19
0.2754065447811358 19
0.2756046421560117 19
0.278763071088022 19
0.27893668451768855 19
0.2791102979473551 19
0.2792839113770216 19
0.2794575248066881 19
0.27963113823635466 19
0.2798047516660212 19
0.2799783650956877 19
0.28015197852535423 19
0.28032559195502077 19
0.2804992053846873 19
0.2806728188143538 19
0.2826159537386984 19
0.28262930861790353 20
0.28264266349710865 20
0.28265601837631377 20
0.2833015042045611 20
0.28349960157943704 20
0.283682118261907 20
0.28368879570150957 20
0.2839403125932059 20
0.28404492581364604 20
0.2849285736543846 20
0.2858522861327386 20
0.2859279637815676 20
0.2859413186607727 20
0.2860993513980333 20
0.28641764268575526 20
0.2866090626210286 20
0.2866157400606312 20
0.28674483722628064 20
0.2868205148751096 20
0.28683386975431474 20
0.2869919024915753 20
0.28730129052649384 20
0.28748380720896377 20
0.28749048464856636 20
0.2881070349052026 20
0.2881827125540316 20
0.2881960674332367 20
0.2883518743572964 20
0.28863900426020644 20
0.28865235913941156 20
0.2888103918766721 20
0.2891286831643941 20
0.28932010309966744 20
0.28932678053927 20
0.28990104034509007 20
0.290099137719966 20
0.2902816544024359 20
0.2902883318420385 20
0.2905398487337349 20
0.29097388230790117 20
0.29098055974750375 20
0.29118756037518306 20
0.29119423781478565 20
0.2922270151399814 20
0.2922336925795839 20
0.29248075784487865 20
0.29319969550875413 20
0.29339779288363005 20
0.2935803095661 20
0.2935869870057025 20
0.2938385038973989 20
0.2947421840569452 20
0.29537876663238916 20
0.2953854440719917 20
0.2955657349412608 20
0.29557241238086335 20
0.2970993202366485 20
0.2972974176115244 20
0.29747993429399433 20
0.29748661173359686 20
0.29773812862529325 20
0.2989690033253649 20
0.29916710070024083 20
0.29934961738271076 20
0.29935629482231335 20
0.2996078117140097 20
0.3043087291942111 20
0.304506826569087 20
0.30468934325155694 20
0.30469602069115953 20
0.3049475375828559 20
0.30548841019066314 20
0.3054950876302657 21
0.30550844250947085 21
0.3115314930309789 21
0.31160717067980787 21
0.311620525559013 21
0.31177188085667096 21
0.3163770883692357 21
0.3165507017989022 21
0.3167577024265816 21
0.3170581872086967 21
0.3240427890329732 21
0.32404946647257576 21
0.3252536314142372 21
0.3252603088538398 21
0.3252669862934423 21
0.3252803411726474 21
0.32528701861225 21
0.32529369605185254 21
0.32545840622871564 21
0.32547176110792075 21
0.32547843854752334 21
0.32549179342672846 21
0.325498470866331 21
0.32556747107555745 21
0.32557414851516003 21
0.32558082595476256 21
0.32558750339436515 21
0.32560085827357027 21
0.3256075357131728 21
0.3256142131527754 21
0.3262218601566082 21
0.3262285375962108 21
0.3262352150358133 21
0.32694970107328714 21
0.32695637851288967 21
0.3269697333920948 21
0.3269764108316974 21
0.3269830882712999 21
0.32926454680217415 21
0.32933799863780233 21
0.32934467607740486 21
0.32935135351700745 21
0.32935803095661 21
0.32936470839621257 21
0.32943148279223816 21
0.3294381602318407 21
0.3309161001972071 21
0.3316461669270868 21
0.33566821138102804 21
0.3356748888206306 21
0.33568824369983574 21
0.3419850692450487 21
0.34206074689387767 21
0.3420741017730828 21
0.3422254570707408 21
0.34646563121836566 21
0.34663924464803214 21
0.3468462452757115 21
0.34714673005782665 21
0.3533033293713858 21
0.3533100068109884 21
0.3545141717526498 21
0.3545208491922524 21
0.35452752663185494 21
0.35454088151106006 21
0.35454755895066264 21
0.3545542363902652 21
0.3547189465671283 21
0.35473230144633344 21
0.354738978885936 21
0.3547523337651411 21
0.3547590112047437 21
0.3548280114139701 21
0.35483468885357267 21
0.3548413662931752 21
0.3548480437327778 21
0.3548613986119829 21
0.35486807605158543 21
0.354874753491188 21
0.35548240049502083 21
0.3554890779346234 21
0.35549575537422595 21
0.35621024141169977 21
0.3562169188513023 21
0.3562302737305074 21
0.35623695117011 21
0.35624362860971254 21
0.35852508714058684 21
0.35859853897621496 21
0.3586052164158175 21
0.3586118938554201 21
0.3586185712950226 21
0.3586252487346252 21
0.3586920231306508 21
0.3586987005702533 21
0.3601766405356197 21
0.36090670726549945 21
0.3648998161478296 21
0.36490649358743216 21
0.3649198484666373 21
0.3711721577478332 21
0.3712478353966622 21
0.3712611902758673 21
0.37141254557352527 21
0.3754590739726759 21
0.37563268740234246 21
0.37583968803002177 21
0.3761401728121369 21
0.3822967721256961 21
0.38230344956529866 21
0.38350761450696014 21
0.38351429194656267 21
0.38352096938616526 21
0.3835343242653704 21
0.3835410017049729 21
0.3835476791445755 21
0.3837123893214386 21
0.3837257442006437 21
0.3837324216402463 21
0.3837457765194514 21
0.38375245395905394 21
0.3838214541682804 21
0.3838281316078829 21
0.3838348090474855 21
0.38384148648708805 21
0.38385484136629316 21
0.38386151880589575 21
0.3838681962454983 21
0.38447584324933115 21
0.3844825206889337 21
0.38448919812853627 21
0.38520368416601003 21
0.3852103616056126 21
0.38522371648481774 21
0.38523039392442027 21
0.38523707136402285 21
0.3875185298948971 21
0.3875919817305252 21
0.3875986591701278 21
0.38760533660973034 21
0.38761201404933293 21
0.38761869148893546 21
0.38768546588496106 21
0.38769214332456364 21
0.38917008328992997 21
0.3899001500198097 21
0.3938977105285416 21
0.39390438796814414 21
0.39391774284734926 21
0.4001700521285452 21
0.40024572977737416 21
0.4002590846565793 21
0.4004104399542373 21
0.4044614199797896 21
0.40463503340945617 21
0.4048420340371355 21
0.4051425188192506 21
0.41129911813280984 21
0.41130579557241237 21
0.4125099605140738 21
0.4125166379536764 21
0.4125233153932789 21
0.41253667027248403 21
0.4125433477120866 21
0.41255002515168915 21
0.4127147353285523 21
0.4127280902077574 21
0.41273476764735995 21
0.41274812252656506 21
0.41275479996616765 21
0.4128238001753941 21
0.41283047761499664 21
0.4128371550545992 21
0.41284383249420176 21
0.4128571873734069 21
0.4128638648130094 21
0.412870542252612 21
0.41347818925644486 21
0.4134848666960474 21
0.41349154413565 21
0.41420603017312374 21
0.4142127076127263 21
0.41422606249193145 21
0.414232739931534 21
0.41423941737113656 21
0.4165208759020108 21
0.41659432773763894 21
0.4166010051772415 21
0.41660768261684406 21
0.41661436005644664 21
0.4166210374960492 21
0.41668781189207477 21
0.41669448933167735 21
0.4181724292970437 21
0.4189024960269234 21
0.422904508162057 21
0.4229111856016596 21
0.4229245404808647 21
0.42917684976206055 21
0.4292525274108896 21
0.4292658822900947 21
0.4294172375877527 21
0.43347266923970673 21
0.4336462826693733 21
0.4338532832970526 21
0.4341537680791677 21
0.44031036739272694 21
0.4403170448323295 21
0.44152120977399095 21
0.4415278872135935 21
0.44153456465319607 21
0.4415479195324012 21
0.4415545969720037 21
0.44156127441160625 21
0.4417259845884694 21
0.4417393394676745 21
0.44174601690727705 21
0.44175937178648217 21
0.44176604922608476 21
0.4418350494353112 21
0.44184172687491374 21
0.44184840431451633 21
0.44185508175411886 21
0.441868436633324 21
0.44187511407292657 21
0.4418817915125291 21
0.44248943851636197 21
0.4424961159559645 21
0.4425027933955671 21
0.44321727943304084 21
0.44322395687264343 21
0.44323731175184855 21
0.4432439891914511 21
0.44325066663105367 21
0.4455321251619279 21
0.44560557699755604 21
0.44561225443715863 21
0.44561893187676116 21
0.44562560931636375 21
0.4456322867559663 21
0.44569906115199187 21
0.44570573859159446 21
0.4471836785569608 21
0.4479137452868405 21
0.4519202090483758 21
0.4519268864879784 21
0.4519402413671835 21
0.4621700788383036 21
0.46224575648713256 21
0.4622591113663377 21
0.4624104666639957 21
0.46898106723291355 21
0.46905674488174254 21
0.46907009976094766 21
0.4692214550586057 21
0.474574535806657 21
0.47465021345548597 21
0.4746635683346911 21
0.47481492363234906 21
0.48131874980524136 21
0.48139442745407035 21
0.48140778233327547 21
0.48155913763093344 21
0.4875265428224202 21
0.4876022204712492 21
0.4876155753504543 21
0.487771382274514 21
0.4950920818921193 21
0.49516775954094827 21
0.4951811144201534 21
0.4953324697178114 21
0.49939235299616713 21
0.4995659664258337 21
0.499772967053513 21
0.5000734518356281 21
0.5062300511491874 21
0.5062367285887899 21
0.5074408935304513 21
0.5074475709700539 21
0.5074542484096565 21
0.5074676032888615 21
0.5074742807284641 21
0.5074809581680667 21
0.5076456683449299 21
0.5076590232241349 21
0.5076657006637375 21
0.5076790555429426 21
0.5076857329825452 21
0.5077547331917717 21
0.5077614106313741 21
0.5077680880709767 21
0.5077747655105793 21
0.5077881203897844 21
0.507794797829387 21
0.5078014752689896 21
0.5084091222728224 21
0.5084157997124249 21
0.5084224771520275 21
0.5091369631895013 21
0.5091436406291039 21
0.509156995508309 21
0.5091636729479115 21
0.5091703503875141 21
0.5114518089183884 21
0.5115252607540165 21
0.5115319381936191 21
0.5115386156332216 21
0.5115452930728241 21
0.5115519705124267 21
0.5116187449084523 21
0.5116254223480549 21
0.5131033623134212 21
0.513833429043301 21
0.517828763738832 21
0.5178354411784345 21
0.5178487960576397 21
0.5241456216028526 21
0.5242212992516816 21
0.5242346541308868 21
0.5243860094285447 21
0.528648441708178 21
0.5288220551378446 21
0.529029055765524 21
0.529329540547639 21
0.5354861398611983 21
0.5354928173008009 21
0.5366969822424623 21
0.5367036596820648 21
0.5367103371216674 21
0.5367236920008726 21
0.536730369440475 21
0.5367370468800776 21
0.5369017570569408 21
0.5369151119361458 21
0.5369217893757484 21
0.5369351442549536 21
0.5369418216945561 21
0.5370108219037826 21
0.537017499343385 21
0.5370241767829876 21
0.5370308542225902 21
0.5370442091017953 21
0.5370508865413979 21
0.5370575639810005 21
0.5376652109848333 21
0.5376718884244359 21
0.5376785658640384 21
0.5383930519015122 21
0.5383997293411148 21
0.5384130842203199 21
0.5384197616599224 21
0.538426439099525 21
0.5407078976303993 21
0.5407813494660274 21
0.54078802690563 21
0.5407947043452326 21
0.5408013817848351 21
0.5408080592244376 21
0.5408748336204633 21
0.5408815110600658 21
0.5423594510254321 21
0.5430895177553119 21
0.5470826266376421 21
0.5470893040772447 21
0.5471026589564497 21
0.5533549682376456 21
0.5534306458864746 21
0.5534440007656798 21
0.5535953560633378 21
0.5576641425944969 21
0.5578377560241634 21
0.5580447566518427 21
0.5583452414339579 21
0.5645018407475171 21
0.5645085181871197 21
0.5657126831287811 21
0.5657193605683837 21
0.5657260380079863 21
0.5657393928871913 21
0.5657460703267939 21
0.5657527477663965 21
0.5659174579432595 21
0.5659308128224647 21
0.5659374902620673 21
0.5659508451412724 21
0.565957522580875 21
0.5660265227901013 21
0.5660332002297039 21
0.5660398776693065 21
0.566046555108909 21
0.5660599099881142 21
0.5660665874277168 21
0.5660732648673192 21
0.5666809118711521 21
0.5666875893107547 21
0.5666942667503573 21
0.567408752787831 21
0.5674154302274336 21
0.5674287851066387 21
0.5674354625462412 21
0.5674421399858438 21
0.569723598516718 21
0.5697970503523462 21
0.5698037277919488 21
0.5698104052315514 21
0.5698170826711539 21
0.5698237601107564 21
0.5698905345067821 21
0.5698972119463847 21
0.5713751519117509 21
0.5721052186416308 21
0.5761027791503626 21
0.5761094565899652 21
0.5761228114691702 21
0.5823751207503661 21
0.5824507983991951 21
0.5824641532784003 21
0.5826155085760583 21
0.5866887467336191 21
0.5868623601632856 21
0.587069360790965 21
0.5873698455730801 21
0.5935264448866393 21
0.5935331223262419 21
0.5947372872679033 21
0.5947439647075059 21
0.5947506421471085 21
0.5947639970263136 21
0.5947706744659161 21
0.5947773519055187 21
0.5949420620823818 21
0.5949554169615869 21
0.5949620944011895 21
0.5949754492803946 21
0.5949821267199972 21
0.5950511269292236 21
0.5950578043688262 21
0.5950644818084287 21
0.5950711592480312 21
0.5950845141272364 21
0.595091191566839 21
0.5950978690064415 21
0.5957055160102743 21
0.5957121934498769 21
0.5957188708894795 21
0.5964333569269533 21
0.5964400343665558 21
0.596453389245761 21
0.5964600666853634 21
0.596466744124966 21
0.5987482026558403 21
0.5988216544914684 21
0.598828331931071 21
0.5988350093706736 21
0.5988416868102762 21
0.5988483642498786 21
0.5989151386459043 21
0.5989218160855069 21
0.6003997560508731 21
0.601129822780753 21
0.6051318349158865 21
0.6051385123554891 21
0.6051518672346942 21
0.6114041765158901 21
0.6114798541647191 21
0.6114932090439242 21
0.6116445643415822 21
0.6157222541255448 21
0.6158958675552113 21
0.6161028681828906 21
0.6164033529650058 21
0.622559952278565 21
0.6225666297181676 21
0.623770794659829 21
0.6237774720994316 21
0.623784149539034 21
0.6237975044182392 21
0.6238041818578418 21
0.6238108592974443 21
0.6239755694743074 21
0.6239889243535126 21
0.6239956017931151 21
0.6240089566723203 21
0.6240156341119228 21
0.6240846343211492 21
0.6240913117607518 21
0.6240979892003543 21
0.6241046666399569 21
0.6241180215191621 21
0.6241246989587645 21
0.6241313763983671 21
0.6247390234022 21
0.6247457008418026 21
0.6247523782814051 21
0.6254668643188789 21
0.6254735417584815 21
0.6254868966376865 21
0.6254935740772891 21
0.6255002515168917 21
0.627781710047766 21
0.6278551618833941 21
0.6278618393229967 21
0.6278685167625992 21
0.6278751942022017 21
0.6278818716418043 21
0.62794864603783 21
0.6279553234774324 21
0.6294332634427988 21
0.6301633301726786 21
0.6341697939342139 21
0.6341764713738164 21
0.6341898262530216 21
0.642583367833438 21
0.6426590454822669 21
0.6426724003614721 21
0.6428237556591301 21
0.6493943562280479 21
0.649470033876877 21
0.649483388756082 21
0.64963474405374 21
0.6561675057982433 21
0.6562431834470724 21
0.6562565383262775 21
0.6564078936239355 21
0.6629072681704261 21
0.6629829458192551 21
0.6629963006984602 21
0.6631476559961181 21
0.6702947421840569 21
0.6703704198328859 21
0.6703837747120911 21
0.6705395816361508 21
0.6778558296273544 21
0.6779315072761833 21
0.6779448621553885 21
0.6780962174530465 21
0.6821783588634107 21
0.6823519722930773 21
0.6825589729207566 21
0.6828594577028717 21
0.689016057016431 21
0.6890227344560335 21
0.690226899397695 21
0.6902335768372975 21
0.6902402542769001 21
0.6902536091561052 21
0.6902602865957077 21
0.6902669640353103 21
0.6904316742121734 21
0.6904450290913785 21
0.6904517065309811 21
0.6904650614101863 21
0.6904717388497887 21
0.6905407390590153 21
0.6905474164986177 21
0.6905540939382203 21
0.6905607713778229 21
0.690574126257028 21
0.6905808036966306 21
0.6905874811362331 21
0.691195128140066 21
0.6912018055796685 21
0.6912084830192711 21
0.6919229690567449 21
0.6919296464963475 21
0.6919430013755525 21
0.6919496788151551 21
0.6919563562547577 21
0.694237814785632 21
0.6943112666212601 21
0.6943179440608627 21
0.6943246215004651 21
0.6943312989400677 21
0.6943379763796703 21
0.6944047507756959 21
0.6944114282152984 21
0.6958893681806648 21
0.6966194349105446 21
0.7006147696060756 21
0.7006214470456782 21
0.7006348019248833 21
0.7069316274700962 21
0.7070073051189252 21
0.7070206599981304 21
0.7071720152957883 21
0.7114567057074302 21
0.7116303191370967 21
0.711837319764776 21
0.7121378045468912 21
0.7182944038604504 21
0.718301081300053 21
0.7195052462417144 21
0.719511923681317 21
0.7195186011209195 21
0.7195319560001247 21
0.7195386334397272 21
0.7195453108793297 21
0.7197100210561929 21
0.719723375935398 21
0.7197300533750005 21
0.7197434082542057 21
0.7197500856938083 21
0.7198190859030347 21
0.7198257633426373 21
0.7198324407822398 21
0.7198391182218423 21
0.7198524731010475 21
0.71985915054065 21
0.7198658279802526 21
0.7204734749840854 21
0.720480152423688 21
0.7204868298632906 21
0.7212013159007643 21
0.7212079933403669 21
0.7212213482195721 21
0.7212280256591745 21
0.7212347030987771 21
0.7235161616296514 21
0.7235896134652795 21
0.7235962909048821 21
0.7236029683444847 21
0.7236096457840873 21
0.7236163232236897 21
0.7236830976197154 21
0.723689775059318 21
0.7251677150246842 21
0.725897781754564 21
0.7298908906368942 21
0.7298975680764967 21
0.7299109229557018 21
0.7361632322368977 21
0.7362389098857267 21
0.7362522647649319 21
0.7364036200625899 21
0.7404946647257575 21
0.7406682781554241 21
0.7408752787831034 21
0.7411757635652185 21
0.7473323628787778 21
0.7473390403183803 21
0.7485432052600418 21
0.7485498826996443 21
0.7485565601392469 21
0.7485699150184519 21
0.7485765924580545 21
0.7485832698976571 21
0.7487479800745203 21
0.7487613349537253 21
0.7487680123933279 21
0.748781367272533 21
0.7487880447121356 21
0.7488570449213621 21
0.7488637223609645 21
0.7488703998005671 21
0.7488770772401697 21
0.7488904321193748 21
0.7488971095589774 21
0.74890378699858 21
0.7495114340024128 21
0.7495181114420153 21
0.7495247888816179 21
0.7502392749190917 21
0.7502459523586943 21
0.7502593072378994 21
0.7502659846775019 21
0.7502726621171045 21
0.7525541206479788 21
0.7526275724836069 21
0.7526342499232095 21
0.752640927362812 21
0.7526476048024145 21
0.7526542822420171 21
0.7527210566380427 21
0.7527277340776453 21
0.7542056740430116 21
0.7549357407728914 21
0.7589333012816233 21
0.7589399787212258 21
0.7589533336004309 21
0.7652056428816268 21
0.7652813205304558 21
0.7652946754096609 21
0.7654460307073189 21
0.7695415269968883 21
0.7697151404265549 21
0.7699221410542342 21
0.7702226258363493 21
0.7763792251499085 21
0.7763859025895111 21
0.7775900675311725 21
0.777596744970775 21
0.7776034224103776 21
0.7776167772895828 21
0.7776234547291853 21
0.7776301321687878 21
0.777794842345651 21
0.7778081972248561 21
0.7778148746644586 21
0.7778282295436638 21
0.7778349069832663 21
0.7779039071924928 21
0.7779105846320953 21
0.7779172620716979 21
0.7779239395113005 21
0.7779372943905055 21
0.7779439718301081 21
0.7779506492697107 21
0.7785582962735436 21
0.7785649737131461 21
0.7785716511527486 21
0.7792861371902224 21
0.779292814629825 21
0.7793061695090301 21
0.7793128469486327 21
0.7793195243882353 21
0.7816009829191095 21
0.7816744347547376 21
0.7816811121943402 21
0.7816877896339428 21
0.7816944670735453 21
0.7817011445131479 21
0.7817679189091735 21
0.781774596348776 21
0.7832525363141424 21
0.7839826030440221 21
0.7879846151791557 21
0.7879912926187582 21
0.7880046474979634 21
0.7942569567791593 21
0.7943326344279883 21
0.7943459893071934 21
0.7944973446048513 21
0.7985972925208225 21
0.798770905950489 21
0.7989779065781684 21
0.7992783913602834 21
0.8054349906738427 21
0.8054416681134452 21
0.8066458330551067 21
0.8066525104947092 21
0.8066591879343118 21
0.806672542813517 21
0.8066792202531194 21
0.806685897692722 21
0.8068506078695852 21
0.8068639627487902 21
0.8068706401883928 21
0.8068839950675979 21
0.8068906725072005 21
0.806959672716427 21
0.8069663501560295 21
0.806973027595632 21
0.8069797050352346 21
0.8069930599144397 21
0.8069997373540423 21
0.8070064147936449 21
0.8076140617974777 21
0.8076207392370802 21
0.8076274166766828 21
0.8083419027141566 21
0.8083485801537592 21
0.8083619350329643 21
0.8083686124725669 21
0.8083752899121694 21
0.8106567484430437 21
0.8107302002786718 21
0.8107368777182744 21
0.8107435551578769 21
0.8107502325974795 21
0.8107569100370821 21
0.8108236844331076 21
0.8108303618727102 21
0.8123083018380766 21
0.8130383685679563 21
0.8170448323294915 21
0.8170515097690941 21
0.8170648646482993 21
0.8254495029759122 21
0.8255251806247412 21
0.8255385355039464 21
0.8256898908016044 21
0.8322604913705223 21
0.8323361690193513 21
0.8323495238985563 21
0.8325008791962143 21
0.8390336409407176 21
0.8391093185895467 21
0.8391226734687518 21
0.8392740287664098 21
0.8457734033129004 21
0.8458490809617294 21
0.8458624358409345 21
0.8460137911385924 21
0.8531608773265312 21
0.8532365549753602 21
0.8532499098545654 21
0.8534057167786251 21
0.8599918980399489 21
0.8600675756887779 21
0.860080930567983 21
0.860232285865641 21
0.8643366854080138 21
0.8645102988376804 21
0.8647172994653597 21
0.8650177842474748 21
0.871174383561034 21
0.8711810610006366 21
0.8723852259422981 21
0.8723919033819005 21
0.8723985808215031 21
0.8724119357007083 21
0.8724186131403108 21
0.8724252905799134 21
0.8725900007567765 21
0.8726033556359816 21
0.8726100330755842 21
0.8726233879547893 21
0.8726300653943918 21
0.8726990656036183 21
0.8727057430432208 21
0.8727124204828234 21
0.872719097922426 21
0.872732452801631 21
0.8727391302412336 21
0.8727458076808362 21
0.8733534546846691 21
0.8733601321242715 21
0.8733668095638741 21
0.874081295601348 21
0.8740879730409505 21
0.8741013279201556 21
0.8741080053597582 21
0.8741146827993608 21
0.876396141330235 21
0.8764695931658631 21
0.8764762706054657 21
0.8764829480450682 21
0.8764896254846708 21
0.8764963029242734 21
0.8765630773202989 21
0.8765697547599015 21
0.8780476947252679 21
0.8787777614551476 21
0.8827730961506787 21
0.8827797735902813 21
0.8827931284694863 21
0.8890899540146993 21
0.8891656316635282 21
0.8891789865427334 21
0.8893303418403914 21
0.8936372903840418 21
0.8938109038137083 21
0.8940179044413876 21
0.8943183892235028 21
0.900474988537062 21
0.9004816659766646 21
0.901685830918326 21
0.9016925083579286 21
0.9016991857975312 21
0.9017125406767362 21
0.9017192181163388 21
0.9017258955559414 21
0.9018906057328044 21
0.9019039606120096 21
0.9019106380516122 21
0.9019239929308173 21
0.9019306703704199 21
0.9019996705796463 21
0.9020063480192488 21
0.9020130254588514 21
0.9020197028984539 21
0.9020330577776591 21
0.9020397352172617 21
0.9020464126568641 21
0.902654059660697 21
0.9026607371002996 21
0.9026674145399022 21
0.903381900577376 21
0.9033885780169785 21
0.9034019328961836 21
0.9034086103357862 21
0.9034152877753887 21
0.905696746306263 21
0.9057701981418912 21
0.9057768755814937 21
0.9057835530210963 21
0.9057902304606988 21
0.9057969079003014 21
0.905863682296327 21
0.9058703597359296 21
0.9073482997012958 21
0.9080783664311757 21
0.9120714753135057 21
0.9120781527531083 21
0.9120915076323135 21
0.9183438169135093 21
0.9184194945623384 21
0.9184328494415435 21
0.9185842047392014 21
0.9226975075343777 21
0.9228711209640442 21
0.9230781215917235 21
0.9233786063738387 21
0.9295352056873979 21
0.9295418831270005 21
0.9307460480686619 21
0.9307527255082645 21
0.930759402947867 21
0.9307727578270721 21
0.9307794352666747 21
0.9307861127062772 21
0.9309508228831403 21
0.9309641777623455 21
0.930970855201948 21
0.9309842100811532 21
0.9309908875207558 21
0.9310598877299822 21
0.9310665651695847 21
0.9310732426091872 21
0.9310799200487898 21
0.931093274927995 21
0.9310999523675975 21
0.9311066298072 21
0.9317142768110329 21
0.9317209542506355 21
0.931727631690238 21
0.9324421177277118 21
0.9324487951673144 21
0.9324621500465194 21
0.932468827486122 21
0.9324755049257246 21
0.9347569634565989 21
0.934830415292227 21
0.9348370927318296 21
0.9348437701714322 21
0.9348504476110346 21
0.9348571250506372 21
0.9349238994466629 21
0.9349305768862654 21
0.9364085168516317 21
0.9371385835815115 21
0.9411361440902434 21
0.941142821529846 21
0.941156176409051 21
0.9474084856902469 21
0.9474841633390759 21
0.9474975182182811 21
0.9476488735159391 21
0.951766627937517 21
0.9519402413671835 21
0.9521472419948628 21
0.952447726776978 21
0.9586043260905371 21
0.9586110035301397 21
0.9598151684718012 21
0.9598218459114037 21
0.9598285233510063 21
0.9598418782302114 21
0.959848555669814 21
0.9598552331094166 21
0.9600199432862796 21
0.9600332981654848 21
0.9600399756050874 21
0.9600533304842924 21
0.960060007923895 21
0.9601290081331214 21
0.960135685572724 21
0.9601423630123266 21
0.9601490404519291 21
0.9601623953311342 21
0.9601690727707368 21
0.9601757502103393 21
0.9607833972141722 21
0.9607900746537748 21
0.9607967520933773 21
0.9615112381308512 21
0.9615179155704536 21
0.9615312704496588 21
0.9615379478892614 21
0.9615446253288639 21
0.9638260838597381 21
0.9638995356953663 21
0.9639062131349688 21
0.9639128905745714 21
0.963919568014174 21
0.9639262454537766 21
0.9639930198498021 21
0.9639996972894047 21
0.965477637254771 21
0.9662077039846508 21
0.9702097161197843 21
0.9702163935593869 21
0.970229748438592 21
0.9786032577002007 21
0.9786789353490297 21
0.9786922902282349 21
0.9788436455258929 21
0.9842011779003459 21
0.9842768555491749 21
0.98429021042838 21
0.984441565726038 21
0.9897657109024782 21
0.9898413885513072 21
0.9898547434305124 21
0.9900060987281704 21
0.9959779555460587 21
0.9960536331948877 21
0.9960669880740929 21
0.9962227949981526 21
