0.24194144330631195 0
0.2535201235771489 0
0.2537226725784265 0
0.2539074150740973 0
0.25400535085493486 0
0.2542991581974474 0
0.2544037714178875 0
0.25451728789113104 0
0.2546931271339984 0
0.25479551454123767 0
0.2549068052012803 0
0.25912249540369575 0
0.2592961088333623 0
0.25939627042740065 0
0.25959436780227657 0
0.26258808655742377 0
0.26282624856991504 0
0.26614493605238676 0
0.26624954927282685 0
0.26849539479248746 0
0.26881146026700853 0
0.29184640108263554 0
0.29270556497816475 0
0.29407889172309104 0
0.2998481995397018 0
0.3010078482173462 0
0.3068862208807988 0
0.3080725793168534 0
0.32349078735916165 0
0.32358649732679834 0
0.32368220729443503 0
0.3237779172620717 0
0.3325342663942271 0
0.3326388796146672 0
0.3328369769895431 0
0.3329326869571798 0
0.3330328485512182 0
0.33324207499209835 0
0.3333244300805299 0
