0.00019364574847420505 1
0.002570814246985136 2
0.004778820942231244 3
0.006759794690990353 4
0.009548738631659077 5
0.011876939239751243 6
0.01416730102342891 7
0.016023629232940255 8
0.020459674942240148 9
0.02541878675374048 10
0.030041800771912017 11
0.03219861376353851 12
0.0348517830989552 13
0.037331339004705366 14
0.04118199584218094 15
0.04380400379278569 16
0.047409821178167444 17
0.050761895858651956 18
0.0532236452587953 19
0.05648000997164314 20
0.05932905086873489 21
0.061973316951348174 22
0.06482013203523908 23
0.07302002786718127 24
0.07601819824873017 25
0.07935024061040702 26
0.08250866954241733 27
0.08695584431772148 28
0.09179031058997404 29
0.09611729145243214 30
0.10115430672596233 31
0.10727306721510704 32
0.11328721448381165 33
0.11684406397877464 34
0.1493097753264155 35
0.21616430062723416 36
