0.2526030885383975 0
0.26274834510788514 1
0.2767375810752458 1
0.29997952251855214 1
0.30113917119619654 1
0.3123372374096876 1
0.3226516557824401 1
0.3234128838971318 1
0.326346505695856 1
0.3283118987522091 1
0.338922350280675 1
0.35193222843966043 1
0.3526823274883479 1
0.3556070460342686 1
0.35757243909062175 1
0.3681495034210749 1
0.3809256711939707 1
0.38167577024265814 1
0.3846004887885789 1
0.38656588184493207 1
0.39714739780178687 1
0.4099280172010844 1
0.41067811624977185 1
0.4136028347956926 1
0.4155682278520457 1
0.4261541954353023 1
0.4389392664610015 1
0.43968936550968896 1
0.4426140840556097 1
0.44457947711196283 1
0.4551698963216211 1
0.45589551142509915 1
0.4568904499258804 1
0.4575849036445465 1
0.4637348255185032 1
0.47047458789068586 1
0.4761036694756429 1
0.4821200425575484 1
0.4829613999474708 1
0.4883411904539323 1
0.49589782627082807 1
0.504858950217462 1
0.5056090492661494 1
0.5085337678120702 1
0.5104991608684233 1
0.521082902638479 1
0.5341150389294729 1
0.5348651379781603 1
0.5377898565240811 1
0.5397552495804342 1
0.5503323139108873 1
0.5631307398157916 1
0.5638808388644792 1
0.5668055574103998 1
0.5687709504667531 1
0.5793524664236078 1
0.592155343954914 1
0.5929054430036014 1
0.5958301615495221 1
0.5977955546058753 1
0.6083815221891318 1
0.6211888513468395 1
0.621938950395527 1
0.6248636689414477 1
0.6268290619978009 1
0.6374194812074592 1
0.6379981926396809 1
0.6441481145136375 1
0.6509412964026408 1
0.6576966394672293 1
0.6637085609227331 1
0.664603337829476 1
0.6711093898155691 1
0.6786615740060631 1
0.6876449560847055 1
0.6883950551333929 1
0.6913197736793137 1
0.6932851667356669 1
0.7038689085057226 1
0.716923302928725 1
0.7176734019774125 1
0.7205981205233332 1
0.7225635135796863 1
0.7331405779101394 1
0.7459612619470524 1
0.7467113609957398 1
0.7496360795416606 1
0.7516014725980137 1
0.7621829885548685 1
0.7750081242181831 1
0.7757582232668706 1
0.7786829418127913 1
0.7806483348691444 1
0.791234302452401 1
0.8040638897421173 1
0.8048139887908047 1
0.8077387073367255 1
0.8097041003930786 1
0.8202945196027368 1
0.8207908759465271 1
0.8270142496561118 1
0.833807431545115 1
0.8405627746097036 1
0.8465746960652074 1
0.8474694729719503 1
0.8539755249580434 1
0.8607976424186576 1
0.8698032826293086 1
0.870553381677996 1
0.8734781002239168 1
0.8754434932802699 1
0.8860272350503257 1
0.8991038876053367 1
0.899853986654024 1
0.9027787051999449 1
0.904744098256298 1
0.9153211625867511 1
0.9281641047556725 1
0.92891420380436 1
0.9318389223502807 1
0.9338043154066338 1
0.9443858313634886 1
0.9572332251588118 1
0.9579833242074992 1
0.96090804275342 1
0.9628734358097731 1
0.9734594033930296 1
0.9739557597368198 1
0.980096778357973 1
0.9856768920525114 1
0.9905670036547852 1
0.9914083610447076 1
0.9967926031775709 1
