0.2354465203862231 0
0.23575145679473997 0
0.23602523181844487 0
0.23629900684214977 0
0.2365727818658547 0
0.23661729812987176 0
0.23675084692192291 0
0.23705133170403808 0
0.23734513904655066 0
0.23743639738778563 0
0.23747423621220012 0
0.23751207503661462 0
0.2378726567751528 0
0.23793720535797755 0
0.2382376901400927 0
0.23832004522852424 0
0.23835788405293873 0
0.23853149748260527 0
0.23860272350503256 0
0.2387429497366863 0
0.2388141757591136 0
0.23895440199076734 0
0.23904343451880145 0
0.23919033819005775 0
0.31767028583893125 0
0.31796409318144386 0
0.3180753838414865 0
0.3477588286880612 0
0.34789237748011237 0
0.348003668140155 0
0.37675227144237144 0
0.37688582023442263 0
0.3769971108944653 0
0.40575461744948516 0
0.40588816624153634 0
0.405999456901579 0
0.43476586670940226 0
0.43489941550145345 0
0.4350107061614961 0
0.5006855504658627 0
0.5008190992579139 0
0.5009303899179566 0
0.5299416391778736 0
0.5300751879699248 0
0.5301864786299675 0
0.5589573400641924 0
0.5590908888562436 0
0.5592021795162863 0
0.5879819442033147 0
0.5881154929953658 0
0.5882267836554085 0
0.6170154515952403 0
0.6171490003872915 0
0.6172602910473342 0
0.6834715563331063 0
0.6836051051251575 0
0.6837163957852002 0
0.7127499031771257 0
0.7128834519691769 0
0.7129947426292196 0
0.7417878621954531 0
0.7419214109875043 0
0.742032701647547 0
0.7708347244665839 0
0.770968273258635 0
0.7710795639186777 0
0.799890489990518 0
0.8000240387825692 0
0.8001353294426119 0
0.8656298828777094 0
0.8657634316697606 0
0.8658747223298032 0
0.8949304878537374 0
0.8950640366457885 0
0.8951753273058312 0
0.9239907050040732 0
0.9241242537961244 0
0.9242355444561671 0
0.9530598254072126 0
0.9531933741992638 0
0.9533046648593063 0
