0.29628244679193544 0
0.31250194758655075 0
0.3431580728018982 0
0.37214706392980673 0
0.4011449583105188 0
0.43015175594403415 0
0.4630848880638541 0
0.4698958764584641 0
0.4754893450322075 0
0.4824183015264627 0
0.48844580367437246 0
0.49606253644769116 0
0.5253186251597021 0
0.5543298744196192 0
0.5833500269323397 0
0.6123790826978637 0
0.6434981770589885 0
0.6503091654535985 0
0.657082315023794 0
0.6640068198916474 0
0.6712140030360092 0
0.6788262841829262 0
0.7081046310269457 0
0.7371381384188713 0
0.7661805490636003 0
0.7952318629611328 0
0.8263643122014628 0
0.8331753005960728 0
0.8399484501662683 0
0.8468729550341217 0
0.8540801381784835 0
0.8609623525955208 0
0.8902629575715487 0
0.9193187230954829 0
0.9483833918722205 0
0.9795180669257513 0
0.9851159871258964 0
0.9908652626236996 0
0.996897216398011 0
