0.25547216175429693 0
0.29422802120754815 0
0.3106656516958471 0
0.3290464171084906 0
0.3583069574469032 0
0.38730040020121353 0
0.4163027462083272 0
0.44531399546824435 0
0.4866607014872884 0
0.4942262405569875 0
0.5112336792247048 0
0.5404897679367157 0
0.5695054688230345 0
0.5985300729621568 0
0.6275635803540823 0
0.6694289008489251 0
0.6769899882922226 0
0.6940196850919483 0
0.7232980319359678 0
0.7523359909542952 0
0.7813828532254259 0
0.8104386187493601 0
0.8522950359913994 0
0.8591260567048171 0
0.8761780116365514 0
0.9054786166125794 0
0.9345388337629152 0
0.9636079541660546 0
0.9951121142109269 0
