0.3204302942079889 1
0.3209199731121765 2
0.32140520038996245 3
0.3218904276677484 4
0.32237565494553433 5
0.33128113356214695 6
0.3497108668652092 7
0.35020054576939685 8
0.3506857730471828 9
0.35117100032496873 10
0.35165622760275467 11
0.3605416739005596 12
0.3787043096195195 13
0.3791939885237071 14
0.37967921580149305 15
0.380164443079279 16
0.38064967035706493 17
0.38953511665486984 18
0.40770665562663316 19
0.4081963345308208 20
0.40868156180860676 21
0.4091667890863927 22
0.40965201636417864 23
0.41853746266198355 24
0.4367179048865503 25
0.43720758379073793 26
0.43769281106852387 27
0.4381780383463098 28
0.43866326562409574 29
0.44754871192190065 30
0.5026375886430107 31
0.5031272675471984 32
0.5036124948249843 33
0.5040977221027703 34
0.5045829493805561 35
0.5134683956783611 36
0.5318936773550217 37
0.5323833562592093 38
0.5328685835369953 39
0.5333538108147812 40
0.5338390380925672 41
0.542724484390372 42
0.5609093782413405 43
0.5613990571455281 44
0.5618842844233141 45
0.5623695117010999 46
0.5628547389788859 47
0.5717401852766908 48
0.5899339823804627 49
0.5904236612846503 50
0.5909088885624363 51
0.5913941158402223 52
0.5918793431180082 53
0.600764789415813 54
0.6189674897723884 55
0.619457168676576 56
0.619942395954362 57
0.6204276232321478 58
0.6209128505099338 59
0.6297982968077387 60
0.6854235945102544 61
0.685913273414442 62
0.6863985006922279 63
0.6868837279700138 64
0.6873689552477997 65
0.6962544015456047 66
0.7147019413542738 67
0.7151916202584614 68
0.7156768475362474 69
0.7161620748140333 70
0.7166473020918193 71
0.7255327483896241 72
0.7437399003726012 73
0.7442295792767888 74
0.7447148065545747 75
0.7452000338323607 76
0.7456852611101465 77
0.7545707074079515 78
0.7727867626437319 79
0.7732764415479195 80
0.7737616688257055 81
0.7742468961034914 82
0.7747321233812774 83
0.7836175696790822 84
0.8018425281676661 85
0.8023322070718537 86
0.8028174343496396 87
0.8033026616274256 88
0.8037878889052115 89
0.8126733352030164 90
0.8675819210548574 91
0.868071599959045 92
0.868556827236831 93
0.8690420545146169 94
0.8695272817924029 95
0.8784127280902078 96
0.8968825260308854 97
0.8973722049350731 98
0.897857432212859 99
0.898342659490645 100
0.8988278867684308 101
0.9077133330662357 102
0.9259427431812213 103
0.9264324220854089 104
0.9269176493631949 105
0.9274028766409808 106
0.9278881039187667 107
0.9367735502165716 108
0.9550118635843605 109
0.9555015424885482 110
0.9559867697663341 111
0.9564719970441201 112
0.956957224321906 113
0.965842670619711 114
