0.2786495546147785 0
0.278823168044445 0
0.27899678147411155 0
0.2791703949037781 0
0.27934400833344464 0
0.2795176217631112 0
0.27969123519277767 0
0.2798648486224442 0
0.28003846205211075 0
0.2802120754817773 0
0.2803856889114438 0
0.2805593023411103 0
0.33078477721835675 0
0.3315148439482365 0
0.3600453175567694 0
0.3607753842866491 0
0.38903876031107965 0
0.3897688270409594 0
0.41804110631819336 0
0.4187711730480731 0
0.44705235557811046 0
0.4477824223079902 0
0.5129720393345709 0
0.5137021060644507 0
0.5422281280465818 0
0.5429581947764616 0
0.5712438289329006 0
0.5719738956627805 0
0.6002684330720228 0
0.6009984998019027 0
0.6293019404639485 0
0.6300320071938282 0
0.6957580452018145 0
0.6964881119316942 0
0.7250363920458339 0
0.7257664587757137 0
0.7540743510641613 0
0.7548044177940411 0
0.783121213335292 0
0.7838512800651718 0
0.8121769788592262 0
0.812907045589106 0
0.8779163717464176 0
0.8786464384762973 0
0.9072169767224455 0
0.9079470434523254 0
0.9362771938727814 0
0.9370072606026612 0
0.9653463142759207 0
0.9660763810058005 0
