0.2843164750241501 1
0.28525799400811086 2
0.30955942253502317 2
0.3404759678948704 2
0.3696630563976549 2
0.3986609507783669 2
0.42766774841188226 2
0.460665429114527 2
0.467476417509137 2
0.47306988608288036 2
0.47981410008146474 2
0.4855255367548534 2
0.49312001139616357 2
0.5226365202526743 2
0.5518458668874673 2
0.5808660194001879 2
0.6098950751657118 2
0.6410787181096613 2
0.6478897065042714 2
0.6546628560744668 2
0.6614026184466495 2
0.6682937361164901 2
0.6758837591313986 2
0.705422526119918 2
0.7346541308867195 2
0.7636965415314485 2
0.792747855428981 2
0.8239448532521356 2
0.8307558416467457 2
0.8375289912169411 2
0.8442687535891238 2
0.8511598712589644 2
0.8580198275439932 2
0.887580852664521 2
0.9168347155633311 2
0.9458993843400686 2
0.9770986079764242 2
0.9826965281765693 2
0.9882610611787016 2
0.993976949478492 2
