0.002873524842301135 1
0.007552184190493997 2
0.017247826493409366 2
0.01809140969653263 3
0.018124796894545422 3
0.0219420665340082 4
0.022173551106896904 5
0.022356067789366846 6
0.02258755236225555 7
0.02699021087354265 8
0.027221695446431354 9
0.037580630083200894 10
0.03780543721648704 11
0.03803024434977319 12
0.038255051483059334 13
0.06543223066547363 14
0.06580839309641777 15
0.06603320022970392 16
0.07331606102289472 17
0.08734536162787074 18
0.08898133433049765 18
0.09332167007216087 18
0.12376856884662811 18
0.12407127944194411 18
0.1252019925479774 18
0.12551583220929766 18
0.12663096462292497 18
0.12694480428424526 18
0.12804658181866746 18
0.1283470666007826 18
0.12946219901440992 18
0.12977603867573018 18
0.14451982531818 18
0.15447588776559515 18
0.1549232762189666 19
0.1549566634169794 19
0.16869438249264368 19
0.21863940490658262 19
0.23444713025904015 19
