0.2878710987059122 1
0.29195769174267816 1
0.2999594901997445 2
0.30111913887738884 3
0.3022810133682341 4
0.303447339485481 5
0.31231720509087996 5
0.33314413921126085 6
0.3334357207405726 6
0.3373731842928814 6
0.33840150999167545 6
0.33890231796186737 6
0.34277078130494976 6
0.36237796979126324 7
0.36266509969417327 7
0.36660478905968297 7
0.367633114758477 7
0.36812947110226724 7
0.37195786980773426 7
0.3913714125455735 8
0.3916585424484835 8
0.39560268344039495 8
0.39663100913918903 8
0.3971273654829792 8
0.40095576418844625 8
0.4203737585526872 9
0.42066088845559724 9
0.42460948107391033 9
0.4256378067727044 9
0.4261341631164946 9
0.42996256182196163 9
0.4493850078126043 10
0.44967213771551434 10
0.45362518196022916 10
0.45465350765902324 10
0.45514986400281343 10
0.46295579089820466 10
0.4637147931996955 10
0.46976677929281463 10
0.4704545555718782 10
0.47536024786655806 10
0.47608363715683527 10
0.4821000102387407 10
0.48294136762866313 10
0.48832115813512467 10
0.48901783766699164 10
0.49587779395202036 10
0.5153091431954665 11
0.5155962730983765 11
0.5195337366506854 11
0.5205620623494794 11
0.5210628703196712 11
0.5249313336627537 11
0.5445607802810757 12
0.5448479101839857 12
0.5487875995494954 12
0.5498159252482895 12
0.5503122815920797 12
0.5541406802975467 12
0.5735764811673945 13
0.5738636110703046 13
0.5778077520622159 13
0.57883607776101 13
0.5793324341048002 13
0.5831608328102672 13
0.6026010853065167 14
0.6028882152094268 14
0.6068368078277399 14
0.6078651335265339 14
0.6083614898703241 14
0.6121898885757912 14
0.6316345926984424 15
0.6319217226013524 15
0.6358747668460673 15
0.6369030925448612 15
0.6373994488886515 15
0.643369079893339 15
0.6441280821948299 15
0.650180068287949 15
0.650921264083833 15
0.6569532178581444 15
0.6576766071484217 15
0.6636885286039255 15
0.6645833055106684 15
0.6710893574967615 15
0.6717860370286284 15
0.6786415416872554 15
0.6980951490627101 16
0.6983822789656201 16
0.702319742517929 16
0.703348068216723 16
0.7038488761869149 16
0.7077173395299973 16
0.7273690442803278 17
0.7276561741832378 17
0.7315958635487475 17
0.7326241892475416 17
0.7331205455913318 17
0.7369489442967988 17
0.7564070032986552 18
0.7566941332015652 18
0.7606382741934766 18
0.7616665998922706 18
0.7621629562360609 18
0.7659913549415279 18
0.7854538655697859 19
0.7857409954726959 19
0.7896895880910091 19
0.790717913789803 19
0.7912142701335934 19
0.7950426688390604 19
0.8145096310937201 20
0.8147967609966301 20
0.8187498052413449 20
0.819778130940139 20
0.8202744872839292 20
0.8262352150358133 20
0.8269942173373042 20
0.8330462034304233 20
0.8337873992263073 20
0.8398193530006188 20
0.840542742290896 20
0.8465546637463998 20
0.8474494406531426 20
0.8539554926392358 20
0.8545987526542822 20
0.86077761009985 20
0.8802534756073132 21
0.8805406055102232 21
0.884478069062532 21
0.8855063947613261 21
0.886007202731518 21
0.8898756660746003 21
0.9095496289569395 22
0.9098367588598495 22
0.9137764482253591 22
0.9148047739241532 22
0.9153011302679434 22
0.9191295289734104 22
0.9386098461072753 23
0.9388969760101853 23
0.9428411170020967 23
0.9438694427008908 23
0.944365799044681 23
0.948194197750148 23
0.9676789665104146 24
0.9679660964133247 24
0.9719146890316377 24
0.9729430147304318 24
0.973439371074222 24
0.9793889697601018 24
0.9800767460391654 24
0.984986889960247 24
0.9856568597337038 24
0.9905469713359776 24
0.9913883287259 24
0.9967725708587633 24
0.9974692503906302 24
