0.2282927567586818 1
0.22840627323192528 2
0.2285153380787671 3
0.2286934031348353 3
0.2288781456305061 3
0.2290673397525786 3
0.22946353450233042 3
0.22965272862440292 3
0.2298619550652831 3
0.23024256912262894 3
0.2304718278823168 3
0.2307077640816072 3
0.23095705516010273 3
0.23120634623859826 3
0.23139554036067078 3
0.23158473448274328 3
0.23184070300084136 3
0.23213005871695225 3
0.23231925283902474 3
0.23258857623632795 3
0.23285789963363115 3
0.23314725534974204 3
0.24001611488757418 4
0.24119134425762453 5
0.24128928003846206 6
0.24136940931369275 7
0.2421707020659998 8
0.2422552829676322 9
0.24235321874846974 10
0.24252015473853372 10
0.24260473564016613 10
0.24270267142100366 10
0.24285402671866166 11
0.24301873689552478 11
0.24317009219318278 12
0.24338154444726381 12
0.24346612534889622 12
0.2435707385693363 12
0.2437220938669943 12
0.24388902985705826 12
0.24404038515471627 12
0.24425406322199816 12
0.24433864412363057 12
0.24444325734407066 12
0.24459461264172866 12
0.2447615486317926 12
0.24491290392945061 12
0.2451265819967325 12
0.24521116289836492 12
0.24530909867920245 12
0.24603916540908222 12
0.246602296148898 12
0.24680039352377392 12
0.2469428455686285 12
0.24718768502072233 12
0.24950253074960937 12
0.2497006281244853 12
0.24984308016933987 12
0.2500879196214337 12
0.250477436931583 13
0.2516816018732444 14
0.2517995699728896 15
0.2521935389094406 15
0.2524383783615344 15
0.25314173533300394 16
0.25354905914876 17
0.25555674265592937 18
0.2557147753931899 19
0.2558149369872283 20
0.2568454884992232 21
0.25703245680809483 21
0.2581453634085213 22
0.2583501382229998 23
0.2584703321358458 24
0.260495822148622 24
0.2606939195234979 24
0.2608363715683525 24
0.26108121102044635 24
0.26391244541193126 24
0.2641105427868072 24
0.26425299483166176 24
0.26449783428375556 24
0.26566193458780163 25
0.26801684495430406 25
0.26862226614493606 25
0.27056762688248154 25
0.2711708222599127 25
0.2731139571842573 25
0.27371715256168844 25
0.2749124142505464 25
0.2751105116254223 25
0.27525296367027696 25
0.27549780312237077 25
0.27867626437318876 25
0.27884987780285525 25
0.2790234912325218 25
0.27919710466218833 25
0.2793707180918549 25
0.27954433152152136 25
0.2797179449511879 25
0.27989155838085444 25
0.280065171810521 25
0.2802387852401875 25
0.280412398669854 25
0.28058601209952055 25
0.28134278858781053 25
0.282077306944092 26
0.28256698584827966 27
0.2831946651709202 27
0.2833927625457961 27
0.2835352145906507 27
0.2837822798559454 28
0.28396479653841533 29
0.28487960576396587 29
0.28580331824231986 29
0.28588789914395224 29
0.2859925123643923 29
0.28614386766205036 29
0.2863108036521143 29
0.2864621589497723 29
0.28669586933586183 29
0.28678045023749427 29
0.28688506345793435 29
0.28702751550278893 29
0.2871944514928529 29
0.2873369035377075 29
0.28805806701478387 29
0.28814264791641625 29
0.2882450353236555 29
0.28853439103976636 29
0.2887035528430312 29
0.2888549081406892 29
0.28902184413075316 29
0.2891731994284112 29
0.2897942013114491 29
0.28999229868632503 29
0.2901347507311796 29
0.29043300970009395 29
0.2907780107462261 29
0.2908870755930679 29
0.2911007536603498 29
0.29214020842514815 29
0.29238059625084023 29
0.2930928564751132 29
0.2932909538499891 29
0.2934334058948437 29
0.29373166486375796 29
0.2946442482761077 30
0.29529195991755586 30
0.2954789282264275 30
0.29699248120300753 30
0.29719057857788345 30
0.297333030622738 30
0.2976312895916523 30
0.29886216429172396 30
0.2990602616665999 30
0.29920271371145446 30
0.2995009726803688 30
0.30420189016057014 30
0.30439998753544606 30
0.30454243958030064 30
0.304840698549215 30
0.30545502299265037 31
0.31148252514056013 31
0.3115671060421925 31
0.31166504182303006 31
0.31620570075277005 31
0.31633702373162037 31
0.3164460885784621 31
0.3166530892061415 31
0.31695357398825663 31
0.3201965838218993 32
0.32068626272608697 32
0.3211714900038729 32
0.32165671728165884 32
0.3221419445594448 32
0.3239426274389348 32
0.325059985665763 32
0.3254161157778995 32
0.3255340838775447 32
0.32593695606689904 32
0.32618179551899285 32
0.3267382488192061 32
0.32713444356895793 32
0.3291399012629264 32
0.329297934000187 32
0.32939809559422534 32
0.330811486976767 32
0.33102961667045055 32
0.33154155370664673 32
0.33205571655604377 32
0.33557027560019054 32
0.34193610135462993 32
0.3420206822562623 32
0.34211861803709986 32
0.3462942436019 32
0.3464255665807503 32
0.34653463142759205 32
0.3467416320552714 32
0.34704211683738656 32
0.34947715647911964 32
0.3499668353833073 32
0.35045206266109324 32
0.3509372899388792 32
0.3514225172166651 32
0.35320316777734745 32
0.35432052600417563 32
0.3546766561163121 32
0.3547946242159573 32
0.3551974964053117 32
0.3554423358574055 32
0.35599878915761873 32
0.35639498390737057 32
0.35840044160133905 32
0.3585584743385996 32
0.35865863593263797 32
0.3600720273151796 32
0.3602901570088632 32
0.36080209404505936 32
0.36130512782845214 32
0.36480188036699207 32
0.3711231898574144 32
0.3712077707590468 32
0.3713057065398844 32
0.37528768635621024 32
0.37541900933506056 32
0.37552807418190237 32
0.3757350748095817 32
0.3760355595916968 32
0.37847059923342996 32
0.37896027813761757 32
0.3794455054154035 32
0.37993073269318944 32
0.3804159599709754 32
0.38219661053165777 32
0.3833139687584859 32
0.38367009887062237 32
0.38378806697026757 32
0.384190939159622 32
0.3844357786117158 32
0.38499223191192905 32
0.3853884266616808 32
0.3873938843556493 32
0.38755191709290987 32
0.3876520786869483 32
0.3890654700694899 32
0.38928359976317345 32
0.3897955367993696 32
0.3902985705827624 32
0.39379977474770406 32
0.4001210842381264 32
0.4002056651397588 32
0.40030360092059636 32
0.40429003236332395 32
0.40442135534217427 32
0.4045304201890161 32
0.4047374208166954 32
0.40503790559881053 32
0.4074729452405436 32
0.4079626241447313 32
0.4084478514225172 32
0.40893307870030315 32
0.4094183059780891 32
0.4111989565387714 32
0.4123163147655996 32
0.4126724448777361 32
0.4127904129773813 32
0.41319328516673565 32
0.4134381246188295 32
0.4139945779190427 32
0.41439077266879454 32
0.416396230362763 32
0.4165542631000236 32
0.416654424694062 32
0.4180678160766036 32
0.41828594577028716 32
0.41879788280648333 32
0.4193009165898761 32
0.4228065723812195 32
0.4291278818716418 32
0.42921246277327424 32
0.42931039855411174 32
0.43330128162324105 32
0.4334326046020914 32
0.4335416694489332 32
0.4337486700766125 32
0.43404915485872764 32
0.4364841945004607 32
0.4369738734046484 32
0.4374591006824343 32
0.43794432796022026 32
0.4384295552380062 32
0.4402102057986885 32
0.4413275640255167 32
0.4416836941376532 32
0.4418016622372984 32
0.44220453442665275 32
0.4424493738787466 32
0.4430058271789598 32
0.44340202192871164 32
0.4454074796226801 32
0.4455655123599407 32
0.4456656739539791 32
0.4470790653365207 32
0.44729719503020426 32
0.44780913206640044 32
0.4483121658497932 32
0.4518222732675383 32
0.46212111094788483 32
0.4622056918495172 32
0.46230362763035476 32
0.4689320993424948 32
0.4690166802441272 32
0.46911461602496474 32
0.4745255679162382 32
0.4746101488178706 32
0.4747080845987081 32
0.48126978191482256 32
0.481354362816455 32
0.4814522985972925 32
0.4874775749320014 32
0.4875621558336338 32
0.48766454324087305 32
0.49504311400170053 32
0.4951276949033329 32
0.49522563068417047 32
0.49922096537970145 32
0.4993522883585518 32
0.4994613532053936 32
0.4996683538330729 32
0.49996883861518804 32
0.5024038782569211 32
0.5028935571611088 32
0.5033787844388947 32
0.5038640117166807 32
0.5043492389944666 32
0.5061298895551489 32
0.5072472477819772 32
0.5076033778941136 32
0.5077213459937588 32
0.5081242181831132 32
0.508369057635207 32
0.5089255109354203 32
0.5093217056851721 32
0.5113271633791405 32
0.5114851961164011 32
0.5115853577104396 32
0.5129987490929812 32
0.5132168787866647 32
0.5137288158228609 32
0.5142318496062537 32
0.5177308279579944 32
0.5240966537124339 32
0.5241812346140663 32
0.5242791703949038 32
0.5284770540917124 32
0.5286083770705627 32
0.5287174419174046 32
0.5289244425450839 32
0.529224927327199 32
0.5316599669689321 32
0.5321496458731197 32
0.5326348731509056 32
0.5331201004286916 32
0.5336053277064776 32
0.53538597826716 32
0.5365033364939881 32
0.5368594666061246 32
0.5369774347057698 32
0.5373803068951242 32
0.5376251463472179 32
0.5381815996474312 32
0.538577794397183 32
0.5405832520911515 32
0.5407412848284121 32
0.5408414464224505 32
0.5422548378049921 32
0.5424729674986757 32
0.5429849045348718 32
0.5434879383182646 32
0.5469846908568046 32
0.5533060003472269 32
0.5533905812488593 32
0.5534885170296968 32
0.5574927549780312 32
0.5576240779568815 32
0.5577331428037233 32
0.5579401434314026 32
0.5582406282135178 32
0.5606756678552509 32
0.5611653467594385 32
0.5616505740372245 32
0.5621358013150104 32
0.5626210285927964 32
0.5644016791534787 32
0.5655190373803068 32
0.5658751674924434 32
0.5659931355920885 32
0.566396007781443 32
0.5666408472335368 32
0.5671973005337501 32
0.5675934952835018 32
0.5695989529774703 32
0.5697569857147309 32
0.5698571473087692 32
0.5712705386913108 32
0.5714886683849945 32
0.5720006054211906 32
0.5725036392045834 32
0.5760048433695251 32
0.5823261528599474 32
0.5824107337615798 32
0.5825086695424173 32
0.5865173591171534 32
0.5866486820960037 32
0.5867577469428455 32
0.5869647475705249 32
0.58726523235264 32
0.5897002719943731 32
0.5901899508985607 32
0.5906751781763467 32
0.5911604054541326 32
0.5916456327319186 32
0.5934262832926009 32
0.5945436415194292 32
0.5948997716315656 32
0.5950177397312107 32
0.5954206119205652 32
0.595665451372659 32
0.5962219046728723 32
0.596618099422624 32
0.5986235571165925 32
0.5987815898538531 32
0.5988817514478915 32
0.6002951428304331 32
0.6005132725241167 32
0.6010252095603129 32
0.6015282433437056 32
0.605033899135049 32
0.6113552086254713 32
0.6114397895271038 32
0.6115377253079413 32
0.6155508665090791 32
0.6156821894879294 32
0.6157912543347712 32
0.6159982549624505 32
0.6162987397445657 32
0.6187337793862988 32
0.6192234582904864 32
0.6197086855682724 32
0.6201939128460583 32
0.6206791401238443 32
0.6224597906845266 32
0.6235771489113547 32
0.6239332790234913 32
0.6240512471231364 32
0.6244541193124908 32
0.6246989587645846 32
0.6252554120647978 32
0.6256516068145497 32
0.6276570645085182 32
0.6278150972457788 32
0.6279152588398171 32
0.6293286502223587 32
0.6295467799160424 32
0.6300587169522385 32
0.6305617507356313 32
0.6340718581533763 32
0.6425343999430192 32
0.6426189808446516 32
0.6427169166254891 32
0.6493453883376291 32
0.6494299692392616 32
0.649527905020099 32
0.6561185379078246 32
0.656203118809457 32
0.6563010545902945 32
0.6628583002800073 32
0.6629428811816397 32
0.6630408169624772 32
0.6702457742936382 32
0.6703303551952706 32
0.6704327426025098 32
0.6778068617369356 32
0.677891442638568 32
0.6779893784194055 32
0.6820069712469451 32
0.6821382942257954 32
0.6822473590726372 32
0.6824543597003165 32
0.6827548444824316 32
0.6851898841241648 32
0.6856795630283524 32
0.6861647903061383 32
0.6866500175839243 32
0.6871352448617102 32
0.6889158954223926 32
0.6900332536492207 32
0.6903893837613572 32
0.6905073518610024 32
0.6909102240503568 32
0.6911550635024506 32
0.6917115168026639 32
0.6921077115524157 32
0.6941131692463842 32
0.6942712019836447 32
0.6943713635776831 32
0.6957847549602247 32
0.6960028846539084 32
0.6965148216901045 32
0.6970178554734973 32
0.7005168338252381 32
0.7068826595796774 32
0.7069672404813099 32
0.7070651762621474 32
0.7112853180909645 32
0.7114166410698148 32
0.7115257059166566 32
0.711732706544336 32
0.7120331913264512 32
0.7144682309681842 32
0.7149579098723718 32
0.7154431371501578 32
0.7159283644279437 32
0.7164135917057297 32
0.718194242266412 32
0.7193116004932402 32
0.7196677306053767 32
0.7197856987050218 32
0.7201885708943763 32
0.7204334103464701 32
0.7209898636466833 32
0.7213860583964351 32
0.7233915160904036 32
0.7235495488276642 32
0.7236497104217026 32
0.7250631018042442 32
0.7252812314979278 32
0.7257931685341239 32
0.7262962023175167 32
0.7297929548560567 32
0.736114264346479 32
0.7361988452481114 32
0.7362967810289489 32
0.7403232771092919 32
0.7404546000881422 32
0.740563664934984 32
0.7407706655626634 32
0.7410711503447784 32
0.7435061899865115 32
0.7439958688906992 32
0.7444810961684851 32
0.7449663234462711 32
0.745451550724057 32
0.7472322012847393 32
0.7483495595115676 32
0.748705689623704 32
0.7488236577233492 32
0.7492265299127036 32
0.7494713693647974 32
0.7500278226650107 32
0.7504240174147625 32
0.7524294751087309 32
0.7525875078459915 32
0.75268766944003 32
0.7541010608225716 32
0.7543191905162551 32
0.7548311275524513 32
0.7553341613358441 32
0.7588353655007857 32
0.765156674991208 32
0.7652412558928404 32
0.765339191673678 32
0.7693701393804226 32
0.769501462359273 32
0.7696105272061148 32
0.7698175278337941 32
0.7701180126159092 32
0.7725530522576424 32
0.77304273116183 32
0.7735279584396159 32
0.7740131857174019 32
0.7744984129951878 32
0.7762790635558702 32
0.7773964217826983 32
0.7777525518948348 32
0.77787051999448 32
0.7782733921838344 32
0.7785182316359281 32
0.7790746849361414 32
0.7794708796858932 32
0.7814763373798618 32
0.7816343701171223 32
0.7817345317111607 32
0.7831479230937023 32
0.7833660527873859 32
0.783877989823582 32
0.7843810236069748 32
0.7878866793983181 32
0.7942079888887404 32
0.7942925697903729 32
0.7943905055712105 32
0.7984259049043568 32
0.7985572278832072 32
0.798666292730049 32
0.7988732933577283 32
0.7991737781398434 32
0.8016088177815764 32
0.8020984966857642 32
0.80258372396355 32
0.803068951241336 32
0.8035541785191219 32
0.8053348290798044 32
0.8064521873066325 32
0.8068083174187689 32
0.8069262855184142 32
0.8073291577077686 32
0.8075739971598623 32
0.8081304504600756 32
0.8085266452098274 32
0.8105321029037958 32
0.8106901356410564 32
0.8107902972350949 32
0.8122036886176365 32
0.81242181831132 32
0.8129337553475162 32
0.813436789130909 32
0.816946896548654 32
0.8254005350854935 32
0.8254851159871259 32
0.8255830517679634 32
0.8322115234801034 32
0.8322961043817358 32
0.8323940401625733 32
0.8389846730502989 32
0.8390692539519313 32
0.8391671897327688 32
0.8457244354224817 32
0.845809016324114 32
0.8459069521049516 32
0.8531119094361125 32
0.8531964903377449 32
0.8532988777449841 32
0.8599429301495302 32
0.8600275110511626 32
0.8601254468320001 32
0.8641652977915482 32
0.8642966207703985 32
0.8644056856172403 32
0.8646126862449196 32
0.8649131710270347 32
0.8673482106687679 32
0.8678378895729555 32
0.8683231168507414 32
0.8688083441285274 32
0.8692935714063132 32
0.8710742219669957 32
0.8721915801938238 32
0.8725477103059602 32
0.8726656784056055 32
0.8730685505949599 32
0.8733133900470537 32
0.8738698433472669 32
0.8742660380970187 32
0.8762714957909873 32
0.8764295285282478 32
0.8765296901222862 32
0.8779430815048278 32
0.8781612111985114 32
0.8786731482347075 32
0.8791761820181003 32
0.8826751603698412 32
0.8890409861242805 32
0.8891255670259129 32
0.8892235028067504 32
0.8934659027675761 32
0.8935972257464264 32
0.8937062905932682 32
0.8939132912209475 32
0.8942137760030627 32
0.8966488156447958 32
0.8971384945489834 32
0.8976237218267694 32
0.8981089491045553 32
0.8985941763823413 32
0.9003748269430236 32
0.9014921851698519 32
0.9018483152819883 32
0.9019662833816334 32
0.9023691555709878 32
0.9026139950230817 32
0.903170448323295 32
0.9035666430730467 32
0.9055721007670152 32
0.9057301335042758 32
0.9058302950983141 32
0.9072436864808557 32
0.9074618161745394 32
0.9079737532107356 32
0.9084767869941283 32
0.9119735395326682 32
0.9182948490230906 32
0.918379429924723 32
0.9184773657055605 32
0.922526119917912 32
0.9226574428967623 32
0.9227665077436041 32
0.9229735083712834 32
0.9232739931533986 32
0.9257090327951317 32
0.9261987116993193 32
0.9266839389771053 32
0.9271691662548912 32
0.9276543935326772 32
0.9294350440933595 32
0.9305524023201877 32
0.9309085324323242 32
0.9310265005319693 32
0.9314293727213238 32
0.9316742121734175 32
0.9322306654736308 32
0.9326268602233826 32
0.9346323179173511 32
0.9347903506546117 32
0.93489051224865 32
0.9363039036311916 32
0.9365220333248753 32
0.9370339703610714 32
0.9375370041444642 32
0.9410382083094059 32
0.9473595177998282 32
0.9474440987014606 32
0.9475420344822981 32
0.9515952403210513 32
0.9517265632999016 32
0.9518356281467434 32
0.9520426287744227 32
0.9523431135565379 32
0.954778153198271 32
0.9552678321024586 32
0.9557530593802446 32
0.9562382866580305 32
0.9567235139358164 32
0.9585041644964988 32
0.959621522723327 32
0.9599776528354634 32
0.9600956209351087 32
0.960498493124463 32
0.9607433325765569 32
0.9612997858767701 32
0.961695980626522 32
0.9637014383204904 32
0.9638594710577509 32
0.9639596326517893 32
0.9653730240343309 32
0.9655911537280145 32
0.9661030907642107 32
0.9666061245476034 32
0.9701117803389468 32
0.978554289809782 32
0.9786388707114144 32
0.9787368064922519 32
0.9841522100099271 32
0.9842367909115596 32
0.9843347266923971 32
0.9897167430120595 32
0.9898013239136919 32
0.9898992596945294 32
0.99592898765564 32
0.9960135685572724 32
0.9961159559645116 32
