0.22684375236492652 1
0.2401474378664245 2
0.2414940548529405 3
0.24620832721234703 4
0.2490462390434345 5
0.2564492937494714 6
0.260101853212071 7
0.2634561537057564 8
0.26690171254067674 9
0.2694636235348585 10
0.27200995383663423 11
0.27451844531399544 12
0.3130851106451742 13
0.31913264511189166 14
0.32477508157605384 15
0.34373678423411996 16
0.34906092941056016 17
0.35403562191446647 18
0.3727257753620285 19
0.3780543721648704 20
0.38302906466877673 21
0.4017236697427405 22
0.40705671817198413 23
0.41203141067589044 24
0.4307304673762559 25
0.43606796743190124 26
0.44104265993580755 27
0.49664569950631465 28
0.5019876511883616 29
0.506962343692268 30
0.5258973365919238 31
0.5312437399003725 32
0.5362184324042789 33
0.554908585851841 34
0.5602594407866914 35
0.5652341332905977 36
0.5839287383645615 37
0.5892840449258137 38
0.5942587374297199 39
0.6129577941300854 40
0.6183175523177393 41
0.6232922448216456 42
0.6794094472415497 43
0.6847736570556052 44
0.6897483495595116 45
0.7086833424591674 46
0.7140520038996248 47
0.719026696403531 48
0.7377168498510931 49
0.743089962917952 50
0.7480646554218584 51
0.7667592604958221 52
0.7721368251890828 53
0.7771115176929891 54
0.7958105743933546 55
0.801192590713017 56
0.8061672832169233 57
0.8615455156541443 58
0.8669319836002083 59
0.8719066761041147 60
0.8908416690037705 61
0.8962325885762363 62
0.9012072810801426 63
0.9198974345277047 64
0.9252928057265722 65
0.9302674982304785 66
0.9489621033044423 67
0.9543619261297115 68
0.9593366186336177 69
