0.24194589493271368 1
0.2535245752035506 2
0.25372712420482824 3
0.25391186670049903 4
0.25400980248133653 5
0.25430360982384914 6
0.25440822304428923 7
0.2545217395175327 8
0.2546975787604001 9
0.25479996616763934 10
0.254911256827682 11
0.2591269470300974 12
0.25930056045976396 13
0.2594007220538024 14
0.25959881942867824 15
0.26259253818382544 16
0.2628307001963167 17
0.26614938767878843 18
0.2662540008992285 19
0.26849984641888913 20
0.26881591189341025 21
0.29185085270903727 22
0.29271001660456647 23
0.2940833433494927 24
0.29985265116610355 25
0.3010122998437479 26
0.3068906725072005 27
0.3080770309432551 28
0.32349523898556337 29
0.32359094895320006 30
0.3236866589208367 31
0.3237823688884734 32
0.33253871802062884 33
0.33264333124106893 34
0.33284142861594485 35
0.33293713858358154 36
0.3330373001776199 37
0.33324652661850007 38
0.33332888170693165 39
