0.22671465519927705 1
0.24879027052533642 2
0.3128981423363026 3
0.3245257904975583 4
0.34355426755164997 5
0.35378633083597094 6
0.37254325867955856 7
0.3827797735902812 8
0.40154115306027055 9
0.4117821195973949 10
0.430547950693786 11
0.440793368857312 12
0.496458731197443 13
0.5067130526137724 14
0.5257148199094539 15
0.5359691413257833 16
0.5547260691693711 17
0.5649848422121022 18
0.5837462216820916 19
0.5940094463512244 20
0.6127752774476155 21
0.6230429537431501 22
0.6792224789326781 23
0.689499058481016 24
0.7085008257766975 25
0.7187774053250355 26
0.7375343331686232 27
0.7478153643433628 28
0.7665767438133522 29
0.7768622266144936 30
0.7956280577108846 31
0.8059179921384277 32
0.8613585473452726 33
0.8716573850256191 34
0.8906591523213006 35
0.9009579900016471 36
0.9197149178452347 37
0.930018207151983 38
0.9487795866219724 39
0.9590873275551223 40
