0.33451078851658456 1
0.33550795283056667 2
0.3637423932833861 3
0.3647395575973682 4
0.3927402876640981 5
0.3937374519780802 6
0.42174708529761346 7
0.4227442496115956 8
0.4507627861839323 9
0.4517599504979144 10
0.5166713408743885 11
0.5176685051883706 12
0.5459252037731985 13
0.5469223680871806 14
0.574945356285919 15
0.5759425205999011 16
0.603974412051443 17
0.6049715763654251 18
0.6330123710697704 19
0.6340095353837525 20
0.6994573467416321 21
0.7004545110556142 22
0.7287334677724506 23
0.7297306320864327 24
0.7577758784171797 25
0.7587730427311619 26
0.7868271923147122 27
0.7878243566286943 28
0.815887409465048 29
0.8168845737790301 30
0.8816156732862351 31
0.8826128376002172 32
0.9109140524490623 33
0.9119112167630444 34
0.9399787212257998 35
0.940975885539782 36
0.9690522932553408 37
0.9700494575693229 38
