0.3203880037571727 0
0.32087768266136035 0
0.3213629099391463 0
0.32184813721693223 0
0.32233336449471817 0
0.33122326241892475 0
0.349668576414393 0
0.35015825531858064 0
0.3506434825963666 0
0.3511287098741525 0
0.35161393715193845 0
0.3604838027573374 0
0.3786620191687033 0
0.37915169807289095 0
0.3796369253506769 0
0.38012215262846283 0
0.38060737990624877 0
0.3894772455116477 0
0.407664365175817 0
0.4081540440800046 0
0.40863927135779055 0
0.4091244986355765 0
0.4096097259133624 0
0.4184795915187614 0
0.4366756144357341 0
0.43716529333992177 0
0.4376505206177077 0
0.43813574789549364 0
0.4386209751732796 0
0.4474908407786785 0
0.5025952981921945 0
0.5030849770963821 0
0.5035702043741681 0
0.504055431651954 0
0.50454065892974 0
0.5134105245351389 0
0.5318513869042054 0
0.5323410658083931 0
0.532826293086179 0
0.533311520363965 0
0.5337967476417509 0
0.5426666132471498 0
0.5608670877905243 0
0.5613567666947119 0
0.5618419939724979 0
0.5623272212502838 0
0.5628124485280698 0
0.5716823141334687 0
0.5898916919296465 0
0.5903813708338341 0
0.5908665981116201 0
0.591351825389406 0
0.591837052667192 0
0.6007069182725909 0
0.6189251993215721 0
0.6194148782257598 0
0.6199001055035457 0
0.6203853327813317 0
0.6208705600591176 0
0.6297404256645165 0
0.6853813040594381 0
0.6858709829636258 0
0.6863562102414117 0
0.6868414375191977 0
0.6873266647969836 0
0.6961965304023825 0
0.7146596509034576 0
0.7151493298076452 0
0.7156345570854311 0
0.7161197843632171 0
0.716605011641003 0
0.725474877246402 0
0.7436976099217849 0
0.7441872888259725 0
0.7446725161037585 0
0.7451577433815445 0
0.7456429706593304 0
0.7545128362647293 0
0.7727444721929156 0
0.7732341510971034 0
0.7737193783748892 0
0.7742046056526752 0
0.7746898329304611 0
0.78355969853586 0
0.8018002377168498 0
0.8022899166210375 0
0.8027751438988234 0
0.8032603711766094 0
0.8037455984543953 0
0.8126154640597942 0
0.8675396306040412 0
0.8680293095082289 0
0.8685145367860148 0
0.8689997640638008 0
0.8694849913415866 0
0.8783548569469856 0
0.8968402355800692 0
0.8973299144842568 0
0.8978151417620428 0
0.8983003690398287 0
0.8987855963176147 0
0.9076554619230136 0
0.925900452730405 0
0.9263901316345927 0
0.9268753589123786 0
0.9273605861901646 0
0.9278458134679505 0
0.9367156790733494 0
0.9549695731335444 0
0.955459252037732 0
0.955944479315518 0
0.9564297065933038 0
0.9569149338710898 0
0.9657847994764888 0
