0.12457431322533688 0
0.12457876485173858 0
0.12458321647814029 0
0.124587668104542 0
0.1245921197309437 0
0.1245965713573454 0
0.12600773692668615 0
0.12601218855308788 0
0.12601664017948958 0
0.12602109180589127 0
0.126025543432293 0
0.1260299950586947 0
0.12743670900163376 0
0.12744116062803545 0
0.12744561225443715 0
0.12745006388083888 0
0.12745451550724057 0
0.12745896713364227 0
0.1288389713181711 0
0.1288434229445728 0
0.12884787457097452 0
0.12885232619737622 0
0.1288567778237779 0
0.1288612294501796 0
0.13026794339311867 1
0.13027239501952037 2
0.1302768466459221 3
0.1302812982723238 4
0.1302857498987255 5
0.1302902015251272 6
