0.24089085947550937 1
0.24578097107778327 2
0.2457898743305867 3
0.24850091480922554 4
0.25609093782413406 5
0.259814723309161 6
0.2631423140444361 7
0.2665967761321599 8
0.2691586871263416 9
0.27170501742811737 10
0.2742313154110854 11
0.31263549637860194 11
0.31264439963140533 11
0.31265330288420873 11
0.31268001264261897 12
0.3126889158954224 13
0.3126978191482258 14
0.31872532129613557 15
0.3242542412870542 16
0.3432916215939493 16
0.3433005248467528 16
0.34330942809955617 16
0.3433361378579664 17
0.3433450411107698 18
0.34335394436357325 19
0.3486536055948041 20
0.35351478162546685 21
0.3722806127218579 21
0.37228951597466137 21
0.37229841922746476 21
0.372325128985875 22
0.3723340322386784 23
0.3723429354914818 24
0.37764704834911433 25
0.38250822437977716 26
0.4012785071025699 26
0.40128741035537335 26
0.40129631360817675 26
0.401323023366587 27
0.4013319266193904 28
0.4013408298721938 29
0.40664939435622804 30
0.4115105703868909 31
0.43028530473608534 31
0.43029420798888873 31
0.4303031112416921 31
0.43032982100010236 32
0.4303387242529058 33
0.4303476275057092 34
0.43566064361614515 35
0.440521819646808 36
0.49619608523974235 36
0.49620498849254574 36
0.4962138917453492 36
0.49624060150375937 37
0.4962495047565628 38
0.4962584080093662 39
0.5015803273726056 40
0.5064415034032684 41
0.5254521739517533 41
0.5254610772045567 41
0.52546998045736 41
0.5254966902157703 42
0.5255055934685737 43
0.5255144967213772 44
0.5308364160846165 45
0.5356975921152793 46
0.5544634232116704 46
0.5544723264644738 46
0.5544812297172772 46
0.5545079394756874 47
0.5545168427284909 48
0.5545257459812942 49
0.5598521169709353 50
0.5647132930015981 51
0.5834835757243909 51
0.5834924789771944 51
0.5835013822299977 51
0.5835280919884079 52
0.5835369952412114 53
0.5835458984940148 54
0.5888767211100575 55
0.5937378971407203 56
0.6125126314899149 56
0.6125215347427182 56
0.6125304379955216 56
0.6125571477539319 57
0.6125660510067353 58
0.6125749542595387 59
0.6179102285019832 60
0.622771404532646 61
0.6789598329749774 61
0.6789687362277809 61
0.6789776394805842 61
0.6790043492389944 62
0.6790132524917979 63
0.6790221557446013 64
0.6843663332398492 65
0.689227509270512 66
0.7082381798189968 66
0.7082470830718003 66
0.7082559863246037 66
0.708282696083014 67
0.7082915993358173 68
0.7083005025886208 69
0.7136446800838686 70
0.7185058561145314 71
0.7372716872109225 71
0.737280590463726 71
0.7372894937165293 71
0.7373162034749395 72
0.737325106727743 73
0.7373340099805464 74
0.742682639102196 75
0.7475438151328588 76
0.7663140978556515 76
0.766323001108455 76
0.7663319043612584 76
0.7663586141196687 77
0.766367517372472 78
0.7663764206252754 79
0.7717295013733267 80
0.7765906774039896 81
0.795365411753184 81
0.7953743150059874 81
0.7953832182587909 81
0.7954099280172011 82
0.7954188312700045 83
0.7954277345228079 84
0.8007852668972609 85
0.8056464429279238 86
0.861095901387572 86
0.8611048046403753 86
0.8611137078931788 86
0.861140417651589 87
0.8611493209043924 88
0.8611582241571958 89
0.8665246597844523 90
0.8713858358151151 91
0.8903965063635999 91
0.8904054096164034 91
0.8904143128692068 91
0.890441022627617 92
0.8904499258804204 93
0.8904588291332238 94
0.8958252647604802 95
0.900686440791143 96
0.9194522718875341 96
0.9194611751403375 96
0.919470078393141 96
0.9194967881515511 97
0.9195056914043546 98
0.919514594657158 99
0.9248854819108161 100
0.9297466579414789 101
0.9485169406642717 101
0.9485258439170751 101
0.9485347471698785 101
0.9485614569282887 102
0.9485703601810922 103
0.9485792634338955 104
0.9539546023139555 105
0.9588157783446182 106
