0.24205941140595716 0
0.24744587935202125 0
0.24795113894861487 0
0.25034833976593346 0
0.2573908127334322 0
0.26133940535174527 0
0.26475825442825535 0
0.2675227144237147 0
0.2700846254178964 0
0.27263095571967216 0
0.2757559974536697 0
0.2837666991635394 1
0.2912721412768155 2
0.29236501555843425 3
0.29457302225368037 4
0.29597083294381604 5
0.2981899687050664 6
0.3001152971238042 7
0.30127494580144853 8
0.3024412719186955 9
0.30360759803594245 10
0.30539937766262903 11
0.3137550804186309 11
0.31445398576369876 11
0.3151484394823649 11
0.3193619038715795 11
0.32500434033574166 11
0.3345174659561871 12
0.3355146302701692 13
0.3365652141009718 14
0.3375178621509368 15
0.338559542728936 16
0.34440675400757664 16
0.3451056593526445 16
0.3458001130713106 16
0.349290188170248 16
0.3542648806741543 16
0.3637490707229886 17
0.36474623503697073 18
0.3657968188677733 19
0.3667494669177384 20
0.36779114749573755 21
0.37339574513548524 21
0.37409465048055307 21
0.3747891041992192 21
0.3782836309245583 21
0.3832583234284646 21
0.39274696510370066 22
0.3937441294176828 23
0.3947947132484853 24
0.3957473612984504 25
0.3967890418764496 26
0.4023936395161972 26
0.40309254486126506 26
0.40378699857993117 26
0.407285976931672 26
0.41226066943557826 26
0.42175376273721604 27
0.42275092705119816 28
0.42380151088200074 29
0.4247541589319658 30
0.42579583950996497 31
0.43140043714971266 31
0.4320993424947805 31
0.4327937962134466 31
0.4362972261915891 31
0.4412719186954954 31
0.45076946362353487 32
0.451766627937517 33
0.45281721176831957 34
0.4537698598182846 35
0.4548115403962838 36
0.4973156692797714 36
0.49801457462483917 36
0.4987090283435053 36
0.5022169099480496 36
0.5071916024519558 36
0.5166780183139911 37
0.5176751826279732 38
0.5187257664587757 39
0.5196784145087407 40
0.5207200950867399 41
0.5265673063653806 41
0.5272662117104484 41
0.5279606654291146 41
0.5314729986600605 41
0.5364476911639667 41
0.5459318812128011 42
0.5469290455267832 43
0.5479796293575858 44
0.5489322774075508 45
0.54997395798555 46
0.5555785556252977 46
0.5562774609703656 46
0.5569719146890316 46
0.5604886995463793 46
0.5654633920502856 46
0.5749520337255216 47
0.5759491980395037 48
0.5769997818703063 49
0.5779524299202714 50
0.5789941104982705 51
0.5845987081380182 51
0.5852976134830861 51
0.5859920672017521 51
0.5895133036855015 51
0.5944879961894078 51
0.6039810894910456 52
0.6049782538050277 53
0.6060288376358303 54
0.6069814856857954 55
0.6080231662637945 56
0.6136277639035421 56
0.61432666924861 56
0.6150211229672761 56
0.6185468110774271 56
0.6235215035813334 56
0.6330190485093729 57
0.634016212823355 58
0.6350667966541576 59
0.6360194447041226 60
0.6370611252821218 61
0.6800794170150064 61
0.6807783223600743 61
0.6814727760787403 61
0.6850029158152932 61
0.6899776083191994 61
0.6994640241812347 62
0.7004611884952168 63
0.7015117723260194 64
0.7024644203759843 65
0.7035061009539836 66
0.7093533122326242 66
0.710052217577692 66
0.7107466712963582 66
0.7142812626593126 66
0.7192559551632188 66
0.7287401452120532 67
0.7297373095260353 68
0.7307878933568379 69
0.731740541406803 70
0.7327822219848021 71
0.7383868196245499 71
0.7390857249696177 71
0.7397801786882837 71
0.74331922167764 71
0.7482939141815462 71
0.7577825558567822 72
0.7587797201707643 73
0.7598303040015669 74
0.760782952051532 75
0.7618246326295312 76
0.7674292302692789 76
0.7681281356143467 76
0.7688225893330128 76
0.7723660839487707 76
0.777340776452677 76
0.7868338697543147 77
0.7878310340682968 78
0.7888816178990994 79
0.7898342659490645 80
0.7908759465270636 81
0.7964805441668114 81
0.7971794495118791 81
0.7978739032305453 81
0.8014218494727049 81
0.8063965419766111 81
0.8158940869046506 82
0.8168912512186327 83
0.8179418350494353 84
0.8188944830994004 85
0.8199361636773995 86
0.862215485427601 86
0.8629143907726688 86
0.8636088444913349 86
0.8671612423598962 86
0.8721359348638025 86
0.8816223507258377 87
0.8826195150398198 88
0.8836700988706224 89
0.8846227469205874 90
0.8856644274985866 91
0.8915116387772273 91
0.8922105441222951 91
0.8929049978409612 91
0.8964618473359242 91
0.9014365398398305 91
0.9109207298886648 92
0.9119178942026469 93
0.9129684780334495 94
0.9139211260834146 95
0.9149628066614137 96
0.9205674043011615 96
0.9212663096462292 96
0.9219607633648954 96
0.9255220644862601 96
0.9304967569901663 96
0.9399853986654024 97
0.9409825629793845 98
0.9420331468101871 99
0.9429857948601521 100
0.9440274754381514 101
0.949632073077899 101
0.9503309784229669 101
0.9510254321416329 101
0.9545911848893993 101
0.9595658773933057 101
0.9690589706949434 102
0.9700561350089255 103
0.9711067188397281 104
0.9720593668896932 105
0.9731010474676923 106
