0.31245965713573454 0
0.343115782351082 0
0.37210477347899057 0
0.40110266785970256 0
0.43010946549321794 0
0.4630425976130379 0
0.46985358600764787 0
0.4754470545813913 0
0.4823760110756465 0
0.48840351322355624 0
0.49602024599687494 0
0.5252763347088859 0
0.554287583968803 0
0.5833077364815236 0
0.6123367922470475 0
0.6434558866081723 0
0.6502668750027822 0
0.6570400245729777 0
0.6639645294408312 0
0.671171712585193 0
0.6787839937321101 0
0.7080623405761295 0
0.7370958479680552 0
0.7661382586127842 0
0.7951895725103166 0
0.8263220217506466 0
0.8331330101452565 0
0.839906159715452 0
0.8468306645833055 0
0.8540378477276673 0
0.8609200621447046 0
0.8902206671207326 0
0.9192764326446667 0
0.9483411014214043 0
0.9794757764749351 0
0.9850736966750803 0
0.9908229721728834 0
0.9968549259471948 0
