0.16659098901783767 1
0.24188134634988892 2
0.24200376607593585 3
0.2467625546993594 4
0.24739023402199994 5
0.2502926944359122 5
0.25500474098211784 6
0.25696568241206924 7
0.25733516740341084 8
0.26128376002172393 8
0.26470260909823407 8
0.26734464936764646 9
0.2674670690936934 10
0.2700289800878751 10
0.2725753103896509 10
0.27570035212364835 10
0.2885010038417536 11
0.2923071444152121 12
0.2959151876137947 13
0.2981343233750451 14
0.30005965179378286 15
0.30121930047142725 16
0.3023856265886742 17
0.3035519527059211 18
0.3053437323326077 19
0.3134679505157209 20
0.31369943508860965 21
0.3285789963363115 22
0.33443956249415724 23
0.33449075619777685 24
0.3441196241046666 25
0.34435110867755536 26
0.3578395366747241 27
0.36367116726095877 28
0.3637223609645784 29
0.3731086152325752 30
0.3733400998054639 31
0.3868329794290344 32
0.39266906164167076 33
0.3927202553452904 34
0.4021065096132872 35
0.40233799418617594 36
0.4158353254361481 37
0.4216758592751862 38
0.4217270529788058 39
0.43111330724680264 40
0.4313447918196913 41
0.4448465746960652 42
0.450691560161505 43
0.45074275386512463 44
0.4970285393768613 45
0.49726002394975005 46
0.5107662584525257 47
0.5166001148519611 48
0.5166513085555808 49
0.5262801764624706 50
0.5265116610353593 51
0.5400223471645366 52
0.5458539777507713 53
0.5459051714543909 54
0.5552914257223877 55
0.5555229102952763 56
0.5690380480508553 57
0.5748741302634918 58
0.5749253239671114 59
0.5843115782351082 60
0.584543062807997 61
0.5980626521899776 62
0.6039031860290157 63
0.6039543797326353 64
0.6133406340006321 65
0.6135721185735208 66
0.6270961595819032 67
0.632941145047343 68
0.6329923387509626 69
0.6797922871120964 70
0.6800237716849851 71
0.6935522643197692 72
0.6993861207192048 73
0.6994373144228244 74
0.7090661823297142 75
0.7092976669026029 76
0.7228306111637887 77
0.7286622417500234 78
0.728713435453643 79
0.7380996897216398 80
0.7383311742945285 81
0.7518685701821161 82
0.7577046523947524 83
0.757755846098372 84
0.7671421003663689 85
0.7673735849392576 86
0.7809154324532468 87
0.7867559662922848 88
0.7868071599959044 89
0.7961934142639013 90
0.79642489883679 91
0.809971197977181 92
0.8158161834426207 93
0.8158673771462404 94
0.8619283555246909 95
0.8621598400975796 96
0.8757105908643723 97
0.8815444472638079 98
0.8815956409674275 99
0.8912245088743173 100
0.8914559934472059 101
0.9050111958404002 102
0.9108428264266349 103
0.9108940201302546 104
0.9202802743982514 105
0.9205117589711401 106
0.9340714129907361 107
0.9399074952033726 108
0.9399586889069922 109
0.949344943174989 110
0.9495764277478776 111
0.9631405333938754 112
0.9689810672329136 113
0.9690322609365332 114
