0.3083285478349515 0
0.30888054950876304 0
0.33924509319479873 0
0.33979709486861026 0
0.36843218169758324 0
0.3689841833713947 0
0.3974300760782952 0
0.39798207775210676 0
0.4264368737118106 0
0.42698887538562214 0
0.4918891366960919 0
0.49244113836990344 0
0.5214056455526026 0
0.5219576472264141 0
0.5506149921873956 0
0.5511669938612072 0
0.5796351447001162 0
0.5801871463739278 0
0.6086642004656401 0
0.6092162021394516 0
0.674652884431327 0
0.6752048861051385 0
0.7041916514198462 0
0.7047436530936577 0
0.7334232561866478 0
0.7339752578604594 0
0.7624656668313768 0
0.7630176685051884 0
0.7915169807289093 0
0.7920689824027208 0
0.8567889528439215 0
0.8573409545177331 0
0.8863499779644494 0
0.8869019796382608 0
0.9156038408632594 0
0.9161558425370709 0
0.9446685096399969 0
0.9452205113138085 0
