0.22740910891794316 0
0.2515792144660052 0
0.25802962112207695 1
0.2618869553991551 2
0.2653058044756652 3
0.2676518115893642 4
0.2702137225835459 5
0.2727600528853217 6
0.2758895462457209 7
0.3200697124694507 8
0.3253337606894679 8
0.34935028512667105 9
0.35459430102788053 9
0.3783437278809813 10
0.38358774378219085 10
0.407346073888095 11
0.4125900897893045 11
0.4363573231480121 12
0.4416013390492216 12
0.5022770069044725 13
0.507521022805682 13
0.5315330956164834 14
0.536777111517693 14
0.5605487965028023 15
0.5657928124040118 15
0.5895734006419245 16
0.594817416543134 16
0.6186069080338502 17
0.6238509239350597 17
0.6850630127717161 18
0.6903070286729257 18
0.7143413596157356 19
0.7195853755169451 19
0.7433793186340629 20
0.7486233345352724 20
0.7724261809051937 21
0.7776701968064033 21
0.8014819464291278 22
0.8067259623303374 22
0.8672213393163192 23
0.8724653552175288 23
0.8965219442923472 24
0.9017659601935567 24
0.9255821614426831 25
0.9308261773438926 25
0.9546512818458224 26
0.9598952977470319 26
