0.30950377720500183 0
0.34042032256484905 0
0.36960741106763356 0
0.39860530544834555 0
0.427612103081861 0
0.4605697191468903 0
0.4673807075415003 0
0.4729741761152437 0
0.4797183901138281 0
0.4854298267872167 0
0.4930643660661423 0
0.522580874922653 0
0.5517902215574461 0
0.5808103740701666 0
0.6098394298356905 0
0.6409830081420247 0
0.6477939965366346 0
0.6545671461068301 0
0.6613069084790129 0
0.6681980261488535 0
0.6758281138013773 0
0.7053668807898966 0
0.7345984855566982 0
0.7636408962014272 0
0.7926922100989596 0
0.823849143284499 0
0.830660131679109 0
0.8374332812493044 0
0.8441730436214872 0
0.8510641612913278 0
0.8579641822139719 0
0.8875252073344997 0
0.9167790702333097 0
0.9458437390100474 0
0.9770028980087875 0
0.9826008182089326 0
0.988165351211065 0
0.9938812395108553 0
