0.3064455098670299 0
0.3078700303155758 0
0.45845964823248175 0
0.4596526841081389 0
0.4651237329558354 0
0.46648815644795827 0
0.4709353312232624 0
0.47208830246130423 0
0.47749257691297514 0
0.478857000405098 0
0.48342214328004735 0
0.48457511451808916 0
0.49056922946798615 0
0.4913037478242676 0
0.6388729372276161 0
0.6400659731032733 0
0.6455370219509697 0
0.6469014454430926 0
0.6523257522135713 0
0.6536901757056941 0
0.6590810952781598 0
0.6604455187702827 0
0.6659877936404065 0
0.6673522171325293 0
0.6733329772032212 0
0.6740674955595026 0
0.8217390723700904 0
0.8229321082457476 0
0.8284031570934441 0
0.829767580585567 0
0.8351918873560455 0
0.8365563108481684 0
0.8419472304206341 0
0.843311653912757 0
0.8488539287828808 0
0.8502183522750036 0
0.8552219803505211 0
0.8561946607192938 0
0.9749039561603832 0
0.9760969920360404 0
0.9805575216905497 0
0.9817104929285915 0
0.9861376353850879 0
0.9872906066231297 0
0.9918691043772843 0
0.9930220756153261 0
