0.16588763204636814 1
0.22756714165520373 1
0.2493022075615326 1
0.2493311431331437 1
0.2519932157213638 1
0.2637121222238545 1
0.2637410577954656 1
0.2671576810587748 2
0.2671866166303859 3
0.26971959205295654 3
0.26974852762456764 3
0.2722659223547323 3
0.2722948579263434 3
0.27854494139433844 3
0.2928925332870364 4
0.2929214688586475 5
0.2944684090332403 5
0.29865516366404465 6
0.29868409923565575 7
0.3005804920827824 8
0.3006094276543935 9
0.3017401407604268 10
0.3017690763320379 11
0.30290646687767375 12
0.30293540244928485 13
0.3063253159541839 13
0.3110707496984023 13
0.32573663287882226 13
0.33068016399791667 13
0.3312789077489461 14
0.33919612530438 14
0.3549971732172349 14
0.3599407043363293 14
0.3605394480873587 15
0.3839906159715452 15
0.38893414709063956 15
0.389532890841669 16
0.4129929619786589 16
0.41793649309775327 16
0.4185352368487827 17
0.44200421123857603 17
0.4469477423576704 17
0.4475464861086998 18
0.459530264382092 18
0.4633519856479565 18
0.4633786954063667 18
0.4757208296050962 18
0.47574753936350644 18
0.4870524446106385 18
0.4886416752360475 18
0.48866838499445775 18
0.48918699947025646 18
0.4946313385595427 18
0.5079238949950364 18
0.5128674261141308 18
0.5134661698651602 19
0.5213566776621839 19
0.5371799837070473 19
0.5421235148261417 19
0.5427222585771712 20
0.5661956845933662 20
0.5711392157124605 20
0.5717379594634899 21
0.5952202887324884 21
0.6001638198515827 21
0.6007625636026123 22
0.624253796124414 22
0.6291973272435084 22
0.6297960709945378 23
0.6399435533772264 23
0.6437652746430909 23
0.6437919844015011 23
0.650558456532094 23
0.6505851662905042 23
0.6573137995966827 23
0.6573405093550929 23
0.6642204979589293 23
0.6642472077173396 23
0.6698206439722753 23
0.6714098745976843 23
0.6714365843560945 23
0.6719551988318933 23
0.6773950862947778 23
0.69070990086228 23
0.6956534319813744 23
0.6962521757324038 24
0.7041426835294274 24
0.7199882477062995 24
0.7249317788253938 24
0.7255305225764233 25
0.7490262067246268 25
0.7539697378437212 25
0.7545684815947507 26
0.7780730689957576 26
0.783016600114852 26
0.7836153438658814 27
0.8071288345196918 27
0.8120723656387862 27
0.8126711093898156 28
0.8228096885197007 28
0.8266314097855652 28
0.8266581195439754 28
0.8334245916745683 28
0.8334513014329785 28
0.840179934739157 28
0.8402066444975672 28
0.8470866331014036 28
0.8471133428598139 28
0.8526867791147495 28
0.8547679144575471 28
0.8595311547073723 28
0.8728682274068831 28
0.8778117585259775 28
0.8784105022770069 29
0.8863010100740305 29
0.9021688323829111 29
0.9071123635020054 29
0.9077111072530349 30
0.9312290495332469 30
0.9361725806523413 30
0.9367713244033707 31
0.9602981699363863 31
0.9652417010554806 31
0.9658404448065101 32
0.9759745723099934 32
0.995503857334277 32
0.9970930879596861 32
0.9971197977180963 32
0.997638412193895 32
