0.1427369489442968 1
0.1433557250141339 2
0.14591318438191392 3
0.14638505678049477 3
0.14702831679554126 4
0.14761147985416473 4
0.16322110783174631 5
0.16700499027319632 6
0.17259178140733716 7
0.17476194927816877 8
0.18580643438080102 9
0.18741347151181684 10
0.19081896570912182 10
0.19271090692984683 11
0.19655043470131814 12
0.19851582775767126 13
0.20121796498350672 14
0.20164309530486962 15
0.2047748144784697 16
0.20743911287989067 16
0.20785979157485188 16
0.20991199134603827 16
0.21060421925150355 16
0.2121333529204895 16
0.2222162867203533 16
0.222977514835045 16
0.22451777757003522 17
