0.22679478447450777 1
0.24009846997600573 2
0.24142505464371408 3
0.24614155281632144 4
0.24897946464740894 5
0.25638029354024494 6
0.2600373046292463 7
0.26338937930973083 8
0.266837163957852 9
0.26939907495203375 10
0.2719454052538095 11
0.2744538967311707 12
0.3129916264907384 13
0.31906587071586606 14
0.3247149846196308 15
0.3436477517060858 16
0.34899415501453457 17
0.3539755249580434 18
0.3726367428339944 19
0.37798759776884483 20
0.3829689677123537 21
0.4016346372147064 22
0.40698994377595854 23
0.4119713137194674 24
0.4306414348482218 25
0.43600119303587564 26
0.44098256297938454 27
0.4965522153518788 28
0.5019208767923361 29
0.5069022467358449 30
0.5258083040638898 31
0.531176965504347 32
0.5361583354478558 33
0.5548195533238068 34
0.5601926663906658 35
0.5651740363341747 36
0.5838397058365273 37
0.589217270529788 38
0.594198640473297 39
0.6128687616020513 40
0.6182507779217137 41
0.6232321478652225 42
0.6793159630871138 43
0.6847068826595797 44
0.6896882526030885 45
0.7085943099311334 46
0.7139852295035991 47
0.718966599447108 48
0.7376278173230589 49
0.7430231885219265 50
0.7480045584654353 51
0.766670227967788 52
0.7720700507930572 53
0.7770514207365661 54
0.7957215418653205 55
0.8011258163169914 56
0.8061071862605003 57
0.8614520314997084 58
0.8668652092041828 59
0.8718465791476916 60
0.8907526364757364 61
0.8961658141802107 62
0.9011471841237196 63
0.9198084019996706 64
0.9252260313305466 65
0.9302074012740554 66
0.9488730707764081 67
0.954295151733686 68
0.9592765216771948 69
