0.12438957072966608 0
0.12447637744449935 0
0.12456095834613176 0
0.12470118457778549 0
0.12490818520546482 0
0.12582299443101538 0
0.12590980114584863 0
0.12599438204748103 0
0.12613460827913478 0
0.1263371572804124 0
0.12725196650596296 0
0.12733877322079623 0
0.12742335412242864 0
0.12756358035408236 0
0.12776612935535997 0
0.1286542288225003 0
0.12874103553733357 0
0.12882561643896598 0
0.12896584267061972 0
0.12916839167189734 0
0.13008320089744788 1
0.13017000761228115 2
0.13025458851391356 3
0.1303948147455673 3
0.1305973637468449 3
0.27717161464941215 3
0.281790177041182 3
0.32968522549713536 3
0.358945765835548 3
0.3879392085898583 3
0.416941554596972 3
0.4459528038568891 3
0.5118724876133496 3
0.5411285763253605 3
0.5701442772116793 3
0.5991688813508015 3
0.6282023887427272 3
0.6946584934805932 3
0.7239368403246126 3
0.75297479934294 3
0.7820216616140707 3
0.8110774271380049 3
0.8768168200251962 3
0.9061174250012242 3
0.9351776421515601 3
0.9642467625546993 3
