0.15297123804181859 1
0.15300462523983138 2
0.1659321483103852 3
0.1659788903876031 4
0.16929090043047226 5
0.1693509973868953 6
0.19727827561799705 7
0.19732501769521496 8
0.19737175977243285 9
0.19742963091565505 10
0.2045054910811665 11
0.2822731785057671 12
0.28236888847340375 13
0.2824423403090319 14
0.32056384300004004 15
0.32065955296767673 16
0.32114478024546267 17
0.3216300075232486 18
0.32211523480103454 19
0.3226004620788205 20
0.3313301014525657 21
0.3314992632558305 22
0.3498444156572604 23
0.34994012562489707 24
0.350425352902683 25
0.35091058018046895 26
0.3513958074582549 27
0.3518810347360408 28
0.36059064179097833 29
0.36075980359424314 30
0.3788378584115707 31
0.37893356837920733 32
0.37941879565699327 33
0.3799040229347792 34
0.38038925021256514 35
0.3808744774903511 36
0.38958408454528864 37
0.38975324634855346 38
0.40784020441868435 39
0.40793591438632104 40
0.408421141664107 41
0.4089063689418929 42
0.40939159621967885 43
0.4098768234974648 44
0.4185864305524023 45
0.4187555923556671 46
0.43685145367860145 47
0.43694716364623815 48
0.4374323909240241 49
0.43791761820181 50
0.43840284547959596 51
0.4388880727573819 52
0.4475976798123194 53
0.4477668416155843 54
0.5027711374350619 55
0.5028668474026986 56
0.5033520746804845 57
0.5038373019582705 58
0.5043225292360564 59
0.5048077565138424 60
0.5135173635687799 61
0.5136865253720446 62
0.5320272261470729 63
0.5321229361147095 64
0.5326081633924954 65
0.5330933906702814 66
0.5335786179480674 67
0.5340638452258533 68
0.5427734522807908 69
0.5429426140840556 70
0.5610429270333916 71
0.5611386370010283 72
0.5616238642788143 73
0.5621090915566002 74
0.5625943188343862 75
0.563079546112172 76
0.5717891531671097 77
0.5719583149703744 78
0.5900675311725139 79
0.5901632411401505 80
0.5906484684179365 81
0.5911336956957224 82
0.5916189229735084 83
0.5921041502512943 84
0.6008137573062319 85
0.6009829191094966 86
0.6191010385644395 87
0.6191967485320762 88
0.6196819758098622 89
0.6201672030876481 90
0.620652430365434 91
0.6211376576432199 92
0.6298472646981574 93
0.6300164265014223 94
0.6855571433023055 95
0.6856528532699422 96
0.6861380805477281 97
0.6866233078255141 98
0.6871085351032999 99
0.6875937623810859 100
0.6963033694360234 101
0.6964725312392883 102
0.714835490146325 103
0.7149312001139616 104
0.7154164273917476 105
0.7159016546695335 106
0.7163868819473195 107
0.7168721092251054 108
0.7255817162800429 109
0.7257508780833077 110
0.7438734491646523 111
0.743969159132289 112
0.7444543864100749 113
0.7449396136878609 114
0.7454248409656468 115
0.7459100682434328 116
0.7546196752983703 117
0.7547888371016351 118
0.7729203114357831 119
0.7730160214034197 120
0.7735012486812057 121
0.7739864759589916 122
0.7744717032367776 123
0.7749569305145635 124
0.783666537569501 125
0.7838356993727659 126
0.8019760769597173 127
0.8020717869273539 128
0.8025570142051398 129
0.8030422414829258 130
0.8035274687607117 131
0.8040126960384977 132
0.8127223030934352 133
0.8128914648967001 134
0.8677154698469086 135
0.8678111798145453 136
0.8682964070923311 137
0.8687816343701171 138
0.869266861647903 139
0.869752088925689 140
0.8784616959806265 141
0.8786308577838914 142
0.8970160748229365 143
0.8971117847905732 144
0.8975970120683592 145
0.8980822393461451 146
0.898567466623931 147
0.8990526939017169 148
0.9077623009566546 149
0.9079314627599193 150
0.9260762919732725 151
0.9261720019409091 152
0.9266572292186951 153
0.927142456496481 154
0.927627683774267 155
0.9281129110520528 156
0.9368225181069904 157
0.9369916799102552 158
0.9551454123764117 159
0.9552411223440483 160
0.9557263496218343 161
0.9562115768996203 162
0.9566968041774062 163
0.9571820314551922 164
0.9658916385101297 165
0.9660608003133945 166
