0.1428927558683565 1
0.14343140266296292 1
0.14559711890739283 1
0.14606453967957192 1
0.14654531533095616 1
0.14713738164238305 1
0.14770496400860053 1
0.1632834306013702 1
0.16579192207873147 1
0.1670673130428202 1
0.17027693567845012 1
0.17118506746439813 1
0.1728410724858327 1
0.17431456082479735 1
0.17489104644381825 1
0.18543027194985687 1
0.18592217666724536 1
0.18704843814687697 1
0.18756482680947484 1
0.18983070464794313 1
0.1909859016991858 1
0.19209435667321056 1
0.19305368216277818 1
0.19454052538094793 1
0.19670624162537784 1
0.19864492492332073 1
0.19999376772303762 1
0.20081509279415236 1
0.20128028775313062 1
0.20171877295369864 1
0.2029830348517831 1
0.20353948815199632 1
0.20503300880976866 1
0.206116979838584 1
0.20683369168925866 1
0.20761272630955718 1
0.20799334036690303 1
0.21012566941332014 1
0.2107711552415675 1
0.2118729327759897 1
0.2123136437897586 1
0.22208941536790466 1
0.22263251378891277 1
0.22308435386868591 1
0.2246891651865009 1
0.2257909427209231 1
