0.12428940913562771 0
0.12437176422405927 0
0.12445857093889252 0
0.12454315184052493 0
0.12468337807217868 0
0.12489037869985799 0
0.125722832836977 0
0.12580518792540854 0
0.1258919946402418 0
0.12597657554187422 0
0.12611680177352796 0
0.12631935077480558 0
0.12715180491192457 0
0.12723416000035612 0
0.1273209667151894 0
0.1274055476168218 0
0.12754577384847554 0
0.12774832284975315 0
0.1285540672284619 0
0.12863642231689348 0
0.12872322903172675 0
0.12880780993335916 0
0.12894803616501288 0
0.1291505851662905 0
0.12998303930340951 1
0.13006539439184106 2
0.13015220110667433 3
0.13023678200830674 4
0.13037700823996046 4
0.1305795572412381 4
0.2335501275390964 4
0.23377493467238256 4
0.23386619301361752 4
0.23516161629651394 4
0.2353463587921847 4
0.23932166116890807 4
0.23945966158736096 4
0.23963772664342917 4
0.2770692272421729 4
0.27715380814380536 4
0.2778015197852535 4
0.2779862622809243 4
0.2781643273369926 4
0.2783201342610523 4
0.27860503835076145 4
0.28168778963394275 4
0.2817723705355752 4
0.2820038551084639 4
0.30582895961039364 4
0.3173653494304144 4
0.31758125331089715 4
0.3181844486883283 4
0.31832244910678115 4
0.3185005141628494 4
0.32958283808989614 4
0.32966741899152857 4
0.32993674238883175 4
0.33012148488450255 4
0.3302995499405708 4
0.3304553568646305 4
0.33074026095433967 4
0.3474538922795443 4
0.3476697961600271 4
0.3481127329869968 4
0.3482507334054497 4
0.3484287984615179 4
0.35884337842830877 4
0.3589279593299412 4
0.3591972827272444 4
0.3593820252229152 4
0.35956009027898345 4
0.35971589720304314 4
0.3600008012927523 4
0.37644733503385464 4
0.37666323891433734 4
0.37710617574130706 4
0.37724417615975997 4
0.3774222412158282 4
0.3878368211826191 4
0.38792140208425147 4
0.3881907254815547 4
0.3883754679772255 4
0.3885535330332937 4
0.3887093399573534 4
0.3889942440470626 4
0.4054496810409683 4
0.40566558492145105 4
0.40610852174842077 4
0.4062465221668737 4
0.4064245872229419 4
0.4168391671897328 4
0.4169237480913652 4
0.4171930714886684 4
0.41737781398433915 4
0.4175558790404074 4
0.4177116859644671 4
0.4179965900541763 4
0.43446093030088545 4
0.43467683418136815 4
0.4351197710083379 4
0.4352577714267908 4
0.435435836482859 4
0.4458504164496499 4
0.4459349973512823 4
0.4462043207485855 4
0.4463890632442563 4
0.4465671283003245 4
0.4467229352243842 4
0.4470078393140934 4
0.5003806140573458 4
0.5005965179378286 4
0.5010394547647983 4
0.5011774551832512 4
0.5013555202393194 4
0.5117701002061104 4
0.5118546811077427 4
0.5121240045050459 4
0.5123087470007167 4
0.5124868120567849 4
0.5126426189808446 4
0.5129275230705538 4
0.5296367027693568 4
0.5298526066498395 4
0.5302955434768093 4
0.5304335438952621 4
0.5306116089513304 4
0.5410261889181213 4
0.5411107698197537 4
0.5413800932170568 4
0.5415648357127276 4
0.5417429007687958 4
0.5418987076928555 4
0.5421836117825648 4
0.5586524036556756 4
0.5588683075361583 4
0.5593112443631281 4
0.559449244781581 4
0.5596273098376492 4
0.57004188980444 4
0.5701264707060725 4
0.5703957941033757 4
0.5705805365990465 4
0.5707586016551147 4
0.5709144085791744 4
0.5711993126688836 4
0.5876770077947978 4
0.5878929116752806 4
0.5883358485022503 4
0.5884738489207032 4
0.5886519139767714 4
0.5990664939435623 4
0.5991510748451947 4
0.5994203982424979 4
0.5996051407381687 4
0.5997832057942369 4
0.5999390127182966 4
0.6002239168080058 4
0.6167105151867235 4
0.6169264190672062 4
0.617369355894176 4
0.6175073563126288 4
0.6176854213686971 4
0.6281000013354879 4
0.6281845822371204 4
0.6284539056344235 4
0.6286386481300943 4
0.6288167131861626 4
0.6289725201102223 4
0.6292574241999315 4
0.6831666199245895 4
0.6833825238050721 4
0.683825460632042 4
0.6839634610504948 4
0.684141526106563 4
0.6945561060733539 4
0.6946406869749863 4
0.6949100103722895 4
0.6950947528679603 4
0.6952728179240285 4
0.6954286248480882 4
0.6957135289377975 4
0.7124449667686089 4
0.7126608706490917 4
0.7131038074760614 4
0.7132418078945143 4
0.7134198729505825 4
0.7238344529173734 4
0.7239190338190058 4
0.724188357216309 4
0.7243730997119797 4
0.724551164768048 4
0.7247069716921077 4
0.7249918757818169 4
0.7414829257869363 4
0.741698829667419 4
0.7421417664943887 4
0.7422797669128416 4
0.7424578319689098 4
0.7528724119357008 4
0.7529569928373331 4
0.7532263162346363 4
0.7534110587303071 4
0.7535891237863753 4
0.753744930710435 4
0.7540298348001442 4
0.770529788058067 4
0.7707456919385498 4
0.7711886287655195 4
0.7713266291839723 4
0.7715046942400406 4
0.7819192742068315 4
0.7820038551084639 4
0.782273178505767 4
0.7824579210014379 4
0.7826359860575061 4
0.7827917929815659 4
0.783076697071275 4
0.7995855535820012 4
0.7998014574624839 4
0.8002443942894536 4
0.8003823947079065 4
0.8005604597639747 4
0.8109750397307657 4
0.811059620632398 4
0.8113289440297012 4
0.811513686525372 4
0.8116917515814402 4
0.8118475585054999 4
0.8121324625952092 4
0.8653249464691926 4
0.8655408503496752 4
0.865983787176645 4
0.8661217875950978 4
0.8662998526511662 4
0.876714432617957 4
0.8767990135195893 4
0.8770683369168926 4
0.8772530794125634 4
0.8774311444686316 4
0.8775869513926913 4
0.8778718554824005 4
0.8946255514452205 4
0.8948414553257032 4
0.895284392152673 4
0.8954223925711259 4
0.8956004576271941 4
0.9060150375939849 4
0.9060996184956174 4
0.9063689418929206 4
0.9065536843885914 4
0.9067317494446596 4
0.9068875563687193 4
0.9071724604584285 4
0.9236857685955564 4
0.9239016724760392 4
0.9243446093030089 4
0.9244826097214618 4
0.92466067477753 4
0.9350752547443208 4
0.9351598356459533 4
0.9354291590432564 4
0.9356139015389272 4
0.9357919665949955 4
0.9359477735190552 4
0.9362326776087644 4
0.9527548889986956 4
0.9529707928791784 4
0.9534137297061481 4
0.953551730124601 4
0.9537297951806692 4
0.9641443751474601 4
0.9642289560490925 4
0.9644982794463958 4
0.9646830219420666 4
0.9648610869981348 4
0.9650168939221945 4
0.9653017980119036 4
