0.16968041774062154 0
0.16969377261982665 0
0.17353997783090053 0
0.17357113921571246 0
0.17358449409491758 0
0.1735978489741227 0
0.17361120385332782 0
0.17362455873253294 0
0.18497398024368203 0
0.18498733512288715 0
0.18500069000209227 0
0.18501404488129738 0
0.1850273997605025 0
0.18504075463970762 0
0.18505410951891274 0
0.18506746439811786 0
0.18508081927732298 0
0.1850941741565281 0
0.18666337246312942 0
0.1866767273423345 0
0.18669008222153963 0
0.18670343710074475 0
0.18671679197994986 0
0.18673014685915498 0
0.1867435017383601 0
0.18675685661756522 0
0.18677021149677034 0
0.18678356637597546 0
0.18679692125518058 0
0.1868102761343857 0
0.18931431598534523 0
0.18932767086455035 0
0.18934102574375547 0
0.1893543806229606 0
0.1893677355021657 0
0.18938109038137083 0
0.18939444526057594 0
0.18940780013978106 0
0.18942115501898618 0
0.1894345098981913 0
0.18944786477739642 0
0.18946121965660154 0
0.18947457453580666 0
0.18948792941501177 0
0.19167590379145022 0
0.19169371029705704 0
0.19170706517626215 0
0.19172042005546727 0
0.1917337749346724 0
0.1917471298138775 0
0.19176048469308263 0
0.19177383957228775 0
0.19178719445149287 0
0.19180054933069798 0
0.19181390420990307 0
0.1939217493111108 0
0.19393510419031593 0
0.19394845906952105 0
0.19396181394872616 0
0.19397516882793128 0
0.1939885237071364 0
0.19400187858634152 0
0.19401523346554664 0
0.19402858834475176 0
0.19404194322395688 0
0.194055298103162 0
0.1940686529823671 0
0.19947070162083716 0
0.19950186300564912 0
0.19951521788485424 0
0.20046341430841758 0
0.2004767691876227 0
0.20232419414433064 0
0.20235535552914258 0
0.2023687104083477 0
0.20238206528755281 0
0.2032901970735008 0
0.2033035519527059 0
0.20331690683191103 0
0.20333026171111615 0
0.20657994898436144 0
0.20659330386356656 0
0.2113721248057978 0
0.21138993131140463 0
0.22136602607762745 0
0.22139718746243942 0
0.2214105423416445 0
0.22142389722084962 0
0.22143725210005474 0
0.22145060697925986 0
0.2252144571019022 0
0.22524561848671412 0
0.22525897336591924 0
0.22527232824512436 0
