0.22740910891794316 1
0.2515792144660052 2
0.25802962112207695 3
0.2618869553991551 4
0.2653058044756652 5
0.2676518115893642 6
0.2702137225835459 7
0.2727600528853217 8
0.2758895462457209 9
0.31596976455347964 10
0.3200697124694507 11
0.3253337606894679 12
0.3461028236666266 13
0.34935028512667105 14
0.35459430102788053 15
0.3750962664209369 16
0.3783437278809813 17
0.38358774378219085 18
0.40409861242805056 19
0.407346073888095 20
0.4125900897893045 21
0.4331098616879677 22
0.4363573231480121 23
0.4416013390492216 24
0.4990295454444281 25
0.5022770069044725 26
0.507521022805682 27
0.528285634156439 28
0.5315330956164834 29
0.536777111517693 30
0.5573013350427579 31
0.5605487965028023 32
0.5657928124040118 33
0.5863259391818801 34
0.5895734006419245 35
0.594817416543134 36
0.6153594465738057 37
0.6186069080338502 38
0.6238509239350597 39
0.6818155513116717 40
0.6850630127717161 41
0.6903070286729257 42
0.7110938981556911 43
0.7143413596157356 44
0.7195853755169451 45
0.7401318571740185 46
0.7433793186340629 47
0.7486233345352724 48
0.7691787194451493 49
0.7724261809051937 50
0.7776701968064033 51
0.7982344849690834 52
0.8014819464291278 53
0.8067259623303374 54
0.8639738778562748 55
0.8672213393163192 56
0.8724653552175288 57
0.8932744828323028 58
0.8965219442923472 59
0.9017659601935567 60
0.9223346999826386 61
0.9255821614426831 62
0.9308261773438926 63
0.951403820385778 64
0.9546512818458224 65
0.9598952977470319 66
