0   0.001   0 
1   0.002   0 
2   0.003   0 
3   0.004   0 
4   0.004   0.014925373134328358 
5   0.006   0.014925373134328358 
6   0.007   0.014925373134328358 
7   0.008   0.014925373134328358 
8   0.009000000000000001   0.014925373134328358 
9   0.010000000000000002   0.014925373134328358 
10   0.011000000000000003   0.014925373134328358 
11   0.012000000000000004   0.014925373134328358 
12   0.013000000000000005   0.014925373134328358 
13   0.014000000000000005   0.014925373134328358 
14   0.015000000000000006   0.014925373134328358 
15   0.016000000000000007   0.014925373134328358 
16   0.017000000000000008   0.014925373134328358 
17   0.01800000000000001   0.014925373134328358 
18   0.01900000000000001   0.014925373134328358 
19   0.02000000000000001   0.014925373134328358 
20   0.02100000000000001   0.014925373134328358 
21   0.022000000000000013   0.014925373134328358 
22   0.023000000000000013   0.014925373134328358 
23   0.024000000000000014   0.014925373134328358 
24   0.025000000000000015   0.014925373134328358 
25   0.026000000000000016   0.014925373134328358 
26   0.027000000000000017   0.014925373134328358 
27   0.028000000000000018   0.014925373134328358 
28   0.02900000000000002   0.014925373134328358 
29   0.03000000000000002   0.014925373134328358 
30   0.03000000000000002   0.029850746268656716 
31   0.03200000000000002   0.029850746268656716 
32   0.03300000000000002   0.029850746268656716 
33   0.03400000000000002   0.029850746268656716 
34   0.035000000000000024   0.029850746268656716 
35   0.035000000000000024   0.04477611940298507 
36   0.037000000000000026   0.04477611940298507 
37   0.037000000000000026   0.05970149253731343 
38   0.03900000000000003   0.05970149253731343 
39   0.04000000000000003   0.05970149253731343 
40   0.04100000000000003   0.05970149253731343 
41   0.04200000000000003   0.05970149253731343 
42   0.04300000000000003   0.05970149253731343 
43   0.04400000000000003   0.05970149253731343 
44   0.04500000000000003   0.05970149253731343 
45   0.046000000000000034   0.05970149253731343 
46   0.047000000000000035   0.05970149253731343 
47   0.048000000000000036   0.05970149253731343 
48   0.04900000000000004   0.05970149253731343 
49   0.05000000000000004   0.05970149253731343 
50   0.05100000000000004   0.05970149253731343 
51   0.05200000000000004   0.05970149253731343 
52   0.05300000000000004   0.05970149253731343 
53   0.05400000000000004   0.05970149253731343 
54   0.05500000000000004   0.05970149253731343 
55   0.05600000000000004   0.05970149253731343 
56   0.057000000000000044   0.05970149253731343 
57   0.058000000000000045   0.05970149253731343 
58   0.059000000000000045   0.05970149253731343 
59   0.059000000000000045   0.07462686567164178 
60   0.06100000000000005   0.07462686567164178 
61   0.06200000000000005   0.07462686567164178 
62   0.06300000000000004   0.07462686567164178 
63   0.06400000000000004   0.07462686567164178 
64   0.06400000000000004   0.08955223880597014 
65   0.06600000000000004   0.08955223880597014 
66   0.06600000000000004   0.1044776119402985 
67   0.06800000000000005   0.1044776119402985 
68   0.06900000000000005   0.1044776119402985 
69   0.07000000000000005   0.1044776119402985 
70   0.07100000000000005   0.1044776119402985 
71   0.07200000000000005   0.1044776119402985 
72   0.07300000000000005   0.1044776119402985 
73   0.07400000000000005   0.1044776119402985 
74   0.07500000000000005   0.1044776119402985 
75   0.07600000000000005   0.1044776119402985 
76   0.07700000000000005   0.1044776119402985 
77   0.07800000000000006   0.1044776119402985 
78   0.07900000000000006   0.1044776119402985 
79   0.08000000000000006   0.1044776119402985 
80   0.08100000000000006   0.1044776119402985 
81   0.08200000000000006   0.1044776119402985 
82   0.08300000000000006   0.1044776119402985 
83   0.08400000000000006   0.1044776119402985 
84   0.08500000000000006   0.1044776119402985 
85   0.08600000000000006   0.1044776119402985 
86   0.08700000000000006   0.1044776119402985 
87   0.08800000000000006   0.1044776119402985 
88   0.08900000000000007   0.1044776119402985 
89   0.08900000000000007   0.11940298507462686 
90   0.09100000000000007   0.11940298507462686 
91   0.09200000000000007   0.11940298507462686 
92   0.09300000000000007   0.11940298507462686 
93   0.09300000000000007   0.13432835820895522 
94   0.09500000000000007   0.13432835820895522 
95   0.09500000000000007   0.14925373134328357 
96   0.09700000000000007   0.14925373134328357 
97   0.09800000000000007   0.14925373134328357 
98   0.09900000000000007   0.14925373134328357 
99   0.10000000000000007   0.14925373134328357 
100   0.10100000000000008   0.14925373134328357 
101   0.10200000000000008   0.14925373134328357 
102   0.10300000000000008   0.14925373134328357 
103   0.10400000000000008   0.14925373134328357 
104   0.10500000000000008   0.14925373134328357 
105   0.10600000000000008   0.14925373134328357 
106   0.10700000000000008   0.14925373134328357 
107   0.10800000000000008   0.14925373134328357 
108   0.10900000000000008   0.14925373134328357 
109   0.11000000000000008   0.14925373134328357 
110   0.11100000000000008   0.14925373134328357 
111   0.11200000000000009   0.14925373134328357 
112   0.11300000000000009   0.14925373134328357 
113   0.11400000000000009   0.14925373134328357 
114   0.11500000000000009   0.14925373134328357 
115   0.11600000000000009   0.14925373134328357 
116   0.11700000000000009   0.14925373134328357 
117   0.11800000000000009   0.14925373134328357 
118   0.11800000000000009   0.16417910447761191 
119   0.12000000000000009   0.16417910447761191 
120   0.1210000000000001   0.16417910447761191 
121   0.1220000000000001   0.16417910447761191 
122   0.1220000000000001   0.17910447761194026 
123   0.1240000000000001   0.17910447761194026 
124   0.1240000000000001   0.1940298507462686 
125   0.12600000000000008   0.1940298507462686 
126   0.12700000000000009   0.1940298507462686 
127   0.12800000000000009   0.1940298507462686 
128   0.1290000000000001   0.1940298507462686 
129   0.1300000000000001   0.1940298507462686 
130   0.1310000000000001   0.1940298507462686 
131   0.1320000000000001   0.1940298507462686 
132   0.1330000000000001   0.1940298507462686 
133   0.1340000000000001   0.1940298507462686 
134   0.1350000000000001   0.1940298507462686 
135   0.1360000000000001   0.1940298507462686 
136   0.1370000000000001   0.1940298507462686 
137   0.1380000000000001   0.1940298507462686 
138   0.1390000000000001   0.1940298507462686 
139   0.1400000000000001   0.1940298507462686 
140   0.1410000000000001   0.1940298507462686 
141   0.1420000000000001   0.1940298507462686 
142   0.1430000000000001   0.1940298507462686 
143   0.1440000000000001   0.1940298507462686 
144   0.1450000000000001   0.1940298507462686 
145   0.1460000000000001   0.1940298507462686 
146   0.1470000000000001   0.1940298507462686 
147   0.1480000000000001   0.1940298507462686 
148   0.1490000000000001   0.1940298507462686 
149   0.1500000000000001   0.1940298507462686 
150   0.1510000000000001   0.1940298507462686 
151   0.1520000000000001   0.1940298507462686 
152   0.1530000000000001   0.1940298507462686 
153   0.1540000000000001   0.1940298507462686 
154   0.1550000000000001   0.1940298507462686 
155   0.1560000000000001   0.1940298507462686 
156   0.1570000000000001   0.1940298507462686 
157   0.1580000000000001   0.1940298507462686 
158   0.1590000000000001   0.1940298507462686 
159   0.16000000000000011   0.1940298507462686 
160   0.16100000000000012   0.1940298507462686 
161   0.16200000000000012   0.1940298507462686 
162   0.16300000000000012   0.1940298507462686 
163   0.16400000000000012   0.1940298507462686 
164   0.16500000000000012   0.1940298507462686 
165   0.16600000000000012   0.1940298507462686 
166   0.16700000000000012   0.1940298507462686 
167   0.16800000000000012   0.1940298507462686 
168   0.16900000000000012   0.1940298507462686 
169   0.17000000000000012   0.1940298507462686 
170   0.17100000000000012   0.1940298507462686 
171   0.17200000000000013   0.1940298507462686 
172   0.17300000000000013   0.1940298507462686 
173   0.17400000000000013   0.1940298507462686 
174   0.17500000000000013   0.1940298507462686 
175   0.17600000000000013   0.1940298507462686 
176   0.17700000000000013   0.1940298507462686 
177   0.17800000000000013   0.1940298507462686 
178   0.17900000000000013   0.1940298507462686 
179   0.18000000000000013   0.1940298507462686 
180   0.18100000000000013   0.1940298507462686 
181   0.18200000000000013   0.1940298507462686 
182   0.18300000000000013   0.1940298507462686 
183   0.18400000000000014   0.1940298507462686 
184   0.18400000000000014   0.20895522388059695 
185   0.18600000000000014   0.20895522388059695 
186   0.18700000000000014   0.20895522388059695 
187   0.18800000000000014   0.20895522388059695 
188   0.18800000000000014   0.2238805970149253 
189   0.19000000000000014   0.2238805970149253 
190   0.19000000000000014   0.23880597014925364 
191   0.19200000000000014   0.23880597014925364 
192   0.19300000000000014   0.23880597014925364 
193   0.19400000000000014   0.23880597014925364 
194   0.19500000000000015   0.23880597014925364 
195   0.19600000000000015   0.23880597014925364 
196   0.19700000000000015   0.23880597014925364 
197   0.19800000000000015   0.23880597014925364 
198   0.19900000000000015   0.23880597014925364 
199   0.20000000000000015   0.23880597014925364 
200   0.20100000000000015   0.23880597014925364 
201   0.20200000000000015   0.23880597014925364 
202   0.20300000000000015   0.23880597014925364 
203   0.20400000000000015   0.23880597014925364 
204   0.20500000000000015   0.23880597014925364 
205   0.20600000000000016   0.23880597014925364 
206   0.20700000000000016   0.23880597014925364 
207   0.20800000000000016   0.23880597014925364 
208   0.20900000000000016   0.23880597014925364 
209   0.21000000000000016   0.23880597014925364 
210   0.21100000000000016   0.23880597014925364 
211   0.21200000000000016   0.23880597014925364 
212   0.21300000000000016   0.23880597014925364 
213   0.21300000000000016   0.253731343283582 
214   0.21500000000000016   0.253731343283582 
215   0.21600000000000016   0.253731343283582 
216   0.21700000000000016   0.253731343283582 
217   0.21700000000000016   0.26865671641791034 
218   0.21900000000000017   0.26865671641791034 
219   0.21900000000000017   0.2835820895522387 
220   0.22100000000000017   0.2835820895522387 
221   0.22200000000000017   0.2835820895522387 
222   0.22300000000000017   0.2835820895522387 
223   0.22400000000000017   0.2835820895522387 
224   0.22500000000000017   0.2835820895522387 
225   0.22600000000000017   0.2835820895522387 
226   0.22700000000000017   0.2835820895522387 
227   0.22800000000000017   0.2835820895522387 
228   0.22900000000000018   0.2835820895522387 
229   0.23000000000000018   0.2835820895522387 
230   0.23100000000000018   0.2835820895522387 
231   0.23200000000000018   0.2835820895522387 
232   0.23300000000000018   0.2835820895522387 
233   0.23400000000000018   0.2835820895522387 
234   0.23500000000000018   0.2835820895522387 
235   0.23600000000000018   0.2835820895522387 
236   0.23700000000000018   0.2835820895522387 
237   0.23800000000000018   0.2835820895522387 
238   0.23900000000000018   0.2835820895522387 
239   0.24000000000000019   0.2835820895522387 
240   0.2410000000000002   0.2835820895522387 
241   0.2420000000000002   0.2835820895522387 
242   0.2420000000000002   0.298507462686567 
243   0.2440000000000002   0.298507462686567 
244   0.2450000000000002   0.298507462686567 
245   0.2460000000000002   0.298507462686567 
246   0.2460000000000002   0.3134328358208954 
247   0.2480000000000002   0.3134328358208954 
248   0.2480000000000002   0.3283582089552237 
249   0.25000000000000017   0.3283582089552237 
250   0.25100000000000017   0.3283582089552237 
251   0.25200000000000017   0.3283582089552237 
252   0.25300000000000017   0.3283582089552237 
253   0.25400000000000017   0.3283582089552237 
254   0.25500000000000017   0.3283582089552237 
255   0.25600000000000017   0.3283582089552237 
256   0.2570000000000002   0.3283582089552237 
257   0.2580000000000002   0.3283582089552237 
258   0.2590000000000002   0.3283582089552237 
259   0.2600000000000002   0.3283582089552237 
260   0.2610000000000002   0.3283582089552237 
261   0.2620000000000002   0.3283582089552237 
262   0.2630000000000002   0.3283582089552237 
263   0.2640000000000002   0.3283582089552237 
264   0.2650000000000002   0.3283582089552237 
265   0.2660000000000002   0.3283582089552237 
266   0.2670000000000002   0.3283582089552237 
267   0.2680000000000002   0.3283582089552237 
268   0.2690000000000002   0.3283582089552237 
269   0.2700000000000002   0.3283582089552237 
270   0.2710000000000002   0.3283582089552237 
271   0.2710000000000002   0.34328358208955206 
272   0.2730000000000002   0.34328358208955206 
273   0.2740000000000002   0.34328358208955206 
274   0.2750000000000002   0.34328358208955206 
275   0.2750000000000002   0.3582089552238804 
276   0.2770000000000002   0.3582089552238804 
277   0.2770000000000002   0.37313432835820876 
278   0.2790000000000002   0.37313432835820876 
279   0.2800000000000002   0.37313432835820876 
280   0.2810000000000002   0.37313432835820876 
281   0.2820000000000002   0.37313432835820876 
282   0.2830000000000002   0.37313432835820876 
283   0.2840000000000002   0.37313432835820876 
284   0.2850000000000002   0.37313432835820876 
285   0.2860000000000002   0.37313432835820876 
286   0.2870000000000002   0.37313432835820876 
287   0.2880000000000002   0.37313432835820876 
288   0.2890000000000002   0.37313432835820876 
289   0.2900000000000002   0.37313432835820876 
290   0.2910000000000002   0.37313432835820876 
291   0.2920000000000002   0.37313432835820876 
292   0.2930000000000002   0.37313432835820876 
293   0.2940000000000002   0.37313432835820876 
294   0.2950000000000002   0.37313432835820876 
295   0.2960000000000002   0.37313432835820876 
296   0.2970000000000002   0.37313432835820876 
297   0.2980000000000002   0.37313432835820876 
298   0.2990000000000002   0.37313432835820876 
299   0.3000000000000002   0.37313432835820876 
300   0.3000000000000002   0.3880597014925371 
301   0.3020000000000002   0.3880597014925371 
302   0.3030000000000002   0.3880597014925371 
303   0.3040000000000002   0.3880597014925371 
304   0.3040000000000002   0.40298507462686545 
305   0.3060000000000002   0.40298507462686545 
306   0.3060000000000002   0.4179104477611938 
307   0.3080000000000002   0.4179104477611938 
308   0.3090000000000002   0.4179104477611938 
309   0.3100000000000002   0.4179104477611938 
310   0.3110000000000002   0.4179104477611938 
311   0.3120000000000002   0.4179104477611938 
312   0.3130000000000002   0.4179104477611938 
313   0.3140000000000002   0.4179104477611938 
314   0.3150000000000002   0.4179104477611938 
315   0.3160000000000002   0.4179104477611938 
316   0.3170000000000002   0.4179104477611938 
317   0.3180000000000002   0.4179104477611938 
318   0.31900000000000023   0.4179104477611938 
319   0.32000000000000023   0.4179104477611938 
320   0.32100000000000023   0.4179104477611938 
321   0.32200000000000023   0.4179104477611938 
322   0.32300000000000023   0.4179104477611938 
323   0.32400000000000023   0.4179104477611938 
324   0.32500000000000023   0.4179104477611938 
325   0.32600000000000023   0.4179104477611938 
326   0.32700000000000023   0.4179104477611938 
327   0.32800000000000024   0.4179104477611938 
328   0.32900000000000024   0.4179104477611938 
329   0.33000000000000024   0.4179104477611938 
330   0.33100000000000024   0.4179104477611938 
331   0.33200000000000024   0.4179104477611938 
332   0.33300000000000024   0.4179104477611938 
333   0.33400000000000024   0.4179104477611938 
334   0.33500000000000024   0.4179104477611938 
335   0.33600000000000024   0.4179104477611938 
336   0.33700000000000024   0.4179104477611938 
337   0.33800000000000024   0.4179104477611938 
338   0.33900000000000025   0.4179104477611938 
339   0.34000000000000025   0.4179104477611938 
340   0.34100000000000025   0.4179104477611938 
341   0.34200000000000025   0.4179104477611938 
342   0.34300000000000025   0.4179104477611938 
343   0.34400000000000025   0.4179104477611938 
344   0.34500000000000025   0.4179104477611938 
345   0.34600000000000025   0.4179104477611938 
346   0.34700000000000025   0.4179104477611938 
347   0.34800000000000025   0.4179104477611938 
348   0.34900000000000025   0.4179104477611938 
349   0.35000000000000026   0.4179104477611938 
350   0.35100000000000026   0.4179104477611938 
351   0.35200000000000026   0.4179104477611938 
352   0.35300000000000026   0.4179104477611938 
353   0.35400000000000026   0.4179104477611938 
354   0.35500000000000026   0.4179104477611938 
355   0.35600000000000026   0.4179104477611938 
356   0.35700000000000026   0.4179104477611938 
357   0.35800000000000026   0.4179104477611938 
358   0.35900000000000026   0.4179104477611938 
359   0.36000000000000026   0.4179104477611938 
360   0.36100000000000027   0.4179104477611938 
361   0.36200000000000027   0.4179104477611938 
362   0.36300000000000027   0.4179104477611938 
363   0.36400000000000027   0.4179104477611938 
364   0.36500000000000027   0.4179104477611938 
365   0.36600000000000027   0.4179104477611938 
366   0.36600000000000027   0.43283582089552214 
367   0.36800000000000027   0.43283582089552214 
368   0.36900000000000027   0.43283582089552214 
369   0.3700000000000003   0.43283582089552214 
370   0.3710000000000003   0.43283582089552214 
371   0.3710000000000003   0.4477611940298505 
372   0.3730000000000003   0.4477611940298505 
373   0.3730000000000003   0.46268656716417883 
374   0.3750000000000003   0.46268656716417883 
375   0.3760000000000003   0.46268656716417883 
376   0.3770000000000003   0.46268656716417883 
377   0.3780000000000003   0.46268656716417883 
378   0.3790000000000003   0.46268656716417883 
379   0.3800000000000003   0.46268656716417883 
380   0.3810000000000003   0.46268656716417883 
381   0.3820000000000003   0.46268656716417883 
382   0.3830000000000003   0.46268656716417883 
383   0.3840000000000003   0.46268656716417883 
384   0.3850000000000003   0.46268656716417883 
385   0.3860000000000003   0.46268656716417883 
386   0.3870000000000003   0.46268656716417883 
387   0.3880000000000003   0.46268656716417883 
388   0.3890000000000003   0.46268656716417883 
389   0.3900000000000003   0.46268656716417883 
390   0.3910000000000003   0.46268656716417883 
391   0.3920000000000003   0.46268656716417883 
392   0.3930000000000003   0.46268656716417883 
393   0.3940000000000003   0.46268656716417883 
394   0.3950000000000003   0.46268656716417883 
395   0.3950000000000003   0.4776119402985072 
396   0.3970000000000003   0.4776119402985072 
397   0.3980000000000003   0.4776119402985072 
398   0.3990000000000003   0.4776119402985072 
399   0.4000000000000003   0.4776119402985072 
400   0.4000000000000003   0.4925373134328355 
401   0.4020000000000003   0.4925373134328355 
402   0.4020000000000003   0.5074626865671639 
403   0.4040000000000003   0.5074626865671639 
404   0.4050000000000003   0.5074626865671639 
405   0.4060000000000003   0.5074626865671639 
406   0.4070000000000003   0.5074626865671639 
407   0.4080000000000003   0.5074626865671639 
408   0.4090000000000003   0.5074626865671639 
409   0.4100000000000003   0.5074626865671639 
410   0.4110000000000003   0.5074626865671639 
411   0.4120000000000003   0.5074626865671639 
412   0.4130000000000003   0.5074626865671639 
413   0.4140000000000003   0.5074626865671639 
414   0.4150000000000003   0.5074626865671639 
415   0.4160000000000003   0.5074626865671639 
416   0.4170000000000003   0.5074626865671639 
417   0.4180000000000003   0.5074626865671639 
418   0.4190000000000003   0.5074626865671639 
419   0.4200000000000003   0.5074626865671639 
420   0.4210000000000003   0.5074626865671639 
421   0.4220000000000003   0.5074626865671639 
422   0.4230000000000003   0.5074626865671639 
423   0.4240000000000003   0.5074626865671639 
424   0.4240000000000003   0.5223880597014923 
425   0.4260000000000003   0.5223880597014923 
426   0.4270000000000003   0.5223880597014923 
427   0.4280000000000003   0.5223880597014923 
428   0.4290000000000003   0.5223880597014923 
429   0.4290000000000003   0.5373134328358207 
430   0.4310000000000003   0.5373134328358207 
431   0.4310000000000003   0.5522388059701491 
432   0.43300000000000033   0.5522388059701491 
433   0.43400000000000033   0.5522388059701491 
434   0.43500000000000033   0.5522388059701491 
435   0.43600000000000033   0.5522388059701491 
436   0.43700000000000033   0.5522388059701491 
437   0.43800000000000033   0.5522388059701491 
438   0.43900000000000033   0.5522388059701491 
439   0.44000000000000034   0.5522388059701491 
440   0.44100000000000034   0.5522388059701491 
441   0.44200000000000034   0.5522388059701491 
442   0.44300000000000034   0.5522388059701491 
443   0.44400000000000034   0.5522388059701491 
444   0.44500000000000034   0.5522388059701491 
445   0.44600000000000034   0.5522388059701491 
446   0.44700000000000034   0.5522388059701491 
447   0.44800000000000034   0.5522388059701491 
448   0.44900000000000034   0.5522388059701491 
449   0.45000000000000034   0.5522388059701491 
450   0.45100000000000035   0.5522388059701491 
451   0.45200000000000035   0.5522388059701491 
452   0.45300000000000035   0.5522388059701491 
453   0.45400000000000035   0.5522388059701491 
454   0.45400000000000035   0.5671641791044775 
455   0.45600000000000035   0.5671641791044775 
456   0.45700000000000035   0.5671641791044775 
457   0.45800000000000035   0.5671641791044775 
458   0.45800000000000035   0.5820895522388059 
459   0.46000000000000035   0.5820895522388059 
460   0.46000000000000035   0.5970149253731343 
461   0.46200000000000035   0.5970149253731343 
462   0.46300000000000036   0.5970149253731343 
463   0.46400000000000036   0.5970149253731343 
464   0.46500000000000036   0.5970149253731343 
465   0.46600000000000036   0.5970149253731343 
466   0.46700000000000036   0.5970149253731343 
467   0.46800000000000036   0.5970149253731343 
468   0.46900000000000036   0.5970149253731343 
469   0.47000000000000036   0.5970149253731343 
470   0.47100000000000036   0.5970149253731343 
471   0.47200000000000036   0.5970149253731343 
472   0.47300000000000036   0.5970149253731343 
473   0.47400000000000037   0.5970149253731343 
474   0.47500000000000037   0.5970149253731343 
475   0.47600000000000037   0.5970149253731343 
476   0.47700000000000037   0.5970149253731343 
477   0.47800000000000037   0.5970149253731343 
478   0.47900000000000037   0.5970149253731343 
479   0.48000000000000037   0.5970149253731343 
480   0.48100000000000037   0.5970149253731343 
481   0.4820000000000004   0.5970149253731343 
482   0.4830000000000004   0.5970149253731343 
483   0.4830000000000004   0.6119402985074627 
484   0.4850000000000004   0.6119402985074627 
485   0.4860000000000004   0.6119402985074627 
486   0.4870000000000004   0.6119402985074627 
487   0.4870000000000004   0.6268656716417911 
488   0.4890000000000004   0.6268656716417911 
489   0.4890000000000004   0.6417910447761195 
490   0.4910000000000004   0.6417910447761195 
491   0.4920000000000004   0.6417910447761195 
492   0.4930000000000004   0.6417910447761195 
493   0.4940000000000004   0.6417910447761195 
494   0.4950000000000004   0.6417910447761195 
495   0.4960000000000004   0.6417910447761195 
496   0.4970000000000004   0.6417910447761195 
497   0.4980000000000004   0.6417910447761195 
498   0.4990000000000004   0.6417910447761195 
499   0.5000000000000003   0.6417910447761195 
500   0.5010000000000003   0.6417910447761195 
501   0.5020000000000003   0.6417910447761195 
502   0.5030000000000003   0.6417910447761195 
503   0.5040000000000003   0.6417910447761195 
504   0.5050000000000003   0.6417910447761195 
505   0.5060000000000003   0.6417910447761195 
506   0.5070000000000003   0.6417910447761195 
507   0.5080000000000003   0.6417910447761195 
508   0.5090000000000003   0.6417910447761195 
509   0.5100000000000003   0.6417910447761195 
510   0.5110000000000003   0.6417910447761195 
511   0.5120000000000003   0.6417910447761195 
512   0.5130000000000003   0.6417910447761195 
513   0.5140000000000003   0.6417910447761195 
514   0.5150000000000003   0.6417910447761195 
515   0.5160000000000003   0.6417910447761195 
516   0.5170000000000003   0.6417910447761195 
517   0.5180000000000003   0.6417910447761195 
518   0.5190000000000003   0.6417910447761195 
519   0.5200000000000004   0.6417910447761195 
520   0.5210000000000004   0.6417910447761195 
521   0.5220000000000004   0.6417910447761195 
522   0.5230000000000004   0.6417910447761195 
523   0.5240000000000004   0.6417910447761195 
524   0.5250000000000004   0.6417910447761195 
525   0.5260000000000004   0.6417910447761195 
526   0.5270000000000004   0.6417910447761195 
527   0.5280000000000004   0.6417910447761195 
528   0.5290000000000004   0.6417910447761195 
529   0.5300000000000004   0.6417910447761195 
530   0.5310000000000004   0.6417910447761195 
531   0.5320000000000004   0.6417910447761195 
532   0.5330000000000004   0.6417910447761195 
533   0.5340000000000004   0.6417910447761195 
534   0.5350000000000004   0.6417910447761195 
535   0.5360000000000004   0.6417910447761195 
536   0.5370000000000004   0.6417910447761195 
537   0.5380000000000004   0.6417910447761195 
538   0.5390000000000004   0.6417910447761195 
539   0.5400000000000004   0.6417910447761195 
540   0.5410000000000004   0.6417910447761195 
541   0.5420000000000004   0.6417910447761195 
542   0.5430000000000004   0.6417910447761195 
543   0.5440000000000004   0.6417910447761195 
544   0.5450000000000004   0.6417910447761195 
545   0.5460000000000004   0.6417910447761195 
546   0.5470000000000004   0.6417910447761195 
547   0.5480000000000004   0.6417910447761195 
548   0.5490000000000004   0.6417910447761195 
549   0.5490000000000004   0.6567164179104479 
550   0.5510000000000004   0.6567164179104479 
551   0.5520000000000004   0.6567164179104479 
552   0.5530000000000004   0.6567164179104479 
553   0.5530000000000004   0.6716417910447763 
554   0.5550000000000004   0.6716417910447763 
555   0.5550000000000004   0.6865671641791047 
556   0.5570000000000004   0.6865671641791047 
557   0.5580000000000004   0.6865671641791047 
558   0.5590000000000004   0.6865671641791047 
559   0.5600000000000004   0.6865671641791047 
560   0.5610000000000004   0.6865671641791047 
561   0.5620000000000004   0.6865671641791047 
562   0.5630000000000004   0.6865671641791047 
563   0.5640000000000004   0.6865671641791047 
564   0.5650000000000004   0.6865671641791047 
565   0.5660000000000004   0.6865671641791047 
566   0.5670000000000004   0.6865671641791047 
567   0.5680000000000004   0.6865671641791047 
568   0.5690000000000004   0.6865671641791047 
569   0.5700000000000004   0.6865671641791047 
570   0.5710000000000004   0.6865671641791047 
571   0.5720000000000004   0.6865671641791047 
572   0.5730000000000004   0.6865671641791047 
573   0.5740000000000004   0.6865671641791047 
574   0.5750000000000004   0.6865671641791047 
575   0.5760000000000004   0.6865671641791047 
576   0.5770000000000004   0.6865671641791047 
577   0.5780000000000004   0.6865671641791047 
578   0.5780000000000004   0.7014925373134331 
579   0.5800000000000004   0.7014925373134331 
580   0.5810000000000004   0.7014925373134331 
581   0.5820000000000004   0.7014925373134331 
582   0.5820000000000004   0.7164179104477615 
583   0.5840000000000004   0.7164179104477615 
584   0.5840000000000004   0.7313432835820899 
585   0.5860000000000004   0.7313432835820899 
586   0.5870000000000004   0.7313432835820899 
587   0.5880000000000004   0.7313432835820899 
588   0.5890000000000004   0.7313432835820899 
589   0.5900000000000004   0.7313432835820899 
590   0.5910000000000004   0.7313432835820899 
591   0.5920000000000004   0.7313432835820899 
592   0.5930000000000004   0.7313432835820899 
593   0.5940000000000004   0.7313432835820899 
594   0.5950000000000004   0.7313432835820899 
595   0.5960000000000004   0.7313432835820899 
596   0.5970000000000004   0.7313432835820899 
597   0.5980000000000004   0.7313432835820899 
598   0.5990000000000004   0.7313432835820899 
599   0.6000000000000004   0.7313432835820899 
600   0.6010000000000004   0.7313432835820899 
601   0.6020000000000004   0.7313432835820899 
602   0.6030000000000004   0.7313432835820899 
603   0.6040000000000004   0.7313432835820899 
604   0.6050000000000004   0.7313432835820899 
605   0.6060000000000004   0.7313432835820899 
606   0.6070000000000004   0.7313432835820899 
607   0.6070000000000004   0.7462686567164183 
608   0.6090000000000004   0.7462686567164183 
609   0.6100000000000004   0.7462686567164183 
610   0.6110000000000004   0.7462686567164183 
611   0.6110000000000004   0.7611940298507467 
612   0.6130000000000004   0.7611940298507467 
613   0.6130000000000004   0.7761194029850751 
614   0.6150000000000004   0.7761194029850751 
615   0.6160000000000004   0.7761194029850751 
616   0.6170000000000004   0.7761194029850751 
617   0.6180000000000004   0.7761194029850751 
618   0.6190000000000004   0.7761194029850751 
619   0.6200000000000004   0.7761194029850751 
620   0.6210000000000004   0.7761194029850751 
621   0.6220000000000004   0.7761194029850751 
622   0.6230000000000004   0.7761194029850751 
623   0.6240000000000004   0.7761194029850751 
624   0.6250000000000004   0.7761194029850751 
625   0.6260000000000004   0.7761194029850751 
626   0.6270000000000004   0.7761194029850751 
627   0.6280000000000004   0.7761194029850751 
628   0.6290000000000004   0.7761194029850751 
629   0.6300000000000004   0.7761194029850751 
630   0.6310000000000004   0.7761194029850751 
631   0.6320000000000005   0.7761194029850751 
632   0.6330000000000005   0.7761194029850751 
633   0.6340000000000005   0.7761194029850751 
634   0.6350000000000005   0.7761194029850751 
635   0.6360000000000005   0.7761194029850751 
636   0.6360000000000005   0.7910447761194035 
637   0.6380000000000005   0.7910447761194035 
638   0.6390000000000005   0.7910447761194035 
639   0.6400000000000005   0.7910447761194035 
640   0.6400000000000005   0.8059701492537319 
641   0.6420000000000005   0.8059701492537319 
642   0.6420000000000005   0.8208955223880603 
643   0.6440000000000005   0.8208955223880603 
644   0.6450000000000005   0.8208955223880603 
645   0.6460000000000005   0.8208955223880603 
646   0.6470000000000005   0.8208955223880603 
647   0.6480000000000005   0.8208955223880603 
648   0.6490000000000005   0.8208955223880603 
649   0.6500000000000005   0.8208955223880603 
650   0.6510000000000005   0.8208955223880603 
651   0.6520000000000005   0.8208955223880603 
652   0.6530000000000005   0.8208955223880603 
653   0.6540000000000005   0.8208955223880603 
654   0.6550000000000005   0.8208955223880603 
655   0.6560000000000005   0.8208955223880603 
656   0.6570000000000005   0.8208955223880603 
657   0.6580000000000005   0.8208955223880603 
658   0.6590000000000005   0.8208955223880603 
659   0.6600000000000005   0.8208955223880603 
660   0.6610000000000005   0.8208955223880603 
661   0.6620000000000005   0.8208955223880603 
662   0.6630000000000005   0.8208955223880603 
663   0.6640000000000005   0.8208955223880603 
664   0.6650000000000005   0.8208955223880603 
665   0.6650000000000005   0.8358208955223887 
666   0.6670000000000005   0.8358208955223887 
667   0.6680000000000005   0.8358208955223887 
668   0.6690000000000005   0.8358208955223887 
669   0.6690000000000005   0.8507462686567171 
670   0.6710000000000005   0.8507462686567171 
671   0.6710000000000005   0.8656716417910455 
672   0.6730000000000005   0.8656716417910455 
673   0.6740000000000005   0.8656716417910455 
674   0.6750000000000005   0.8656716417910455 
675   0.6760000000000005   0.8656716417910455 
676   0.6770000000000005   0.8656716417910455 
677   0.6780000000000005   0.8656716417910455 
678   0.6790000000000005   0.8656716417910455 
679   0.6800000000000005   0.8656716417910455 
680   0.6810000000000005   0.8656716417910455 
681   0.6820000000000005   0.8656716417910455 
682   0.6830000000000005   0.8656716417910455 
683   0.6840000000000005   0.8656716417910455 
684   0.6850000000000005   0.8656716417910455 
685   0.6860000000000005   0.8656716417910455 
686   0.6870000000000005   0.8656716417910455 
687   0.6880000000000005   0.8656716417910455 
688   0.6890000000000005   0.8656716417910455 
689   0.6900000000000005   0.8656716417910455 
690   0.6910000000000005   0.8656716417910455 
691   0.6920000000000005   0.8656716417910455 
692   0.6930000000000005   0.8656716417910455 
693   0.6940000000000005   0.8656716417910455 
694   0.6950000000000005   0.8656716417910455 
695   0.6950000000000005   0.8805970149253739 
696   0.6970000000000005   0.8805970149253739 
697   0.6980000000000005   0.8805970149253739 
698   0.6990000000000005   0.8805970149253739 
699   0.7000000000000005   0.8805970149253739 
700   0.7010000000000005   0.8805970149253739 
701   0.7020000000000005   0.8805970149253739 
702   0.7030000000000005   0.8805970149253739 
703   0.7040000000000005   0.8805970149253739 
704   0.7050000000000005   0.8805970149253739 
705   0.7050000000000005   0.8955223880597023 
706   0.7060000000000005   0.9104477611940307 
707   0.7080000000000005   0.9104477611940307 
708   0.7090000000000005   0.9104477611940307 
709   0.7100000000000005   0.9104477611940307 
710   0.7110000000000005   0.9104477611940307 
711   0.7120000000000005   0.9104477611940307 
712   0.7130000000000005   0.9104477611940307 
713   0.7140000000000005   0.9104477611940307 
714   0.7150000000000005   0.9104477611940307 
715   0.7160000000000005   0.9104477611940307 
716   0.7170000000000005   0.9104477611940307 
717   0.7180000000000005   0.9104477611940307 
718   0.7190000000000005   0.9104477611940307 
719   0.7200000000000005   0.9104477611940307 
720   0.7210000000000005   0.9104477611940307 
721   0.7220000000000005   0.9104477611940307 
722   0.7230000000000005   0.9104477611940307 
723   0.7240000000000005   0.9104477611940307 
724   0.7250000000000005   0.9104477611940307 
725   0.7260000000000005   0.9104477611940307 
726   0.7270000000000005   0.9104477611940307 
727   0.7270000000000005   0.9253731343283591 
728   0.7290000000000005   0.9253731343283591 
729   0.7290000000000005   0.9402985074626875 
730   0.7310000000000005   0.9402985074626875 
731   0.7320000000000005   0.9402985074626875 
732   0.7320000000000005   0.9552238805970159 
733   0.7340000000000005   0.9552238805970159 
734   0.7350000000000005   0.9552238805970159 
735   0.7350000000000005   0.9701492537313443 
736   0.7370000000000005   0.9701492537313443 
737   0.7380000000000005   0.9701492537313443 
738   0.7390000000000005   0.9701492537313443 
739   0.7400000000000005   0.9701492537313443 
740   0.7410000000000005   0.9701492537313443 
741   0.7420000000000005   0.9701492537313443 
742   0.7430000000000005   0.9701492537313443 
743   0.7440000000000005   0.9701492537313443 
744   0.7450000000000006   0.9701492537313443 
745   0.7450000000000006   0.9850746268656727 
746   0.7470000000000006   0.9850746268656727 
747   0.7480000000000006   0.9850746268656727 
748   0.7490000000000006   0.9850746268656727 
749   0.7500000000000006   0.9850746268656727 
750   0.7510000000000006   0.9850746268656727 
751   0.7520000000000006   0.9850746268656727 
752   0.7530000000000006   0.9850746268656727 
753   0.7540000000000006   0.9850746268656727 
754   0.7550000000000006   0.9850746268656727 
755   0.7560000000000006   0.9850746268656727 
756   0.7570000000000006   0.9850746268656727 
757   0.7580000000000006   0.9850746268656727 
758   0.7590000000000006   0.9850746268656727 
759   0.7600000000000006   0.9850746268656727 
760   0.7600000000000006   1.000000000000001 
761   0.7620000000000006   1.000000000000001 
762   0.7630000000000006   1.000000000000001 
763   0.7640000000000006   1.000000000000001 
764   0.7650000000000006   1.000000000000001 
765   0.7660000000000006   1.000000000000001 
766   0.7670000000000006   1.000000000000001 
767   0.7680000000000006   1.000000000000001 
768   0.7690000000000006   1.000000000000001 
769   0.7700000000000006   1.000000000000001 
770   0.7710000000000006   1.000000000000001 
771   0.7720000000000006   1.000000000000001 
772   0.7730000000000006   1.000000000000001 
773   0.7740000000000006   1.000000000000001 
774   0.7750000000000006   1.000000000000001 
775   0.7760000000000006   1.000000000000001 
776   0.7770000000000006   1.000000000000001 
777   0.7780000000000006   1.000000000000001 
778   0.7790000000000006   1.000000000000001 
779   0.7800000000000006   1.000000000000001 
780   0.7810000000000006   1.000000000000001 
781   0.7820000000000006   1.000000000000001 
782   0.7830000000000006   1.000000000000001 
783   0.7840000000000006   1.000000000000001 
784   0.7850000000000006   1.000000000000001 
785   0.7860000000000006   1.000000000000001 
786   0.7870000000000006   1.000000000000001 
787   0.7880000000000006   1.000000000000001 
788   0.7890000000000006   1.000000000000001 
789   0.7900000000000006   1.000000000000001 
790   0.7910000000000006   1.000000000000001 
791   0.7920000000000006   1.000000000000001 
792   0.7930000000000006   1.000000000000001 
793   0.7940000000000006   1.000000000000001 
794   0.7950000000000006   1.000000000000001 
795   0.7960000000000006   1.000000000000001 
796   0.7970000000000006   1.000000000000001 
797   0.7980000000000006   1.000000000000001 
798   0.7990000000000006   1.000000000000001 
799   0.8000000000000006   1.000000000000001 
800   0.8010000000000006   1.000000000000001 
801   0.8020000000000006   1.000000000000001 
802   0.8030000000000006   1.000000000000001 
803   0.8040000000000006   1.000000000000001 
804   0.8050000000000006   1.000000000000001 
805   0.8060000000000006   1.000000000000001 
806   0.8070000000000006   1.000000000000001 
807   0.8080000000000006   1.000000000000001 
808   0.8090000000000006   1.000000000000001 
809   0.8100000000000006   1.000000000000001 
810   0.8110000000000006   1.000000000000001 
811   0.8120000000000006   1.000000000000001 
812   0.8130000000000006   1.000000000000001 
813   0.8140000000000006   1.000000000000001 
814   0.8150000000000006   1.000000000000001 
815   0.8160000000000006   1.000000000000001 
816   0.8170000000000006   1.000000000000001 
817   0.8180000000000006   1.000000000000001 
818   0.8190000000000006   1.000000000000001 
819   0.8200000000000006   1.000000000000001 
820   0.8210000000000006   1.000000000000001 
821   0.8220000000000006   1.000000000000001 
822   0.8230000000000006   1.000000000000001 
823   0.8240000000000006   1.000000000000001 
824   0.8250000000000006   1.000000000000001 
825   0.8260000000000006   1.000000000000001 
826   0.8270000000000006   1.000000000000001 
827   0.8280000000000006   1.000000000000001 
828   0.8290000000000006   1.000000000000001 
829   0.8300000000000006   1.000000000000001 
830   0.8310000000000006   1.000000000000001 
831   0.8320000000000006   1.000000000000001 
832   0.8330000000000006   1.000000000000001 
833   0.8340000000000006   1.000000000000001 
834   0.8350000000000006   1.000000000000001 
835   0.8360000000000006   1.000000000000001 
836   0.8370000000000006   1.000000000000001 
837   0.8380000000000006   1.000000000000001 
838   0.8390000000000006   1.000000000000001 
839   0.8400000000000006   1.000000000000001 
840   0.8410000000000006   1.000000000000001 
841   0.8420000000000006   1.000000000000001 
842   0.8430000000000006   1.000000000000001 
843   0.8440000000000006   1.000000000000001 
844   0.8450000000000006   1.000000000000001 
845   0.8460000000000006   1.000000000000001 
846   0.8470000000000006   1.000000000000001 
847   0.8480000000000006   1.000000000000001 
848   0.8490000000000006   1.000000000000001 
849   0.8500000000000006   1.000000000000001 
850   0.8510000000000006   1.000000000000001 
851   0.8520000000000006   1.000000000000001 
852   0.8530000000000006   1.000000000000001 
853   0.8540000000000006   1.000000000000001 
854   0.8550000000000006   1.000000000000001 
855   0.8560000000000006   1.000000000000001 
856   0.8570000000000007   1.000000000000001 
857   0.8580000000000007   1.000000000000001 
858   0.8590000000000007   1.000000000000001 
859   0.8600000000000007   1.000000000000001 
860   0.8610000000000007   1.000000000000001 
861   0.8620000000000007   1.000000000000001 
862   0.8630000000000007   1.000000000000001 
863   0.8640000000000007   1.000000000000001 
864   0.8650000000000007   1.000000000000001 
865   0.8660000000000007   1.000000000000001 
866   0.8670000000000007   1.000000000000001 
867   0.8680000000000007   1.000000000000001 
868   0.8690000000000007   1.000000000000001 
869   0.8700000000000007   1.000000000000001 
870   0.8710000000000007   1.000000000000001 
871   0.8720000000000007   1.000000000000001 
872   0.8730000000000007   1.000000000000001 
873   0.8740000000000007   1.000000000000001 
874   0.8750000000000007   1.000000000000001 
875   0.8760000000000007   1.000000000000001 
876   0.8770000000000007   1.000000000000001 
877   0.8780000000000007   1.000000000000001 
878   0.8790000000000007   1.000000000000001 
879   0.8800000000000007   1.000000000000001 
880   0.8810000000000007   1.000000000000001 
881   0.8820000000000007   1.000000000000001 
882   0.8830000000000007   1.000000000000001 
883   0.8840000000000007   1.000000000000001 
884   0.8850000000000007   1.000000000000001 
885   0.8860000000000007   1.000000000000001 
886   0.8870000000000007   1.000000000000001 
887   0.8880000000000007   1.000000000000001 
888   0.8890000000000007   1.000000000000001 
889   0.8900000000000007   1.000000000000001 
890   0.8910000000000007   1.000000000000001 
891   0.8920000000000007   1.000000000000001 
892   0.8930000000000007   1.000000000000001 
893   0.8940000000000007   1.000000000000001 
894   0.8950000000000007   1.000000000000001 
895   0.8960000000000007   1.000000000000001 
896   0.8970000000000007   1.000000000000001 
897   0.8980000000000007   1.000000000000001 
898   0.8990000000000007   1.000000000000001 
899   0.9000000000000007   1.000000000000001 
900   0.9010000000000007   1.000000000000001 
901   0.9020000000000007   1.000000000000001 
902   0.9030000000000007   1.000000000000001 
903   0.9040000000000007   1.000000000000001 
904   0.9050000000000007   1.000000000000001 
905   0.9060000000000007   1.000000000000001 
906   0.9070000000000007   1.000000000000001 
907   0.9080000000000007   1.000000000000001 
908   0.9090000000000007   1.000000000000001 
909   0.9100000000000007   1.000000000000001 
910   0.9110000000000007   1.000000000000001 
911   0.9120000000000007   1.000000000000001 
912   0.9130000000000007   1.000000000000001 
913   0.9140000000000007   1.000000000000001 
914   0.9150000000000007   1.000000000000001 
915   0.9160000000000007   1.000000000000001 
916   0.9170000000000007   1.000000000000001 
917   0.9180000000000007   1.000000000000001 
918   0.9190000000000007   1.000000000000001 
919   0.9200000000000007   1.000000000000001 
920   0.9210000000000007   1.000000000000001 
921   0.9220000000000007   1.000000000000001 
922   0.9230000000000007   1.000000000000001 
923   0.9240000000000007   1.000000000000001 
924   0.9250000000000007   1.000000000000001 
925   0.9260000000000007   1.000000000000001 
926   0.9270000000000007   1.000000000000001 
927   0.9280000000000007   1.000000000000001 
928   0.9290000000000007   1.000000000000001 
929   0.9300000000000007   1.000000000000001 
930   0.9310000000000007   1.000000000000001 
931   0.9320000000000007   1.000000000000001 
932   0.9330000000000007   1.000000000000001 
933   0.9340000000000007   1.000000000000001 
934   0.9350000000000007   1.000000000000001 
935   0.9360000000000007   1.000000000000001 
936   0.9370000000000007   1.000000000000001 
937   0.9380000000000007   1.000000000000001 
938   0.9390000000000007   1.000000000000001 
939   0.9400000000000007   1.000000000000001 
940   0.9410000000000007   1.000000000000001 
941   0.9420000000000007   1.000000000000001 
942   0.9430000000000007   1.000000000000001 
943   0.9440000000000007   1.000000000000001 
944   0.9450000000000007   1.000000000000001 
945   0.9460000000000007   1.000000000000001 
946   0.9470000000000007   1.000000000000001 
947   0.9480000000000007   1.000000000000001 
948   0.9490000000000007   1.000000000000001 
949   0.9500000000000007   1.000000000000001 
950   0.9510000000000007   1.000000000000001 
951   0.9520000000000007   1.000000000000001 
952   0.9530000000000007   1.000000000000001 
953   0.9540000000000007   1.000000000000001 
954   0.9550000000000007   1.000000000000001 
955   0.9560000000000007   1.000000000000001 
956   0.9570000000000007   1.000000000000001 
957   0.9580000000000007   1.000000000000001 
958   0.9590000000000007   1.000000000000001 
959   0.9600000000000007   1.000000000000001 
960   0.9610000000000007   1.000000000000001 
961   0.9620000000000007   1.000000000000001 
962   0.9630000000000007   1.000000000000001 
963   0.9640000000000007   1.000000000000001 
964   0.9650000000000007   1.000000000000001 
965   0.9660000000000007   1.000000000000001 
966   0.9670000000000007   1.000000000000001 
967   0.9680000000000007   1.000000000000001 
968   0.9690000000000007   1.000000000000001 
969   0.9700000000000008   1.000000000000001 
970   0.9710000000000008   1.000000000000001 
971   0.9720000000000008   1.000000000000001 
972   0.9730000000000008   1.000000000000001 
973   0.9740000000000008   1.000000000000001 
974   0.9750000000000008   1.000000000000001 
975   0.9760000000000008   1.000000000000001 
976   0.9770000000000008   1.000000000000001 
977   0.9780000000000008   1.000000000000001 
978   0.9790000000000008   1.000000000000001 
979   0.9800000000000008   1.000000000000001 
980   0.9810000000000008   1.000000000000001 
981   0.9820000000000008   1.000000000000001 
982   0.9830000000000008   1.000000000000001 
983   0.9840000000000008   1.000000000000001 
984   0.9850000000000008   1.000000000000001 
985   0.9860000000000008   1.000000000000001 
986   0.9870000000000008   1.000000000000001 
987   0.9880000000000008   1.000000000000001 
988   0.9890000000000008   1.000000000000001 
989   0.9900000000000008   1.000000000000001 
990   0.9910000000000008   1.000000000000001 
991   0.9920000000000008   1.000000000000001 
992   0.9930000000000008   1.000000000000001 
993   0.9940000000000008   1.000000000000001 
994   0.9950000000000008   1.000000000000001 
995   0.9960000000000008   1.000000000000001 
996   0.9970000000000008   1.000000000000001 
997   0.9980000000000008   1.000000000000001 
998   0.9990000000000008   1.000000000000001 
999   1.0000000000000007   1.000000000000001 
