0   0.001   0 
1   0.002   0 
2   0.003   0 
3   0.004   0 
4   0.005   0 
5   0.006   0 
6   0.007   0 
7   0.008   0 
8   0.009000000000000001   0 
9   0.010000000000000002   0 
10   0.011000000000000003   0 
11   0.012000000000000004   0 
12   0.013000000000000005   0 
13   0.014000000000000005   0 
14   0.015000000000000006   0 
15   0.016000000000000007   0 
16   0.017000000000000008   0 
17   0.01800000000000001   0 
18   0.01900000000000001   0 
19   0.02000000000000001   0 
20   0.02100000000000001   0 
21   0.022000000000000013   0 
22   0.023000000000000013   0 
23   0.024000000000000014   0 
24   0.025000000000000015   0 
25   0.026000000000000016   0 
26   0.027000000000000017   0 
27   0.028000000000000018   0 
28   0.02900000000000002   0 
29   0.03000000000000002   0 
30   0.03100000000000002   0 
31   0.03200000000000002   0 
32   0.03300000000000002   0 
33   0.03400000000000002   0 
34   0.035000000000000024   0 
35   0.036000000000000025   0 
36   0.037000000000000026   0 
37   0.03800000000000003   0 
38   0.03900000000000003   0 
39   0.03900000000000003   0.006993006993006993 
40   0.04100000000000003   0.006993006993006993 
41   0.04200000000000003   0.006993006993006993 
42   0.04300000000000003   0.006993006993006993 
43   0.04300000000000003   0.013986013986013986 
44   0.04400000000000003   0.027972027972027972 
45   0.04500000000000003   0.04195804195804196 
46   0.047000000000000035   0.04195804195804196 
47   0.048000000000000036   0.04195804195804196 
48   0.048000000000000036   0.04895104895104895 
49   0.05000000000000004   0.04895104895104895 
50   0.05100000000000004   0.04895104895104895 
51   0.05200000000000004   0.04895104895104895 
52   0.05300000000000004   0.04895104895104895 
53   0.05400000000000004   0.04895104895104895 
54   0.05500000000000004   0.04895104895104895 
55   0.05600000000000004   0.04895104895104895 
56   0.057000000000000044   0.04895104895104895 
57   0.058000000000000045   0.04895104895104895 
58   0.059000000000000045   0.04895104895104895 
59   0.060000000000000046   0.04895104895104895 
60   0.06100000000000005   0.04895104895104895 
61   0.06200000000000005   0.04895104895104895 
62   0.06300000000000004   0.04895104895104895 
63   0.06400000000000004   0.04895104895104895 
64   0.06500000000000004   0.04895104895104895 
65   0.06600000000000004   0.04895104895104895 
66   0.06700000000000005   0.04895104895104895 
67   0.06800000000000005   0.04895104895104895 
68   0.06800000000000005   0.055944055944055944 
69   0.07000000000000005   0.055944055944055944 
70   0.07100000000000005   0.055944055944055944 
71   0.07200000000000005   0.055944055944055944 
72   0.07200000000000005   0.06293706293706294 
73   0.07300000000000005   0.07692307692307693 
74   0.07400000000000005   0.09090909090909091 
75   0.07600000000000005   0.09090909090909091 
76   0.07700000000000005   0.09090909090909091 
77   0.07700000000000005   0.0979020979020979 
78   0.07900000000000006   0.0979020979020979 
79   0.08000000000000006   0.0979020979020979 
80   0.08100000000000006   0.0979020979020979 
81   0.08200000000000006   0.0979020979020979 
82   0.08300000000000006   0.0979020979020979 
83   0.08400000000000006   0.0979020979020979 
84   0.08500000000000006   0.0979020979020979 
85   0.08600000000000006   0.0979020979020979 
86   0.08700000000000006   0.0979020979020979 
87   0.08800000000000006   0.0979020979020979 
88   0.08900000000000007   0.0979020979020979 
89   0.09000000000000007   0.0979020979020979 
90   0.09100000000000007   0.0979020979020979 
91   0.09200000000000007   0.0979020979020979 
92   0.09300000000000007   0.0979020979020979 
93   0.09400000000000007   0.0979020979020979 
94   0.09500000000000007   0.0979020979020979 
95   0.09600000000000007   0.0979020979020979 
96   0.09700000000000007   0.0979020979020979 
97   0.09700000000000007   0.1048951048951049 
98   0.09900000000000007   0.1048951048951049 
99   0.10000000000000007   0.1048951048951049 
100   0.10100000000000008   0.1048951048951049 
101   0.10100000000000008   0.11188811188811189 
102   0.10200000000000008   0.1258741258741259 
103   0.10300000000000008   0.13986013986013987 
104   0.10500000000000008   0.13986013986013987 
105   0.10600000000000008   0.13986013986013987 
106   0.10600000000000008   0.14685314685314688 
107   0.10800000000000008   0.14685314685314688 
108   0.10900000000000008   0.14685314685314688 
109   0.11000000000000008   0.14685314685314688 
110   0.11100000000000008   0.14685314685314688 
111   0.11200000000000009   0.14685314685314688 
112   0.11300000000000009   0.14685314685314688 
113   0.11400000000000009   0.14685314685314688 
114   0.11500000000000009   0.14685314685314688 
115   0.11600000000000009   0.14685314685314688 
116   0.11700000000000009   0.14685314685314688 
117   0.11800000000000009   0.14685314685314688 
118   0.11900000000000009   0.14685314685314688 
119   0.12000000000000009   0.14685314685314688 
120   0.1210000000000001   0.14685314685314688 
121   0.1220000000000001   0.14685314685314688 
122   0.1230000000000001   0.14685314685314688 
123   0.1240000000000001   0.14685314685314688 
124   0.12500000000000008   0.14685314685314688 
125   0.12600000000000008   0.14685314685314688 
126   0.12700000000000009   0.14685314685314688 
127   0.12700000000000009   0.15384615384615388 
128   0.1290000000000001   0.15384615384615388 
129   0.1300000000000001   0.15384615384615388 
130   0.1310000000000001   0.15384615384615388 
131   0.1310000000000001   0.16783216783216787 
132   0.1320000000000001   0.18181818181818185 
133   0.1330000000000001   0.18881118881118886 
134   0.1350000000000001   0.18881118881118886 
135   0.1350000000000001   0.19580419580419586 
136   0.1370000000000001   0.19580419580419586 
137   0.1380000000000001   0.19580419580419586 
138   0.1390000000000001   0.19580419580419586 
139   0.1400000000000001   0.19580419580419586 
140   0.1410000000000001   0.19580419580419586 
141   0.1420000000000001   0.19580419580419586 
142   0.1430000000000001   0.19580419580419586 
143   0.1440000000000001   0.19580419580419586 
144   0.1450000000000001   0.19580419580419586 
145   0.1460000000000001   0.19580419580419586 
146   0.1470000000000001   0.19580419580419586 
147   0.1480000000000001   0.19580419580419586 
148   0.1490000000000001   0.19580419580419586 
149   0.1500000000000001   0.19580419580419586 
150   0.1510000000000001   0.19580419580419586 
151   0.1520000000000001   0.19580419580419586 
152   0.1530000000000001   0.19580419580419586 
153   0.1540000000000001   0.19580419580419586 
154   0.1550000000000001   0.19580419580419586 
155   0.1560000000000001   0.19580419580419586 
156   0.1570000000000001   0.19580419580419586 
157   0.1580000000000001   0.19580419580419586 
158   0.1590000000000001   0.19580419580419586 
159   0.16000000000000011   0.19580419580419586 
160   0.16100000000000012   0.19580419580419586 
161   0.16200000000000012   0.19580419580419586 
162   0.16300000000000012   0.19580419580419586 
163   0.16400000000000012   0.19580419580419586 
164   0.16500000000000012   0.19580419580419586 
165   0.16600000000000012   0.19580419580419586 
166   0.16700000000000012   0.19580419580419586 
167   0.16800000000000012   0.19580419580419586 
168   0.16900000000000012   0.19580419580419586 
169   0.17000000000000012   0.19580419580419586 
170   0.17100000000000012   0.19580419580419586 
171   0.17200000000000013   0.19580419580419586 
172   0.17300000000000013   0.19580419580419586 
173   0.17400000000000013   0.19580419580419586 
174   0.17500000000000013   0.19580419580419586 
175   0.17600000000000013   0.19580419580419586 
176   0.17700000000000013   0.19580419580419586 
177   0.17800000000000013   0.19580419580419586 
178   0.17900000000000013   0.19580419580419586 
179   0.18000000000000013   0.19580419580419586 
180   0.18100000000000013   0.19580419580419586 
181   0.18200000000000013   0.19580419580419586 
182   0.18300000000000013   0.19580419580419586 
183   0.18400000000000014   0.19580419580419586 
184   0.18500000000000014   0.19580419580419586 
185   0.18600000000000014   0.19580419580419586 
186   0.18700000000000014   0.19580419580419586 
187   0.18800000000000014   0.19580419580419586 
188   0.18900000000000014   0.19580419580419586 
189   0.19000000000000014   0.19580419580419586 
190   0.19100000000000014   0.19580419580419586 
191   0.19200000000000014   0.19580419580419586 
192   0.19200000000000014   0.20279720279720287 
193   0.19400000000000014   0.20279720279720287 
194   0.19500000000000015   0.20279720279720287 
195   0.19600000000000015   0.20279720279720287 
196   0.19700000000000015   0.20279720279720287 
197   0.19700000000000015   0.22377622377622386 
198   0.19800000000000015   0.23776223776223784 
199   0.20000000000000015   0.23776223776223784 
200   0.20100000000000015   0.23776223776223784 
201   0.20100000000000015   0.24475524475524485 
202   0.20300000000000015   0.24475524475524485 
203   0.20400000000000015   0.24475524475524485 
204   0.20500000000000015   0.24475524475524485 
205   0.20600000000000016   0.24475524475524485 
206   0.20700000000000016   0.24475524475524485 
207   0.20800000000000016   0.24475524475524485 
208   0.20900000000000016   0.24475524475524485 
209   0.21000000000000016   0.24475524475524485 
210   0.21100000000000016   0.24475524475524485 
211   0.21200000000000016   0.24475524475524485 
212   0.21300000000000016   0.24475524475524485 
213   0.21400000000000016   0.24475524475524485 
214   0.21500000000000016   0.24475524475524485 
215   0.21600000000000016   0.24475524475524485 
216   0.21700000000000016   0.24475524475524485 
217   0.21800000000000017   0.24475524475524485 
218   0.21900000000000017   0.24475524475524485 
219   0.22000000000000017   0.24475524475524485 
220   0.22100000000000017   0.24475524475524485 
221   0.22100000000000017   0.25174825174825183 
222   0.22300000000000017   0.25174825174825183 
223   0.22400000000000017   0.25174825174825183 
224   0.22500000000000017   0.25174825174825183 
225   0.22600000000000017   0.25174825174825183 
226   0.22600000000000017   0.26573426573426584 
227   0.22700000000000017   0.27972027972027985 
228   0.22800000000000017   0.28671328671328683 
229   0.23000000000000018   0.28671328671328683 
230   0.23000000000000018   0.2937062937062938 
231   0.23200000000000018   0.2937062937062938 
232   0.23300000000000018   0.2937062937062938 
233   0.23400000000000018   0.2937062937062938 
234   0.23500000000000018   0.2937062937062938 
235   0.23600000000000018   0.2937062937062938 
236   0.23700000000000018   0.2937062937062938 
237   0.23800000000000018   0.2937062937062938 
238   0.23900000000000018   0.2937062937062938 
239   0.24000000000000019   0.2937062937062938 
240   0.2410000000000002   0.2937062937062938 
241   0.2420000000000002   0.2937062937062938 
242   0.2430000000000002   0.2937062937062938 
243   0.2440000000000002   0.2937062937062938 
244   0.2450000000000002   0.2937062937062938 
245   0.2460000000000002   0.2937062937062938 
246   0.2470000000000002   0.2937062937062938 
247   0.2480000000000002   0.2937062937062938 
248   0.2490000000000002   0.2937062937062938 
249   0.25000000000000017   0.2937062937062938 
250   0.25100000000000017   0.2937062937062938 
251   0.25100000000000017   0.3006993006993008 
252   0.25300000000000017   0.3006993006993008 
253   0.25400000000000017   0.3006993006993008 
254   0.25500000000000017   0.3006993006993008 
255   0.25500000000000017   0.3146853146853148 
256   0.25600000000000017   0.3286713286713288 
257   0.2570000000000002   0.3356643356643358 
258   0.2590000000000002   0.3356643356643358 
259   0.2590000000000002   0.34265734265734277 
260   0.2610000000000002   0.34265734265734277 
261   0.2620000000000002   0.34265734265734277 
262   0.2630000000000002   0.34265734265734277 
263   0.2640000000000002   0.34265734265734277 
264   0.2650000000000002   0.34265734265734277 
265   0.2660000000000002   0.34265734265734277 
266   0.2670000000000002   0.34265734265734277 
267   0.2680000000000002   0.34265734265734277 
268   0.2690000000000002   0.34265734265734277 
269   0.2700000000000002   0.34265734265734277 
270   0.2710000000000002   0.34265734265734277 
271   0.2720000000000002   0.34265734265734277 
272   0.2730000000000002   0.34265734265734277 
273   0.2740000000000002   0.34265734265734277 
274   0.2750000000000002   0.34265734265734277 
275   0.2760000000000002   0.34265734265734277 
276   0.2770000000000002   0.34265734265734277 
277   0.2780000000000002   0.34265734265734277 
278   0.2790000000000002   0.34265734265734277 
279   0.2800000000000002   0.34265734265734277 
280   0.2800000000000002   0.34965034965034975 
281   0.2820000000000002   0.34965034965034975 
282   0.2830000000000002   0.34965034965034975 
283   0.2840000000000002   0.34965034965034975 
284   0.2840000000000002   0.36363636363636376 
285   0.2850000000000002   0.37762237762237777 
286   0.2860000000000002   0.38461538461538475 
287   0.2880000000000002   0.38461538461538475 
288   0.2880000000000002   0.3916083916083917 
289   0.2900000000000002   0.3916083916083917 
290   0.2910000000000002   0.3916083916083917 
291   0.2920000000000002   0.3916083916083917 
292   0.2930000000000002   0.3916083916083917 
293   0.2940000000000002   0.3916083916083917 
294   0.2950000000000002   0.3916083916083917 
295   0.2960000000000002   0.3916083916083917 
296   0.2970000000000002   0.3916083916083917 
297   0.2980000000000002   0.3916083916083917 
298   0.2990000000000002   0.3916083916083917 
299   0.3000000000000002   0.3916083916083917 
300   0.3010000000000002   0.3916083916083917 
301   0.3020000000000002   0.3916083916083917 
302   0.3030000000000002   0.3916083916083917 
303   0.3040000000000002   0.3916083916083917 
304   0.3050000000000002   0.3916083916083917 
305   0.3060000000000002   0.3916083916083917 
306   0.3070000000000002   0.3916083916083917 
307   0.3080000000000002   0.3916083916083917 
308   0.3090000000000002   0.3916083916083917 
309   0.3090000000000002   0.3986013986013987 
310   0.3110000000000002   0.3986013986013987 
311   0.3120000000000002   0.3986013986013987 
312   0.3130000000000002   0.3986013986013987 
313   0.3130000000000002   0.4125874125874127 
314   0.3140000000000002   0.42657342657342673 
315   0.3150000000000002   0.4335664335664337 
316   0.3170000000000002   0.4335664335664337 
317   0.3170000000000002   0.4405594405594407 
318   0.31900000000000023   0.4405594405594407 
319   0.32000000000000023   0.4405594405594407 
320   0.32100000000000023   0.4405594405594407 
321   0.32200000000000023   0.4405594405594407 
322   0.32300000000000023   0.4405594405594407 
323   0.32400000000000023   0.4405594405594407 
324   0.32500000000000023   0.4405594405594407 
325   0.32600000000000023   0.4405594405594407 
326   0.32700000000000023   0.4405594405594407 
327   0.32800000000000024   0.4405594405594407 
328   0.32900000000000024   0.4405594405594407 
329   0.33000000000000024   0.4405594405594407 
330   0.33100000000000024   0.4405594405594407 
331   0.33200000000000024   0.4405594405594407 
332   0.33300000000000024   0.4405594405594407 
333   0.33400000000000024   0.4405594405594407 
334   0.33500000000000024   0.4405594405594407 
335   0.33600000000000024   0.4405594405594407 
336   0.33700000000000024   0.4405594405594407 
337   0.33800000000000024   0.4405594405594407 
338   0.33900000000000025   0.4405594405594407 
339   0.34000000000000025   0.4405594405594407 
340   0.34100000000000025   0.4405594405594407 
341   0.34200000000000025   0.4405594405594407 
342   0.34300000000000025   0.4405594405594407 
343   0.34400000000000025   0.4405594405594407 
344   0.34500000000000025   0.4405594405594407 
345   0.34600000000000025   0.4405594405594407 
346   0.34700000000000025   0.4405594405594407 
347   0.34800000000000025   0.4405594405594407 
348   0.34900000000000025   0.4405594405594407 
349   0.35000000000000026   0.4405594405594407 
350   0.35100000000000026   0.4405594405594407 
351   0.35200000000000026   0.4405594405594407 
352   0.35300000000000026   0.4405594405594407 
353   0.35400000000000026   0.4405594405594407 
354   0.35500000000000026   0.4405594405594407 
355   0.35600000000000026   0.4405594405594407 
356   0.35700000000000026   0.4405594405594407 
357   0.35800000000000026   0.4405594405594407 
358   0.35900000000000026   0.4405594405594407 
359   0.36000000000000026   0.4405594405594407 
360   0.36100000000000027   0.4405594405594407 
361   0.36200000000000027   0.4405594405594407 
362   0.36300000000000027   0.4405594405594407 
363   0.36400000000000027   0.4405594405594407 
364   0.36500000000000027   0.4405594405594407 
365   0.36600000000000027   0.4405594405594407 
366   0.36700000000000027   0.4405594405594407 
367   0.36800000000000027   0.4405594405594407 
368   0.36900000000000027   0.4405594405594407 
369   0.3700000000000003   0.4405594405594407 
370   0.3710000000000003   0.4405594405594407 
371   0.3720000000000003   0.4405594405594407 
372   0.3730000000000003   0.4405594405594407 
373   0.3740000000000003   0.4405594405594407 
374   0.3750000000000003   0.4405594405594407 
375   0.3750000000000003   0.44755244755244766 
376   0.3770000000000003   0.44755244755244766 
377   0.3780000000000003   0.44755244755244766 
378   0.3790000000000003   0.44755244755244766 
379   0.3790000000000003   0.45454545454545464 
380   0.3800000000000003   0.46853146853146865 
381   0.3810000000000003   0.48251748251748267 
382   0.3830000000000003   0.48251748251748267 
383   0.3840000000000003   0.48251748251748267 
384   0.3840000000000003   0.48951048951048964 
385   0.3860000000000003   0.48951048951048964 
386   0.3870000000000003   0.48951048951048964 
387   0.3880000000000003   0.48951048951048964 
388   0.3890000000000003   0.48951048951048964 
389   0.3900000000000003   0.48951048951048964 
390   0.3910000000000003   0.48951048951048964 
391   0.3920000000000003   0.48951048951048964 
392   0.3930000000000003   0.48951048951048964 
393   0.3940000000000003   0.48951048951048964 
394   0.3950000000000003   0.48951048951048964 
395   0.3960000000000003   0.48951048951048964 
396   0.3970000000000003   0.48951048951048964 
397   0.3980000000000003   0.48951048951048964 
398   0.3990000000000003   0.48951048951048964 
399   0.4000000000000003   0.48951048951048964 
400   0.4010000000000003   0.48951048951048964 
401   0.4020000000000003   0.48951048951048964 
402   0.4030000000000003   0.48951048951048964 
403   0.4040000000000003   0.48951048951048964 
404   0.4040000000000003   0.4965034965034966 
405   0.4060000000000003   0.4965034965034966 
406   0.4070000000000003   0.4965034965034966 
407   0.4080000000000003   0.4965034965034966 
408   0.4080000000000003   0.5034965034965037 
409   0.4090000000000003   0.5174825174825176 
410   0.4100000000000003   0.5314685314685316 
411   0.4120000000000003   0.5314685314685316 
412   0.4130000000000003   0.5314685314685316 
413   0.4130000000000003   0.5384615384615385 
414   0.4150000000000003   0.5384615384615385 
415   0.4160000000000003   0.5384615384615385 
416   0.4170000000000003   0.5384615384615385 
417   0.4180000000000003   0.5384615384615385 
418   0.4190000000000003   0.5384615384615385 
419   0.4200000000000003   0.5384615384615385 
420   0.4210000000000003   0.5384615384615385 
421   0.4220000000000003   0.5384615384615385 
422   0.4230000000000003   0.5384615384615385 
423   0.4240000000000003   0.5384615384615385 
424   0.4250000000000003   0.5384615384615385 
425   0.4260000000000003   0.5384615384615385 
426   0.4270000000000003   0.5384615384615385 
427   0.4280000000000003   0.5384615384615385 
428   0.4290000000000003   0.5384615384615385 
429   0.4300000000000003   0.5384615384615385 
430   0.4310000000000003   0.5384615384615385 
431   0.43200000000000033   0.5384615384615385 
432   0.43300000000000033   0.5384615384615385 
433   0.43300000000000033   0.5454545454545455 
434   0.43500000000000033   0.5454545454545455 
435   0.43600000000000033   0.5454545454545455 
436   0.43700000000000033   0.5454545454545455 
437   0.43700000000000033   0.5524475524475525 
438   0.43800000000000033   0.5664335664335665 
439   0.43900000000000033   0.5804195804195804 
440   0.44100000000000034   0.5804195804195804 
441   0.44200000000000034   0.5804195804195804 
442   0.44200000000000034   0.5874125874125874 
443   0.44400000000000034   0.5874125874125874 
444   0.44500000000000034   0.5874125874125874 
445   0.44600000000000034   0.5874125874125874 
446   0.44700000000000034   0.5874125874125874 
447   0.44800000000000034   0.5874125874125874 
448   0.44900000000000034   0.5874125874125874 
449   0.45000000000000034   0.5874125874125874 
450   0.45100000000000035   0.5874125874125874 
451   0.45200000000000035   0.5874125874125874 
452   0.45300000000000035   0.5874125874125874 
453   0.45400000000000035   0.5874125874125874 
454   0.45500000000000035   0.5874125874125874 
455   0.45600000000000035   0.5874125874125874 
456   0.45700000000000035   0.5874125874125874 
457   0.45800000000000035   0.5874125874125874 
458   0.45900000000000035   0.5874125874125874 
459   0.46000000000000035   0.5874125874125874 
460   0.46100000000000035   0.5874125874125874 
461   0.46200000000000035   0.5874125874125874 
462   0.46200000000000035   0.5944055944055944 
463   0.46400000000000036   0.5944055944055944 
464   0.46500000000000036   0.5944055944055944 
465   0.46600000000000036   0.5944055944055944 
466   0.46600000000000036   0.6013986013986014 
467   0.46700000000000036   0.6153846153846153 
468   0.46800000000000036   0.6293706293706293 
469   0.47000000000000036   0.6293706293706293 
470   0.47100000000000036   0.6293706293706293 
471   0.47100000000000036   0.6363636363636362 
472   0.47300000000000036   0.6363636363636362 
473   0.47400000000000037   0.6363636363636362 
474   0.47500000000000037   0.6363636363636362 
475   0.47600000000000037   0.6363636363636362 
476   0.47700000000000037   0.6363636363636362 
477   0.47800000000000037   0.6363636363636362 
478   0.47900000000000037   0.6363636363636362 
479   0.48000000000000037   0.6363636363636362 
480   0.48100000000000037   0.6363636363636362 
481   0.4820000000000004   0.6363636363636362 
482   0.4830000000000004   0.6363636363636362 
483   0.4840000000000004   0.6363636363636362 
484   0.4850000000000004   0.6363636363636362 
485   0.4860000000000004   0.6363636363636362 
486   0.4870000000000004   0.6363636363636362 
487   0.4880000000000004   0.6363636363636362 
488   0.4890000000000004   0.6363636363636362 
489   0.4900000000000004   0.6363636363636362 
490   0.4910000000000004   0.6363636363636362 
491   0.4920000000000004   0.6363636363636362 
492   0.4920000000000004   0.6433566433566432 
493   0.4940000000000004   0.6433566433566432 
494   0.4950000000000004   0.6433566433566432 
495   0.4960000000000004   0.6433566433566432 
496   0.4960000000000004   0.6573426573426572 
497   0.4970000000000004   0.6713286713286711 
498   0.4980000000000004   0.6783216783216781 
499   0.5000000000000003   0.6783216783216781 
500   0.5000000000000003   0.6853146853146851 
501   0.5020000000000003   0.6853146853146851 
502   0.5030000000000003   0.6853146853146851 
503   0.5040000000000003   0.6853146853146851 
504   0.5050000000000003   0.6853146853146851 
505   0.5060000000000003   0.6853146853146851 
506   0.5070000000000003   0.6853146853146851 
507   0.5080000000000003   0.6853146853146851 
508   0.5090000000000003   0.6853146853146851 
509   0.5100000000000003   0.6853146853146851 
510   0.5110000000000003   0.6853146853146851 
511   0.5120000000000003   0.6853146853146851 
512   0.5130000000000003   0.6853146853146851 
513   0.5140000000000003   0.6853146853146851 
514   0.5150000000000003   0.6853146853146851 
515   0.5160000000000003   0.6853146853146851 
516   0.5170000000000003   0.6853146853146851 
517   0.5180000000000003   0.6853146853146851 
518   0.5190000000000003   0.6853146853146851 
519   0.5200000000000004   0.6853146853146851 
520   0.5210000000000004   0.6853146853146851 
521   0.5220000000000004   0.6853146853146851 
522   0.5230000000000004   0.6853146853146851 
523   0.5240000000000004   0.6853146853146851 
524   0.5250000000000004   0.6853146853146851 
525   0.5260000000000004   0.6853146853146851 
526   0.5270000000000004   0.6853146853146851 
527   0.5280000000000004   0.6853146853146851 
528   0.5290000000000004   0.6853146853146851 
529   0.5300000000000004   0.6853146853146851 
530   0.5310000000000004   0.6853146853146851 
531   0.5320000000000004   0.6853146853146851 
532   0.5330000000000004   0.6853146853146851 
533   0.5340000000000004   0.6853146853146851 
534   0.5350000000000004   0.6853146853146851 
535   0.5360000000000004   0.6853146853146851 
536   0.5370000000000004   0.6853146853146851 
537   0.5380000000000004   0.6853146853146851 
538   0.5390000000000004   0.6853146853146851 
539   0.5400000000000004   0.6853146853146851 
540   0.5410000000000004   0.6853146853146851 
541   0.5420000000000004   0.6853146853146851 
542   0.5430000000000004   0.6853146853146851 
543   0.5440000000000004   0.6853146853146851 
544   0.5450000000000004   0.6853146853146851 
545   0.5460000000000004   0.6853146853146851 
546   0.5470000000000004   0.6853146853146851 
547   0.5480000000000004   0.6853146853146851 
548   0.5490000000000004   0.6853146853146851 
549   0.5500000000000004   0.6853146853146851 
550   0.5510000000000004   0.6853146853146851 
551   0.5520000000000004   0.6853146853146851 
552   0.5530000000000004   0.6853146853146851 
553   0.5540000000000004   0.6853146853146851 
554   0.5550000000000004   0.6853146853146851 
555   0.5560000000000004   0.6853146853146851 
556   0.5570000000000004   0.6853146853146851 
557   0.5580000000000004   0.6853146853146851 
558   0.5580000000000004   0.6923076923076921 
559   0.5600000000000004   0.6923076923076921 
560   0.5610000000000004   0.6923076923076921 
561   0.5620000000000004   0.6923076923076921 
562   0.5620000000000004   0.706293706293706 
563   0.5630000000000004   0.72027972027972 
564   0.5640000000000004   0.727272727272727 
565   0.5660000000000004   0.727272727272727 
566   0.5660000000000004   0.7342657342657339 
567   0.5680000000000004   0.7342657342657339 
568   0.5690000000000004   0.7342657342657339 
569   0.5700000000000004   0.7342657342657339 
570   0.5710000000000004   0.7342657342657339 
571   0.5720000000000004   0.7342657342657339 
572   0.5730000000000004   0.7342657342657339 
573   0.5740000000000004   0.7342657342657339 
574   0.5750000000000004   0.7342657342657339 
575   0.5760000000000004   0.7342657342657339 
576   0.5770000000000004   0.7342657342657339 
577   0.5780000000000004   0.7342657342657339 
578   0.5790000000000004   0.7342657342657339 
579   0.5800000000000004   0.7342657342657339 
580   0.5810000000000004   0.7342657342657339 
581   0.5820000000000004   0.7342657342657339 
582   0.5830000000000004   0.7342657342657339 
583   0.5840000000000004   0.7342657342657339 
584   0.5850000000000004   0.7342657342657339 
585   0.5860000000000004   0.7342657342657339 
586   0.5870000000000004   0.7342657342657339 
587   0.5870000000000004   0.7412587412587409 
588   0.5890000000000004   0.7412587412587409 
589   0.5900000000000004   0.7412587412587409 
590   0.5910000000000004   0.7412587412587409 
591   0.5910000000000004   0.7552447552447549 
592   0.5920000000000004   0.7692307692307688 
593   0.5930000000000004   0.7762237762237758 
594   0.5950000000000004   0.7762237762237758 
595   0.5950000000000004   0.7832167832167828 
596   0.5970000000000004   0.7832167832167828 
597   0.5980000000000004   0.7832167832167828 
598   0.5990000000000004   0.7832167832167828 
599   0.6000000000000004   0.7832167832167828 
600   0.6010000000000004   0.7832167832167828 
601   0.6020000000000004   0.7832167832167828 
602   0.6030000000000004   0.7832167832167828 
603   0.6040000000000004   0.7832167832167828 
604   0.6050000000000004   0.7832167832167828 
605   0.6060000000000004   0.7832167832167828 
606   0.6070000000000004   0.7832167832167828 
607   0.6080000000000004   0.7832167832167828 
608   0.6090000000000004   0.7832167832167828 
609   0.6100000000000004   0.7832167832167828 
610   0.6110000000000004   0.7832167832167828 
611   0.6120000000000004   0.7832167832167828 
612   0.6130000000000004   0.7832167832167828 
613   0.6140000000000004   0.7832167832167828 
614   0.6150000000000004   0.7832167832167828 
615   0.6160000000000004   0.7832167832167828 
616   0.6160000000000004   0.7902097902097898 
617   0.6180000000000004   0.7902097902097898 
618   0.6190000000000004   0.7902097902097898 
619   0.6200000000000004   0.7902097902097898 
620   0.6200000000000004   0.8041958041958037 
621   0.6210000000000004   0.8181818181818177 
622   0.6220000000000004   0.8251748251748247 
623   0.6240000000000004   0.8251748251748247 
624   0.6240000000000004   0.8321678321678316 
625   0.6260000000000004   0.8321678321678316 
626   0.6270000000000004   0.8321678321678316 
627   0.6280000000000004   0.8321678321678316 
628   0.6290000000000004   0.8321678321678316 
629   0.6300000000000004   0.8321678321678316 
630   0.6310000000000004   0.8321678321678316 
631   0.6320000000000005   0.8321678321678316 
632   0.6330000000000005   0.8321678321678316 
633   0.6340000000000005   0.8321678321678316 
634   0.6350000000000005   0.8321678321678316 
635   0.6360000000000005   0.8321678321678316 
636   0.6370000000000005   0.8321678321678316 
637   0.6380000000000005   0.8321678321678316 
638   0.6390000000000005   0.8321678321678316 
639   0.6400000000000005   0.8321678321678316 
640   0.6410000000000005   0.8321678321678316 
641   0.6420000000000005   0.8321678321678316 
642   0.6430000000000005   0.8321678321678316 
643   0.6440000000000005   0.8321678321678316 
644   0.6450000000000005   0.8321678321678316 
645   0.6450000000000005   0.8391608391608386 
646   0.6470000000000005   0.8391608391608386 
647   0.6480000000000005   0.8391608391608386 
648   0.6490000000000005   0.8391608391608386 
649   0.6490000000000005   0.8531468531468526 
650   0.6500000000000005   0.8671328671328665 
651   0.6510000000000005   0.8741258741258735 
652   0.6530000000000005   0.8741258741258735 
653   0.6530000000000005   0.8811188811188805 
654   0.6550000000000005   0.8811188811188805 
655   0.6560000000000005   0.8811188811188805 
656   0.6570000000000005   0.8811188811188805 
657   0.6580000000000005   0.8811188811188805 
658   0.6590000000000005   0.8811188811188805 
659   0.6600000000000005   0.8811188811188805 
660   0.6610000000000005   0.8811188811188805 
661   0.6620000000000005   0.8811188811188805 
662   0.6630000000000005   0.8811188811188805 
663   0.6640000000000005   0.8811188811188805 
664   0.6650000000000005   0.8811188811188805 
665   0.6660000000000005   0.8811188811188805 
666   0.6670000000000005   0.8811188811188805 
667   0.6680000000000005   0.8811188811188805 
668   0.6690000000000005   0.8811188811188805 
669   0.6700000000000005   0.8811188811188805 
670   0.6710000000000005   0.8811188811188805 
671   0.6720000000000005   0.8811188811188805 
672   0.6730000000000005   0.8811188811188805 
673   0.6740000000000005   0.8811188811188805 
674   0.6740000000000005   0.8881118881118875 
675   0.6760000000000005   0.8881118881118875 
676   0.6770000000000005   0.8881118881118875 
677   0.6780000000000005   0.8881118881118875 
678   0.6780000000000005   0.9020979020979014 
679   0.6790000000000005   0.9160839160839154 
680   0.6800000000000005   0.9230769230769224 
681   0.6820000000000005   0.9230769230769224 
682   0.6830000000000005   0.9230769230769224 
683   0.6830000000000005   0.9300699300699293 
684   0.6850000000000005   0.9300699300699293 
685   0.6860000000000005   0.9300699300699293 
686   0.6870000000000005   0.9300699300699293 
687   0.6880000000000005   0.9300699300699293 
688   0.6890000000000005   0.9300699300699293 
689   0.6900000000000005   0.9300699300699293 
690   0.6910000000000005   0.9300699300699293 
691   0.6920000000000005   0.9300699300699293 
692   0.6930000000000005   0.9300699300699293 
693   0.6940000000000005   0.9300699300699293 
694   0.6950000000000005   0.9300699300699293 
695   0.6960000000000005   0.9300699300699293 
696   0.6970000000000005   0.9300699300699293 
697   0.6980000000000005   0.9300699300699293 
698   0.6990000000000005   0.9300699300699293 
699   0.7000000000000005   0.9300699300699293 
700   0.7010000000000005   0.9300699300699293 
701   0.7020000000000005   0.9300699300699293 
702   0.7030000000000005   0.9300699300699293 
703   0.7040000000000005   0.9300699300699293 
704   0.7050000000000005   0.9300699300699293 
705   0.7060000000000005   0.9300699300699293 
706   0.7070000000000005   0.9300699300699293 
707   0.7080000000000005   0.9300699300699293 
708   0.7090000000000005   0.9300699300699293 
709   0.7100000000000005   0.9300699300699293 
710   0.7110000000000005   0.9300699300699293 
711   0.7120000000000005   0.9300699300699293 
712   0.7130000000000005   0.9300699300699293 
713   0.7140000000000005   0.9300699300699293 
714   0.7150000000000005   0.9300699300699293 
715   0.7160000000000005   0.9300699300699293 
716   0.7170000000000005   0.9300699300699293 
717   0.7180000000000005   0.9300699300699293 
718   0.7190000000000005   0.9300699300699293 
719   0.7200000000000005   0.9300699300699293 
720   0.7210000000000005   0.9300699300699293 
721   0.7220000000000005   0.9300699300699293 
722   0.7230000000000005   0.9300699300699293 
723   0.7240000000000005   0.9300699300699293 
724   0.7250000000000005   0.9300699300699293 
725   0.7260000000000005   0.9300699300699293 
726   0.7270000000000005   0.9300699300699293 
727   0.7280000000000005   0.9300699300699293 
728   0.7290000000000005   0.9300699300699293 
729   0.7300000000000005   0.9300699300699293 
730   0.7310000000000005   0.9300699300699293 
731   0.7320000000000005   0.9300699300699293 
732   0.7330000000000005   0.9300699300699293 
733   0.7340000000000005   0.9300699300699293 
734   0.7350000000000005   0.9300699300699293 
735   0.7360000000000005   0.9300699300699293 
736   0.7370000000000005   0.9300699300699293 
737   0.7380000000000005   0.9300699300699293 
738   0.7390000000000005   0.9300699300699293 
739   0.7400000000000005   0.9300699300699293 
740   0.7410000000000005   0.9300699300699293 
741   0.7420000000000005   0.9300699300699293 
742   0.7430000000000005   0.9300699300699293 
743   0.7440000000000005   0.9300699300699293 
744   0.7450000000000006   0.9300699300699293 
745   0.7460000000000006   0.9300699300699293 
746   0.7470000000000006   0.9300699300699293 
747   0.7470000000000006   0.9370629370629363 
748   0.7490000000000006   0.9370629370629363 
749   0.7500000000000006   0.9370629370629363 
750   0.7510000000000006   0.9370629370629363 
751   0.7520000000000006   0.9370629370629363 
752   0.7530000000000006   0.9370629370629363 
753   0.7540000000000006   0.9370629370629363 
754   0.7550000000000006   0.9370629370629363 
755   0.7560000000000006   0.9370629370629363 
756   0.7570000000000006   0.9370629370629363 
757   0.7580000000000006   0.9370629370629363 
758   0.7590000000000006   0.9370629370629363 
759   0.7600000000000006   0.9370629370629363 
760   0.7610000000000006   0.9370629370629363 
761   0.7620000000000006   0.9370629370629363 
762   0.7630000000000006   0.9370629370629363 
763   0.7640000000000006   0.9370629370629363 
764   0.7650000000000006   0.9370629370629363 
765   0.7660000000000006   0.9370629370629363 
766   0.7670000000000006   0.9370629370629363 
767   0.7680000000000006   0.9370629370629363 
768   0.7690000000000006   0.9370629370629363 
769   0.7700000000000006   0.9370629370629363 
770   0.7700000000000006   0.9510489510489503 
771   0.7720000000000006   0.9510489510489503 
772   0.7730000000000006   0.9510489510489503 
773   0.7740000000000006   0.9510489510489503 
774   0.7750000000000006   0.9510489510489503 
775   0.7760000000000006   0.9510489510489503 
776   0.7770000000000006   0.9510489510489503 
777   0.7780000000000006   0.9510489510489503 
778   0.7790000000000006   0.9510489510489503 
779   0.7800000000000006   0.9510489510489503 
780   0.7810000000000006   0.9510489510489503 
781   0.7820000000000006   0.9510489510489503 
782   0.7830000000000006   0.9510489510489503 
783   0.7840000000000006   0.9510489510489503 
784   0.7850000000000006   0.9510489510489503 
785   0.7860000000000006   0.9510489510489503 
786   0.7870000000000006   0.9510489510489503 
787   0.7880000000000006   0.9510489510489503 
788   0.7890000000000006   0.9510489510489503 
789   0.7900000000000006   0.9510489510489503 
790   0.7910000000000006   0.9510489510489503 
791   0.7920000000000006   0.9510489510489503 
792   0.7930000000000006   0.9510489510489503 
793   0.7940000000000006   0.9510489510489503 
794   0.7950000000000006   0.9510489510489503 
795   0.7960000000000006   0.9510489510489503 
796   0.7970000000000006   0.9510489510489503 
797   0.7980000000000006   0.9510489510489503 
798   0.7990000000000006   0.9510489510489503 
799   0.8000000000000006   0.9510489510489503 
800   0.8010000000000006   0.9510489510489503 
801   0.8020000000000006   0.9510489510489503 
802   0.8030000000000006   0.9510489510489503 
803   0.8040000000000006   0.9510489510489503 
804   0.8050000000000006   0.9510489510489503 
805   0.8060000000000006   0.9510489510489503 
806   0.8070000000000006   0.9510489510489503 
807   0.8080000000000006   0.9510489510489503 
808   0.8090000000000006   0.9510489510489503 
809   0.8100000000000006   0.9510489510489503 
810   0.8110000000000006   0.9510489510489503 
811   0.8120000000000006   0.9510489510489503 
812   0.8130000000000006   0.9510489510489503 
813   0.8140000000000006   0.9510489510489503 
814   0.8150000000000006   0.9510489510489503 
815   0.8160000000000006   0.9510489510489503 
816   0.8170000000000006   0.9510489510489503 
817   0.8180000000000006   0.9510489510489503 
818   0.8190000000000006   0.9510489510489503 
819   0.8200000000000006   0.9510489510489503 
820   0.8210000000000006   0.9510489510489503 
821   0.8220000000000006   0.9510489510489503 
822   0.8230000000000006   0.9510489510489503 
823   0.8240000000000006   0.9510489510489503 
824   0.8250000000000006   0.9510489510489503 
825   0.8260000000000006   0.9510489510489503 
826   0.8270000000000006   0.9510489510489503 
827   0.8280000000000006   0.9510489510489503 
828   0.8290000000000006   0.9510489510489503 
829   0.8290000000000006   0.9790209790209783 
830   0.8310000000000006   0.9790209790209783 
831   0.8320000000000006   0.9790209790209783 
832   0.8330000000000006   0.9790209790209783 
833   0.8340000000000006   0.9790209790209783 
834   0.8340000000000006   0.9999999999999992 
835   0.8360000000000006   0.9999999999999992 
836   0.8370000000000006   0.9999999999999992 
837   0.8380000000000006   0.9999999999999992 
838   0.8390000000000006   0.9999999999999992 
839   0.8400000000000006   0.9999999999999992 
840   0.8410000000000006   0.9999999999999992 
841   0.8420000000000006   0.9999999999999992 
842   0.8430000000000006   0.9999999999999992 
843   0.8440000000000006   0.9999999999999992 
844   0.8450000000000006   0.9999999999999992 
845   0.8460000000000006   0.9999999999999992 
846   0.8470000000000006   0.9999999999999992 
847   0.8480000000000006   0.9999999999999992 
848   0.8490000000000006   0.9999999999999992 
849   0.8500000000000006   0.9999999999999992 
850   0.8510000000000006   0.9999999999999992 
851   0.8520000000000006   0.9999999999999992 
852   0.8530000000000006   0.9999999999999992 
853   0.8540000000000006   0.9999999999999992 
854   0.8550000000000006   0.9999999999999992 
855   0.8560000000000006   0.9999999999999992 
856   0.8570000000000007   0.9999999999999992 
857   0.8580000000000007   0.9999999999999992 
858   0.8590000000000007   0.9999999999999992 
859   0.8600000000000007   0.9999999999999992 
860   0.8610000000000007   0.9999999999999992 
861   0.8620000000000007   0.9999999999999992 
862   0.8630000000000007   0.9999999999999992 
863   0.8640000000000007   0.9999999999999992 
864   0.8650000000000007   0.9999999999999992 
865   0.8660000000000007   0.9999999999999992 
866   0.8670000000000007   0.9999999999999992 
867   0.8680000000000007   0.9999999999999992 
868   0.8690000000000007   0.9999999999999992 
869   0.8700000000000007   0.9999999999999992 
870   0.8710000000000007   0.9999999999999992 
871   0.8720000000000007   0.9999999999999992 
872   0.8730000000000007   0.9999999999999992 
873   0.8740000000000007   0.9999999999999992 
874   0.8750000000000007   0.9999999999999992 
875   0.8760000000000007   0.9999999999999992 
876   0.8770000000000007   0.9999999999999992 
877   0.8780000000000007   0.9999999999999992 
878   0.8790000000000007   0.9999999999999992 
879   0.8800000000000007   0.9999999999999992 
880   0.8810000000000007   0.9999999999999992 
881   0.8820000000000007   0.9999999999999992 
882   0.8830000000000007   0.9999999999999992 
883   0.8840000000000007   0.9999999999999992 
884   0.8850000000000007   0.9999999999999992 
885   0.8860000000000007   0.9999999999999992 
886   0.8870000000000007   0.9999999999999992 
887   0.8880000000000007   0.9999999999999992 
888   0.8890000000000007   0.9999999999999992 
889   0.8900000000000007   0.9999999999999992 
890   0.8910000000000007   0.9999999999999992 
891   0.8920000000000007   0.9999999999999992 
892   0.8930000000000007   0.9999999999999992 
893   0.8940000000000007   0.9999999999999992 
894   0.8950000000000007   0.9999999999999992 
895   0.8960000000000007   0.9999999999999992 
896   0.8970000000000007   0.9999999999999992 
897   0.8980000000000007   0.9999999999999992 
898   0.8990000000000007   0.9999999999999992 
899   0.9000000000000007   0.9999999999999992 
900   0.9010000000000007   0.9999999999999992 
901   0.9020000000000007   0.9999999999999992 
902   0.9030000000000007   0.9999999999999992 
903   0.9040000000000007   0.9999999999999992 
904   0.9050000000000007   0.9999999999999992 
905   0.9060000000000007   0.9999999999999992 
906   0.9070000000000007   0.9999999999999992 
907   0.9080000000000007   0.9999999999999992 
908   0.9090000000000007   0.9999999999999992 
909   0.9100000000000007   0.9999999999999992 
910   0.9110000000000007   0.9999999999999992 
911   0.9120000000000007   0.9999999999999992 
912   0.9130000000000007   0.9999999999999992 
913   0.9140000000000007   0.9999999999999992 
914   0.9150000000000007   0.9999999999999992 
915   0.9160000000000007   0.9999999999999992 
916   0.9170000000000007   0.9999999999999992 
917   0.9180000000000007   0.9999999999999992 
918   0.9190000000000007   0.9999999999999992 
919   0.9200000000000007   0.9999999999999992 
920   0.9210000000000007   0.9999999999999992 
921   0.9220000000000007   0.9999999999999992 
922   0.9230000000000007   0.9999999999999992 
923   0.9240000000000007   0.9999999999999992 
924   0.9250000000000007   0.9999999999999992 
925   0.9260000000000007   0.9999999999999992 
926   0.9270000000000007   0.9999999999999992 
927   0.9280000000000007   0.9999999999999992 
928   0.9290000000000007   0.9999999999999992 
929   0.9300000000000007   0.9999999999999992 
930   0.9310000000000007   0.9999999999999992 
931   0.9320000000000007   0.9999999999999992 
932   0.9330000000000007   0.9999999999999992 
933   0.9340000000000007   0.9999999999999992 
934   0.9350000000000007   0.9999999999999992 
935   0.9360000000000007   0.9999999999999992 
936   0.9370000000000007   0.9999999999999992 
937   0.9380000000000007   0.9999999999999992 
938   0.9390000000000007   0.9999999999999992 
939   0.9400000000000007   0.9999999999999992 
940   0.9410000000000007   0.9999999999999992 
941   0.9420000000000007   0.9999999999999992 
942   0.9430000000000007   0.9999999999999992 
943   0.9440000000000007   0.9999999999999992 
944   0.9450000000000007   0.9999999999999992 
945   0.9460000000000007   0.9999999999999992 
946   0.9470000000000007   0.9999999999999992 
947   0.9480000000000007   0.9999999999999992 
948   0.9490000000000007   0.9999999999999992 
949   0.9500000000000007   0.9999999999999992 
950   0.9510000000000007   0.9999999999999992 
951   0.9520000000000007   0.9999999999999992 
952   0.9530000000000007   0.9999999999999992 
953   0.9540000000000007   0.9999999999999992 
954   0.9550000000000007   0.9999999999999992 
955   0.9560000000000007   0.9999999999999992 
956   0.9570000000000007   0.9999999999999992 
957   0.9580000000000007   0.9999999999999992 
958   0.9590000000000007   0.9999999999999992 
959   0.9600000000000007   0.9999999999999992 
960   0.9610000000000007   0.9999999999999992 
961   0.9620000000000007   0.9999999999999992 
962   0.9630000000000007   0.9999999999999992 
963   0.9640000000000007   0.9999999999999992 
964   0.9650000000000007   0.9999999999999992 
965   0.9660000000000007   0.9999999999999992 
966   0.9670000000000007   0.9999999999999992 
967   0.9680000000000007   0.9999999999999992 
968   0.9690000000000007   0.9999999999999992 
969   0.9700000000000008   0.9999999999999992 
970   0.9710000000000008   0.9999999999999992 
971   0.9720000000000008   0.9999999999999992 
972   0.9730000000000008   0.9999999999999992 
973   0.9740000000000008   0.9999999999999992 
974   0.9750000000000008   0.9999999999999992 
975   0.9760000000000008   0.9999999999999992 
976   0.9770000000000008   0.9999999999999992 
977   0.9780000000000008   0.9999999999999992 
978   0.9790000000000008   0.9999999999999992 
979   0.9800000000000008   0.9999999999999992 
980   0.9810000000000008   0.9999999999999992 
981   0.9820000000000008   0.9999999999999992 
982   0.9830000000000008   0.9999999999999992 
983   0.9840000000000008   0.9999999999999992 
984   0.9850000000000008   0.9999999999999992 
985   0.9860000000000008   0.9999999999999992 
986   0.9870000000000008   0.9999999999999992 
987   0.9880000000000008   0.9999999999999992 
988   0.9890000000000008   0.9999999999999992 
989   0.9900000000000008   0.9999999999999992 
990   0.9910000000000008   0.9999999999999992 
991   0.9920000000000008   0.9999999999999992 
992   0.9930000000000008   0.9999999999999992 
993   0.9940000000000008   0.9999999999999992 
994   0.9950000000000008   0.9999999999999992 
995   0.9960000000000008   0.9999999999999992 
996   0.9970000000000008   0.9999999999999992 
997   0.9980000000000008   0.9999999999999992 
998   0.9990000000000008   0.9999999999999992 
999   1.0000000000000007   0.9999999999999992 
