0   0.001   0 
1   0.002   0 
2   0.003   0 
3   0.004   0 
4   0.005   0 
5   0.006   0 
6   0.007   0 
7   0.008   0 
8   0.009000000000000001   0 
9   0.010000000000000002   0 
10   0.011000000000000003   0 
11   0.012000000000000004   0 
12   0.013000000000000005   0 
13   0.014000000000000005   0 
14   0.015000000000000006   0 
15   0.016000000000000007   0 
16   0.017000000000000008   0 
17   0.01800000000000001   0 
18   0.01900000000000001   0 
19   0.02000000000000001   0 
20   0.02100000000000001   0 
21   0.022000000000000013   0 
22   0.023000000000000013   0 
23   0.024000000000000014   0 
24   0.025000000000000015   0 
25   0.026000000000000016   0 
26   0.027000000000000017   0 
27   0.028000000000000018   0 
28   0.02900000000000002   0 
29   0.03000000000000002   0 
30   0.03100000000000002   0 
31   0.03200000000000002   0 
32   0.03300000000000002   0 
33   0.03400000000000002   0 
34   0.035000000000000024   0 
35   0.035000000000000024   0.021052631578947368 
36   0.037000000000000026   0.021052631578947368 
37   0.03800000000000003   0.021052631578947368 
38   0.03900000000000003   0.021052631578947368 
39   0.04000000000000003   0.021052631578947368 
40   0.04100000000000003   0.021052631578947368 
41   0.04200000000000003   0.021052631578947368 
42   0.04300000000000003   0.021052631578947368 
43   0.04300000000000003   0.031578947368421054 
44   0.04400000000000003   0.05263157894736842 
45   0.046000000000000034   0.05263157894736842 
46   0.047000000000000035   0.05263157894736842 
47   0.048000000000000036   0.05263157894736842 
48   0.04900000000000004   0.05263157894736842 
49   0.05000000000000004   0.05263157894736842 
50   0.05100000000000004   0.05263157894736842 
51   0.05200000000000004   0.05263157894736842 
52   0.05300000000000004   0.05263157894736842 
53   0.05400000000000004   0.05263157894736842 
54   0.05500000000000004   0.05263157894736842 
55   0.05600000000000004   0.05263157894736842 
56   0.057000000000000044   0.05263157894736842 
57   0.058000000000000045   0.05263157894736842 
58   0.059000000000000045   0.05263157894736842 
59   0.060000000000000046   0.05263157894736842 
60   0.06100000000000005   0.05263157894736842 
61   0.06200000000000005   0.05263157894736842 
62   0.06300000000000004   0.05263157894736842 
63   0.06400000000000004   0.05263157894736842 
64   0.06400000000000004   0.07368421052631578 
65   0.06600000000000004   0.07368421052631578 
66   0.06700000000000005   0.07368421052631578 
67   0.06800000000000005   0.07368421052631578 
68   0.06900000000000005   0.07368421052631578 
69   0.07000000000000005   0.07368421052631578 
70   0.07100000000000005   0.07368421052631578 
71   0.07200000000000005   0.07368421052631578 
72   0.07200000000000005   0.08421052631578947 
73   0.07300000000000005   0.10526315789473684 
74   0.07500000000000005   0.10526315789473684 
75   0.07600000000000005   0.10526315789473684 
76   0.07700000000000005   0.10526315789473684 
77   0.07800000000000006   0.10526315789473684 
78   0.07900000000000006   0.10526315789473684 
79   0.08000000000000006   0.10526315789473684 
80   0.08100000000000006   0.10526315789473684 
81   0.08200000000000006   0.10526315789473684 
82   0.08300000000000006   0.10526315789473684 
83   0.08400000000000006   0.10526315789473684 
84   0.08500000000000006   0.10526315789473684 
85   0.08600000000000006   0.10526315789473684 
86   0.08700000000000006   0.10526315789473684 
87   0.08800000000000006   0.10526315789473684 
88   0.08900000000000007   0.10526315789473684 
89   0.09000000000000007   0.10526315789473684 
90   0.09100000000000007   0.10526315789473684 
91   0.09200000000000007   0.10526315789473684 
92   0.09300000000000007   0.10526315789473684 
93   0.09300000000000007   0.12631578947368421 
94   0.09500000000000007   0.12631578947368421 
95   0.09600000000000007   0.12631578947368421 
96   0.09700000000000007   0.12631578947368421 
97   0.09800000000000007   0.12631578947368421 
98   0.09900000000000007   0.12631578947368421 
99   0.10000000000000007   0.12631578947368421 
100   0.10100000000000008   0.12631578947368421 
101   0.10200000000000008   0.12631578947368421 
102   0.10200000000000008   0.1473684210526316 
103   0.10300000000000008   0.15789473684210528 
104   0.10500000000000008   0.15789473684210528 
105   0.10600000000000008   0.15789473684210528 
106   0.10700000000000008   0.15789473684210528 
107   0.10800000000000008   0.15789473684210528 
108   0.10900000000000008   0.15789473684210528 
109   0.11000000000000008   0.15789473684210528 
110   0.11100000000000008   0.15789473684210528 
111   0.11200000000000009   0.15789473684210528 
112   0.11300000000000009   0.15789473684210528 
113   0.11400000000000009   0.15789473684210528 
114   0.11500000000000009   0.15789473684210528 
115   0.11600000000000009   0.15789473684210528 
116   0.11700000000000009   0.15789473684210528 
117   0.11800000000000009   0.15789473684210528 
118   0.11900000000000009   0.15789473684210528 
119   0.12000000000000009   0.15789473684210528 
120   0.1210000000000001   0.15789473684210528 
121   0.1220000000000001   0.15789473684210528 
122   0.1220000000000001   0.17894736842105266 
123   0.1240000000000001   0.17894736842105266 
124   0.12500000000000008   0.17894736842105266 
125   0.12600000000000008   0.17894736842105266 
126   0.12700000000000009   0.17894736842105266 
127   0.12800000000000009   0.17894736842105266 
128   0.1290000000000001   0.17894736842105266 
129   0.1300000000000001   0.17894736842105266 
130   0.1310000000000001   0.17894736842105266 
131   0.1310000000000001   0.20000000000000004 
132   0.1320000000000001   0.21052631578947373 
133   0.1340000000000001   0.21052631578947373 
134   0.1350000000000001   0.21052631578947373 
135   0.1360000000000001   0.21052631578947373 
136   0.1370000000000001   0.21052631578947373 
137   0.1380000000000001   0.21052631578947373 
138   0.1390000000000001   0.21052631578947373 
139   0.1400000000000001   0.21052631578947373 
140   0.1410000000000001   0.21052631578947373 
141   0.1420000000000001   0.21052631578947373 
142   0.1430000000000001   0.21052631578947373 
143   0.1440000000000001   0.21052631578947373 
144   0.1450000000000001   0.21052631578947373 
145   0.1460000000000001   0.21052631578947373 
146   0.1470000000000001   0.21052631578947373 
147   0.1480000000000001   0.21052631578947373 
148   0.1490000000000001   0.21052631578947373 
149   0.1500000000000001   0.21052631578947373 
150   0.1510000000000001   0.21052631578947373 
151   0.1520000000000001   0.21052631578947373 
152   0.1530000000000001   0.21052631578947373 
153   0.1540000000000001   0.21052631578947373 
154   0.1550000000000001   0.21052631578947373 
155   0.1560000000000001   0.21052631578947373 
156   0.1570000000000001   0.21052631578947373 
157   0.1580000000000001   0.21052631578947373 
158   0.1590000000000001   0.21052631578947373 
159   0.16000000000000011   0.21052631578947373 
160   0.16100000000000012   0.21052631578947373 
161   0.16200000000000012   0.21052631578947373 
162   0.16300000000000012   0.21052631578947373 
163   0.16400000000000012   0.21052631578947373 
164   0.16500000000000012   0.21052631578947373 
165   0.16600000000000012   0.21052631578947373 
166   0.16700000000000012   0.21052631578947373 
167   0.16800000000000012   0.21052631578947373 
168   0.16900000000000012   0.21052631578947373 
169   0.17000000000000012   0.21052631578947373 
170   0.17100000000000012   0.21052631578947373 
171   0.17200000000000013   0.21052631578947373 
172   0.17300000000000013   0.21052631578947373 
173   0.17400000000000013   0.21052631578947373 
174   0.17500000000000013   0.21052631578947373 
175   0.17600000000000013   0.21052631578947373 
176   0.17700000000000013   0.21052631578947373 
177   0.17800000000000013   0.21052631578947373 
178   0.17900000000000013   0.21052631578947373 
179   0.18000000000000013   0.21052631578947373 
180   0.18100000000000013   0.21052631578947373 
181   0.18200000000000013   0.21052631578947373 
182   0.18300000000000013   0.21052631578947373 
183   0.18400000000000014   0.21052631578947373 
184   0.18500000000000014   0.21052631578947373 
185   0.18600000000000014   0.21052631578947373 
186   0.18700000000000014   0.21052631578947373 
187   0.18800000000000014   0.21052631578947373 
188   0.18800000000000014   0.2315789473684211 
189   0.19000000000000014   0.2315789473684211 
190   0.19100000000000014   0.2315789473684211 
191   0.19200000000000014   0.2315789473684211 
192   0.19300000000000014   0.2315789473684211 
193   0.19400000000000014   0.2315789473684211 
194   0.19500000000000015   0.2315789473684211 
195   0.19600000000000015   0.2315789473684211 
196   0.19700000000000015   0.2315789473684211 
197   0.19700000000000015   0.2526315789473685 
198   0.19800000000000015   0.26315789473684215 
199   0.20000000000000015   0.26315789473684215 
200   0.20100000000000015   0.26315789473684215 
201   0.20200000000000015   0.26315789473684215 
202   0.20300000000000015   0.26315789473684215 
203   0.20400000000000015   0.26315789473684215 
204   0.20500000000000015   0.26315789473684215 
205   0.20600000000000016   0.26315789473684215 
206   0.20700000000000016   0.26315789473684215 
207   0.20800000000000016   0.26315789473684215 
208   0.20900000000000016   0.26315789473684215 
209   0.21000000000000016   0.26315789473684215 
210   0.21100000000000016   0.26315789473684215 
211   0.21200000000000016   0.26315789473684215 
212   0.21300000000000016   0.26315789473684215 
213   0.21400000000000016   0.26315789473684215 
214   0.21500000000000016   0.26315789473684215 
215   0.21600000000000016   0.26315789473684215 
216   0.21700000000000016   0.26315789473684215 
217   0.21700000000000016   0.2842105263157895 
218   0.21900000000000017   0.2842105263157895 
219   0.22000000000000017   0.2842105263157895 
220   0.22100000000000017   0.2842105263157895 
221   0.22200000000000017   0.2842105263157895 
222   0.22300000000000017   0.2842105263157895 
223   0.22400000000000017   0.2842105263157895 
224   0.22500000000000017   0.2842105263157895 
225   0.22600000000000017   0.2842105263157895 
226   0.22600000000000017   0.3052631578947369 
227   0.22700000000000017   0.31578947368421056 
228   0.22900000000000018   0.31578947368421056 
229   0.23000000000000018   0.31578947368421056 
230   0.23100000000000018   0.31578947368421056 
231   0.23200000000000018   0.31578947368421056 
232   0.23300000000000018   0.31578947368421056 
233   0.23400000000000018   0.31578947368421056 
234   0.23500000000000018   0.31578947368421056 
235   0.23600000000000018   0.31578947368421056 
236   0.23700000000000018   0.31578947368421056 
237   0.23800000000000018   0.31578947368421056 
238   0.23900000000000018   0.31578947368421056 
239   0.24000000000000019   0.31578947368421056 
240   0.2410000000000002   0.31578947368421056 
241   0.2420000000000002   0.31578947368421056 
242   0.2430000000000002   0.31578947368421056 
243   0.2440000000000002   0.31578947368421056 
244   0.2450000000000002   0.31578947368421056 
245   0.2460000000000002   0.31578947368421056 
246   0.2460000000000002   0.33684210526315794 
247   0.2480000000000002   0.33684210526315794 
248   0.2490000000000002   0.33684210526315794 
249   0.25000000000000017   0.33684210526315794 
250   0.25100000000000017   0.33684210526315794 
251   0.25200000000000017   0.33684210526315794 
252   0.25300000000000017   0.33684210526315794 
253   0.25400000000000017   0.33684210526315794 
254   0.25500000000000017   0.33684210526315794 
255   0.25500000000000017   0.3578947368421053 
256   0.25600000000000017   0.368421052631579 
257   0.2580000000000002   0.368421052631579 
258   0.2590000000000002   0.368421052631579 
259   0.2600000000000002   0.368421052631579 
260   0.2610000000000002   0.368421052631579 
261   0.2620000000000002   0.368421052631579 
262   0.2630000000000002   0.368421052631579 
263   0.2640000000000002   0.368421052631579 
264   0.2650000000000002   0.368421052631579 
265   0.2660000000000002   0.368421052631579 
266   0.2670000000000002   0.368421052631579 
267   0.2680000000000002   0.368421052631579 
268   0.2690000000000002   0.368421052631579 
269   0.2700000000000002   0.368421052631579 
270   0.2710000000000002   0.368421052631579 
271   0.2720000000000002   0.368421052631579 
272   0.2730000000000002   0.368421052631579 
273   0.2740000000000002   0.368421052631579 
274   0.2750000000000002   0.368421052631579 
275   0.2750000000000002   0.38947368421052636 
276   0.2770000000000002   0.38947368421052636 
277   0.2780000000000002   0.38947368421052636 
278   0.2790000000000002   0.38947368421052636 
279   0.2800000000000002   0.38947368421052636 
280   0.2810000000000002   0.38947368421052636 
281   0.2820000000000002   0.38947368421052636 
282   0.2830000000000002   0.38947368421052636 
283   0.2840000000000002   0.38947368421052636 
284   0.2840000000000002   0.41052631578947374 
285   0.2850000000000002   0.4210526315789474 
286   0.2870000000000002   0.4210526315789474 
287   0.2880000000000002   0.4210526315789474 
288   0.2890000000000002   0.4210526315789474 
289   0.2900000000000002   0.4210526315789474 
290   0.2910000000000002   0.4210526315789474 
291   0.2920000000000002   0.4210526315789474 
292   0.2930000000000002   0.4210526315789474 
293   0.2940000000000002   0.4210526315789474 
294   0.2950000000000002   0.4210526315789474 
295   0.2960000000000002   0.4210526315789474 
296   0.2970000000000002   0.4210526315789474 
297   0.2980000000000002   0.4210526315789474 
298   0.2990000000000002   0.4210526315789474 
299   0.3000000000000002   0.4210526315789474 
300   0.3010000000000002   0.4210526315789474 
301   0.3020000000000002   0.4210526315789474 
302   0.3030000000000002   0.4210526315789474 
303   0.3040000000000002   0.4210526315789474 
304   0.3040000000000002   0.4421052631578948 
305   0.3060000000000002   0.4421052631578948 
306   0.3070000000000002   0.4421052631578948 
307   0.3080000000000002   0.4421052631578948 
308   0.3090000000000002   0.4421052631578948 
309   0.3100000000000002   0.4421052631578948 
310   0.3110000000000002   0.4421052631578948 
311   0.3120000000000002   0.4421052631578948 
312   0.3130000000000002   0.4421052631578948 
313   0.3130000000000002   0.46315789473684216 
314   0.3140000000000002   0.4736842105263158 
315   0.3160000000000002   0.4736842105263158 
316   0.3170000000000002   0.4736842105263158 
317   0.3180000000000002   0.4736842105263158 
318   0.31900000000000023   0.4736842105263158 
319   0.32000000000000023   0.4736842105263158 
320   0.32100000000000023   0.4736842105263158 
321   0.32200000000000023   0.4736842105263158 
322   0.32300000000000023   0.4736842105263158 
323   0.32400000000000023   0.4736842105263158 
324   0.32500000000000023   0.4736842105263158 
325   0.32600000000000023   0.4736842105263158 
326   0.32700000000000023   0.4736842105263158 
327   0.32800000000000024   0.4736842105263158 
328   0.32900000000000024   0.4736842105263158 
329   0.33000000000000024   0.4736842105263158 
330   0.33100000000000024   0.4736842105263158 
331   0.33200000000000024   0.4736842105263158 
332   0.33300000000000024   0.4736842105263158 
333   0.33400000000000024   0.4736842105263158 
334   0.33500000000000024   0.4736842105263158 
335   0.33600000000000024   0.4736842105263158 
336   0.33700000000000024   0.4736842105263158 
337   0.33800000000000024   0.4736842105263158 
338   0.33900000000000025   0.4736842105263158 
339   0.34000000000000025   0.4736842105263158 
340   0.34100000000000025   0.4736842105263158 
341   0.34200000000000025   0.4736842105263158 
342   0.34300000000000025   0.4736842105263158 
343   0.34400000000000025   0.4736842105263158 
344   0.34500000000000025   0.4736842105263158 
345   0.34600000000000025   0.4736842105263158 
346   0.34700000000000025   0.4736842105263158 
347   0.34800000000000025   0.4736842105263158 
348   0.34900000000000025   0.4736842105263158 
349   0.35000000000000026   0.4736842105263158 
350   0.35100000000000026   0.4736842105263158 
351   0.35200000000000026   0.4736842105263158 
352   0.35300000000000026   0.4736842105263158 
353   0.35400000000000026   0.4736842105263158 
354   0.35500000000000026   0.4736842105263158 
355   0.35600000000000026   0.4736842105263158 
356   0.35700000000000026   0.4736842105263158 
357   0.35800000000000026   0.4736842105263158 
358   0.35900000000000026   0.4736842105263158 
359   0.36000000000000026   0.4736842105263158 
360   0.36100000000000027   0.4736842105263158 
361   0.36200000000000027   0.4736842105263158 
362   0.36300000000000027   0.4736842105263158 
363   0.36400000000000027   0.4736842105263158 
364   0.36500000000000027   0.4736842105263158 
365   0.36600000000000027   0.4736842105263158 
366   0.36700000000000027   0.4736842105263158 
367   0.36800000000000027   0.4736842105263158 
368   0.36900000000000027   0.4736842105263158 
369   0.3700000000000003   0.4736842105263158 
370   0.3710000000000003   0.4736842105263158 
371   0.3710000000000003   0.4947368421052632 
372   0.3730000000000003   0.4947368421052632 
373   0.3740000000000003   0.4947368421052632 
374   0.3750000000000003   0.4947368421052632 
375   0.3760000000000003   0.4947368421052632 
376   0.3770000000000003   0.4947368421052632 
377   0.3780000000000003   0.4947368421052632 
378   0.3790000000000003   0.4947368421052632 
379   0.3790000000000003   0.5052631578947369 
380   0.3800000000000003   0.5263157894736842 
381   0.3820000000000003   0.5263157894736842 
382   0.3830000000000003   0.5263157894736842 
383   0.3840000000000003   0.5263157894736842 
384   0.3850000000000003   0.5263157894736842 
385   0.3860000000000003   0.5263157894736842 
386   0.3870000000000003   0.5263157894736842 
387   0.3880000000000003   0.5263157894736842 
388   0.3890000000000003   0.5263157894736842 
389   0.3900000000000003   0.5263157894736842 
390   0.3910000000000003   0.5263157894736842 
391   0.3920000000000003   0.5263157894736842 
392   0.3930000000000003   0.5263157894736842 
393   0.3940000000000003   0.5263157894736842 
394   0.3950000000000003   0.5263157894736842 
395   0.3960000000000003   0.5263157894736842 
396   0.3970000000000003   0.5263157894736842 
397   0.3980000000000003   0.5263157894736842 
398   0.3990000000000003   0.5263157894736842 
399   0.4000000000000003   0.5263157894736842 
400   0.4000000000000003   0.5473684210526315 
401   0.4020000000000003   0.5473684210526315 
402   0.4030000000000003   0.5473684210526315 
403   0.4040000000000003   0.5473684210526315 
404   0.4050000000000003   0.5473684210526315 
405   0.4060000000000003   0.5473684210526315 
406   0.4070000000000003   0.5473684210526315 
407   0.4080000000000003   0.5473684210526315 
408   0.4080000000000003   0.5578947368421052 
409   0.4090000000000003   0.5789473684210525 
410   0.4110000000000003   0.5789473684210525 
411   0.4120000000000003   0.5789473684210525 
412   0.4130000000000003   0.5789473684210525 
413   0.4140000000000003   0.5789473684210525 
414   0.4150000000000003   0.5789473684210525 
415   0.4160000000000003   0.5789473684210525 
416   0.4170000000000003   0.5789473684210525 
417   0.4180000000000003   0.5789473684210525 
418   0.4190000000000003   0.5789473684210525 
419   0.4200000000000003   0.5789473684210525 
420   0.4210000000000003   0.5789473684210525 
421   0.4220000000000003   0.5789473684210525 
422   0.4230000000000003   0.5789473684210525 
423   0.4240000000000003   0.5789473684210525 
424   0.4250000000000003   0.5789473684210525 
425   0.4260000000000003   0.5789473684210525 
426   0.4270000000000003   0.5789473684210525 
427   0.4280000000000003   0.5789473684210525 
428   0.4290000000000003   0.5789473684210525 
429   0.4290000000000003   0.5999999999999999 
430   0.4310000000000003   0.5999999999999999 
431   0.43200000000000033   0.5999999999999999 
432   0.43300000000000033   0.5999999999999999 
433   0.43400000000000033   0.5999999999999999 
434   0.43500000000000033   0.5999999999999999 
435   0.43600000000000033   0.5999999999999999 
436   0.43700000000000033   0.5999999999999999 
437   0.43800000000000033   0.5999999999999999 
438   0.43800000000000033   0.6315789473684209 
439   0.44000000000000034   0.6315789473684209 
440   0.44100000000000034   0.6315789473684209 
441   0.44200000000000034   0.6315789473684209 
442   0.44300000000000034   0.6315789473684209 
443   0.44400000000000034   0.6315789473684209 
444   0.44500000000000034   0.6315789473684209 
445   0.44600000000000034   0.6315789473684209 
446   0.44700000000000034   0.6315789473684209 
447   0.44800000000000034   0.6315789473684209 
448   0.44900000000000034   0.6315789473684209 
449   0.45000000000000034   0.6315789473684209 
450   0.45100000000000035   0.6315789473684209 
451   0.45200000000000035   0.6315789473684209 
452   0.45300000000000035   0.6315789473684209 
453   0.45400000000000035   0.6315789473684209 
454   0.45500000000000035   0.6315789473684209 
455   0.45600000000000035   0.6315789473684209 
456   0.45700000000000035   0.6315789473684209 
457   0.45800000000000035   0.6315789473684209 
458   0.45800000000000035   0.6526315789473682 
459   0.46000000000000035   0.6526315789473682 
460   0.46100000000000035   0.6526315789473682 
461   0.46200000000000035   0.6526315789473682 
462   0.46300000000000036   0.6526315789473682 
463   0.46400000000000036   0.6526315789473682 
464   0.46500000000000036   0.6526315789473682 
465   0.46600000000000036   0.6526315789473682 
466   0.46700000000000036   0.6526315789473682 
467   0.46700000000000036   0.6736842105263156 
468   0.46800000000000036   0.6842105263157893 
469   0.47000000000000036   0.6842105263157893 
470   0.47100000000000036   0.6842105263157893 
471   0.47200000000000036   0.6842105263157893 
472   0.47300000000000036   0.6842105263157893 
473   0.47400000000000037   0.6842105263157893 
474   0.47500000000000037   0.6842105263157893 
475   0.47600000000000037   0.6842105263157893 
476   0.47700000000000037   0.6842105263157893 
477   0.47800000000000037   0.6842105263157893 
478   0.47900000000000037   0.6842105263157893 
479   0.48000000000000037   0.6842105263157893 
480   0.48100000000000037   0.6842105263157893 
481   0.4820000000000004   0.6842105263157893 
482   0.4830000000000004   0.6842105263157893 
483   0.4840000000000004   0.6842105263157893 
484   0.4850000000000004   0.6842105263157893 
485   0.4860000000000004   0.6842105263157893 
486   0.4870000000000004   0.6842105263157893 
487   0.4870000000000004   0.7052631578947366 
488   0.4890000000000004   0.7052631578947366 
489   0.4900000000000004   0.7052631578947366 
490   0.4910000000000004   0.7052631578947366 
491   0.4920000000000004   0.7052631578947366 
492   0.4930000000000004   0.7052631578947366 
493   0.4940000000000004   0.7052631578947366 
494   0.4950000000000004   0.7052631578947366 
495   0.4960000000000004   0.7052631578947366 
496   0.4960000000000004   0.7263157894736839 
497   0.4970000000000004   0.7368421052631576 
498   0.4990000000000004   0.7368421052631576 
499   0.5000000000000003   0.7368421052631576 
500   0.5010000000000003   0.7368421052631576 
501   0.5020000000000003   0.7368421052631576 
502   0.5030000000000003   0.7368421052631576 
503   0.5040000000000003   0.7368421052631576 
504   0.5050000000000003   0.7368421052631576 
505   0.5060000000000003   0.7368421052631576 
506   0.5070000000000003   0.7368421052631576 
507   0.5080000000000003   0.7368421052631576 
508   0.5090000000000003   0.7368421052631576 
509   0.5100000000000003   0.7368421052631576 
510   0.5110000000000003   0.7368421052631576 
511   0.5120000000000003   0.7368421052631576 
512   0.5130000000000003   0.7368421052631576 
513   0.5140000000000003   0.7368421052631576 
514   0.5150000000000003   0.7368421052631576 
515   0.5160000000000003   0.7368421052631576 
516   0.5170000000000003   0.7368421052631576 
517   0.5180000000000003   0.7368421052631576 
518   0.5190000000000003   0.7368421052631576 
519   0.5200000000000004   0.7368421052631576 
520   0.5210000000000004   0.7368421052631576 
521   0.5220000000000004   0.7368421052631576 
522   0.5230000000000004   0.7368421052631576 
523   0.5240000000000004   0.7368421052631576 
524   0.5250000000000004   0.7368421052631576 
525   0.5260000000000004   0.7368421052631576 
526   0.5270000000000004   0.7368421052631576 
527   0.5280000000000004   0.7368421052631576 
528   0.5290000000000004   0.7368421052631576 
529   0.5300000000000004   0.7368421052631576 
530   0.5310000000000004   0.7368421052631576 
531   0.5320000000000004   0.7368421052631576 
532   0.5330000000000004   0.7368421052631576 
533   0.5340000000000004   0.7368421052631576 
534   0.5350000000000004   0.7368421052631576 
535   0.5360000000000004   0.7368421052631576 
536   0.5370000000000004   0.7368421052631576 
537   0.5380000000000004   0.7368421052631576 
538   0.5390000000000004   0.7368421052631576 
539   0.5400000000000004   0.7368421052631576 
540   0.5410000000000004   0.7368421052631576 
541   0.5420000000000004   0.7368421052631576 
542   0.5430000000000004   0.7368421052631576 
543   0.5440000000000004   0.7368421052631576 
544   0.5450000000000004   0.7368421052631576 
545   0.5460000000000004   0.7368421052631576 
546   0.5470000000000004   0.7368421052631576 
547   0.5480000000000004   0.7368421052631576 
548   0.5490000000000004   0.7368421052631576 
549   0.5500000000000004   0.7368421052631576 
550   0.5510000000000004   0.7368421052631576 
551   0.5520000000000004   0.7368421052631576 
552   0.5530000000000004   0.7368421052631576 
553   0.5530000000000004   0.757894736842105 
554   0.5550000000000004   0.757894736842105 
555   0.5560000000000004   0.757894736842105 
556   0.5570000000000004   0.757894736842105 
557   0.5580000000000004   0.757894736842105 
558   0.5590000000000004   0.757894736842105 
559   0.5600000000000004   0.757894736842105 
560   0.5610000000000004   0.757894736842105 
561   0.5620000000000004   0.757894736842105 
562   0.5620000000000004   0.7789473684210523 
563   0.5630000000000004   0.789473684210526 
564   0.5650000000000004   0.789473684210526 
565   0.5660000000000004   0.789473684210526 
566   0.5670000000000004   0.789473684210526 
567   0.5680000000000004   0.789473684210526 
568   0.5690000000000004   0.789473684210526 
569   0.5700000000000004   0.789473684210526 
570   0.5710000000000004   0.789473684210526 
571   0.5720000000000004   0.789473684210526 
572   0.5730000000000004   0.789473684210526 
573   0.5740000000000004   0.789473684210526 
574   0.5750000000000004   0.789473684210526 
575   0.5760000000000004   0.789473684210526 
576   0.5770000000000004   0.789473684210526 
577   0.5780000000000004   0.789473684210526 
578   0.5790000000000004   0.789473684210526 
579   0.5800000000000004   0.789473684210526 
580   0.5810000000000004   0.789473684210526 
581   0.5820000000000004   0.789473684210526 
582   0.5820000000000004   0.8105263157894733 
583   0.5840000000000004   0.8105263157894733 
584   0.5850000000000004   0.8105263157894733 
585   0.5860000000000004   0.8105263157894733 
586   0.5870000000000004   0.8105263157894733 
587   0.5880000000000004   0.8105263157894733 
588   0.5890000000000004   0.8105263157894733 
589   0.5900000000000004   0.8105263157894733 
590   0.5910000000000004   0.8105263157894733 
591   0.5910000000000004   0.8315789473684206 
592   0.5920000000000004   0.8421052631578944 
593   0.5940000000000004   0.8421052631578944 
594   0.5950000000000004   0.8421052631578944 
595   0.5960000000000004   0.8421052631578944 
596   0.5970000000000004   0.8421052631578944 
597   0.5980000000000004   0.8421052631578944 
598   0.5990000000000004   0.8421052631578944 
599   0.6000000000000004   0.8421052631578944 
600   0.6010000000000004   0.8421052631578944 
601   0.6020000000000004   0.8421052631578944 
602   0.6030000000000004   0.8421052631578944 
603   0.6040000000000004   0.8421052631578944 
604   0.6050000000000004   0.8421052631578944 
605   0.6060000000000004   0.8421052631578944 
606   0.6070000000000004   0.8421052631578944 
607   0.6080000000000004   0.8421052631578944 
608   0.6090000000000004   0.8421052631578944 
609   0.6100000000000004   0.8421052631578944 
610   0.6110000000000004   0.8421052631578944 
611   0.6110000000000004   0.8631578947368417 
612   0.6130000000000004   0.8631578947368417 
613   0.6140000000000004   0.8631578947368417 
614   0.6150000000000004   0.8631578947368417 
615   0.6160000000000004   0.8631578947368417 
616   0.6170000000000004   0.8631578947368417 
617   0.6180000000000004   0.8631578947368417 
618   0.6190000000000004   0.8631578947368417 
619   0.6200000000000004   0.8631578947368417 
620   0.6200000000000004   0.884210526315789 
621   0.6210000000000004   0.8947368421052627 
622   0.6230000000000004   0.8947368421052627 
623   0.6240000000000004   0.8947368421052627 
624   0.6250000000000004   0.8947368421052627 
625   0.6260000000000004   0.8947368421052627 
626   0.6270000000000004   0.8947368421052627 
627   0.6280000000000004   0.8947368421052627 
628   0.6290000000000004   0.8947368421052627 
629   0.6300000000000004   0.8947368421052627 
630   0.6310000000000004   0.8947368421052627 
631   0.6320000000000005   0.8947368421052627 
632   0.6330000000000005   0.8947368421052627 
633   0.6340000000000005   0.8947368421052627 
634   0.6350000000000005   0.8947368421052627 
635   0.6360000000000005   0.8947368421052627 
636   0.6370000000000005   0.8947368421052627 
637   0.6380000000000005   0.8947368421052627 
638   0.6390000000000005   0.8947368421052627 
639   0.6400000000000005   0.8947368421052627 
640   0.6400000000000005   0.91578947368421 
641   0.6420000000000005   0.91578947368421 
642   0.6430000000000005   0.91578947368421 
643   0.6440000000000005   0.91578947368421 
644   0.6450000000000005   0.91578947368421 
645   0.6460000000000005   0.91578947368421 
646   0.6470000000000005   0.91578947368421 
647   0.6480000000000005   0.91578947368421 
648   0.6490000000000005   0.91578947368421 
649   0.6490000000000005   0.9368421052631574 
650   0.6500000000000005   0.9473684210526311 
651   0.6520000000000005   0.9473684210526311 
652   0.6530000000000005   0.9473684210526311 
653   0.6540000000000005   0.9473684210526311 
654   0.6550000000000005   0.9473684210526311 
655   0.6560000000000005   0.9473684210526311 
656   0.6570000000000005   0.9473684210526311 
657   0.6580000000000005   0.9473684210526311 
658   0.6590000000000005   0.9473684210526311 
659   0.6600000000000005   0.9473684210526311 
660   0.6610000000000005   0.9473684210526311 
661   0.6620000000000005   0.9473684210526311 
662   0.6630000000000005   0.9473684210526311 
663   0.6640000000000005   0.9473684210526311 
664   0.6650000000000005   0.9473684210526311 
665   0.6660000000000005   0.9473684210526311 
666   0.6670000000000005   0.9473684210526311 
667   0.6680000000000005   0.9473684210526311 
668   0.6690000000000005   0.9473684210526311 
669   0.6690000000000005   0.9684210526315784 
670   0.6710000000000005   0.9684210526315784 
671   0.6720000000000005   0.9684210526315784 
672   0.6730000000000005   0.9684210526315784 
673   0.6740000000000005   0.9684210526315784 
674   0.6750000000000005   0.9684210526315784 
675   0.6760000000000005   0.9684210526315784 
676   0.6770000000000005   0.9684210526315784 
677   0.6780000000000005   0.9684210526315784 
678   0.6780000000000005   0.9894736842105257 
679   0.6790000000000005   0.9999999999999994 
680   0.6810000000000005   0.9999999999999994 
681   0.6820000000000005   0.9999999999999994 
682   0.6830000000000005   0.9999999999999994 
683   0.6840000000000005   0.9999999999999994 
684   0.6850000000000005   0.9999999999999994 
685   0.6860000000000005   0.9999999999999994 
686   0.6870000000000005   0.9999999999999994 
687   0.6880000000000005   0.9999999999999994 
688   0.6890000000000005   0.9999999999999994 
689   0.6900000000000005   0.9999999999999994 
690   0.6910000000000005   0.9999999999999994 
691   0.6920000000000005   0.9999999999999994 
692   0.6930000000000005   0.9999999999999994 
693   0.6940000000000005   0.9999999999999994 
694   0.6950000000000005   0.9999999999999994 
695   0.6960000000000005   0.9999999999999994 
696   0.6970000000000005   0.9999999999999994 
697   0.6980000000000005   0.9999999999999994 
698   0.6990000000000005   0.9999999999999994 
699   0.7000000000000005   0.9999999999999994 
700   0.7010000000000005   0.9999999999999994 
701   0.7020000000000005   0.9999999999999994 
702   0.7030000000000005   0.9999999999999994 
703   0.7040000000000005   0.9999999999999994 
704   0.7050000000000005   0.9999999999999994 
705   0.7060000000000005   0.9999999999999994 
706   0.7070000000000005   0.9999999999999994 
707   0.7080000000000005   0.9999999999999994 
708   0.7090000000000005   0.9999999999999994 
709   0.7100000000000005   0.9999999999999994 
710   0.7110000000000005   0.9999999999999994 
711   0.7120000000000005   0.9999999999999994 
712   0.7130000000000005   0.9999999999999994 
713   0.7140000000000005   0.9999999999999994 
714   0.7150000000000005   0.9999999999999994 
715   0.7160000000000005   0.9999999999999994 
716   0.7170000000000005   0.9999999999999994 
717   0.7180000000000005   0.9999999999999994 
718   0.7190000000000005   0.9999999999999994 
719   0.7200000000000005   0.9999999999999994 
720   0.7210000000000005   0.9999999999999994 
721   0.7220000000000005   0.9999999999999994 
722   0.7230000000000005   0.9999999999999994 
723   0.7240000000000005   0.9999999999999994 
724   0.7250000000000005   0.9999999999999994 
725   0.7260000000000005   0.9999999999999994 
726   0.7270000000000005   0.9999999999999994 
727   0.7280000000000005   0.9999999999999994 
728   0.7290000000000005   0.9999999999999994 
729   0.7300000000000005   0.9999999999999994 
730   0.7310000000000005   0.9999999999999994 
731   0.7320000000000005   0.9999999999999994 
732   0.7330000000000005   0.9999999999999994 
733   0.7340000000000005   0.9999999999999994 
734   0.7350000000000005   0.9999999999999994 
735   0.7360000000000005   0.9999999999999994 
736   0.7370000000000005   0.9999999999999994 
737   0.7380000000000005   0.9999999999999994 
738   0.7390000000000005   0.9999999999999994 
739   0.7400000000000005   0.9999999999999994 
740   0.7410000000000005   0.9999999999999994 
741   0.7420000000000005   0.9999999999999994 
742   0.7430000000000005   0.9999999999999994 
743   0.7440000000000005   0.9999999999999994 
744   0.7450000000000006   0.9999999999999994 
745   0.7460000000000006   0.9999999999999994 
746   0.7470000000000006   0.9999999999999994 
747   0.7480000000000006   0.9999999999999994 
748   0.7490000000000006   0.9999999999999994 
749   0.7500000000000006   0.9999999999999994 
750   0.7510000000000006   0.9999999999999994 
751   0.7520000000000006   0.9999999999999994 
752   0.7530000000000006   0.9999999999999994 
753   0.7540000000000006   0.9999999999999994 
754   0.7550000000000006   0.9999999999999994 
755   0.7560000000000006   0.9999999999999994 
756   0.7570000000000006   0.9999999999999994 
757   0.7580000000000006   0.9999999999999994 
758   0.7590000000000006   0.9999999999999994 
759   0.7600000000000006   0.9999999999999994 
760   0.7610000000000006   0.9999999999999994 
761   0.7620000000000006   0.9999999999999994 
762   0.7630000000000006   0.9999999999999994 
763   0.7640000000000006   0.9999999999999994 
764   0.7650000000000006   0.9999999999999994 
765   0.7660000000000006   0.9999999999999994 
766   0.7670000000000006   0.9999999999999994 
767   0.7680000000000006   0.9999999999999994 
768   0.7690000000000006   0.9999999999999994 
769   0.7700000000000006   0.9999999999999994 
770   0.7710000000000006   0.9999999999999994 
771   0.7720000000000006   0.9999999999999994 
772   0.7730000000000006   0.9999999999999994 
773   0.7740000000000006   0.9999999999999994 
774   0.7750000000000006   0.9999999999999994 
775   0.7760000000000006   0.9999999999999994 
776   0.7770000000000006   0.9999999999999994 
777   0.7780000000000006   0.9999999999999994 
778   0.7790000000000006   0.9999999999999994 
779   0.7800000000000006   0.9999999999999994 
780   0.7810000000000006   0.9999999999999994 
781   0.7820000000000006   0.9999999999999994 
782   0.7830000000000006   0.9999999999999994 
783   0.7840000000000006   0.9999999999999994 
784   0.7850000000000006   0.9999999999999994 
785   0.7860000000000006   0.9999999999999994 
786   0.7870000000000006   0.9999999999999994 
787   0.7880000000000006   0.9999999999999994 
788   0.7890000000000006   0.9999999999999994 
789   0.7900000000000006   0.9999999999999994 
790   0.7910000000000006   0.9999999999999994 
791   0.7920000000000006   0.9999999999999994 
792   0.7930000000000006   0.9999999999999994 
793   0.7940000000000006   0.9999999999999994 
794   0.7950000000000006   0.9999999999999994 
795   0.7960000000000006   0.9999999999999994 
796   0.7970000000000006   0.9999999999999994 
797   0.7980000000000006   0.9999999999999994 
798   0.7990000000000006   0.9999999999999994 
799   0.8000000000000006   0.9999999999999994 
800   0.8010000000000006   0.9999999999999994 
801   0.8020000000000006   0.9999999999999994 
802   0.8030000000000006   0.9999999999999994 
803   0.8040000000000006   0.9999999999999994 
804   0.8050000000000006   0.9999999999999994 
805   0.8060000000000006   0.9999999999999994 
806   0.8070000000000006   0.9999999999999994 
807   0.8080000000000006   0.9999999999999994 
808   0.8090000000000006   0.9999999999999994 
809   0.8100000000000006   0.9999999999999994 
810   0.8110000000000006   0.9999999999999994 
811   0.8120000000000006   0.9999999999999994 
812   0.8130000000000006   0.9999999999999994 
813   0.8140000000000006   0.9999999999999994 
814   0.8150000000000006   0.9999999999999994 
815   0.8160000000000006   0.9999999999999994 
816   0.8170000000000006   0.9999999999999994 
817   0.8180000000000006   0.9999999999999994 
818   0.8190000000000006   0.9999999999999994 
819   0.8200000000000006   0.9999999999999994 
820   0.8210000000000006   0.9999999999999994 
821   0.8220000000000006   0.9999999999999994 
822   0.8230000000000006   0.9999999999999994 
823   0.8240000000000006   0.9999999999999994 
824   0.8250000000000006   0.9999999999999994 
825   0.8260000000000006   0.9999999999999994 
826   0.8270000000000006   0.9999999999999994 
827   0.8280000000000006   0.9999999999999994 
828   0.8290000000000006   0.9999999999999994 
829   0.8300000000000006   0.9999999999999994 
830   0.8310000000000006   0.9999999999999994 
831   0.8320000000000006   0.9999999999999994 
832   0.8330000000000006   0.9999999999999994 
833   0.8340000000000006   0.9999999999999994 
834   0.8350000000000006   0.9999999999999994 
835   0.8360000000000006   0.9999999999999994 
836   0.8370000000000006   0.9999999999999994 
837   0.8380000000000006   0.9999999999999994 
838   0.8390000000000006   0.9999999999999994 
839   0.8400000000000006   0.9999999999999994 
840   0.8410000000000006   0.9999999999999994 
841   0.8420000000000006   0.9999999999999994 
842   0.8430000000000006   0.9999999999999994 
843   0.8440000000000006   0.9999999999999994 
844   0.8450000000000006   0.9999999999999994 
845   0.8460000000000006   0.9999999999999994 
846   0.8470000000000006   0.9999999999999994 
847   0.8480000000000006   0.9999999999999994 
848   0.8490000000000006   0.9999999999999994 
849   0.8500000000000006   0.9999999999999994 
850   0.8510000000000006   0.9999999999999994 
851   0.8520000000000006   0.9999999999999994 
852   0.8530000000000006   0.9999999999999994 
853   0.8540000000000006   0.9999999999999994 
854   0.8550000000000006   0.9999999999999994 
855   0.8560000000000006   0.9999999999999994 
856   0.8570000000000007   0.9999999999999994 
857   0.8580000000000007   0.9999999999999994 
858   0.8590000000000007   0.9999999999999994 
859   0.8600000000000007   0.9999999999999994 
860   0.8610000000000007   0.9999999999999994 
861   0.8620000000000007   0.9999999999999994 
862   0.8630000000000007   0.9999999999999994 
863   0.8640000000000007   0.9999999999999994 
864   0.8650000000000007   0.9999999999999994 
865   0.8660000000000007   0.9999999999999994 
866   0.8670000000000007   0.9999999999999994 
867   0.8680000000000007   0.9999999999999994 
868   0.8690000000000007   0.9999999999999994 
869   0.8700000000000007   0.9999999999999994 
870   0.8710000000000007   0.9999999999999994 
871   0.8720000000000007   0.9999999999999994 
872   0.8730000000000007   0.9999999999999994 
873   0.8740000000000007   0.9999999999999994 
874   0.8750000000000007   0.9999999999999994 
875   0.8760000000000007   0.9999999999999994 
876   0.8770000000000007   0.9999999999999994 
877   0.8780000000000007   0.9999999999999994 
878   0.8790000000000007   0.9999999999999994 
879   0.8800000000000007   0.9999999999999994 
880   0.8810000000000007   0.9999999999999994 
881   0.8820000000000007   0.9999999999999994 
882   0.8830000000000007   0.9999999999999994 
883   0.8840000000000007   0.9999999999999994 
884   0.8850000000000007   0.9999999999999994 
885   0.8860000000000007   0.9999999999999994 
886   0.8870000000000007   0.9999999999999994 
887   0.8880000000000007   0.9999999999999994 
888   0.8890000000000007   0.9999999999999994 
889   0.8900000000000007   0.9999999999999994 
890   0.8910000000000007   0.9999999999999994 
891   0.8920000000000007   0.9999999999999994 
892   0.8930000000000007   0.9999999999999994 
893   0.8940000000000007   0.9999999999999994 
894   0.8950000000000007   0.9999999999999994 
895   0.8960000000000007   0.9999999999999994 
896   0.8970000000000007   0.9999999999999994 
897   0.8980000000000007   0.9999999999999994 
898   0.8990000000000007   0.9999999999999994 
899   0.9000000000000007   0.9999999999999994 
900   0.9010000000000007   0.9999999999999994 
901   0.9020000000000007   0.9999999999999994 
902   0.9030000000000007   0.9999999999999994 
903   0.9040000000000007   0.9999999999999994 
904   0.9050000000000007   0.9999999999999994 
905   0.9060000000000007   0.9999999999999994 
906   0.9070000000000007   0.9999999999999994 
907   0.9080000000000007   0.9999999999999994 
908   0.9090000000000007   0.9999999999999994 
909   0.9100000000000007   0.9999999999999994 
910   0.9110000000000007   0.9999999999999994 
911   0.9120000000000007   0.9999999999999994 
912   0.9130000000000007   0.9999999999999994 
913   0.9140000000000007   0.9999999999999994 
914   0.9150000000000007   0.9999999999999994 
915   0.9160000000000007   0.9999999999999994 
916   0.9170000000000007   0.9999999999999994 
917   0.9180000000000007   0.9999999999999994 
918   0.9190000000000007   0.9999999999999994 
919   0.9200000000000007   0.9999999999999994 
920   0.9210000000000007   0.9999999999999994 
921   0.9220000000000007   0.9999999999999994 
922   0.9230000000000007   0.9999999999999994 
923   0.9240000000000007   0.9999999999999994 
924   0.9250000000000007   0.9999999999999994 
925   0.9260000000000007   0.9999999999999994 
926   0.9270000000000007   0.9999999999999994 
927   0.9280000000000007   0.9999999999999994 
928   0.9290000000000007   0.9999999999999994 
929   0.9300000000000007   0.9999999999999994 
930   0.9310000000000007   0.9999999999999994 
931   0.9320000000000007   0.9999999999999994 
932   0.9330000000000007   0.9999999999999994 
933   0.9340000000000007   0.9999999999999994 
934   0.9350000000000007   0.9999999999999994 
935   0.9360000000000007   0.9999999999999994 
936   0.9370000000000007   0.9999999999999994 
937   0.9380000000000007   0.9999999999999994 
938   0.9390000000000007   0.9999999999999994 
939   0.9400000000000007   0.9999999999999994 
940   0.9410000000000007   0.9999999999999994 
941   0.9420000000000007   0.9999999999999994 
942   0.9430000000000007   0.9999999999999994 
943   0.9440000000000007   0.9999999999999994 
944   0.9450000000000007   0.9999999999999994 
945   0.9460000000000007   0.9999999999999994 
946   0.9470000000000007   0.9999999999999994 
947   0.9480000000000007   0.9999999999999994 
948   0.9490000000000007   0.9999999999999994 
949   0.9500000000000007   0.9999999999999994 
950   0.9510000000000007   0.9999999999999994 
951   0.9520000000000007   0.9999999999999994 
952   0.9530000000000007   0.9999999999999994 
953   0.9540000000000007   0.9999999999999994 
954   0.9550000000000007   0.9999999999999994 
955   0.9560000000000007   0.9999999999999994 
956   0.9570000000000007   0.9999999999999994 
957   0.9580000000000007   0.9999999999999994 
958   0.9590000000000007   0.9999999999999994 
959   0.9600000000000007   0.9999999999999994 
960   0.9610000000000007   0.9999999999999994 
961   0.9620000000000007   0.9999999999999994 
962   0.9630000000000007   0.9999999999999994 
963   0.9640000000000007   0.9999999999999994 
964   0.9650000000000007   0.9999999999999994 
965   0.9660000000000007   0.9999999999999994 
966   0.9670000000000007   0.9999999999999994 
967   0.9680000000000007   0.9999999999999994 
968   0.9690000000000007   0.9999999999999994 
969   0.9700000000000008   0.9999999999999994 
970   0.9710000000000008   0.9999999999999994 
971   0.9720000000000008   0.9999999999999994 
972   0.9730000000000008   0.9999999999999994 
973   0.9740000000000008   0.9999999999999994 
974   0.9750000000000008   0.9999999999999994 
975   0.9760000000000008   0.9999999999999994 
976   0.9770000000000008   0.9999999999999994 
977   0.9780000000000008   0.9999999999999994 
978   0.9790000000000008   0.9999999999999994 
979   0.9800000000000008   0.9999999999999994 
980   0.9810000000000008   0.9999999999999994 
981   0.9820000000000008   0.9999999999999994 
982   0.9830000000000008   0.9999999999999994 
983   0.9840000000000008   0.9999999999999994 
984   0.9850000000000008   0.9999999999999994 
985   0.9860000000000008   0.9999999999999994 
986   0.9870000000000008   0.9999999999999994 
987   0.9880000000000008   0.9999999999999994 
988   0.9890000000000008   0.9999999999999994 
989   0.9900000000000008   0.9999999999999994 
990   0.9910000000000008   0.9999999999999994 
991   0.9920000000000008   0.9999999999999994 
992   0.9930000000000008   0.9999999999999994 
993   0.9940000000000008   0.9999999999999994 
994   0.9950000000000008   0.9999999999999994 
995   0.9960000000000008   0.9999999999999994 
996   0.9970000000000008   0.9999999999999994 
997   0.9980000000000008   0.9999999999999994 
998   0.9990000000000008   0.9999999999999994 
999   1.0000000000000007   0.9999999999999994 
