0   0.001   0 
1   0.002   0 
2   0.003   0 
3   0.004   0 
4   0.005   0 
5   0.005   0.002881844380403458 
6   0.007   0.002881844380403458 
7   0.008   0.002881844380403458 
8   0.009000000000000001   0.002881844380403458 
9   0.010000000000000002   0.002881844380403458 
10   0.011000000000000003   0.002881844380403458 
11   0.012000000000000004   0.002881844380403458 
12   0.013000000000000005   0.002881844380403458 
13   0.014000000000000005   0.002881844380403458 
14   0.015000000000000006   0.002881844380403458 
15   0.016000000000000007   0.002881844380403458 
16   0.017000000000000008   0.002881844380403458 
17   0.01800000000000001   0.002881844380403458 
18   0.01900000000000001   0.002881844380403458 
19   0.02000000000000001   0.002881844380403458 
20   0.02100000000000001   0.002881844380403458 
21   0.022000000000000013   0.002881844380403458 
22   0.023000000000000013   0.002881844380403458 
23   0.024000000000000014   0.002881844380403458 
24   0.025000000000000015   0.002881844380403458 
25   0.026000000000000016   0.002881844380403458 
26   0.027000000000000017   0.002881844380403458 
27   0.028000000000000018   0.002881844380403458 
28   0.02900000000000002   0.002881844380403458 
29   0.03000000000000002   0.002881844380403458 
30   0.03100000000000002   0.002881844380403458 
31   0.03200000000000002   0.002881844380403458 
32   0.03300000000000002   0.002881844380403458 
33   0.03400000000000002   0.002881844380403458 
34   0.035000000000000024   0.002881844380403458 
35   0.035000000000000024   0.005763688760806916 
36   0.037000000000000026   0.005763688760806916 
37   0.037000000000000026   0.03170028818443804 
38   0.03900000000000003   0.03170028818443804 
39   0.03900000000000003   0.0345821325648415 
40   0.04100000000000003   0.0345821325648415 
41   0.04200000000000003   0.0345821325648415 
42   0.04300000000000003   0.0345821325648415 
43   0.04300000000000003   0.03746397694524496 
44   0.04400000000000003   0.043227665706051875 
45   0.04500000000000003   0.04899135446685879 
46   0.047000000000000035   0.04899135446685879 
47   0.048000000000000036   0.04899135446685879 
48   0.048000000000000036   0.05187319884726225 
49   0.05000000000000004   0.05187319884726225 
50   0.05100000000000004   0.05187319884726225 
51   0.05200000000000004   0.05187319884726225 
52   0.05300000000000004   0.05187319884726225 
53   0.05400000000000004   0.05187319884726225 
54   0.05500000000000004   0.05187319884726225 
55   0.05500000000000004   0.05475504322766571 
56   0.057000000000000044   0.05475504322766571 
57   0.058000000000000045   0.05475504322766571 
58   0.059000000000000045   0.05475504322766571 
59   0.060000000000000046   0.05475504322766571 
60   0.06100000000000005   0.05475504322766571 
61   0.06200000000000005   0.05475504322766571 
62   0.06300000000000004   0.05475504322766571 
63   0.06400000000000004   0.05475504322766571 
64   0.06400000000000004   0.05763688760806917 
65   0.06600000000000004   0.05763688760806917 
66   0.06600000000000004   0.0835734870317003 
67   0.06800000000000005   0.0835734870317003 
68   0.06800000000000005   0.08645533141210375 
69   0.07000000000000005   0.08645533141210375 
70   0.07100000000000005   0.08645533141210375 
71   0.07200000000000005   0.08645533141210375 
72   0.07300000000000005   0.08645533141210375 
73   0.07300000000000005   0.09221902017291067 
74   0.07400000000000005   0.09798270893371759 
75   0.07500000000000005   0.10086455331412104 
76   0.07700000000000005   0.10086455331412104 
77   0.07700000000000005   0.1037463976945245 
78   0.07900000000000006   0.1037463976945245 
79   0.08000000000000006   0.1037463976945245 
80   0.08100000000000006   0.1037463976945245 
81   0.08200000000000006   0.1037463976945245 
82   0.08300000000000006   0.1037463976945245 
83   0.08400000000000006   0.1037463976945245 
84   0.08500000000000006   0.1037463976945245 
85   0.08600000000000006   0.1037463976945245 
86   0.08700000000000006   0.1037463976945245 
87   0.08800000000000006   0.1037463976945245 
88   0.08900000000000007   0.1037463976945245 
89   0.09000000000000007   0.1037463976945245 
90   0.09100000000000007   0.1037463976945245 
91   0.09200000000000007   0.1037463976945245 
92   0.09300000000000007   0.1037463976945245 
93   0.09300000000000007   0.10662824207492795 
94   0.09500000000000007   0.10662824207492795 
95   0.09500000000000007   0.13256484149855907 
96   0.09700000000000007   0.13256484149855907 
97   0.09700000000000007   0.13544668587896252 
98   0.09900000000000007   0.13544668587896252 
99   0.10000000000000007   0.13544668587896252 
100   0.10100000000000008   0.13544668587896252 
101   0.10200000000000008   0.13544668587896252 
102   0.10200000000000008   0.14121037463976943 
103   0.10300000000000008   0.14697406340057634 
104   0.10400000000000008   0.1498559077809798 
105   0.10600000000000008   0.1498559077809798 
106   0.10600000000000008   0.15273775216138324 
107   0.10800000000000008   0.15273775216138324 
108   0.10900000000000008   0.15273775216138324 
109   0.11000000000000008   0.15273775216138324 
110   0.11100000000000008   0.15273775216138324 
111   0.11200000000000009   0.15273775216138324 
112   0.11300000000000009   0.15273775216138324 
113   0.11400000000000009   0.15273775216138324 
114   0.11500000000000009   0.15273775216138324 
115   0.11600000000000009   0.15273775216138324 
116   0.11700000000000009   0.15273775216138324 
117   0.11800000000000009   0.15273775216138324 
118   0.11900000000000009   0.15273775216138324 
119   0.12000000000000009   0.15273775216138324 
120   0.1210000000000001   0.15273775216138324 
121   0.1220000000000001   0.15273775216138324 
122   0.1220000000000001   0.1556195965417867 
123   0.1240000000000001   0.1556195965417867 
124   0.1240000000000001   0.16426512968299709 
125   0.12500000000000008   0.18155619596541783 
126   0.12700000000000009   0.18155619596541783 
127   0.12700000000000009   0.18443804034582129 
128   0.1290000000000001   0.18443804034582129 
129   0.1300000000000001   0.18443804034582129 
130   0.1310000000000001   0.18443804034582129 
131   0.1310000000000001   0.1902017291066282 
132   0.1320000000000001   0.1959654178674351 
133   0.1330000000000001   0.19884726224783855 
134   0.1350000000000001   0.19884726224783855 
135   0.1350000000000001   0.201729106628242 
136   0.1370000000000001   0.201729106628242 
137   0.1380000000000001   0.201729106628242 
138   0.1390000000000001   0.201729106628242 
139   0.1400000000000001   0.201729106628242 
140   0.1410000000000001   0.201729106628242 
141   0.1420000000000001   0.201729106628242 
142   0.1430000000000001   0.201729106628242 
143   0.1440000000000001   0.201729106628242 
144   0.1450000000000001   0.201729106628242 
145   0.1460000000000001   0.201729106628242 
146   0.1470000000000001   0.201729106628242 
147   0.1480000000000001   0.201729106628242 
148   0.1490000000000001   0.201729106628242 
149   0.1500000000000001   0.201729106628242 
150   0.1510000000000001   0.201729106628242 
151   0.1520000000000001   0.201729106628242 
152   0.1530000000000001   0.201729106628242 
153   0.1540000000000001   0.201729106628242 
154   0.1550000000000001   0.201729106628242 
155   0.1560000000000001   0.201729106628242 
156   0.1570000000000001   0.201729106628242 
157   0.1580000000000001   0.201729106628242 
158   0.1590000000000001   0.201729106628242 
159   0.16000000000000011   0.201729106628242 
160   0.16100000000000012   0.201729106628242 
161   0.16200000000000012   0.201729106628242 
162   0.16300000000000012   0.201729106628242 
163   0.16400000000000012   0.201729106628242 
164   0.16500000000000012   0.201729106628242 
165   0.16600000000000012   0.201729106628242 
166   0.16700000000000012   0.201729106628242 
167   0.16800000000000012   0.201729106628242 
168   0.16900000000000012   0.201729106628242 
169   0.17000000000000012   0.201729106628242 
170   0.17100000000000012   0.201729106628242 
171   0.17200000000000013   0.201729106628242 
172   0.17300000000000013   0.201729106628242 
173   0.17400000000000013   0.201729106628242 
174   0.17500000000000013   0.201729106628242 
175   0.17600000000000013   0.201729106628242 
176   0.17700000000000013   0.201729106628242 
177   0.17800000000000013   0.201729106628242 
178   0.17900000000000013   0.201729106628242 
179   0.18000000000000013   0.201729106628242 
180   0.18100000000000013   0.201729106628242 
181   0.18200000000000013   0.201729106628242 
182   0.18300000000000013   0.201729106628242 
183   0.18400000000000014   0.201729106628242 
184   0.18500000000000014   0.201729106628242 
185   0.18600000000000014   0.201729106628242 
186   0.18700000000000014   0.201729106628242 
187   0.18800000000000014   0.201729106628242 
188   0.18800000000000014   0.20461095100864546 
189   0.19000000000000014   0.20461095100864546 
190   0.19000000000000014   0.2276657060518731 
191   0.19100000000000014   0.23054755043227657 
192   0.19200000000000014   0.23342939481268002 
193   0.19400000000000014   0.23342939481268002 
194   0.19500000000000015   0.23342939481268002 
195   0.19600000000000015   0.23342939481268002 
196   0.19700000000000015   0.23342939481268002 
197   0.19700000000000015   0.23919308357348693 
198   0.19800000000000015   0.24495677233429383 
199   0.19900000000000015   0.24783861671469729 
200   0.20100000000000015   0.24783861671469729 
201   0.20100000000000015   0.25072046109510077 
202   0.20300000000000015   0.25072046109510077 
203   0.20400000000000015   0.25072046109510077 
204   0.20500000000000015   0.25072046109510077 
205   0.20600000000000016   0.25072046109510077 
206   0.20700000000000016   0.25072046109510077 
207   0.20800000000000016   0.25072046109510077 
208   0.20900000000000016   0.25072046109510077 
209   0.21000000000000016   0.25072046109510077 
210   0.21100000000000016   0.25072046109510077 
211   0.21200000000000016   0.25072046109510077 
212   0.21300000000000016   0.25072046109510077 
213   0.21400000000000016   0.25072046109510077 
214   0.21500000000000016   0.25072046109510077 
215   0.21600000000000016   0.25072046109510077 
216   0.21700000000000016   0.25072046109510077 
217   0.21700000000000016   0.2536023054755042 
218   0.21900000000000017   0.2536023054755042 
219   0.21900000000000017   0.27377521613832845 
220   0.22000000000000017   0.27953890489913535 
221   0.22100000000000017   0.2824207492795388 
222   0.22300000000000017   0.2824207492795388 
223   0.22400000000000017   0.2824207492795388 
224   0.22500000000000017   0.2824207492795388 
225   0.22600000000000017   0.2824207492795388 
226   0.22600000000000017   0.2881844380403457 
227   0.22700000000000017   0.2939481268011526 
228   0.22800000000000017   0.2968299711815561 
229   0.23000000000000018   0.2968299711815561 
230   0.23000000000000018   0.2997118155619595 
231   0.23200000000000018   0.2997118155619595 
232   0.23300000000000018   0.2997118155619595 
233   0.23400000000000018   0.2997118155619595 
234   0.23500000000000018   0.2997118155619595 
235   0.23600000000000018   0.2997118155619595 
236   0.23700000000000018   0.2997118155619595 
237   0.23800000000000018   0.2997118155619595 
238   0.23900000000000018   0.2997118155619595 
239   0.24000000000000019   0.2997118155619595 
240   0.2410000000000002   0.2997118155619595 
241   0.2420000000000002   0.2997118155619595 
242   0.2430000000000002   0.2997118155619595 
243   0.2440000000000002   0.2997118155619595 
244   0.2450000000000002   0.2997118155619595 
245   0.2460000000000002   0.2997118155619595 
246   0.2460000000000002   0.302593659942363 
247   0.2480000000000002   0.302593659942363 
248   0.2480000000000002   0.31988472622478376 
249   0.2490000000000002   0.3285302593659941 
250   0.25100000000000017   0.3285302593659941 
251   0.25100000000000017   0.33141210374639757 
252   0.25300000000000017   0.33141210374639757 
253   0.25400000000000017   0.33141210374639757 
254   0.25500000000000017   0.33141210374639757 
255   0.25500000000000017   0.3371757925072045 
256   0.25600000000000017   0.3429394812680114 
257   0.2570000000000002   0.34582132564841483 
258   0.2590000000000002   0.34582132564841483 
259   0.2590000000000002   0.3487031700288183 
260   0.2610000000000002   0.3487031700288183 
261   0.2620000000000002   0.3487031700288183 
262   0.2630000000000002   0.3487031700288183 
263   0.2640000000000002   0.3487031700288183 
264   0.2650000000000002   0.3487031700288183 
265   0.2660000000000002   0.3487031700288183 
266   0.2670000000000002   0.3487031700288183 
267   0.2680000000000002   0.3487031700288183 
268   0.2690000000000002   0.3487031700288183 
269   0.2700000000000002   0.3487031700288183 
270   0.2710000000000002   0.3487031700288183 
271   0.2720000000000002   0.3487031700288183 
272   0.2730000000000002   0.3487031700288183 
273   0.2740000000000002   0.3487031700288183 
274   0.2750000000000002   0.3487031700288183 
275   0.2750000000000002   0.35158501440922174 
276   0.2770000000000002   0.35158501440922174 
277   0.2770000000000002   0.365994236311239 
278   0.2780000000000002   0.3775216138328528 
279   0.2800000000000002   0.3775216138328528 
280   0.2800000000000002   0.3804034582132563 
281   0.2820000000000002   0.3804034582132563 
282   0.2830000000000002   0.3804034582132563 
283   0.2840000000000002   0.3804034582132563 
284   0.2840000000000002   0.3861671469740632 
285   0.2850000000000002   0.3919308357348701 
286   0.2860000000000002   0.39481268011527354 
287   0.2880000000000002   0.39481268011527354 
288   0.2880000000000002   0.397694524495677 
289   0.2900000000000002   0.397694524495677 
290   0.2910000000000002   0.397694524495677 
291   0.2920000000000002   0.397694524495677 
292   0.2930000000000002   0.397694524495677 
293   0.2940000000000002   0.397694524495677 
294   0.2950000000000002   0.397694524495677 
295   0.2960000000000002   0.397694524495677 
296   0.2970000000000002   0.397694524495677 
297   0.2980000000000002   0.397694524495677 
298   0.2990000000000002   0.397694524495677 
299   0.3000000000000002   0.397694524495677 
300   0.3010000000000002   0.397694524495677 
301   0.3020000000000002   0.397694524495677 
302   0.3030000000000002   0.397694524495677 
303   0.3040000000000002   0.397694524495677 
304   0.3040000000000002   0.40057636887608045 
305   0.3060000000000002   0.40057636887608045 
306   0.3070000000000002   0.40057636887608045 
307   0.3070000000000002   0.4265129682997116 
308   0.3090000000000002   0.4265129682997116 
309   0.3090000000000002   0.42939481268011503 
310   0.3110000000000002   0.42939481268011503 
311   0.3120000000000002   0.42939481268011503 
312   0.3130000000000002   0.42939481268011503 
313   0.3130000000000002   0.4322766570605185 
314   0.3140000000000002   0.4380403458213254 
315   0.3150000000000002   0.4438040345821323 
316   0.3170000000000002   0.4438040345821323 
317   0.3180000000000002   0.4438040345821323 
318   0.3180000000000002   0.44668587896253575 
319   0.32000000000000023   0.44668587896253575 
320   0.32100000000000023   0.44668587896253575 
321   0.32200000000000023   0.44668587896253575 
322   0.32300000000000023   0.44668587896253575 
323   0.32400000000000023   0.44668587896253575 
324   0.32500000000000023   0.44668587896253575 
325   0.32600000000000023   0.44668587896253575 
326   0.32700000000000023   0.44668587896253575 
327   0.32800000000000024   0.44668587896253575 
328   0.32900000000000024   0.44668587896253575 
329   0.33000000000000024   0.44668587896253575 
330   0.33100000000000024   0.44668587896253575 
331   0.33200000000000024   0.44668587896253575 
332   0.33300000000000024   0.44668587896253575 
333   0.33400000000000024   0.44668587896253575 
334   0.33500000000000024   0.44668587896253575 
335   0.33600000000000024   0.44668587896253575 
336   0.33700000000000024   0.44668587896253575 
337   0.33800000000000024   0.44668587896253575 
338   0.33900000000000025   0.44668587896253575 
339   0.34000000000000025   0.44668587896253575 
340   0.34100000000000025   0.44668587896253575 
341   0.34200000000000025   0.44668587896253575 
342   0.34300000000000025   0.44668587896253575 
343   0.34400000000000025   0.44668587896253575 
344   0.34500000000000025   0.44668587896253575 
345   0.34600000000000025   0.44668587896253575 
346   0.34700000000000025   0.44668587896253575 
347   0.34800000000000025   0.44668587896253575 
348   0.34900000000000025   0.44668587896253575 
349   0.35000000000000026   0.44668587896253575 
350   0.35100000000000026   0.44668587896253575 
351   0.35200000000000026   0.44668587896253575 
352   0.35300000000000026   0.44668587896253575 
353   0.35400000000000026   0.44668587896253575 
354   0.35500000000000026   0.44668587896253575 
355   0.35600000000000026   0.44668587896253575 
356   0.35700000000000026   0.44668587896253575 
357   0.35800000000000026   0.44668587896253575 
358   0.35900000000000026   0.44668587896253575 
359   0.36000000000000026   0.44668587896253575 
360   0.36100000000000027   0.44668587896253575 
361   0.36200000000000027   0.44668587896253575 
362   0.36300000000000027   0.44668587896253575 
363   0.36400000000000027   0.44668587896253575 
364   0.36500000000000027   0.44668587896253575 
365   0.36600000000000027   0.44668587896253575 
366   0.36700000000000027   0.44668587896253575 
367   0.36800000000000027   0.44668587896253575 
368   0.36900000000000027   0.44668587896253575 
369   0.3700000000000003   0.44668587896253575 
370   0.3710000000000003   0.44668587896253575 
371   0.3710000000000003   0.4495677233429392 
372   0.3730000000000003   0.4495677233429392 
373   0.3730000000000003   0.47550432276657034 
374   0.3750000000000003   0.47550432276657034 
375   0.3750000000000003   0.4783861671469738 
376   0.3770000000000003   0.4783861671469738 
377   0.3780000000000003   0.4783861671469738 
378   0.3790000000000003   0.4783861671469738 
379   0.3800000000000003   0.4783861671469738 
380   0.3800000000000003   0.4841498559077807 
381   0.3810000000000003   0.49279538904899106 
382   0.3830000000000003   0.49279538904899106 
383   0.3840000000000003   0.49279538904899106 
384   0.3840000000000003   0.4956772334293945 
385   0.3860000000000003   0.4956772334293945 
386   0.3870000000000003   0.4956772334293945 
387   0.3880000000000003   0.4956772334293945 
388   0.3890000000000003   0.4956772334293945 
389   0.3900000000000003   0.4956772334293945 
390   0.3910000000000003   0.4956772334293945 
391   0.3920000000000003   0.4956772334293945 
392   0.3930000000000003   0.4956772334293945 
393   0.3940000000000003   0.4956772334293945 
394   0.3950000000000003   0.4956772334293945 
395   0.3960000000000003   0.4956772334293945 
396   0.3970000000000003   0.4956772334293945 
397   0.3980000000000003   0.4956772334293945 
398   0.3990000000000003   0.4956772334293945 
399   0.4000000000000003   0.4956772334293945 
400   0.4000000000000003   0.49855907780979797 
401   0.4020000000000003   0.49855907780979797 
402   0.4020000000000003   0.524495677233429 
403   0.4040000000000003   0.524495677233429 
404   0.4040000000000003   0.5273775216138326 
405   0.4060000000000003   0.5273775216138326 
406   0.4070000000000003   0.5273775216138326 
407   0.4080000000000003   0.5273775216138326 
408   0.4090000000000003   0.5273775216138326 
409   0.4090000000000003   0.5331412103746395 
410   0.4100000000000003   0.5389048991354464 
411   0.4110000000000003   0.5417867435158499 
412   0.4130000000000003   0.5417867435158499 
413   0.4130000000000003   0.5446685878962534 
414   0.4150000000000003   0.5446685878962534 
415   0.4160000000000003   0.5446685878962534 
416   0.4170000000000003   0.5446685878962534 
417   0.4180000000000003   0.5446685878962534 
418   0.4190000000000003   0.5446685878962534 
419   0.4200000000000003   0.5446685878962534 
420   0.4210000000000003   0.5446685878962534 
421   0.4220000000000003   0.5446685878962534 
422   0.4230000000000003   0.5446685878962534 
423   0.4240000000000003   0.5446685878962534 
424   0.4250000000000003   0.5446685878962534 
425   0.4260000000000003   0.5446685878962534 
426   0.4270000000000003   0.5446685878962534 
427   0.4280000000000003   0.5446685878962534 
428   0.4290000000000003   0.5446685878962534 
429   0.4290000000000003   0.5475504322766569 
430   0.4310000000000003   0.5475504322766569 
431   0.4310000000000003   0.573487031700288 
432   0.43300000000000033   0.573487031700288 
433   0.43300000000000033   0.5763688760806915 
434   0.43500000000000033   0.5763688760806915 
435   0.43600000000000033   0.5763688760806915 
436   0.43700000000000033   0.5763688760806915 
437   0.43800000000000033   0.5763688760806915 
438   0.43800000000000033   0.5821325648414984 
439   0.43900000000000033   0.5878962536023054 
440   0.44000000000000034   0.5907780979827089 
441   0.44200000000000034   0.5907780979827089 
442   0.44200000000000034   0.5936599423631124 
443   0.44400000000000034   0.5936599423631124 
444   0.44500000000000034   0.5936599423631124 
445   0.44600000000000034   0.5936599423631124 
446   0.44700000000000034   0.5936599423631124 
447   0.44800000000000034   0.5936599423631124 
448   0.44900000000000034   0.5936599423631124 
449   0.45000000000000034   0.5936599423631124 
450   0.45100000000000035   0.5936599423631124 
451   0.45200000000000035   0.5936599423631124 
452   0.45300000000000035   0.5936599423631124 
453   0.45400000000000035   0.5936599423631124 
454   0.45500000000000035   0.5936599423631124 
455   0.45600000000000035   0.5936599423631124 
456   0.45700000000000035   0.5936599423631124 
457   0.45800000000000035   0.5936599423631124 
458   0.45800000000000035   0.5965417867435159 
459   0.46000000000000035   0.5965417867435159 
460   0.46000000000000035   0.622478386167147 
461   0.46200000000000035   0.622478386167147 
462   0.46200000000000035   0.6253602305475505 
463   0.46400000000000036   0.6253602305475505 
464   0.46500000000000036   0.6253602305475505 
465   0.46600000000000036   0.6253602305475505 
466   0.46700000000000036   0.6253602305475505 
467   0.46700000000000036   0.6311239193083574 
468   0.46800000000000036   0.6368876080691643 
469   0.46900000000000036   0.6397694524495678 
470   0.47100000000000036   0.6397694524495678 
471   0.47100000000000036   0.6426512968299714 
472   0.47300000000000036   0.6426512968299714 
473   0.47400000000000037   0.6426512968299714 
474   0.47500000000000037   0.6426512968299714 
475   0.47600000000000037   0.6426512968299714 
476   0.47700000000000037   0.6426512968299714 
477   0.47800000000000037   0.6426512968299714 
478   0.47900000000000037   0.6426512968299714 
479   0.48000000000000037   0.6426512968299714 
480   0.48100000000000037   0.6426512968299714 
481   0.4820000000000004   0.6426512968299714 
482   0.4830000000000004   0.6426512968299714 
483   0.4840000000000004   0.6426512968299714 
484   0.4850000000000004   0.6426512968299714 
485   0.4860000000000004   0.6426512968299714 
486   0.4870000000000004   0.6426512968299714 
487   0.4870000000000004   0.6455331412103749 
488   0.4890000000000004   0.6455331412103749 
489   0.4890000000000004   0.6570605187319887 
490   0.4900000000000004   0.671469740634006 
491   0.4920000000000004   0.671469740634006 
492   0.4920000000000004   0.6743515850144095 
493   0.4940000000000004   0.6743515850144095 
494   0.4950000000000004   0.6743515850144095 
495   0.4960000000000004   0.6743515850144095 
496   0.4960000000000004   0.6801152737752164 
497   0.4970000000000004   0.6858789625360233 
498   0.4980000000000004   0.6887608069164268 
499   0.5000000000000003   0.6887608069164268 
500   0.5000000000000003   0.6916426512968303 
501   0.5020000000000003   0.6916426512968303 
502   0.5030000000000003   0.6916426512968303 
503   0.5040000000000003   0.6916426512968303 
504   0.5050000000000003   0.6916426512968303 
505   0.5060000000000003   0.6916426512968303 
506   0.5070000000000003   0.6916426512968303 
507   0.5080000000000003   0.6916426512968303 
508   0.5090000000000003   0.6916426512968303 
509   0.5100000000000003   0.6916426512968303 
510   0.5110000000000003   0.6916426512968303 
511   0.5120000000000003   0.6916426512968303 
512   0.5130000000000003   0.6916426512968303 
513   0.5140000000000003   0.6916426512968303 
514   0.5150000000000003   0.6916426512968303 
515   0.5160000000000003   0.6916426512968303 
516   0.5170000000000003   0.6916426512968303 
517   0.5180000000000003   0.6916426512968303 
518   0.5190000000000003   0.6916426512968303 
519   0.5200000000000004   0.6916426512968303 
520   0.5210000000000004   0.6916426512968303 
521   0.5220000000000004   0.6916426512968303 
522   0.5230000000000004   0.6916426512968303 
523   0.5240000000000004   0.6916426512968303 
524   0.5250000000000004   0.6916426512968303 
525   0.5260000000000004   0.6916426512968303 
526   0.5270000000000004   0.6916426512968303 
527   0.5280000000000004   0.6916426512968303 
528   0.5290000000000004   0.6916426512968303 
529   0.5300000000000004   0.6916426512968303 
530   0.5310000000000004   0.6916426512968303 
531   0.5320000000000004   0.6916426512968303 
532   0.5330000000000004   0.6916426512968303 
533   0.5340000000000004   0.6916426512968303 
534   0.5350000000000004   0.6916426512968303 
535   0.5360000000000004   0.6916426512968303 
536   0.5370000000000004   0.6916426512968303 
537   0.5380000000000004   0.6916426512968303 
538   0.5390000000000004   0.6916426512968303 
539   0.5400000000000004   0.6916426512968303 
540   0.5410000000000004   0.6916426512968303 
541   0.5420000000000004   0.6916426512968303 
542   0.5430000000000004   0.6916426512968303 
543   0.5440000000000004   0.6916426512968303 
544   0.5450000000000004   0.6916426512968303 
545   0.5460000000000004   0.6916426512968303 
546   0.5470000000000004   0.6916426512968303 
547   0.5480000000000004   0.6916426512968303 
548   0.5490000000000004   0.6916426512968303 
549   0.5500000000000004   0.6916426512968303 
550   0.5510000000000004   0.6916426512968303 
551   0.5520000000000004   0.6916426512968303 
552   0.5530000000000004   0.6916426512968303 
553   0.5530000000000004   0.6945244956772338 
554   0.5550000000000004   0.6945244956772338 
555   0.5550000000000004   0.7089337175792512 
556   0.5560000000000004   0.720461095100865 
557   0.5580000000000004   0.720461095100865 
558   0.5580000000000004   0.7233429394812685 
559   0.5600000000000004   0.7233429394812685 
560   0.5610000000000004   0.7233429394812685 
561   0.5620000000000004   0.7233429394812685 
562   0.5620000000000004   0.7291066282420754 
563   0.5630000000000004   0.7348703170028823 
564   0.5640000000000004   0.7377521613832858 
565   0.5660000000000004   0.7377521613832858 
566   0.5660000000000004   0.7406340057636893 
567   0.5680000000000004   0.7406340057636893 
568   0.5690000000000004   0.7406340057636893 
569   0.5700000000000004   0.7406340057636893 
570   0.5710000000000004   0.7406340057636893 
571   0.5720000000000004   0.7406340057636893 
572   0.5730000000000004   0.7406340057636893 
573   0.5740000000000004   0.7406340057636893 
574   0.5750000000000004   0.7406340057636893 
575   0.5760000000000004   0.7406340057636893 
576   0.5770000000000004   0.7406340057636893 
577   0.5780000000000004   0.7406340057636893 
578   0.5790000000000004   0.7406340057636893 
579   0.5800000000000004   0.7406340057636893 
580   0.5810000000000004   0.7406340057636893 
581   0.5820000000000004   0.7406340057636893 
582   0.5820000000000004   0.7435158501440928 
583   0.5840000000000004   0.7435158501440928 
584   0.5840000000000004   0.7579250720461101 
585   0.5850000000000004   0.769452449567724 
586   0.5870000000000004   0.769452449567724 
587   0.5870000000000004   0.7723342939481275 
588   0.5890000000000004   0.7723342939481275 
589   0.5900000000000004   0.7723342939481275 
590   0.5910000000000004   0.7723342939481275 
591   0.5910000000000004   0.7780979827089344 
592   0.5920000000000004   0.7838616714697413 
593   0.5930000000000004   0.7867435158501448 
594   0.5950000000000004   0.7867435158501448 
595   0.5950000000000004   0.7896253602305483 
596   0.5970000000000004   0.7896253602305483 
597   0.5980000000000004   0.7896253602305483 
598   0.5990000000000004   0.7896253602305483 
599   0.6000000000000004   0.7896253602305483 
600   0.6010000000000004   0.7896253602305483 
601   0.6020000000000004   0.7896253602305483 
602   0.6030000000000004   0.7896253602305483 
603   0.6040000000000004   0.7896253602305483 
604   0.6050000000000004   0.7896253602305483 
605   0.6060000000000004   0.7896253602305483 
606   0.6070000000000004   0.7896253602305483 
607   0.6080000000000004   0.7896253602305483 
608   0.6090000000000004   0.7896253602305483 
609   0.6100000000000004   0.7896253602305483 
610   0.6110000000000004   0.7896253602305483 
611   0.6110000000000004   0.7925072046109518 
612   0.6130000000000004   0.7925072046109518 
613   0.6130000000000004   0.8069164265129691 
614   0.6140000000000004   0.818443804034583 
615   0.6160000000000004   0.818443804034583 
616   0.6160000000000004   0.8213256484149865 
617   0.6180000000000004   0.8213256484149865 
618   0.6190000000000004   0.8213256484149865 
619   0.6200000000000004   0.8213256484149865 
620   0.6200000000000004   0.8270893371757934 
621   0.6210000000000004   0.8328530259366003 
622   0.6220000000000004   0.8357348703170038 
623   0.6240000000000004   0.8357348703170038 
624   0.6240000000000004   0.8386167146974073 
625   0.6260000000000004   0.8386167146974073 
626   0.6270000000000004   0.8386167146974073 
627   0.6280000000000004   0.8386167146974073 
628   0.6290000000000004   0.8386167146974073 
629   0.6300000000000004   0.8386167146974073 
630   0.6310000000000004   0.8386167146974073 
631   0.6320000000000005   0.8386167146974073 
632   0.6330000000000005   0.8386167146974073 
633   0.6340000000000005   0.8386167146974073 
634   0.6350000000000005   0.8386167146974073 
635   0.6360000000000005   0.8386167146974073 
636   0.6370000000000005   0.8386167146974073 
637   0.6380000000000005   0.8386167146974073 
638   0.6390000000000005   0.8386167146974073 
639   0.6400000000000005   0.8386167146974073 
640   0.6400000000000005   0.8414985590778108 
641   0.6420000000000005   0.8414985590778108 
642   0.6420000000000005   0.8559077809798281 
643   0.6430000000000005   0.8674351585014419 
644   0.6450000000000005   0.8674351585014419 
645   0.6450000000000005   0.8703170028818454 
646   0.6470000000000005   0.8703170028818454 
647   0.6480000000000005   0.8703170028818454 
648   0.6490000000000005   0.8703170028818454 
649   0.6490000000000005   0.8760806916426523 
650   0.6500000000000005   0.8818443804034592 
651   0.6510000000000005   0.8847262247838628 
652   0.6530000000000005   0.8847262247838628 
653   0.6530000000000005   0.8876080691642663 
654   0.6550000000000005   0.8876080691642663 
655   0.6560000000000005   0.8876080691642663 
656   0.6570000000000005   0.8876080691642663 
657   0.6580000000000005   0.8876080691642663 
658   0.6590000000000005   0.8876080691642663 
659   0.6600000000000005   0.8876080691642663 
660   0.6610000000000005   0.8876080691642663 
661   0.6620000000000005   0.8876080691642663 
662   0.6630000000000005   0.8876080691642663 
663   0.6640000000000005   0.8876080691642663 
664   0.6650000000000005   0.8876080691642663 
665   0.6660000000000005   0.8876080691642663 
666   0.6670000000000005   0.8876080691642663 
667   0.6680000000000005   0.8876080691642663 
668   0.6690000000000005   0.8876080691642663 
669   0.6690000000000005   0.8904899135446698 
670   0.6710000000000005   0.8904899135446698 
671   0.6720000000000005   0.8904899135446698 
672   0.6720000000000005   0.9164265129683009 
673   0.6740000000000005   0.9164265129683009 
674   0.6740000000000005   0.9193083573487044 
675   0.6760000000000005   0.9193083573487044 
676   0.6770000000000005   0.9193083573487044 
677   0.6780000000000005   0.9193083573487044 
678   0.6780000000000005   0.9221902017291079 
679   0.6790000000000005   0.9279538904899148 
680   0.6800000000000005   0.9337175792507217 
681   0.6820000000000005   0.9337175792507217 
682   0.6830000000000005   0.9337175792507217 
683   0.6830000000000005   0.9365994236311252 
684   0.6850000000000005   0.9365994236311252 
685   0.6860000000000005   0.9365994236311252 
686   0.6870000000000005   0.9365994236311252 
687   0.6880000000000005   0.9365994236311252 
688   0.6890000000000005   0.9365994236311252 
689   0.6900000000000005   0.9365994236311252 
690   0.6910000000000005   0.9365994236311252 
691   0.6920000000000005   0.9365994236311252 
692   0.6930000000000005   0.9365994236311252 
693   0.6940000000000005   0.9365994236311252 
694   0.6950000000000005   0.9365994236311252 
695   0.6960000000000005   0.9365994236311252 
696   0.6970000000000005   0.9365994236311252 
697   0.6980000000000005   0.9365994236311252 
698   0.6990000000000005   0.9365994236311252 
699   0.7000000000000005   0.9365994236311252 
700   0.7010000000000005   0.9365994236311252 
701   0.7020000000000005   0.9365994236311252 
702   0.7030000000000005   0.9365994236311252 
703   0.7040000000000005   0.9365994236311252 
704   0.7050000000000005   0.9365994236311252 
705   0.7060000000000005   0.9365994236311252 
706   0.7070000000000005   0.9365994236311252 
707   0.7080000000000005   0.9365994236311252 
708   0.7090000000000005   0.9365994236311252 
709   0.7100000000000005   0.9365994236311252 
710   0.7110000000000005   0.9365994236311252 
711   0.7120000000000005   0.9365994236311252 
712   0.7130000000000005   0.9365994236311252 
713   0.7140000000000005   0.9365994236311252 
714   0.7150000000000005   0.9365994236311252 
715   0.7160000000000005   0.9365994236311252 
716   0.7170000000000005   0.9365994236311252 
717   0.7180000000000005   0.9365994236311252 
718   0.7190000000000005   0.9365994236311252 
719   0.7200000000000005   0.9365994236311252 
720   0.7210000000000005   0.9365994236311252 
721   0.7220000000000005   0.9365994236311252 
722   0.7230000000000005   0.9365994236311252 
723   0.7240000000000005   0.9365994236311252 
724   0.7250000000000005   0.9365994236311252 
725   0.7260000000000005   0.9365994236311252 
726   0.7270000000000005   0.9365994236311252 
727   0.7280000000000005   0.9365994236311252 
728   0.7290000000000005   0.9365994236311252 
729   0.7300000000000005   0.9365994236311252 
730   0.7310000000000005   0.9365994236311252 
731   0.7320000000000005   0.9365994236311252 
732   0.7330000000000005   0.9365994236311252 
733   0.7340000000000005   0.9365994236311252 
734   0.7350000000000005   0.9365994236311252 
735   0.7360000000000005   0.9365994236311252 
736   0.7370000000000005   0.9365994236311252 
737   0.7380000000000005   0.9365994236311252 
738   0.7390000000000005   0.9365994236311252 
739   0.7400000000000005   0.9365994236311252 
740   0.7410000000000005   0.9365994236311252 
741   0.7420000000000005   0.9365994236311252 
742   0.7430000000000005   0.9365994236311252 
743   0.7440000000000005   0.9365994236311252 
744   0.7450000000000006   0.9365994236311252 
745   0.7450000000000006   0.9596541786743529 
746   0.7470000000000006   0.9596541786743529 
747   0.7470000000000006   0.9625360230547564 
748   0.7490000000000006   0.9625360230547564 
749   0.7500000000000006   0.9625360230547564 
750   0.7510000000000006   0.9625360230547564 
751   0.7520000000000006   0.9625360230547564 
752   0.7530000000000006   0.9625360230547564 
753   0.7540000000000006   0.9625360230547564 
754   0.7550000000000006   0.9625360230547564 
755   0.7560000000000006   0.9625360230547564 
756   0.7570000000000006   0.9625360230547564 
757   0.7580000000000006   0.9625360230547564 
758   0.7590000000000006   0.9625360230547564 
759   0.7600000000000006   0.9625360230547564 
760   0.7610000000000006   0.9625360230547564 
761   0.7620000000000006   0.9625360230547564 
762   0.7630000000000006   0.9625360230547564 
763   0.7640000000000006   0.9625360230547564 
764   0.7650000000000006   0.9625360230547564 
765   0.7660000000000006   0.9625360230547564 
766   0.7670000000000006   0.9625360230547564 
767   0.7680000000000006   0.9625360230547564 
768   0.7690000000000006   0.9625360230547564 
769   0.7700000000000006   0.9625360230547564 
770   0.7710000000000006   0.9625360230547564 
771   0.7720000000000006   0.9625360230547564 
772   0.7730000000000006   0.9625360230547564 
773   0.7740000000000006   0.9625360230547564 
774   0.7750000000000006   0.9625360230547564 
775   0.7760000000000006   0.9625360230547564 
776   0.7770000000000006   0.9625360230547564 
777   0.7780000000000006   0.9625360230547564 
778   0.7790000000000006   0.9625360230547564 
779   0.7800000000000006   0.9625360230547564 
780   0.7810000000000006   0.9625360230547564 
781   0.7820000000000006   0.9625360230547564 
782   0.7830000000000006   0.9625360230547564 
783   0.7840000000000006   0.9625360230547564 
784   0.7850000000000006   0.9625360230547564 
785   0.7860000000000006   0.9625360230547564 
786   0.7870000000000006   0.9625360230547564 
787   0.7880000000000006   0.9625360230547564 
788   0.7890000000000006   0.9625360230547564 
789   0.7900000000000006   0.9625360230547564 
790   0.7910000000000006   0.9625360230547564 
791   0.7920000000000006   0.9625360230547564 
792   0.7930000000000006   0.9625360230547564 
793   0.7940000000000006   0.9625360230547564 
794   0.7950000000000006   0.9625360230547564 
795   0.7960000000000006   0.9625360230547564 
796   0.7970000000000006   0.9625360230547564 
797   0.7980000000000006   0.9625360230547564 
798   0.7990000000000006   0.9625360230547564 
799   0.8000000000000006   0.9625360230547564 
800   0.8010000000000006   0.9625360230547564 
801   0.8020000000000006   0.9625360230547564 
802   0.8030000000000006   0.9625360230547564 
803   0.8040000000000006   0.9625360230547564 
804   0.8050000000000006   0.9625360230547564 
805   0.8060000000000006   0.9625360230547564 
806   0.8070000000000006   0.9625360230547564 
807   0.8080000000000006   0.9625360230547564 
808   0.8090000000000006   0.9625360230547564 
809   0.8100000000000006   0.9625360230547564 
810   0.8110000000000006   0.9625360230547564 
811   0.8120000000000006   0.9625360230547564 
812   0.8130000000000006   0.9625360230547564 
813   0.8140000000000006   0.9625360230547564 
814   0.8150000000000006   0.9625360230547564 
815   0.8160000000000006   0.9625360230547564 
816   0.8170000000000006   0.9625360230547564 
817   0.8180000000000006   0.9625360230547564 
818   0.8190000000000006   0.9625360230547564 
819   0.8200000000000006   0.9625360230547564 
820   0.8210000000000006   0.9625360230547564 
821   0.8220000000000006   0.9625360230547564 
822   0.8230000000000006   0.9625360230547564 
823   0.8240000000000006   0.9625360230547564 
824   0.8250000000000006   0.9625360230547564 
825   0.8260000000000006   0.9625360230547564 
826   0.8270000000000006   0.9625360230547564 
827   0.8280000000000006   0.9625360230547564 
828   0.8290000000000006   0.9625360230547564 
829   0.8300000000000006   0.9625360230547564 
830   0.8310000000000006   0.9625360230547564 
831   0.8320000000000006   0.9625360230547564 
832   0.8330000000000006   0.9625360230547564 
833   0.8340000000000006   0.9625360230547564 
834   0.8340000000000006   1.0000000000000013 
835   0.8360000000000006   1.0000000000000013 
836   0.8370000000000006   1.0000000000000013 
837   0.8380000000000006   1.0000000000000013 
838   0.8390000000000006   1.0000000000000013 
839   0.8400000000000006   1.0000000000000013 
840   0.8410000000000006   1.0000000000000013 
841   0.8420000000000006   1.0000000000000013 
842   0.8430000000000006   1.0000000000000013 
843   0.8440000000000006   1.0000000000000013 
844   0.8450000000000006   1.0000000000000013 
845   0.8460000000000006   1.0000000000000013 
846   0.8470000000000006   1.0000000000000013 
847   0.8480000000000006   1.0000000000000013 
848   0.8490000000000006   1.0000000000000013 
849   0.8500000000000006   1.0000000000000013 
850   0.8510000000000006   1.0000000000000013 
851   0.8520000000000006   1.0000000000000013 
852   0.8530000000000006   1.0000000000000013 
853   0.8540000000000006   1.0000000000000013 
854   0.8550000000000006   1.0000000000000013 
855   0.8560000000000006   1.0000000000000013 
856   0.8570000000000007   1.0000000000000013 
857   0.8580000000000007   1.0000000000000013 
858   0.8590000000000007   1.0000000000000013 
859   0.8600000000000007   1.0000000000000013 
860   0.8610000000000007   1.0000000000000013 
861   0.8620000000000007   1.0000000000000013 
862   0.8630000000000007   1.0000000000000013 
863   0.8640000000000007   1.0000000000000013 
864   0.8650000000000007   1.0000000000000013 
865   0.8660000000000007   1.0000000000000013 
866   0.8670000000000007   1.0000000000000013 
867   0.8680000000000007   1.0000000000000013 
868   0.8690000000000007   1.0000000000000013 
869   0.8700000000000007   1.0000000000000013 
870   0.8710000000000007   1.0000000000000013 
871   0.8720000000000007   1.0000000000000013 
872   0.8730000000000007   1.0000000000000013 
873   0.8740000000000007   1.0000000000000013 
874   0.8750000000000007   1.0000000000000013 
875   0.8760000000000007   1.0000000000000013 
876   0.8770000000000007   1.0000000000000013 
877   0.8780000000000007   1.0000000000000013 
878   0.8790000000000007   1.0000000000000013 
879   0.8800000000000007   1.0000000000000013 
880   0.8810000000000007   1.0000000000000013 
881   0.8820000000000007   1.0000000000000013 
882   0.8830000000000007   1.0000000000000013 
883   0.8840000000000007   1.0000000000000013 
884   0.8850000000000007   1.0000000000000013 
885   0.8860000000000007   1.0000000000000013 
886   0.8870000000000007   1.0000000000000013 
887   0.8880000000000007   1.0000000000000013 
888   0.8890000000000007   1.0000000000000013 
889   0.8900000000000007   1.0000000000000013 
890   0.8910000000000007   1.0000000000000013 
891   0.8920000000000007   1.0000000000000013 
892   0.8930000000000007   1.0000000000000013 
893   0.8940000000000007   1.0000000000000013 
894   0.8950000000000007   1.0000000000000013 
895   0.8960000000000007   1.0000000000000013 
896   0.8970000000000007   1.0000000000000013 
897   0.8980000000000007   1.0000000000000013 
898   0.8990000000000007   1.0000000000000013 
899   0.9000000000000007   1.0000000000000013 
900   0.9010000000000007   1.0000000000000013 
901   0.9020000000000007   1.0000000000000013 
902   0.9030000000000007   1.0000000000000013 
903   0.9040000000000007   1.0000000000000013 
904   0.9050000000000007   1.0000000000000013 
905   0.9060000000000007   1.0000000000000013 
906   0.9070000000000007   1.0000000000000013 
907   0.9080000000000007   1.0000000000000013 
908   0.9090000000000007   1.0000000000000013 
909   0.9100000000000007   1.0000000000000013 
910   0.9110000000000007   1.0000000000000013 
911   0.9120000000000007   1.0000000000000013 
912   0.9130000000000007   1.0000000000000013 
913   0.9140000000000007   1.0000000000000013 
914   0.9150000000000007   1.0000000000000013 
915   0.9160000000000007   1.0000000000000013 
916   0.9170000000000007   1.0000000000000013 
917   0.9180000000000007   1.0000000000000013 
918   0.9190000000000007   1.0000000000000013 
919   0.9200000000000007   1.0000000000000013 
920   0.9210000000000007   1.0000000000000013 
921   0.9220000000000007   1.0000000000000013 
922   0.9230000000000007   1.0000000000000013 
923   0.9240000000000007   1.0000000000000013 
924   0.9250000000000007   1.0000000000000013 
925   0.9260000000000007   1.0000000000000013 
926   0.9270000000000007   1.0000000000000013 
927   0.9280000000000007   1.0000000000000013 
928   0.9290000000000007   1.0000000000000013 
929   0.9300000000000007   1.0000000000000013 
930   0.9310000000000007   1.0000000000000013 
931   0.9320000000000007   1.0000000000000013 
932   0.9330000000000007   1.0000000000000013 
933   0.9340000000000007   1.0000000000000013 
934   0.9350000000000007   1.0000000000000013 
935   0.9360000000000007   1.0000000000000013 
936   0.9370000000000007   1.0000000000000013 
937   0.9380000000000007   1.0000000000000013 
938   0.9390000000000007   1.0000000000000013 
939   0.9400000000000007   1.0000000000000013 
940   0.9410000000000007   1.0000000000000013 
941   0.9420000000000007   1.0000000000000013 
942   0.9430000000000007   1.0000000000000013 
943   0.9440000000000007   1.0000000000000013 
944   0.9450000000000007   1.0000000000000013 
945   0.9460000000000007   1.0000000000000013 
946   0.9470000000000007   1.0000000000000013 
947   0.9480000000000007   1.0000000000000013 
948   0.9490000000000007   1.0000000000000013 
949   0.9500000000000007   1.0000000000000013 
950   0.9510000000000007   1.0000000000000013 
951   0.9520000000000007   1.0000000000000013 
952   0.9530000000000007   1.0000000000000013 
953   0.9540000000000007   1.0000000000000013 
954   0.9550000000000007   1.0000000000000013 
955   0.9560000000000007   1.0000000000000013 
956   0.9570000000000007   1.0000000000000013 
957   0.9580000000000007   1.0000000000000013 
958   0.9590000000000007   1.0000000000000013 
959   0.9600000000000007   1.0000000000000013 
960   0.9610000000000007   1.0000000000000013 
961   0.9620000000000007   1.0000000000000013 
962   0.9630000000000007   1.0000000000000013 
963   0.9640000000000007   1.0000000000000013 
964   0.9650000000000007   1.0000000000000013 
965   0.9660000000000007   1.0000000000000013 
966   0.9670000000000007   1.0000000000000013 
967   0.9680000000000007   1.0000000000000013 
968   0.9690000000000007   1.0000000000000013 
969   0.9700000000000008   1.0000000000000013 
970   0.9710000000000008   1.0000000000000013 
971   0.9720000000000008   1.0000000000000013 
972   0.9730000000000008   1.0000000000000013 
973   0.9740000000000008   1.0000000000000013 
974   0.9750000000000008   1.0000000000000013 
975   0.9760000000000008   1.0000000000000013 
976   0.9770000000000008   1.0000000000000013 
977   0.9780000000000008   1.0000000000000013 
978   0.9790000000000008   1.0000000000000013 
979   0.9800000000000008   1.0000000000000013 
980   0.9810000000000008   1.0000000000000013 
981   0.9820000000000008   1.0000000000000013 
982   0.9830000000000008   1.0000000000000013 
983   0.9840000000000008   1.0000000000000013 
984   0.9850000000000008   1.0000000000000013 
985   0.9860000000000008   1.0000000000000013 
986   0.9870000000000008   1.0000000000000013 
987   0.9880000000000008   1.0000000000000013 
988   0.9890000000000008   1.0000000000000013 
989   0.9900000000000008   1.0000000000000013 
990   0.9910000000000008   1.0000000000000013 
991   0.9920000000000008   1.0000000000000013 
992   0.9930000000000008   1.0000000000000013 
993   0.9940000000000008   1.0000000000000013 
994   0.9950000000000008   1.0000000000000013 
995   0.9960000000000008   1.0000000000000013 
996   0.9970000000000008   1.0000000000000013 
997   0.9980000000000008   1.0000000000000013 
998   0.9990000000000008   1.0000000000000013 
999   1.0000000000000007   1.0000000000000013 
