0   0.001   0 
1   0.002   0 
2   0.002   0.03225806451612903 
3   0.004   0.03225806451612903 
4   0.004   0.16129032258064516 
5   0.006   0.16129032258064516 
6   0.006   0.1935483870967742 
7   0.008   0.1935483870967742 
8   0.009000000000000001   0.1935483870967742 
9   0.010000000000000002   0.1935483870967742 
10   0.011000000000000003   0.1935483870967742 
11   0.012000000000000004   0.1935483870967742 
12   0.013000000000000005   0.1935483870967742 
13   0.014000000000000005   0.1935483870967742 
14   0.015000000000000006   0.1935483870967742 
15   0.016000000000000007   0.1935483870967742 
16   0.017000000000000008   0.1935483870967742 
17   0.01800000000000001   0.1935483870967742 
18   0.01900000000000001   0.1935483870967742 
19   0.02000000000000001   0.1935483870967742 
20   0.02100000000000001   0.1935483870967742 
21   0.022000000000000013   0.1935483870967742 
22   0.023000000000000013   0.1935483870967742 
23   0.024000000000000014   0.1935483870967742 
24   0.025000000000000015   0.1935483870967742 
25   0.026000000000000016   0.1935483870967742 
26   0.027000000000000017   0.1935483870967742 
27   0.028000000000000018   0.1935483870967742 
28   0.02900000000000002   0.1935483870967742 
29   0.03000000000000002   0.1935483870967742 
30   0.03000000000000002   0.3870967741935484 
31   0.03200000000000002   0.3870967741935484 
32   0.03300000000000002   0.3870967741935484 
33   0.03400000000000002   0.3870967741935484 
34   0.035000000000000024   0.3870967741935484 
35   0.035000000000000024   0.4838709677419355 
36   0.037000000000000026   0.4838709677419355 
37   0.037000000000000026   0.7419354838709677 
38   0.03900000000000003   0.7419354838709677 
39   0.04000000000000003   0.7419354838709677 
40   0.04100000000000003   0.7419354838709677 
41   0.04200000000000003   0.7419354838709677 
42   0.04300000000000003   0.7419354838709677 
43   0.04400000000000003   0.7419354838709677 
44   0.04500000000000003   0.7419354838709677 
45   0.046000000000000034   0.7419354838709677 
46   0.047000000000000035   0.7419354838709677 
47   0.048000000000000036   0.7419354838709677 
48   0.04900000000000004   0.7419354838709677 
49   0.05000000000000004   0.7419354838709677 
50   0.05100000000000004   0.7419354838709677 
51   0.05200000000000004   0.7419354838709677 
52   0.05300000000000004   0.7419354838709677 
53   0.05400000000000004   0.7419354838709677 
54   0.05500000000000004   0.7419354838709677 
55   0.05600000000000004   0.7419354838709677 
56   0.057000000000000044   0.7419354838709677 
57   0.058000000000000045   0.7419354838709677 
58   0.059000000000000045   0.7419354838709677 
59   0.060000000000000046   0.7419354838709677 
60   0.06100000000000005   0.7419354838709677 
61   0.06200000000000005   0.7419354838709677 
62   0.06300000000000004   0.7419354838709677 
63   0.06400000000000004   0.7419354838709677 
64   0.06500000000000004   0.7419354838709677 
65   0.06600000000000004   0.7419354838709677 
66   0.06700000000000005   0.7419354838709677 
67   0.06800000000000005   0.7419354838709677 
68   0.06900000000000005   0.7419354838709677 
69   0.07000000000000005   0.7419354838709677 
70   0.07100000000000005   0.7419354838709677 
71   0.07200000000000005   0.7419354838709677 
72   0.07300000000000005   0.7419354838709677 
73   0.07400000000000005   0.7419354838709677 
74   0.07500000000000005   0.7419354838709677 
75   0.07600000000000005   0.7419354838709677 
76   0.07700000000000005   0.7419354838709677 
77   0.07800000000000006   0.7419354838709677 
78   0.07900000000000006   0.7419354838709677 
79   0.08000000000000006   0.7419354838709677 
80   0.08100000000000006   0.7419354838709677 
81   0.08200000000000006   0.7419354838709677 
82   0.08300000000000006   0.7419354838709677 
83   0.08400000000000006   0.7419354838709677 
84   0.08500000000000006   0.7419354838709677 
85   0.08600000000000006   0.7419354838709677 
86   0.08700000000000006   0.7419354838709677 
87   0.08800000000000006   0.7419354838709677 
88   0.08900000000000007   0.7419354838709677 
89   0.09000000000000007   0.7419354838709677 
90   0.09100000000000007   0.7419354838709677 
91   0.09200000000000007   0.7419354838709677 
92   0.09300000000000007   0.7419354838709677 
93   0.09400000000000007   0.7419354838709677 
94   0.09500000000000007   0.7419354838709677 
95   0.09600000000000007   0.7419354838709677 
96   0.09700000000000007   0.7419354838709677 
97   0.09800000000000007   0.7419354838709677 
98   0.09900000000000007   0.7419354838709677 
99   0.10000000000000007   0.7419354838709677 
100   0.10100000000000008   0.7419354838709677 
101   0.10200000000000008   0.7419354838709677 
102   0.10300000000000008   0.7419354838709677 
103   0.10400000000000008   0.7419354838709677 
104   0.10500000000000008   0.7419354838709677 
105   0.10600000000000008   0.7419354838709677 
106   0.10700000000000008   0.7419354838709677 
107   0.10800000000000008   0.7419354838709677 
108   0.10900000000000008   0.7419354838709677 
109   0.11000000000000008   0.7419354838709677 
110   0.11100000000000008   0.7419354838709677 
111   0.11200000000000009   0.7419354838709677 
112   0.11300000000000009   0.7419354838709677 
113   0.11400000000000009   0.7419354838709677 
114   0.11500000000000009   0.7419354838709677 
115   0.11600000000000009   0.7419354838709677 
116   0.11700000000000009   0.7419354838709677 
117   0.11800000000000009   0.7419354838709677 
118   0.11900000000000009   0.7419354838709677 
119   0.12000000000000009   0.7419354838709677 
120   0.1210000000000001   0.7419354838709677 
121   0.1220000000000001   0.7419354838709677 
122   0.1230000000000001   0.7419354838709677 
123   0.1240000000000001   0.7419354838709677 
124   0.12500000000000008   0.7419354838709677 
125   0.12600000000000008   0.7419354838709677 
126   0.12700000000000009   0.7419354838709677 
127   0.12800000000000009   0.7419354838709677 
128   0.1290000000000001   0.7419354838709677 
129   0.1300000000000001   0.7419354838709677 
130   0.1310000000000001   0.7419354838709677 
131   0.1320000000000001   0.7419354838709677 
132   0.1330000000000001   0.7419354838709677 
133   0.1340000000000001   0.7419354838709677 
134   0.1350000000000001   0.7419354838709677 
135   0.1360000000000001   0.7419354838709677 
136   0.1370000000000001   0.7419354838709677 
137   0.1380000000000001   0.7419354838709677 
138   0.1390000000000001   0.7419354838709677 
139   0.1400000000000001   0.7419354838709677 
140   0.1410000000000001   0.7419354838709677 
141   0.1420000000000001   0.7419354838709677 
142   0.1430000000000001   0.7419354838709677 
143   0.1440000000000001   0.7419354838709677 
144   0.1450000000000001   0.7419354838709677 
145   0.1460000000000001   0.7419354838709677 
146   0.1470000000000001   0.7419354838709677 
147   0.1480000000000001   0.7419354838709677 
148   0.1490000000000001   0.7419354838709677 
149   0.1500000000000001   0.7419354838709677 
150   0.1510000000000001   0.7419354838709677 
151   0.1520000000000001   0.7419354838709677 
152   0.1530000000000001   0.7419354838709677 
153   0.1540000000000001   0.7419354838709677 
154   0.1550000000000001   0.7419354838709677 
155   0.1560000000000001   0.7419354838709677 
156   0.1570000000000001   0.7419354838709677 
157   0.1580000000000001   0.7419354838709677 
158   0.1590000000000001   0.7419354838709677 
159   0.16000000000000011   0.7419354838709677 
160   0.16100000000000012   0.7419354838709677 
161   0.16200000000000012   0.7419354838709677 
162   0.16300000000000012   0.7419354838709677 
163   0.16400000000000012   0.7419354838709677 
164   0.16500000000000012   0.7419354838709677 
165   0.16600000000000012   0.7419354838709677 
166   0.16700000000000012   0.7419354838709677 
167   0.16800000000000012   0.7419354838709677 
168   0.16900000000000012   0.7419354838709677 
169   0.17000000000000012   0.7419354838709677 
170   0.17100000000000012   0.7419354838709677 
171   0.17200000000000013   0.7419354838709677 
172   0.17300000000000013   0.7419354838709677 
173   0.17400000000000013   0.7419354838709677 
174   0.17500000000000013   0.7419354838709677 
175   0.17600000000000013   0.7419354838709677 
176   0.17700000000000013   0.7419354838709677 
177   0.17800000000000013   0.7419354838709677 
178   0.17900000000000013   0.7419354838709677 
179   0.18000000000000013   0.7419354838709677 
180   0.18100000000000013   0.7419354838709677 
181   0.18200000000000013   0.7419354838709677 
182   0.18300000000000013   0.7419354838709677 
183   0.18400000000000014   0.7419354838709677 
184   0.18500000000000014   0.7419354838709677 
185   0.18600000000000014   0.7419354838709677 
186   0.18700000000000014   0.7419354838709677 
187   0.18800000000000014   0.7419354838709677 
188   0.18900000000000014   0.7419354838709677 
189   0.19000000000000014   0.7419354838709677 
190   0.19100000000000014   0.7419354838709677 
191   0.19200000000000014   0.7419354838709677 
192   0.19300000000000014   0.7419354838709677 
193   0.19400000000000014   0.7419354838709677 
194   0.19500000000000015   0.7419354838709677 
195   0.19600000000000015   0.7419354838709677 
196   0.19700000000000015   0.7419354838709677 
197   0.19800000000000015   0.7419354838709677 
198   0.19900000000000015   0.7419354838709677 
199   0.20000000000000015   0.7419354838709677 
200   0.20100000000000015   0.7419354838709677 
201   0.20200000000000015   0.7419354838709677 
202   0.20300000000000015   0.7419354838709677 
203   0.20400000000000015   0.7419354838709677 
204   0.20500000000000015   0.7419354838709677 
205   0.20600000000000016   0.7419354838709677 
206   0.20700000000000016   0.7419354838709677 
207   0.20800000000000016   0.7419354838709677 
208   0.20900000000000016   0.7419354838709677 
209   0.21000000000000016   0.7419354838709677 
210   0.21100000000000016   0.7419354838709677 
211   0.21200000000000016   0.7419354838709677 
212   0.21300000000000016   0.7419354838709677 
213   0.21400000000000016   0.7419354838709677 
214   0.21500000000000016   0.7419354838709677 
215   0.21600000000000016   0.7419354838709677 
216   0.21700000000000016   0.7419354838709677 
217   0.21800000000000017   0.7419354838709677 
218   0.21900000000000017   0.7419354838709677 
219   0.22000000000000017   0.7419354838709677 
220   0.22100000000000017   0.7419354838709677 
221   0.22200000000000017   0.7419354838709677 
222   0.22300000000000017   0.7419354838709677 
223   0.22400000000000017   0.7419354838709677 
224   0.22500000000000017   0.7419354838709677 
225   0.22600000000000017   0.7419354838709677 
226   0.22700000000000017   0.7419354838709677 
227   0.22800000000000017   0.7419354838709677 
228   0.22900000000000018   0.7419354838709677 
229   0.23000000000000018   0.7419354838709677 
230   0.23100000000000018   0.7419354838709677 
231   0.23200000000000018   0.7419354838709677 
232   0.23300000000000018   0.7419354838709677 
233   0.23400000000000018   0.7419354838709677 
234   0.23500000000000018   0.7419354838709677 
235   0.23600000000000018   0.7419354838709677 
236   0.23700000000000018   0.7419354838709677 
237   0.23800000000000018   0.7419354838709677 
238   0.23900000000000018   0.7419354838709677 
239   0.24000000000000019   0.7419354838709677 
240   0.2410000000000002   0.7419354838709677 
241   0.2420000000000002   0.7419354838709677 
242   0.2430000000000002   0.7419354838709677 
243   0.2440000000000002   0.7419354838709677 
244   0.2450000000000002   0.7419354838709677 
245   0.2460000000000002   0.7419354838709677 
246   0.2470000000000002   0.7419354838709677 
247   0.2480000000000002   0.7419354838709677 
248   0.2490000000000002   0.7419354838709677 
249   0.25000000000000017   0.7419354838709677 
250   0.25100000000000017   0.7419354838709677 
251   0.25200000000000017   0.7419354838709677 
252   0.25300000000000017   0.7419354838709677 
253   0.25400000000000017   0.7419354838709677 
254   0.25500000000000017   0.7419354838709677 
255   0.25600000000000017   0.7419354838709677 
256   0.2570000000000002   0.7419354838709677 
257   0.2580000000000002   0.7419354838709677 
258   0.2590000000000002   0.7419354838709677 
259   0.2600000000000002   0.7419354838709677 
260   0.2610000000000002   0.7419354838709677 
261   0.2620000000000002   0.7419354838709677 
262   0.2630000000000002   0.7419354838709677 
263   0.2640000000000002   0.7419354838709677 
264   0.2650000000000002   0.7419354838709677 
265   0.2660000000000002   0.7419354838709677 
266   0.2670000000000002   0.7419354838709677 
267   0.2680000000000002   0.7419354838709677 
268   0.2690000000000002   0.7419354838709677 
269   0.2700000000000002   0.7419354838709677 
270   0.2710000000000002   0.7419354838709677 
271   0.2720000000000002   0.7419354838709677 
272   0.2730000000000002   0.7419354838709677 
273   0.2740000000000002   0.7419354838709677 
274   0.2750000000000002   0.7419354838709677 
275   0.2760000000000002   0.7419354838709677 
276   0.2770000000000002   0.7419354838709677 
277   0.2780000000000002   0.7419354838709677 
278   0.2790000000000002   0.7419354838709677 
279   0.2800000000000002   0.7419354838709677 
280   0.2810000000000002   0.7419354838709677 
281   0.2820000000000002   0.7419354838709677 
282   0.2830000000000002   0.7419354838709677 
283   0.2840000000000002   0.7419354838709677 
284   0.2850000000000002   0.7419354838709677 
285   0.2860000000000002   0.7419354838709677 
286   0.2870000000000002   0.7419354838709677 
287   0.2880000000000002   0.7419354838709677 
288   0.2890000000000002   0.7419354838709677 
289   0.2900000000000002   0.7419354838709677 
290   0.2910000000000002   0.7419354838709677 
291   0.2920000000000002   0.7419354838709677 
292   0.2930000000000002   0.7419354838709677 
293   0.2940000000000002   0.7419354838709677 
294   0.2950000000000002   0.7419354838709677 
295   0.2960000000000002   0.7419354838709677 
296   0.2970000000000002   0.7419354838709677 
297   0.2980000000000002   0.7419354838709677 
298   0.2990000000000002   0.7419354838709677 
299   0.3000000000000002   0.7419354838709677 
300   0.3010000000000002   0.7419354838709677 
301   0.3020000000000002   0.7419354838709677 
302   0.3030000000000002   0.7419354838709677 
303   0.3040000000000002   0.7419354838709677 
304   0.3050000000000002   0.7419354838709677 
305   0.3060000000000002   0.7419354838709677 
306   0.3070000000000002   0.7419354838709677 
307   0.3080000000000002   0.7419354838709677 
308   0.3090000000000002   0.7419354838709677 
309   0.3100000000000002   0.7419354838709677 
310   0.3110000000000002   0.7419354838709677 
311   0.3120000000000002   0.7419354838709677 
312   0.3130000000000002   0.7419354838709677 
313   0.3140000000000002   0.7419354838709677 
314   0.3150000000000002   0.7419354838709677 
315   0.3160000000000002   0.7419354838709677 
316   0.3170000000000002   0.7419354838709677 
317   0.3180000000000002   0.7419354838709677 
318   0.31900000000000023   0.7419354838709677 
319   0.32000000000000023   0.7419354838709677 
320   0.32100000000000023   0.7419354838709677 
321   0.32200000000000023   0.7419354838709677 
322   0.32300000000000023   0.7419354838709677 
323   0.32400000000000023   0.7419354838709677 
324   0.32500000000000023   0.7419354838709677 
325   0.32600000000000023   0.7419354838709677 
326   0.32700000000000023   0.7419354838709677 
327   0.32800000000000024   0.7419354838709677 
328   0.32900000000000024   0.7419354838709677 
329   0.33000000000000024   0.7419354838709677 
330   0.33100000000000024   0.7419354838709677 
331   0.33200000000000024   0.7419354838709677 
332   0.33300000000000024   0.7419354838709677 
333   0.33400000000000024   0.7419354838709677 
334   0.33500000000000024   0.7419354838709677 
335   0.33600000000000024   0.7419354838709677 
336   0.33700000000000024   0.7419354838709677 
337   0.33800000000000024   0.7419354838709677 
338   0.33900000000000025   0.7419354838709677 
339   0.34000000000000025   0.7419354838709677 
340   0.34100000000000025   0.7419354838709677 
341   0.34200000000000025   0.7419354838709677 
342   0.34300000000000025   0.7419354838709677 
343   0.34400000000000025   0.7419354838709677 
344   0.34500000000000025   0.7419354838709677 
345   0.34600000000000025   0.7419354838709677 
346   0.34700000000000025   0.7419354838709677 
347   0.34800000000000025   0.7419354838709677 
348   0.34900000000000025   0.7419354838709677 
349   0.35000000000000026   0.7419354838709677 
350   0.35100000000000026   0.7419354838709677 
351   0.35200000000000026   0.7419354838709677 
352   0.35300000000000026   0.7419354838709677 
353   0.35400000000000026   0.7419354838709677 
354   0.35500000000000026   0.7419354838709677 
355   0.35600000000000026   0.7419354838709677 
356   0.35700000000000026   0.7419354838709677 
357   0.35800000000000026   0.7419354838709677 
358   0.35900000000000026   0.7419354838709677 
359   0.36000000000000026   0.7419354838709677 
360   0.36100000000000027   0.7419354838709677 
361   0.36200000000000027   0.7419354838709677 
362   0.36300000000000027   0.7419354838709677 
363   0.36400000000000027   0.7419354838709677 
364   0.36500000000000027   0.7419354838709677 
365   0.36600000000000027   0.7419354838709677 
366   0.36700000000000027   0.7419354838709677 
367   0.36800000000000027   0.7419354838709677 
368   0.36900000000000027   0.7419354838709677 
369   0.3700000000000003   0.7419354838709677 
370   0.3710000000000003   0.7419354838709677 
371   0.3720000000000003   0.7419354838709677 
372   0.3730000000000003   0.7419354838709677 
373   0.3740000000000003   0.7419354838709677 
374   0.3750000000000003   0.7419354838709677 
375   0.3760000000000003   0.7419354838709677 
376   0.3770000000000003   0.7419354838709677 
377   0.3780000000000003   0.7419354838709677 
378   0.3790000000000003   0.7419354838709677 
379   0.3800000000000003   0.7419354838709677 
380   0.3810000000000003   0.7419354838709677 
381   0.3820000000000003   0.7419354838709677 
382   0.3830000000000003   0.7419354838709677 
383   0.3840000000000003   0.7419354838709677 
384   0.3850000000000003   0.7419354838709677 
385   0.3860000000000003   0.7419354838709677 
386   0.3870000000000003   0.7419354838709677 
387   0.3880000000000003   0.7419354838709677 
388   0.3890000000000003   0.7419354838709677 
389   0.3900000000000003   0.7419354838709677 
390   0.3910000000000003   0.7419354838709677 
391   0.3920000000000003   0.7419354838709677 
392   0.3930000000000003   0.7419354838709677 
393   0.3940000000000003   0.7419354838709677 
394   0.3950000000000003   0.7419354838709677 
395   0.3960000000000003   0.7419354838709677 
396   0.3970000000000003   0.7419354838709677 
397   0.3980000000000003   0.7419354838709677 
398   0.3990000000000003   0.7419354838709677 
399   0.4000000000000003   0.7419354838709677 
400   0.4010000000000003   0.7419354838709677 
401   0.4020000000000003   0.7419354838709677 
402   0.4030000000000003   0.7419354838709677 
403   0.4040000000000003   0.7419354838709677 
404   0.4050000000000003   0.7419354838709677 
405   0.4060000000000003   0.7419354838709677 
406   0.4070000000000003   0.7419354838709677 
407   0.4080000000000003   0.7419354838709677 
408   0.4090000000000003   0.7419354838709677 
409   0.4100000000000003   0.7419354838709677 
410   0.4110000000000003   0.7419354838709677 
411   0.4120000000000003   0.7419354838709677 
412   0.4130000000000003   0.7419354838709677 
413   0.4140000000000003   0.7419354838709677 
414   0.4150000000000003   0.7419354838709677 
415   0.4160000000000003   0.7419354838709677 
416   0.4170000000000003   0.7419354838709677 
417   0.4180000000000003   0.7419354838709677 
418   0.4190000000000003   0.7419354838709677 
419   0.4200000000000003   0.7419354838709677 
420   0.4210000000000003   0.7419354838709677 
421   0.4220000000000003   0.7419354838709677 
422   0.4230000000000003   0.7419354838709677 
423   0.4240000000000003   0.7419354838709677 
424   0.4250000000000003   0.7419354838709677 
425   0.4260000000000003   0.7419354838709677 
426   0.4270000000000003   0.7419354838709677 
427   0.4280000000000003   0.7419354838709677 
428   0.4290000000000003   0.7419354838709677 
429   0.4300000000000003   0.7419354838709677 
430   0.4310000000000003   0.7419354838709677 
431   0.43200000000000033   0.7419354838709677 
432   0.43300000000000033   0.7419354838709677 
433   0.43400000000000033   0.7419354838709677 
434   0.43500000000000033   0.7419354838709677 
435   0.43600000000000033   0.7419354838709677 
436   0.43700000000000033   0.7419354838709677 
437   0.43800000000000033   0.7419354838709677 
438   0.43900000000000033   0.7419354838709677 
439   0.44000000000000034   0.7419354838709677 
440   0.44100000000000034   0.7419354838709677 
441   0.44200000000000034   0.7419354838709677 
442   0.44300000000000034   0.7419354838709677 
443   0.44400000000000034   0.7419354838709677 
444   0.44500000000000034   0.7419354838709677 
445   0.44600000000000034   0.7419354838709677 
446   0.44700000000000034   0.7419354838709677 
447   0.44800000000000034   0.7419354838709677 
448   0.44900000000000034   0.7419354838709677 
449   0.45000000000000034   0.7419354838709677 
450   0.45100000000000035   0.7419354838709677 
451   0.45200000000000035   0.7419354838709677 
452   0.45300000000000035   0.7419354838709677 
453   0.45400000000000035   0.7419354838709677 
454   0.45500000000000035   0.7419354838709677 
455   0.45600000000000035   0.7419354838709677 
456   0.45700000000000035   0.7419354838709677 
457   0.45800000000000035   0.7419354838709677 
458   0.45900000000000035   0.7419354838709677 
459   0.46000000000000035   0.7419354838709677 
460   0.46100000000000035   0.7419354838709677 
461   0.46200000000000035   0.7419354838709677 
462   0.46300000000000036   0.7419354838709677 
463   0.46400000000000036   0.7419354838709677 
464   0.46500000000000036   0.7419354838709677 
465   0.46600000000000036   0.7419354838709677 
466   0.46700000000000036   0.7419354838709677 
467   0.46800000000000036   0.7419354838709677 
468   0.46900000000000036   0.7419354838709677 
469   0.47000000000000036   0.7419354838709677 
470   0.47100000000000036   0.7419354838709677 
471   0.47200000000000036   0.7419354838709677 
472   0.47300000000000036   0.7419354838709677 
473   0.47400000000000037   0.7419354838709677 
474   0.47500000000000037   0.7419354838709677 
475   0.47600000000000037   0.7419354838709677 
476   0.47700000000000037   0.7419354838709677 
477   0.47800000000000037   0.7419354838709677 
478   0.47900000000000037   0.7419354838709677 
479   0.48000000000000037   0.7419354838709677 
480   0.48100000000000037   0.7419354838709677 
481   0.4820000000000004   0.7419354838709677 
482   0.4830000000000004   0.7419354838709677 
483   0.4840000000000004   0.7419354838709677 
484   0.4850000000000004   0.7419354838709677 
485   0.4860000000000004   0.7419354838709677 
486   0.4870000000000004   0.7419354838709677 
487   0.4880000000000004   0.7419354838709677 
488   0.4890000000000004   0.7419354838709677 
489   0.4900000000000004   0.7419354838709677 
490   0.4910000000000004   0.7419354838709677 
491   0.4920000000000004   0.7419354838709677 
492   0.4930000000000004   0.7419354838709677 
493   0.4940000000000004   0.7419354838709677 
494   0.4950000000000004   0.7419354838709677 
495   0.4960000000000004   0.7419354838709677 
496   0.4970000000000004   0.7419354838709677 
497   0.4980000000000004   0.7419354838709677 
498   0.4990000000000004   0.7419354838709677 
499   0.5000000000000003   0.7419354838709677 
500   0.5010000000000003   0.7419354838709677 
501   0.5020000000000003   0.7419354838709677 
502   0.5030000000000003   0.7419354838709677 
503   0.5040000000000003   0.7419354838709677 
504   0.5050000000000003   0.7419354838709677 
505   0.5060000000000003   0.7419354838709677 
506   0.5070000000000003   0.7419354838709677 
507   0.5080000000000003   0.7419354838709677 
508   0.5090000000000003   0.7419354838709677 
509   0.5100000000000003   0.7419354838709677 
510   0.5110000000000003   0.7419354838709677 
511   0.5120000000000003   0.7419354838709677 
512   0.5130000000000003   0.7419354838709677 
513   0.5140000000000003   0.7419354838709677 
514   0.5150000000000003   0.7419354838709677 
515   0.5160000000000003   0.7419354838709677 
516   0.5170000000000003   0.7419354838709677 
517   0.5180000000000003   0.7419354838709677 
518   0.5190000000000003   0.7419354838709677 
519   0.5200000000000004   0.7419354838709677 
520   0.5210000000000004   0.7419354838709677 
521   0.5220000000000004   0.7419354838709677 
522   0.5230000000000004   0.7419354838709677 
523   0.5240000000000004   0.7419354838709677 
524   0.5250000000000004   0.7419354838709677 
525   0.5260000000000004   0.7419354838709677 
526   0.5270000000000004   0.7419354838709677 
527   0.5280000000000004   0.7419354838709677 
528   0.5290000000000004   0.7419354838709677 
529   0.5300000000000004   0.7419354838709677 
530   0.5310000000000004   0.7419354838709677 
531   0.5320000000000004   0.7419354838709677 
532   0.5330000000000004   0.7419354838709677 
533   0.5340000000000004   0.7419354838709677 
534   0.5350000000000004   0.7419354838709677 
535   0.5360000000000004   0.7419354838709677 
536   0.5370000000000004   0.7419354838709677 
537   0.5380000000000004   0.7419354838709677 
538   0.5390000000000004   0.7419354838709677 
539   0.5400000000000004   0.7419354838709677 
540   0.5410000000000004   0.7419354838709677 
541   0.5420000000000004   0.7419354838709677 
542   0.5430000000000004   0.7419354838709677 
543   0.5440000000000004   0.7419354838709677 
544   0.5450000000000004   0.7419354838709677 
545   0.5460000000000004   0.7419354838709677 
546   0.5470000000000004   0.7419354838709677 
547   0.5480000000000004   0.7419354838709677 
548   0.5490000000000004   0.7419354838709677 
549   0.5500000000000004   0.7419354838709677 
550   0.5510000000000004   0.7419354838709677 
551   0.5520000000000004   0.7419354838709677 
552   0.5530000000000004   0.7419354838709677 
553   0.5540000000000004   0.7419354838709677 
554   0.5550000000000004   0.7419354838709677 
555   0.5560000000000004   0.7419354838709677 
556   0.5570000000000004   0.7419354838709677 
557   0.5580000000000004   0.7419354838709677 
558   0.5590000000000004   0.7419354838709677 
559   0.5600000000000004   0.7419354838709677 
560   0.5610000000000004   0.7419354838709677 
561   0.5620000000000004   0.7419354838709677 
562   0.5630000000000004   0.7419354838709677 
563   0.5640000000000004   0.7419354838709677 
564   0.5650000000000004   0.7419354838709677 
565   0.5660000000000004   0.7419354838709677 
566   0.5670000000000004   0.7419354838709677 
567   0.5680000000000004   0.7419354838709677 
568   0.5690000000000004   0.7419354838709677 
569   0.5700000000000004   0.7419354838709677 
570   0.5710000000000004   0.7419354838709677 
571   0.5720000000000004   0.7419354838709677 
572   0.5730000000000004   0.7419354838709677 
573   0.5740000000000004   0.7419354838709677 
574   0.5750000000000004   0.7419354838709677 
575   0.5760000000000004   0.7419354838709677 
576   0.5770000000000004   0.7419354838709677 
577   0.5780000000000004   0.7419354838709677 
578   0.5790000000000004   0.7419354838709677 
579   0.5800000000000004   0.7419354838709677 
580   0.5810000000000004   0.7419354838709677 
581   0.5820000000000004   0.7419354838709677 
582   0.5830000000000004   0.7419354838709677 
583   0.5840000000000004   0.7419354838709677 
584   0.5850000000000004   0.7419354838709677 
585   0.5860000000000004   0.7419354838709677 
586   0.5870000000000004   0.7419354838709677 
587   0.5880000000000004   0.7419354838709677 
588   0.5890000000000004   0.7419354838709677 
589   0.5900000000000004   0.7419354838709677 
590   0.5910000000000004   0.7419354838709677 
591   0.5920000000000004   0.7419354838709677 
592   0.5930000000000004   0.7419354838709677 
593   0.5940000000000004   0.7419354838709677 
594   0.5950000000000004   0.7419354838709677 
595   0.5960000000000004   0.7419354838709677 
596   0.5970000000000004   0.7419354838709677 
597   0.5980000000000004   0.7419354838709677 
598   0.5990000000000004   0.7419354838709677 
599   0.6000000000000004   0.7419354838709677 
600   0.6010000000000004   0.7419354838709677 
601   0.6020000000000004   0.7419354838709677 
602   0.6030000000000004   0.7419354838709677 
603   0.6040000000000004   0.7419354838709677 
604   0.6050000000000004   0.7419354838709677 
605   0.6060000000000004   0.7419354838709677 
606   0.6070000000000004   0.7419354838709677 
607   0.6080000000000004   0.7419354838709677 
608   0.6090000000000004   0.7419354838709677 
609   0.6100000000000004   0.7419354838709677 
610   0.6110000000000004   0.7419354838709677 
611   0.6120000000000004   0.7419354838709677 
612   0.6130000000000004   0.7419354838709677 
613   0.6140000000000004   0.7419354838709677 
614   0.6150000000000004   0.7419354838709677 
615   0.6160000000000004   0.7419354838709677 
616   0.6170000000000004   0.7419354838709677 
617   0.6180000000000004   0.7419354838709677 
618   0.6190000000000004   0.7419354838709677 
619   0.6200000000000004   0.7419354838709677 
620   0.6210000000000004   0.7419354838709677 
621   0.6220000000000004   0.7419354838709677 
622   0.6230000000000004   0.7419354838709677 
623   0.6240000000000004   0.7419354838709677 
624   0.6250000000000004   0.7419354838709677 
625   0.6260000000000004   0.7419354838709677 
626   0.6270000000000004   0.7419354838709677 
627   0.6280000000000004   0.7419354838709677 
628   0.6290000000000004   0.7419354838709677 
629   0.6300000000000004   0.7419354838709677 
630   0.6310000000000004   0.7419354838709677 
631   0.6320000000000005   0.7419354838709677 
632   0.6330000000000005   0.7419354838709677 
633   0.6340000000000005   0.7419354838709677 
634   0.6350000000000005   0.7419354838709677 
635   0.6360000000000005   0.7419354838709677 
636   0.6370000000000005   0.7419354838709677 
637   0.6380000000000005   0.7419354838709677 
638   0.6390000000000005   0.7419354838709677 
639   0.6400000000000005   0.7419354838709677 
640   0.6410000000000005   0.7419354838709677 
641   0.6420000000000005   0.7419354838709677 
642   0.6430000000000005   0.7419354838709677 
643   0.6440000000000005   0.7419354838709677 
644   0.6450000000000005   0.7419354838709677 
645   0.6460000000000005   0.7419354838709677 
646   0.6470000000000005   0.7419354838709677 
647   0.6480000000000005   0.7419354838709677 
648   0.6490000000000005   0.7419354838709677 
649   0.6500000000000005   0.7419354838709677 
650   0.6510000000000005   0.7419354838709677 
651   0.6520000000000005   0.7419354838709677 
652   0.6530000000000005   0.7419354838709677 
653   0.6540000000000005   0.7419354838709677 
654   0.6550000000000005   0.7419354838709677 
655   0.6560000000000005   0.7419354838709677 
656   0.6570000000000005   0.7419354838709677 
657   0.6580000000000005   0.7419354838709677 
658   0.6590000000000005   0.7419354838709677 
659   0.6600000000000005   0.7419354838709677 
660   0.6610000000000005   0.7419354838709677 
661   0.6620000000000005   0.7419354838709677 
662   0.6630000000000005   0.7419354838709677 
663   0.6640000000000005   0.7419354838709677 
664   0.6650000000000005   0.7419354838709677 
665   0.6660000000000005   0.7419354838709677 
666   0.6670000000000005   0.7419354838709677 
667   0.6680000000000005   0.7419354838709677 
668   0.6690000000000005   0.7419354838709677 
669   0.6700000000000005   0.7419354838709677 
670   0.6710000000000005   0.7419354838709677 
671   0.6720000000000005   0.7419354838709677 
672   0.6730000000000005   0.7419354838709677 
673   0.6740000000000005   0.7419354838709677 
674   0.6750000000000005   0.7419354838709677 
675   0.6760000000000005   0.7419354838709677 
676   0.6770000000000005   0.7419354838709677 
677   0.6780000000000005   0.7419354838709677 
678   0.6790000000000005   0.7419354838709677 
679   0.6800000000000005   0.7419354838709677 
680   0.6810000000000005   0.7419354838709677 
681   0.6820000000000005   0.7419354838709677 
682   0.6830000000000005   0.7419354838709677 
683   0.6840000000000005   0.7419354838709677 
684   0.6850000000000005   0.7419354838709677 
685   0.6860000000000005   0.7419354838709677 
686   0.6870000000000005   0.7419354838709677 
687   0.6880000000000005   0.7419354838709677 
688   0.6890000000000005   0.7419354838709677 
689   0.6900000000000005   0.7419354838709677 
690   0.6910000000000005   0.7419354838709677 
691   0.6920000000000005   0.7419354838709677 
692   0.6930000000000005   0.7419354838709677 
693   0.6940000000000005   0.7419354838709677 
694   0.6950000000000005   0.7419354838709677 
695   0.6960000000000005   0.7419354838709677 
696   0.6970000000000005   0.7419354838709677 
697   0.6980000000000005   0.7419354838709677 
698   0.6990000000000005   0.7419354838709677 
699   0.7000000000000005   0.7419354838709677 
700   0.7010000000000005   0.7419354838709677 
701   0.7020000000000005   0.7419354838709677 
702   0.7030000000000005   0.7419354838709677 
703   0.7040000000000005   0.7419354838709677 
704   0.7050000000000005   0.7419354838709677 
705   0.7060000000000005   0.7419354838709677 
706   0.7060000000000005   0.8387096774193549 
707   0.7080000000000005   0.8387096774193549 
708   0.7090000000000005   0.8387096774193549 
709   0.7100000000000005   0.8387096774193549 
710   0.7110000000000005   0.8387096774193549 
711   0.7120000000000005   0.8387096774193549 
712   0.7130000000000005   0.8387096774193549 
713   0.7140000000000005   0.8387096774193549 
714   0.7150000000000005   0.8387096774193549 
715   0.7160000000000005   0.8387096774193549 
716   0.7170000000000005   0.8387096774193549 
717   0.7180000000000005   0.8387096774193549 
718   0.7190000000000005   0.8387096774193549 
719   0.7200000000000005   0.8387096774193549 
720   0.7210000000000005   0.8387096774193549 
721   0.7220000000000005   0.8387096774193549 
722   0.7230000000000005   0.8387096774193549 
723   0.7240000000000005   0.8387096774193549 
724   0.7250000000000005   0.8387096774193549 
725   0.7260000000000005   0.8387096774193549 
726   0.7270000000000005   0.8387096774193549 
727   0.7280000000000005   0.8387096774193549 
728   0.7290000000000005   0.8387096774193549 
729   0.7300000000000005   0.8387096774193549 
730   0.7310000000000005   0.8387096774193549 
731   0.7320000000000005   0.8387096774193549 
732   0.7330000000000005   0.8387096774193549 
733   0.7340000000000005   0.8387096774193549 
734   0.7350000000000005   0.8387096774193549 
735   0.7360000000000005   0.8387096774193549 
736   0.7370000000000005   0.8387096774193549 
737   0.7380000000000005   0.8387096774193549 
738   0.7390000000000005   0.8387096774193549 
739   0.7400000000000005   0.8387096774193549 
740   0.7410000000000005   0.8387096774193549 
741   0.7420000000000005   0.8387096774193549 
742   0.7430000000000005   0.8387096774193549 
743   0.7440000000000005   0.8387096774193549 
744   0.7450000000000006   0.8387096774193549 
745   0.7460000000000006   0.8387096774193549 
746   0.7470000000000006   0.8387096774193549 
747   0.7480000000000006   0.8387096774193549 
748   0.7490000000000006   0.8387096774193549 
749   0.7500000000000006   0.8387096774193549 
750   0.7510000000000006   0.8387096774193549 
751   0.7520000000000006   0.8387096774193549 
752   0.7530000000000006   0.8387096774193549 
753   0.7540000000000006   0.8387096774193549 
754   0.7550000000000006   0.8387096774193549 
755   0.7560000000000006   0.8387096774193549 
756   0.7570000000000006   0.8387096774193549 
757   0.7580000000000006   0.8387096774193549 
758   0.7590000000000006   0.8387096774193549 
759   0.7600000000000006   0.8387096774193549 
760   0.7600000000000006   0.8709677419354839 
761   0.7620000000000006   0.8709677419354839 
762   0.7630000000000006   0.8709677419354839 
763   0.7640000000000006   0.8709677419354839 
764   0.7650000000000006   0.8709677419354839 
765   0.7660000000000006   0.8709677419354839 
766   0.7670000000000006   0.8709677419354839 
767   0.7680000000000006   0.8709677419354839 
768   0.7690000000000006   0.8709677419354839 
769   0.7700000000000006   0.8709677419354839 
770   0.7710000000000006   0.8709677419354839 
771   0.7720000000000006   0.8709677419354839 
772   0.7730000000000006   0.8709677419354839 
773   0.7740000000000006   0.8709677419354839 
774   0.7750000000000006   0.8709677419354839 
775   0.7760000000000006   0.8709677419354839 
776   0.7770000000000006   0.8709677419354839 
777   0.7780000000000006   0.8709677419354839 
778   0.7790000000000006   0.8709677419354839 
779   0.7800000000000006   0.8709677419354839 
780   0.7810000000000006   0.8709677419354839 
781   0.7820000000000006   0.8709677419354839 
782   0.7830000000000006   0.8709677419354839 
783   0.7840000000000006   0.8709677419354839 
784   0.7850000000000006   0.8709677419354839 
785   0.7860000000000006   0.8709677419354839 
786   0.7870000000000006   0.8709677419354839 
787   0.7880000000000006   0.8709677419354839 
788   0.7890000000000006   0.8709677419354839 
789   0.7900000000000006   0.8709677419354839 
790   0.7910000000000006   0.8709677419354839 
791   0.7920000000000006   0.8709677419354839 
792   0.7930000000000006   0.8709677419354839 
793   0.7940000000000006   0.8709677419354839 
794   0.7950000000000006   0.8709677419354839 
795   0.7960000000000006   0.8709677419354839 
796   0.7970000000000006   0.8709677419354839 
797   0.7980000000000006   0.8709677419354839 
798   0.7990000000000006   0.8709677419354839 
799   0.8000000000000006   0.8709677419354839 
800   0.8010000000000006   0.8709677419354839 
801   0.8020000000000006   0.8709677419354839 
802   0.8030000000000006   0.8709677419354839 
803   0.8040000000000006   0.8709677419354839 
804   0.8050000000000006   0.8709677419354839 
805   0.8060000000000006   0.8709677419354839 
806   0.8060000000000006   0.935483870967742 
807   0.8070000000000006   0.967741935483871 
808   0.8090000000000006   0.967741935483871 
809   0.8100000000000006   0.967741935483871 
810   0.8110000000000006   0.967741935483871 
811   0.8120000000000006   0.967741935483871 
812   0.8130000000000006   0.967741935483871 
813   0.8140000000000006   0.967741935483871 
814   0.8150000000000006   0.967741935483871 
815   0.8160000000000006   0.967741935483871 
816   0.8170000000000006   0.967741935483871 
817   0.8180000000000006   0.967741935483871 
818   0.8190000000000006   0.967741935483871 
819   0.8200000000000006   0.967741935483871 
820   0.8210000000000006   0.967741935483871 
821   0.8220000000000006   0.967741935483871 
822   0.8230000000000006   0.967741935483871 
823   0.8240000000000006   0.967741935483871 
824   0.8250000000000006   0.967741935483871 
825   0.8260000000000006   0.967741935483871 
826   0.8270000000000006   0.967741935483871 
827   0.8280000000000006   0.967741935483871 
828   0.8290000000000006   0.967741935483871 
829   0.8300000000000006   0.967741935483871 
830   0.8310000000000006   0.967741935483871 
831   0.8320000000000006   0.967741935483871 
832   0.8330000000000006   0.967741935483871 
833   0.8340000000000006   0.967741935483871 
834   0.8350000000000006   0.967741935483871 
835   0.8350000000000006   1 
836   0.8370000000000006   1 
837   0.8380000000000006   1 
838   0.8390000000000006   1 
839   0.8400000000000006   1 
840   0.8410000000000006   1 
841   0.8420000000000006   1 
842   0.8430000000000006   1 
843   0.8440000000000006   1 
844   0.8450000000000006   1 
845   0.8460000000000006   1 
846   0.8470000000000006   1 
847   0.8480000000000006   1 
848   0.8490000000000006   1 
849   0.8500000000000006   1 
850   0.8510000000000006   1 
851   0.8520000000000006   1 
852   0.8530000000000006   1 
853   0.8540000000000006   1 
854   0.8550000000000006   1 
855   0.8560000000000006   1 
856   0.8570000000000007   1 
857   0.8580000000000007   1 
858   0.8590000000000007   1 
859   0.8600000000000007   1 
860   0.8610000000000007   1 
861   0.8620000000000007   1 
862   0.8630000000000007   1 
863   0.8640000000000007   1 
864   0.8650000000000007   1 
865   0.8660000000000007   1 
866   0.8670000000000007   1 
867   0.8680000000000007   1 
868   0.8690000000000007   1 
869   0.8700000000000007   1 
870   0.8710000000000007   1 
871   0.8720000000000007   1 
872   0.8730000000000007   1 
873   0.8740000000000007   1 
874   0.8750000000000007   1 
875   0.8760000000000007   1 
876   0.8770000000000007   1 
877   0.8780000000000007   1 
878   0.8790000000000007   1 
879   0.8800000000000007   1 
880   0.8810000000000007   1 
881   0.8820000000000007   1 
882   0.8830000000000007   1 
883   0.8840000000000007   1 
884   0.8850000000000007   1 
885   0.8860000000000007   1 
886   0.8870000000000007   1 
887   0.8880000000000007   1 
888   0.8890000000000007   1 
889   0.8900000000000007   1 
890   0.8910000000000007   1 
891   0.8920000000000007   1 
892   0.8930000000000007   1 
893   0.8940000000000007   1 
894   0.8950000000000007   1 
895   0.8960000000000007   1 
896   0.8970000000000007   1 
897   0.8980000000000007   1 
898   0.8990000000000007   1 
899   0.9000000000000007   1 
900   0.9010000000000007   1 
901   0.9020000000000007   1 
902   0.9030000000000007   1 
903   0.9040000000000007   1 
904   0.9050000000000007   1 
905   0.9060000000000007   1 
906   0.9070000000000007   1 
907   0.9080000000000007   1 
908   0.9090000000000007   1 
909   0.9100000000000007   1 
910   0.9110000000000007   1 
911   0.9120000000000007   1 
912   0.9130000000000007   1 
913   0.9140000000000007   1 
914   0.9150000000000007   1 
915   0.9160000000000007   1 
916   0.9170000000000007   1 
917   0.9180000000000007   1 
918   0.9190000000000007   1 
919   0.9200000000000007   1 
920   0.9210000000000007   1 
921   0.9220000000000007   1 
922   0.9230000000000007   1 
923   0.9240000000000007   1 
924   0.9250000000000007   1 
925   0.9260000000000007   1 
926   0.9270000000000007   1 
927   0.9280000000000007   1 
928   0.9290000000000007   1 
929   0.9300000000000007   1 
930   0.9310000000000007   1 
931   0.9320000000000007   1 
932   0.9330000000000007   1 
933   0.9340000000000007   1 
934   0.9350000000000007   1 
935   0.9360000000000007   1 
936   0.9370000000000007   1 
937   0.9380000000000007   1 
938   0.9390000000000007   1 
939   0.9400000000000007   1 
940   0.9410000000000007   1 
941   0.9420000000000007   1 
942   0.9430000000000007   1 
943   0.9440000000000007   1 
944   0.9450000000000007   1 
945   0.9460000000000007   1 
946   0.9470000000000007   1 
947   0.9480000000000007   1 
948   0.9490000000000007   1 
949   0.9500000000000007   1 
950   0.9510000000000007   1 
951   0.9520000000000007   1 
952   0.9530000000000007   1 
953   0.9540000000000007   1 
954   0.9550000000000007   1 
955   0.9560000000000007   1 
956   0.9570000000000007   1 
957   0.9580000000000007   1 
958   0.9590000000000007   1 
959   0.9600000000000007   1 
960   0.9610000000000007   1 
961   0.9620000000000007   1 
962   0.9630000000000007   1 
963   0.9640000000000007   1 
964   0.9650000000000007   1 
965   0.9660000000000007   1 
966   0.9670000000000007   1 
967   0.9680000000000007   1 
968   0.9690000000000007   1 
969   0.9700000000000008   1 
970   0.9710000000000008   1 
971   0.9720000000000008   1 
972   0.9730000000000008   1 
973   0.9740000000000008   1 
974   0.9750000000000008   1 
975   0.9760000000000008   1 
976   0.9770000000000008   1 
977   0.9780000000000008   1 
978   0.9790000000000008   1 
979   0.9800000000000008   1 
980   0.9810000000000008   1 
981   0.9820000000000008   1 
982   0.9830000000000008   1 
983   0.9840000000000008   1 
984   0.9850000000000008   1 
985   0.9860000000000008   1 
986   0.9870000000000008   1 
987   0.9880000000000008   1 
988   0.9890000000000008   1 
989   0.9900000000000008   1 
990   0.9910000000000008   1 
991   0.9920000000000008   1 
992   0.9930000000000008   1 
993   0.9940000000000008   1 
994   0.9950000000000008   1 
995   0.9960000000000008   1 
996   0.9970000000000008   1 
997   0.9980000000000008   1 
998   0.9990000000000008   1 
999   1.0000000000000007   1 
