0   0.001   0 
1   0.002   0 
2   0.002   0.043478260869565216 
3   0.003   0.07246376811594203 
4   0.004   0.11594202898550725 
5   0.006   0.11594202898550725 
6   0.006   0.13043478260869565 
7   0.008   0.13043478260869565 
8   0.008   0.14492753623188406 
9   0.010000000000000002   0.14492753623188406 
10   0.011000000000000003   0.14492753623188406 
11   0.012000000000000004   0.14492753623188406 
12   0.013000000000000005   0.14492753623188406 
13   0.014000000000000005   0.14492753623188406 
14   0.014000000000000005   0.15942028985507248 
15   0.016000000000000007   0.15942028985507248 
16   0.017000000000000008   0.15942028985507248 
17   0.01800000000000001   0.15942028985507248 
18   0.01900000000000001   0.15942028985507248 
19   0.01900000000000001   0.1739130434782609 
20   0.02100000000000001   0.1739130434782609 
21   0.022000000000000013   0.1739130434782609 
22   0.023000000000000013   0.1739130434782609 
23   0.024000000000000014   0.1739130434782609 
24   0.025000000000000015   0.1739130434782609 
25   0.026000000000000016   0.1739130434782609 
26   0.026000000000000016   0.1884057971014493 
27   0.027000000000000017   0.20289855072463772 
28   0.02900000000000002   0.20289855072463772 
29   0.03000000000000002   0.20289855072463772 
30   0.03000000000000002   0.21739130434782614 
31   0.03100000000000002   0.23188405797101455 
32   0.03300000000000002   0.23188405797101455 
33   0.03400000000000002   0.23188405797101455 
34   0.035000000000000024   0.23188405797101455 
35   0.036000000000000025   0.23188405797101455 
36   0.037000000000000026   0.23188405797101455 
37   0.03800000000000003   0.23188405797101455 
38   0.03900000000000003   0.23188405797101455 
39   0.04000000000000003   0.23188405797101455 
40   0.04100000000000003   0.23188405797101455 
41   0.04200000000000003   0.23188405797101455 
42   0.04300000000000003   0.23188405797101455 
43   0.04400000000000003   0.23188405797101455 
44   0.04500000000000003   0.23188405797101455 
45   0.046000000000000034   0.23188405797101455 
46   0.047000000000000035   0.23188405797101455 
47   0.048000000000000036   0.23188405797101455 
48   0.04900000000000004   0.23188405797101455 
49   0.05000000000000004   0.23188405797101455 
50   0.05100000000000004   0.23188405797101455 
51   0.05200000000000004   0.23188405797101455 
52   0.05300000000000004   0.23188405797101455 
53   0.05400000000000004   0.23188405797101455 
54   0.05500000000000004   0.23188405797101455 
55   0.05600000000000004   0.23188405797101455 
56   0.057000000000000044   0.23188405797101455 
57   0.058000000000000045   0.23188405797101455 
58   0.059000000000000045   0.23188405797101455 
59   0.059000000000000045   0.24637681159420297 
60   0.060000000000000046   0.26086956521739135 
61   0.06200000000000005   0.26086956521739135 
62   0.06300000000000004   0.26086956521739135 
63   0.06400000000000004   0.26086956521739135 
64   0.06500000000000004   0.26086956521739135 
65   0.06600000000000004   0.26086956521739135 
66   0.06700000000000005   0.26086956521739135 
67   0.06800000000000005   0.26086956521739135 
68   0.06900000000000005   0.26086956521739135 
69   0.07000000000000005   0.26086956521739135 
70   0.07100000000000005   0.26086956521739135 
71   0.07200000000000005   0.26086956521739135 
72   0.07300000000000005   0.26086956521739135 
73   0.07400000000000005   0.26086956521739135 
74   0.07500000000000005   0.26086956521739135 
75   0.07600000000000005   0.26086956521739135 
76   0.07700000000000005   0.26086956521739135 
77   0.07800000000000006   0.26086956521739135 
78   0.07900000000000006   0.26086956521739135 
79   0.08000000000000006   0.26086956521739135 
80   0.08100000000000006   0.26086956521739135 
81   0.08200000000000006   0.26086956521739135 
82   0.08300000000000006   0.26086956521739135 
83   0.08400000000000006   0.26086956521739135 
84   0.08500000000000006   0.26086956521739135 
85   0.08600000000000006   0.26086956521739135 
86   0.08700000000000006   0.26086956521739135 
87   0.08800000000000006   0.26086956521739135 
88   0.08900000000000007   0.26086956521739135 
89   0.08900000000000007   0.27536231884057977 
90   0.09000000000000007   0.2898550724637682 
91   0.09200000000000007   0.2898550724637682 
92   0.09300000000000007   0.2898550724637682 
93   0.09400000000000007   0.2898550724637682 
94   0.09500000000000007   0.2898550724637682 
95   0.09600000000000007   0.2898550724637682 
96   0.09700000000000007   0.2898550724637682 
97   0.09800000000000007   0.2898550724637682 
98   0.09900000000000007   0.2898550724637682 
99   0.10000000000000007   0.2898550724637682 
100   0.10100000000000008   0.2898550724637682 
101   0.10200000000000008   0.2898550724637682 
102   0.10300000000000008   0.2898550724637682 
103   0.10400000000000008   0.2898550724637682 
104   0.10500000000000008   0.2898550724637682 
105   0.10600000000000008   0.2898550724637682 
106   0.10700000000000008   0.2898550724637682 
107   0.10800000000000008   0.2898550724637682 
108   0.10900000000000008   0.2898550724637682 
109   0.11000000000000008   0.2898550724637682 
110   0.11100000000000008   0.2898550724637682 
111   0.11200000000000009   0.2898550724637682 
112   0.11300000000000009   0.2898550724637682 
113   0.11400000000000009   0.2898550724637682 
114   0.11500000000000009   0.2898550724637682 
115   0.11600000000000009   0.2898550724637682 
116   0.11700000000000009   0.2898550724637682 
117   0.11800000000000009   0.2898550724637682 
118   0.11800000000000009   0.3043478260869566 
119   0.12000000000000009   0.3043478260869566 
120   0.1210000000000001   0.3043478260869566 
121   0.1220000000000001   0.3043478260869566 
122   0.1230000000000001   0.3043478260869566 
123   0.1240000000000001   0.3043478260869566 
124   0.12500000000000008   0.3043478260869566 
125   0.12600000000000008   0.3043478260869566 
126   0.12700000000000009   0.3043478260869566 
127   0.12800000000000009   0.3043478260869566 
128   0.1290000000000001   0.3043478260869566 
129   0.1300000000000001   0.3043478260869566 
130   0.1310000000000001   0.3043478260869566 
131   0.1320000000000001   0.3043478260869566 
132   0.1330000000000001   0.3043478260869566 
133   0.1340000000000001   0.3043478260869566 
134   0.1350000000000001   0.3043478260869566 
135   0.1360000000000001   0.3043478260869566 
136   0.1370000000000001   0.3043478260869566 
137   0.1380000000000001   0.3043478260869566 
138   0.1390000000000001   0.3043478260869566 
139   0.1400000000000001   0.3043478260869566 
140   0.1410000000000001   0.3043478260869566 
141   0.1420000000000001   0.3043478260869566 
142   0.1430000000000001   0.3043478260869566 
143   0.1440000000000001   0.3043478260869566 
144   0.1450000000000001   0.3043478260869566 
145   0.1450000000000001   0.318840579710145 
146   0.1470000000000001   0.318840579710145 
147   0.1480000000000001   0.318840579710145 
148   0.1490000000000001   0.318840579710145 
149   0.1500000000000001   0.318840579710145 
150   0.1510000000000001   0.318840579710145 
151   0.1520000000000001   0.318840579710145 
152   0.1520000000000001   0.3333333333333334 
153   0.1540000000000001   0.3333333333333334 
154   0.1550000000000001   0.3333333333333334 
155   0.1560000000000001   0.3333333333333334 
156   0.1570000000000001   0.3333333333333334 
157   0.1580000000000001   0.3333333333333334 
158   0.1590000000000001   0.3333333333333334 
159   0.1590000000000001   0.34782608695652184 
160   0.16100000000000012   0.34782608695652184 
161   0.16200000000000012   0.34782608695652184 
162   0.16300000000000012   0.34782608695652184 
163   0.16400000000000012   0.34782608695652184 
164   0.16500000000000012   0.34782608695652184 
165   0.16600000000000012   0.34782608695652184 
166   0.16600000000000012   0.36231884057971026 
167   0.16800000000000012   0.36231884057971026 
168   0.16900000000000012   0.36231884057971026 
169   0.17000000000000012   0.36231884057971026 
170   0.17100000000000012   0.36231884057971026 
171   0.17200000000000013   0.36231884057971026 
172   0.17300000000000013   0.36231884057971026 
173   0.17300000000000013   0.37681159420289867 
174   0.17500000000000013   0.37681159420289867 
175   0.17600000000000013   0.37681159420289867 
176   0.17700000000000013   0.37681159420289867 
177   0.17800000000000013   0.37681159420289867 
178   0.17900000000000013   0.37681159420289867 
179   0.17900000000000013   0.3913043478260871 
180   0.18100000000000013   0.3913043478260871 
181   0.18200000000000013   0.3913043478260871 
182   0.18300000000000013   0.3913043478260871 
183   0.18400000000000014   0.3913043478260871 
184   0.18400000000000014   0.4057971014492755 
185   0.18500000000000014   0.4202898550724639 
186   0.18700000000000014   0.4202898550724639 
187   0.18800000000000014   0.4202898550724639 
188   0.18900000000000014   0.4202898550724639 
189   0.19000000000000014   0.4202898550724639 
190   0.19100000000000014   0.4202898550724639 
191   0.19200000000000014   0.4202898550724639 
192   0.19300000000000014   0.4202898550724639 
193   0.19400000000000014   0.4202898550724639 
194   0.19500000000000015   0.4202898550724639 
195   0.19600000000000015   0.4202898550724639 
196   0.19700000000000015   0.4202898550724639 
197   0.19800000000000015   0.4202898550724639 
198   0.19900000000000015   0.4202898550724639 
199   0.20000000000000015   0.4202898550724639 
200   0.20100000000000015   0.4202898550724639 
201   0.20200000000000015   0.4202898550724639 
202   0.20300000000000015   0.4202898550724639 
203   0.20400000000000015   0.4202898550724639 
204   0.20500000000000015   0.4202898550724639 
205   0.20600000000000016   0.4202898550724639 
206   0.20700000000000016   0.4202898550724639 
207   0.20800000000000016   0.4202898550724639 
208   0.20900000000000016   0.4202898550724639 
209   0.21000000000000016   0.4202898550724639 
210   0.21100000000000016   0.4202898550724639 
211   0.21200000000000016   0.4202898550724639 
212   0.21300000000000016   0.4202898550724639 
213   0.21300000000000016   0.43478260869565233 
214   0.21400000000000016   0.44927536231884074 
215   0.21600000000000016   0.44927536231884074 
216   0.21700000000000016   0.44927536231884074 
217   0.21800000000000017   0.44927536231884074 
218   0.21900000000000017   0.44927536231884074 
219   0.22000000000000017   0.44927536231884074 
220   0.22100000000000017   0.44927536231884074 
221   0.22200000000000017   0.44927536231884074 
222   0.22300000000000017   0.44927536231884074 
223   0.22400000000000017   0.44927536231884074 
224   0.22500000000000017   0.44927536231884074 
225   0.22600000000000017   0.44927536231884074 
226   0.22700000000000017   0.44927536231884074 
227   0.22800000000000017   0.44927536231884074 
228   0.22900000000000018   0.44927536231884074 
229   0.23000000000000018   0.44927536231884074 
230   0.23100000000000018   0.44927536231884074 
231   0.23200000000000018   0.44927536231884074 
232   0.23300000000000018   0.44927536231884074 
233   0.23400000000000018   0.44927536231884074 
234   0.23500000000000018   0.44927536231884074 
235   0.23600000000000018   0.44927536231884074 
236   0.23700000000000018   0.44927536231884074 
237   0.23800000000000018   0.44927536231884074 
238   0.23900000000000018   0.44927536231884074 
239   0.24000000000000019   0.44927536231884074 
240   0.2410000000000002   0.44927536231884074 
241   0.2420000000000002   0.44927536231884074 
242   0.2420000000000002   0.46376811594202916 
243   0.2430000000000002   0.4782608695652176 
244   0.2450000000000002   0.4782608695652176 
245   0.2460000000000002   0.4782608695652176 
246   0.2470000000000002   0.4782608695652176 
247   0.2480000000000002   0.4782608695652176 
248   0.2490000000000002   0.4782608695652176 
249   0.25000000000000017   0.4782608695652176 
250   0.25100000000000017   0.4782608695652176 
251   0.25200000000000017   0.4782608695652176 
252   0.25300000000000017   0.4782608695652176 
253   0.25400000000000017   0.4782608695652176 
254   0.25500000000000017   0.4782608695652176 
255   0.25600000000000017   0.4782608695652176 
256   0.2570000000000002   0.4782608695652176 
257   0.2580000000000002   0.4782608695652176 
258   0.2590000000000002   0.4782608695652176 
259   0.2600000000000002   0.4782608695652176 
260   0.2610000000000002   0.4782608695652176 
261   0.2620000000000002   0.4782608695652176 
262   0.2630000000000002   0.4782608695652176 
263   0.2640000000000002   0.4782608695652176 
264   0.2650000000000002   0.4782608695652176 
265   0.2660000000000002   0.4782608695652176 
266   0.2670000000000002   0.4782608695652176 
267   0.2680000000000002   0.4782608695652176 
268   0.2690000000000002   0.4782608695652176 
269   0.2700000000000002   0.4782608695652176 
270   0.2710000000000002   0.4782608695652176 
271   0.2710000000000002   0.492753623188406 
272   0.2720000000000002   0.5072463768115943 
273   0.2740000000000002   0.5072463768115943 
274   0.2750000000000002   0.5072463768115943 
275   0.2760000000000002   0.5072463768115943 
276   0.2770000000000002   0.5072463768115943 
277   0.2780000000000002   0.5072463768115943 
278   0.2790000000000002   0.5072463768115943 
279   0.2800000000000002   0.5072463768115943 
280   0.2810000000000002   0.5072463768115943 
281   0.2820000000000002   0.5072463768115943 
282   0.2830000000000002   0.5072463768115943 
283   0.2840000000000002   0.5072463768115943 
284   0.2850000000000002   0.5072463768115943 
285   0.2860000000000002   0.5072463768115943 
286   0.2870000000000002   0.5072463768115943 
287   0.2880000000000002   0.5072463768115943 
288   0.2890000000000002   0.5072463768115943 
289   0.2900000000000002   0.5072463768115943 
290   0.2910000000000002   0.5072463768115943 
291   0.2920000000000002   0.5072463768115943 
292   0.2930000000000002   0.5072463768115943 
293   0.2940000000000002   0.5072463768115943 
294   0.2950000000000002   0.5072463768115943 
295   0.2960000000000002   0.5072463768115943 
296   0.2970000000000002   0.5072463768115943 
297   0.2980000000000002   0.5072463768115943 
298   0.2990000000000002   0.5072463768115943 
299   0.3000000000000002   0.5072463768115943 
300   0.3000000000000002   0.5217391304347827 
301   0.3020000000000002   0.5217391304347827 
302   0.3030000000000002   0.5217391304347827 
303   0.3040000000000002   0.5217391304347827 
304   0.3050000000000002   0.5217391304347827 
305   0.3060000000000002   0.5217391304347827 
306   0.3070000000000002   0.5217391304347827 
307   0.3080000000000002   0.5217391304347827 
308   0.3090000000000002   0.5217391304347827 
309   0.3100000000000002   0.5217391304347827 
310   0.3110000000000002   0.5217391304347827 
311   0.3120000000000002   0.5217391304347827 
312   0.3130000000000002   0.5217391304347827 
313   0.3140000000000002   0.5217391304347827 
314   0.3150000000000002   0.5217391304347827 
315   0.3160000000000002   0.5217391304347827 
316   0.3170000000000002   0.5217391304347827 
317   0.3180000000000002   0.5217391304347827 
318   0.31900000000000023   0.5217391304347827 
319   0.32000000000000023   0.5217391304347827 
320   0.32100000000000023   0.5217391304347827 
321   0.32200000000000023   0.5217391304347827 
322   0.32300000000000023   0.5217391304347827 
323   0.32400000000000023   0.5217391304347827 
324   0.32500000000000023   0.5217391304347827 
325   0.32600000000000023   0.5217391304347827 
326   0.32700000000000023   0.5217391304347827 
327   0.32800000000000024   0.5217391304347827 
328   0.32800000000000024   0.5362318840579711 
329   0.33000000000000024   0.5362318840579711 
330   0.33100000000000024   0.5362318840579711 
331   0.33200000000000024   0.5362318840579711 
332   0.33300000000000024   0.5362318840579711 
333   0.33400000000000024   0.5362318840579711 
334   0.33500000000000024   0.5362318840579711 
335   0.33500000000000024   0.5507246376811594 
336   0.33700000000000024   0.5507246376811594 
337   0.33800000000000024   0.5507246376811594 
338   0.33900000000000025   0.5507246376811594 
339   0.34000000000000025   0.5507246376811594 
340   0.34100000000000025   0.5507246376811594 
341   0.34200000000000025   0.5507246376811594 
342   0.34200000000000025   0.5652173913043478 
343   0.34400000000000025   0.5652173913043478 
344   0.34500000000000025   0.5652173913043478 
345   0.34600000000000025   0.5652173913043478 
346   0.34700000000000025   0.5652173913043478 
347   0.34800000000000025   0.5652173913043478 
348   0.34900000000000025   0.5652173913043478 
349   0.34900000000000025   0.5797101449275361 
350   0.35100000000000026   0.5797101449275361 
351   0.35200000000000026   0.5797101449275361 
352   0.35300000000000026   0.5797101449275361 
353   0.35400000000000026   0.5797101449275361 
354   0.35500000000000026   0.5797101449275361 
355   0.35600000000000026   0.5797101449275361 
356   0.35600000000000026   0.5942028985507245 
357   0.35800000000000026   0.5942028985507245 
358   0.35900000000000026   0.5942028985507245 
359   0.36000000000000026   0.5942028985507245 
360   0.36100000000000027   0.5942028985507245 
361   0.36200000000000027   0.5942028985507245 
362   0.36200000000000027   0.6086956521739129 
363   0.36400000000000027   0.6086956521739129 
364   0.36500000000000027   0.6086956521739129 
365   0.36600000000000027   0.6086956521739129 
366   0.36600000000000027   0.6231884057971012 
367   0.36700000000000027   0.6376811594202896 
368   0.36900000000000027   0.6376811594202896 
369   0.3700000000000003   0.6376811594202896 
370   0.3710000000000003   0.6376811594202896 
371   0.3720000000000003   0.6376811594202896 
372   0.3730000000000003   0.6376811594202896 
373   0.3740000000000003   0.6376811594202896 
374   0.3750000000000003   0.6376811594202896 
375   0.3760000000000003   0.6376811594202896 
376   0.3770000000000003   0.6376811594202896 
377   0.3780000000000003   0.6376811594202896 
378   0.3790000000000003   0.6376811594202896 
379   0.3800000000000003   0.6376811594202896 
380   0.3810000000000003   0.6376811594202896 
381   0.3820000000000003   0.6376811594202896 
382   0.3830000000000003   0.6376811594202896 
383   0.3840000000000003   0.6376811594202896 
384   0.3850000000000003   0.6376811594202896 
385   0.3860000000000003   0.6376811594202896 
386   0.3870000000000003   0.6376811594202896 
387   0.3880000000000003   0.6376811594202896 
388   0.3890000000000003   0.6376811594202896 
389   0.3900000000000003   0.6376811594202896 
390   0.3910000000000003   0.6376811594202896 
391   0.3920000000000003   0.6376811594202896 
392   0.3930000000000003   0.6376811594202896 
393   0.3940000000000003   0.6376811594202896 
394   0.3950000000000003   0.6376811594202896 
395   0.3950000000000003   0.6521739130434779 
396   0.3960000000000003   0.6666666666666663 
397   0.3980000000000003   0.6666666666666663 
398   0.3990000000000003   0.6666666666666663 
399   0.4000000000000003   0.6666666666666663 
400   0.4010000000000003   0.6666666666666663 
401   0.4020000000000003   0.6666666666666663 
402   0.4030000000000003   0.6666666666666663 
403   0.4040000000000003   0.6666666666666663 
404   0.4050000000000003   0.6666666666666663 
405   0.4060000000000003   0.6666666666666663 
406   0.4070000000000003   0.6666666666666663 
407   0.4080000000000003   0.6666666666666663 
408   0.4090000000000003   0.6666666666666663 
409   0.4100000000000003   0.6666666666666663 
410   0.4110000000000003   0.6666666666666663 
411   0.4120000000000003   0.6666666666666663 
412   0.4130000000000003   0.6666666666666663 
413   0.4140000000000003   0.6666666666666663 
414   0.4150000000000003   0.6666666666666663 
415   0.4160000000000003   0.6666666666666663 
416   0.4170000000000003   0.6666666666666663 
417   0.4180000000000003   0.6666666666666663 
418   0.4190000000000003   0.6666666666666663 
419   0.4200000000000003   0.6666666666666663 
420   0.4210000000000003   0.6666666666666663 
421   0.4220000000000003   0.6666666666666663 
422   0.4230000000000003   0.6666666666666663 
423   0.4240000000000003   0.6666666666666663 
424   0.4250000000000003   0.6666666666666663 
425   0.4250000000000003   0.6811594202898547 
426   0.4260000000000003   0.695652173913043 
427   0.4280000000000003   0.695652173913043 
428   0.4290000000000003   0.695652173913043 
429   0.4300000000000003   0.695652173913043 
430   0.4310000000000003   0.695652173913043 
431   0.43200000000000033   0.695652173913043 
432   0.43300000000000033   0.695652173913043 
433   0.43400000000000033   0.695652173913043 
434   0.43500000000000033   0.695652173913043 
435   0.43600000000000033   0.695652173913043 
436   0.43700000000000033   0.695652173913043 
437   0.43800000000000033   0.695652173913043 
438   0.43900000000000033   0.695652173913043 
439   0.44000000000000034   0.695652173913043 
440   0.44100000000000034   0.695652173913043 
441   0.44200000000000034   0.695652173913043 
442   0.44300000000000034   0.695652173913043 
443   0.44400000000000034   0.695652173913043 
444   0.44500000000000034   0.695652173913043 
445   0.44600000000000034   0.695652173913043 
446   0.44700000000000034   0.695652173913043 
447   0.44800000000000034   0.695652173913043 
448   0.44900000000000034   0.695652173913043 
449   0.45000000000000034   0.695652173913043 
450   0.45100000000000035   0.695652173913043 
451   0.45200000000000035   0.695652173913043 
452   0.45300000000000035   0.695652173913043 
453   0.45400000000000035   0.695652173913043 
454   0.45400000000000035   0.7101449275362314 
455   0.45500000000000035   0.7246376811594197 
456   0.45700000000000035   0.7246376811594197 
457   0.45800000000000035   0.7246376811594197 
458   0.45900000000000035   0.7246376811594197 
459   0.46000000000000035   0.7246376811594197 
460   0.46100000000000035   0.7246376811594197 
461   0.46200000000000035   0.7246376811594197 
462   0.46300000000000036   0.7246376811594197 
463   0.46400000000000036   0.7246376811594197 
464   0.46500000000000036   0.7246376811594197 
465   0.46600000000000036   0.7246376811594197 
466   0.46700000000000036   0.7246376811594197 
467   0.46800000000000036   0.7246376811594197 
468   0.46900000000000036   0.7246376811594197 
469   0.47000000000000036   0.7246376811594197 
470   0.47100000000000036   0.7246376811594197 
471   0.47200000000000036   0.7246376811594197 
472   0.47300000000000036   0.7246376811594197 
473   0.47400000000000037   0.7246376811594197 
474   0.47500000000000037   0.7246376811594197 
475   0.47600000000000037   0.7246376811594197 
476   0.47700000000000037   0.7246376811594197 
477   0.47800000000000037   0.7246376811594197 
478   0.47900000000000037   0.7246376811594197 
479   0.48000000000000037   0.7246376811594197 
480   0.48100000000000037   0.7246376811594197 
481   0.4820000000000004   0.7246376811594197 
482   0.4830000000000004   0.7246376811594197 
483   0.4830000000000004   0.7391304347826081 
484   0.4850000000000004   0.7391304347826081 
485   0.4860000000000004   0.7391304347826081 
486   0.4870000000000004   0.7391304347826081 
487   0.4880000000000004   0.7391304347826081 
488   0.4890000000000004   0.7391304347826081 
489   0.4900000000000004   0.7391304347826081 
490   0.4910000000000004   0.7391304347826081 
491   0.4920000000000004   0.7391304347826081 
492   0.4930000000000004   0.7391304347826081 
493   0.4940000000000004   0.7391304347826081 
494   0.4950000000000004   0.7391304347826081 
495   0.4960000000000004   0.7391304347826081 
496   0.4970000000000004   0.7391304347826081 
497   0.4980000000000004   0.7391304347826081 
498   0.4990000000000004   0.7391304347826081 
499   0.5000000000000003   0.7391304347826081 
500   0.5010000000000003   0.7391304347826081 
501   0.5020000000000003   0.7391304347826081 
502   0.5030000000000003   0.7391304347826081 
503   0.5040000000000003   0.7391304347826081 
504   0.5050000000000003   0.7391304347826081 
505   0.5060000000000003   0.7391304347826081 
506   0.5070000000000003   0.7391304347826081 
507   0.5080000000000003   0.7391304347826081 
508   0.5090000000000003   0.7391304347826081 
509   0.5100000000000003   0.7391304347826081 
510   0.5110000000000003   0.7391304347826081 
511   0.5110000000000003   0.7536231884057965 
512   0.5130000000000003   0.7536231884057965 
513   0.5140000000000003   0.7536231884057965 
514   0.5150000000000003   0.7536231884057965 
515   0.5160000000000003   0.7536231884057965 
516   0.5160000000000003   0.7681159420289848 
517   0.5180000000000003   0.7681159420289848 
518   0.5190000000000003   0.7681159420289848 
519   0.5200000000000004   0.7681159420289848 
520   0.5210000000000004   0.7681159420289848 
521   0.5220000000000004   0.7681159420289848 
522   0.5230000000000004   0.7681159420289848 
523   0.5240000000000004   0.7681159420289848 
524   0.5240000000000004   0.7826086956521732 
525   0.5260000000000004   0.7826086956521732 
526   0.5270000000000004   0.7826086956521732 
527   0.5280000000000004   0.7826086956521732 
528   0.5290000000000004   0.7826086956521732 
529   0.5290000000000004   0.7971014492753615 
530   0.5310000000000004   0.7971014492753615 
531   0.5320000000000004   0.7971014492753615 
532   0.5330000000000004   0.7971014492753615 
533   0.5340000000000004   0.7971014492753615 
534   0.5350000000000004   0.7971014492753615 
535   0.5360000000000004   0.7971014492753615 
536   0.5360000000000004   0.8115942028985499 
537   0.5380000000000004   0.8115942028985499 
538   0.5390000000000004   0.8115942028985499 
539   0.5400000000000004   0.8115942028985499 
540   0.5410000000000004   0.8115942028985499 
541   0.5420000000000004   0.8115942028985499 
542   0.5430000000000004   0.8115942028985499 
543   0.5430000000000004   0.8260869565217382 
544   0.5450000000000004   0.8260869565217382 
545   0.5460000000000004   0.8260869565217382 
546   0.5470000000000004   0.8260869565217382 
547   0.5480000000000004   0.8260869565217382 
548   0.5490000000000004   0.8260869565217382 
549   0.5490000000000004   0.8405797101449266 
550   0.5500000000000004   0.855072463768115 
551   0.5520000000000004   0.855072463768115 
552   0.5530000000000004   0.855072463768115 
553   0.5540000000000004   0.855072463768115 
554   0.5550000000000004   0.855072463768115 
555   0.5560000000000004   0.855072463768115 
556   0.5570000000000004   0.855072463768115 
557   0.5580000000000004   0.855072463768115 
558   0.5590000000000004   0.855072463768115 
559   0.5600000000000004   0.855072463768115 
560   0.5610000000000004   0.855072463768115 
561   0.5620000000000004   0.855072463768115 
562   0.5630000000000004   0.855072463768115 
563   0.5640000000000004   0.855072463768115 
564   0.5650000000000004   0.855072463768115 
565   0.5660000000000004   0.855072463768115 
566   0.5670000000000004   0.855072463768115 
567   0.5680000000000004   0.855072463768115 
568   0.5690000000000004   0.855072463768115 
569   0.5700000000000004   0.855072463768115 
570   0.5710000000000004   0.855072463768115 
571   0.5720000000000004   0.855072463768115 
572   0.5730000000000004   0.855072463768115 
573   0.5740000000000004   0.855072463768115 
574   0.5750000000000004   0.855072463768115 
575   0.5760000000000004   0.855072463768115 
576   0.5770000000000004   0.855072463768115 
577   0.5780000000000004   0.855072463768115 
578   0.5780000000000004   0.8695652173913033 
579   0.5790000000000004   0.8840579710144917 
580   0.5810000000000004   0.8840579710144917 
581   0.5820000000000004   0.8840579710144917 
582   0.5830000000000004   0.8840579710144917 
583   0.5840000000000004   0.8840579710144917 
584   0.5850000000000004   0.8840579710144917 
585   0.5860000000000004   0.8840579710144917 
586   0.5870000000000004   0.8840579710144917 
587   0.5880000000000004   0.8840579710144917 
588   0.5890000000000004   0.8840579710144917 
589   0.5900000000000004   0.8840579710144917 
590   0.5910000000000004   0.8840579710144917 
591   0.5920000000000004   0.8840579710144917 
592   0.5930000000000004   0.8840579710144917 
593   0.5940000000000004   0.8840579710144917 
594   0.5950000000000004   0.8840579710144917 
595   0.5960000000000004   0.8840579710144917 
596   0.5970000000000004   0.8840579710144917 
597   0.5980000000000004   0.8840579710144917 
598   0.5990000000000004   0.8840579710144917 
599   0.6000000000000004   0.8840579710144917 
600   0.6010000000000004   0.8840579710144917 
601   0.6020000000000004   0.8840579710144917 
602   0.6030000000000004   0.8840579710144917 
603   0.6040000000000004   0.8840579710144917 
604   0.6050000000000004   0.8840579710144917 
605   0.6060000000000004   0.8840579710144917 
606   0.6070000000000004   0.8840579710144917 
607   0.6070000000000004   0.89855072463768 
608   0.6080000000000004   0.9130434782608684 
609   0.6100000000000004   0.9130434782608684 
610   0.6110000000000004   0.9130434782608684 
611   0.6120000000000004   0.9130434782608684 
612   0.6130000000000004   0.9130434782608684 
613   0.6140000000000004   0.9130434782608684 
614   0.6150000000000004   0.9130434782608684 
615   0.6160000000000004   0.9130434782608684 
616   0.6170000000000004   0.9130434782608684 
617   0.6180000000000004   0.9130434782608684 
618   0.6190000000000004   0.9130434782608684 
619   0.6200000000000004   0.9130434782608684 
620   0.6210000000000004   0.9130434782608684 
621   0.6220000000000004   0.9130434782608684 
622   0.6230000000000004   0.9130434782608684 
623   0.6240000000000004   0.9130434782608684 
624   0.6250000000000004   0.9130434782608684 
625   0.6260000000000004   0.9130434782608684 
626   0.6270000000000004   0.9130434782608684 
627   0.6280000000000004   0.9130434782608684 
628   0.6290000000000004   0.9130434782608684 
629   0.6300000000000004   0.9130434782608684 
630   0.6310000000000004   0.9130434782608684 
631   0.6320000000000005   0.9130434782608684 
632   0.6330000000000005   0.9130434782608684 
633   0.6340000000000005   0.9130434782608684 
634   0.6350000000000005   0.9130434782608684 
635   0.6360000000000005   0.9130434782608684 
636   0.6360000000000005   0.9275362318840568 
637   0.6370000000000005   0.9420289855072451 
638   0.6390000000000005   0.9420289855072451 
639   0.6400000000000005   0.9420289855072451 
640   0.6410000000000005   0.9420289855072451 
641   0.6420000000000005   0.9420289855072451 
642   0.6430000000000005   0.9420289855072451 
643   0.6440000000000005   0.9420289855072451 
644   0.6450000000000005   0.9420289855072451 
645   0.6460000000000005   0.9420289855072451 
646   0.6470000000000005   0.9420289855072451 
647   0.6480000000000005   0.9420289855072451 
648   0.6490000000000005   0.9420289855072451 
649   0.6500000000000005   0.9420289855072451 
650   0.6510000000000005   0.9420289855072451 
651   0.6520000000000005   0.9420289855072451 
652   0.6530000000000005   0.9420289855072451 
653   0.6540000000000005   0.9420289855072451 
654   0.6550000000000005   0.9420289855072451 
655   0.6560000000000005   0.9420289855072451 
656   0.6570000000000005   0.9420289855072451 
657   0.6580000000000005   0.9420289855072451 
658   0.6590000000000005   0.9420289855072451 
659   0.6600000000000005   0.9420289855072451 
660   0.6610000000000005   0.9420289855072451 
661   0.6620000000000005   0.9420289855072451 
662   0.6630000000000005   0.9420289855072451 
663   0.6640000000000005   0.9420289855072451 
664   0.6650000000000005   0.9420289855072451 
665   0.6650000000000005   0.9565217391304335 
666   0.6670000000000005   0.9565217391304335 
667   0.6680000000000005   0.9565217391304335 
668   0.6690000000000005   0.9565217391304335 
669   0.6700000000000005   0.9565217391304335 
670   0.6710000000000005   0.9565217391304335 
671   0.6720000000000005   0.9565217391304335 
672   0.6730000000000005   0.9565217391304335 
673   0.6740000000000005   0.9565217391304335 
674   0.6750000000000005   0.9565217391304335 
675   0.6760000000000005   0.9565217391304335 
676   0.6770000000000005   0.9565217391304335 
677   0.6780000000000005   0.9565217391304335 
678   0.6790000000000005   0.9565217391304335 
679   0.6800000000000005   0.9565217391304335 
680   0.6810000000000005   0.9565217391304335 
681   0.6820000000000005   0.9565217391304335 
682   0.6830000000000005   0.9565217391304335 
683   0.6840000000000005   0.9565217391304335 
684   0.6850000000000005   0.9565217391304335 
685   0.6860000000000005   0.9565217391304335 
686   0.6870000000000005   0.9565217391304335 
687   0.6880000000000005   0.9565217391304335 
688   0.6890000000000005   0.9565217391304335 
689   0.6900000000000005   0.9565217391304335 
690   0.6910000000000005   0.9565217391304335 
691   0.6920000000000005   0.9565217391304335 
692   0.6930000000000005   0.9565217391304335 
693   0.6940000000000005   0.9565217391304335 
694   0.6950000000000005   0.9565217391304335 
695   0.6960000000000005   0.9565217391304335 
696   0.6970000000000005   0.9565217391304335 
697   0.6970000000000005   0.9710144927536218 
698   0.6980000000000005   0.9855072463768102 
699   0.6990000000000005   0.9999999999999986 
700   0.7010000000000005   0.9999999999999986 
701   0.7020000000000005   0.9999999999999986 
702   0.7030000000000005   0.9999999999999986 
703   0.7040000000000005   0.9999999999999986 
704   0.7050000000000005   0.9999999999999986 
705   0.7060000000000005   0.9999999999999986 
706   0.7070000000000005   0.9999999999999986 
707   0.7080000000000005   0.9999999999999986 
708   0.7090000000000005   0.9999999999999986 
709   0.7100000000000005   0.9999999999999986 
710   0.7110000000000005   0.9999999999999986 
711   0.7120000000000005   0.9999999999999986 
712   0.7130000000000005   0.9999999999999986 
713   0.7140000000000005   0.9999999999999986 
714   0.7150000000000005   0.9999999999999986 
715   0.7160000000000005   0.9999999999999986 
716   0.7170000000000005   0.9999999999999986 
717   0.7180000000000005   0.9999999999999986 
718   0.7190000000000005   0.9999999999999986 
719   0.7200000000000005   0.9999999999999986 
720   0.7210000000000005   0.9999999999999986 
721   0.7220000000000005   0.9999999999999986 
722   0.7230000000000005   0.9999999999999986 
723   0.7240000000000005   0.9999999999999986 
724   0.7250000000000005   0.9999999999999986 
725   0.7260000000000005   0.9999999999999986 
726   0.7270000000000005   0.9999999999999986 
727   0.7280000000000005   0.9999999999999986 
728   0.7290000000000005   0.9999999999999986 
729   0.7300000000000005   0.9999999999999986 
730   0.7310000000000005   0.9999999999999986 
731   0.7320000000000005   0.9999999999999986 
732   0.7330000000000005   0.9999999999999986 
733   0.7340000000000005   0.9999999999999986 
734   0.7350000000000005   0.9999999999999986 
735   0.7360000000000005   0.9999999999999986 
736   0.7370000000000005   0.9999999999999986 
737   0.7380000000000005   0.9999999999999986 
738   0.7390000000000005   0.9999999999999986 
739   0.7400000000000005   0.9999999999999986 
740   0.7410000000000005   0.9999999999999986 
741   0.7420000000000005   0.9999999999999986 
742   0.7430000000000005   0.9999999999999986 
743   0.7440000000000005   0.9999999999999986 
744   0.7450000000000006   0.9999999999999986 
745   0.7460000000000006   0.9999999999999986 
746   0.7470000000000006   0.9999999999999986 
747   0.7480000000000006   0.9999999999999986 
748   0.7490000000000006   0.9999999999999986 
749   0.7500000000000006   0.9999999999999986 
750   0.7510000000000006   0.9999999999999986 
751   0.7520000000000006   0.9999999999999986 
752   0.7530000000000006   0.9999999999999986 
753   0.7540000000000006   0.9999999999999986 
754   0.7550000000000006   0.9999999999999986 
755   0.7560000000000006   0.9999999999999986 
756   0.7570000000000006   0.9999999999999986 
757   0.7580000000000006   0.9999999999999986 
758   0.7590000000000006   0.9999999999999986 
759   0.7600000000000006   0.9999999999999986 
760   0.7610000000000006   0.9999999999999986 
761   0.7620000000000006   0.9999999999999986 
762   0.7630000000000006   0.9999999999999986 
763   0.7640000000000006   0.9999999999999986 
764   0.7650000000000006   0.9999999999999986 
765   0.7660000000000006   0.9999999999999986 
766   0.7670000000000006   0.9999999999999986 
767   0.7680000000000006   0.9999999999999986 
768   0.7690000000000006   0.9999999999999986 
769   0.7700000000000006   0.9999999999999986 
770   0.7710000000000006   0.9999999999999986 
771   0.7720000000000006   0.9999999999999986 
772   0.7730000000000006   0.9999999999999986 
773   0.7740000000000006   0.9999999999999986 
774   0.7750000000000006   0.9999999999999986 
775   0.7760000000000006   0.9999999999999986 
776   0.7770000000000006   0.9999999999999986 
777   0.7780000000000006   0.9999999999999986 
778   0.7790000000000006   0.9999999999999986 
779   0.7800000000000006   0.9999999999999986 
780   0.7810000000000006   0.9999999999999986 
781   0.7820000000000006   0.9999999999999986 
782   0.7830000000000006   0.9999999999999986 
783   0.7840000000000006   0.9999999999999986 
784   0.7850000000000006   0.9999999999999986 
785   0.7860000000000006   0.9999999999999986 
786   0.7870000000000006   0.9999999999999986 
787   0.7880000000000006   0.9999999999999986 
788   0.7890000000000006   0.9999999999999986 
789   0.7900000000000006   0.9999999999999986 
790   0.7910000000000006   0.9999999999999986 
791   0.7920000000000006   0.9999999999999986 
792   0.7930000000000006   0.9999999999999986 
793   0.7940000000000006   0.9999999999999986 
794   0.7950000000000006   0.9999999999999986 
795   0.7960000000000006   0.9999999999999986 
796   0.7970000000000006   0.9999999999999986 
797   0.7980000000000006   0.9999999999999986 
798   0.7990000000000006   0.9999999999999986 
799   0.8000000000000006   0.9999999999999986 
800   0.8010000000000006   0.9999999999999986 
801   0.8020000000000006   0.9999999999999986 
802   0.8030000000000006   0.9999999999999986 
803   0.8040000000000006   0.9999999999999986 
804   0.8050000000000006   0.9999999999999986 
805   0.8060000000000006   0.9999999999999986 
806   0.8070000000000006   0.9999999999999986 
807   0.8080000000000006   0.9999999999999986 
808   0.8090000000000006   0.9999999999999986 
809   0.8100000000000006   0.9999999999999986 
810   0.8110000000000006   0.9999999999999986 
811   0.8120000000000006   0.9999999999999986 
812   0.8130000000000006   0.9999999999999986 
813   0.8140000000000006   0.9999999999999986 
814   0.8150000000000006   0.9999999999999986 
815   0.8160000000000006   0.9999999999999986 
816   0.8170000000000006   0.9999999999999986 
817   0.8180000000000006   0.9999999999999986 
818   0.8190000000000006   0.9999999999999986 
819   0.8200000000000006   0.9999999999999986 
820   0.8210000000000006   0.9999999999999986 
821   0.8220000000000006   0.9999999999999986 
822   0.8230000000000006   0.9999999999999986 
823   0.8240000000000006   0.9999999999999986 
824   0.8250000000000006   0.9999999999999986 
825   0.8260000000000006   0.9999999999999986 
826   0.8270000000000006   0.9999999999999986 
827   0.8280000000000006   0.9999999999999986 
828   0.8290000000000006   0.9999999999999986 
829   0.8300000000000006   0.9999999999999986 
830   0.8310000000000006   0.9999999999999986 
831   0.8320000000000006   0.9999999999999986 
832   0.8330000000000006   0.9999999999999986 
833   0.8340000000000006   0.9999999999999986 
834   0.8350000000000006   0.9999999999999986 
835   0.8360000000000006   0.9999999999999986 
836   0.8370000000000006   0.9999999999999986 
837   0.8380000000000006   0.9999999999999986 
838   0.8390000000000006   0.9999999999999986 
839   0.8400000000000006   0.9999999999999986 
840   0.8410000000000006   0.9999999999999986 
841   0.8420000000000006   0.9999999999999986 
842   0.8430000000000006   0.9999999999999986 
843   0.8440000000000006   0.9999999999999986 
844   0.8450000000000006   0.9999999999999986 
845   0.8460000000000006   0.9999999999999986 
846   0.8470000000000006   0.9999999999999986 
847   0.8480000000000006   0.9999999999999986 
848   0.8490000000000006   0.9999999999999986 
849   0.8500000000000006   0.9999999999999986 
850   0.8510000000000006   0.9999999999999986 
851   0.8520000000000006   0.9999999999999986 
852   0.8530000000000006   0.9999999999999986 
853   0.8540000000000006   0.9999999999999986 
854   0.8550000000000006   0.9999999999999986 
855   0.8560000000000006   0.9999999999999986 
856   0.8570000000000007   0.9999999999999986 
857   0.8580000000000007   0.9999999999999986 
858   0.8590000000000007   0.9999999999999986 
859   0.8600000000000007   0.9999999999999986 
860   0.8610000000000007   0.9999999999999986 
861   0.8620000000000007   0.9999999999999986 
862   0.8630000000000007   0.9999999999999986 
863   0.8640000000000007   0.9999999999999986 
864   0.8650000000000007   0.9999999999999986 
865   0.8660000000000007   0.9999999999999986 
866   0.8670000000000007   0.9999999999999986 
867   0.8680000000000007   0.9999999999999986 
868   0.8690000000000007   0.9999999999999986 
869   0.8700000000000007   0.9999999999999986 
870   0.8710000000000007   0.9999999999999986 
871   0.8720000000000007   0.9999999999999986 
872   0.8730000000000007   0.9999999999999986 
873   0.8740000000000007   0.9999999999999986 
874   0.8750000000000007   0.9999999999999986 
875   0.8760000000000007   0.9999999999999986 
876   0.8770000000000007   0.9999999999999986 
877   0.8780000000000007   0.9999999999999986 
878   0.8790000000000007   0.9999999999999986 
879   0.8800000000000007   0.9999999999999986 
880   0.8810000000000007   0.9999999999999986 
881   0.8820000000000007   0.9999999999999986 
882   0.8830000000000007   0.9999999999999986 
883   0.8840000000000007   0.9999999999999986 
884   0.8850000000000007   0.9999999999999986 
885   0.8860000000000007   0.9999999999999986 
886   0.8870000000000007   0.9999999999999986 
887   0.8880000000000007   0.9999999999999986 
888   0.8890000000000007   0.9999999999999986 
889   0.8900000000000007   0.9999999999999986 
890   0.8910000000000007   0.9999999999999986 
891   0.8920000000000007   0.9999999999999986 
892   0.8930000000000007   0.9999999999999986 
893   0.8940000000000007   0.9999999999999986 
894   0.8950000000000007   0.9999999999999986 
895   0.8960000000000007   0.9999999999999986 
896   0.8970000000000007   0.9999999999999986 
897   0.8980000000000007   0.9999999999999986 
898   0.8990000000000007   0.9999999999999986 
899   0.9000000000000007   0.9999999999999986 
900   0.9010000000000007   0.9999999999999986 
901   0.9020000000000007   0.9999999999999986 
902   0.9030000000000007   0.9999999999999986 
903   0.9040000000000007   0.9999999999999986 
904   0.9050000000000007   0.9999999999999986 
905   0.9060000000000007   0.9999999999999986 
906   0.9070000000000007   0.9999999999999986 
907   0.9080000000000007   0.9999999999999986 
908   0.9090000000000007   0.9999999999999986 
909   0.9100000000000007   0.9999999999999986 
910   0.9110000000000007   0.9999999999999986 
911   0.9120000000000007   0.9999999999999986 
912   0.9130000000000007   0.9999999999999986 
913   0.9140000000000007   0.9999999999999986 
914   0.9150000000000007   0.9999999999999986 
915   0.9160000000000007   0.9999999999999986 
916   0.9170000000000007   0.9999999999999986 
917   0.9180000000000007   0.9999999999999986 
918   0.9190000000000007   0.9999999999999986 
919   0.9200000000000007   0.9999999999999986 
920   0.9210000000000007   0.9999999999999986 
921   0.9220000000000007   0.9999999999999986 
922   0.9230000000000007   0.9999999999999986 
923   0.9240000000000007   0.9999999999999986 
924   0.9250000000000007   0.9999999999999986 
925   0.9260000000000007   0.9999999999999986 
926   0.9270000000000007   0.9999999999999986 
927   0.9280000000000007   0.9999999999999986 
928   0.9290000000000007   0.9999999999999986 
929   0.9300000000000007   0.9999999999999986 
930   0.9310000000000007   0.9999999999999986 
931   0.9320000000000007   0.9999999999999986 
932   0.9330000000000007   0.9999999999999986 
933   0.9340000000000007   0.9999999999999986 
934   0.9350000000000007   0.9999999999999986 
935   0.9360000000000007   0.9999999999999986 
936   0.9370000000000007   0.9999999999999986 
937   0.9380000000000007   0.9999999999999986 
938   0.9390000000000007   0.9999999999999986 
939   0.9400000000000007   0.9999999999999986 
940   0.9410000000000007   0.9999999999999986 
941   0.9420000000000007   0.9999999999999986 
942   0.9430000000000007   0.9999999999999986 
943   0.9440000000000007   0.9999999999999986 
944   0.9450000000000007   0.9999999999999986 
945   0.9460000000000007   0.9999999999999986 
946   0.9470000000000007   0.9999999999999986 
947   0.9480000000000007   0.9999999999999986 
948   0.9490000000000007   0.9999999999999986 
949   0.9500000000000007   0.9999999999999986 
950   0.9510000000000007   0.9999999999999986 
951   0.9520000000000007   0.9999999999999986 
952   0.9530000000000007   0.9999999999999986 
953   0.9540000000000007   0.9999999999999986 
954   0.9550000000000007   0.9999999999999986 
955   0.9560000000000007   0.9999999999999986 
956   0.9570000000000007   0.9999999999999986 
957   0.9580000000000007   0.9999999999999986 
958   0.9590000000000007   0.9999999999999986 
959   0.9600000000000007   0.9999999999999986 
960   0.9610000000000007   0.9999999999999986 
961   0.9620000000000007   0.9999999999999986 
962   0.9630000000000007   0.9999999999999986 
963   0.9640000000000007   0.9999999999999986 
964   0.9650000000000007   0.9999999999999986 
965   0.9660000000000007   0.9999999999999986 
966   0.9670000000000007   0.9999999999999986 
967   0.9680000000000007   0.9999999999999986 
968   0.9690000000000007   0.9999999999999986 
969   0.9700000000000008   0.9999999999999986 
970   0.9710000000000008   0.9999999999999986 
971   0.9720000000000008   0.9999999999999986 
972   0.9730000000000008   0.9999999999999986 
973   0.9740000000000008   0.9999999999999986 
974   0.9750000000000008   0.9999999999999986 
975   0.9760000000000008   0.9999999999999986 
976   0.9770000000000008   0.9999999999999986 
977   0.9780000000000008   0.9999999999999986 
978   0.9790000000000008   0.9999999999999986 
979   0.9800000000000008   0.9999999999999986 
980   0.9810000000000008   0.9999999999999986 
981   0.9820000000000008   0.9999999999999986 
982   0.9830000000000008   0.9999999999999986 
983   0.9840000000000008   0.9999999999999986 
984   0.9850000000000008   0.9999999999999986 
985   0.9860000000000008   0.9999999999999986 
986   0.9870000000000008   0.9999999999999986 
987   0.9880000000000008   0.9999999999999986 
988   0.9890000000000008   0.9999999999999986 
989   0.9900000000000008   0.9999999999999986 
990   0.9910000000000008   0.9999999999999986 
991   0.9920000000000008   0.9999999999999986 
992   0.9930000000000008   0.9999999999999986 
993   0.9940000000000008   0.9999999999999986 
994   0.9950000000000008   0.9999999999999986 
995   0.9960000000000008   0.9999999999999986 
996   0.9970000000000008   0.9999999999999986 
997   0.9980000000000008   0.9999999999999986 
998   0.9990000000000008   0.9999999999999986 
999   1.0000000000000007   0.9999999999999986 
