0   0.001   0 
1   0.002   0 
2   0.002   0.08333333333333333 
3   0.004   0.08333333333333333 
4   0.004   0.125 
5   0.006   0.125 
6   0.007   0.125 
7   0.008   0.125 
8   0.008   0.16666666666666666 
9   0.010000000000000002   0.16666666666666666 
10   0.011000000000000003   0.16666666666666666 
11   0.012000000000000004   0.16666666666666666 
12   0.013000000000000005   0.16666666666666666 
13   0.014000000000000005   0.16666666666666666 
14   0.014000000000000005   0.20833333333333331 
15   0.016000000000000007   0.20833333333333331 
16   0.017000000000000008   0.20833333333333331 
17   0.01800000000000001   0.20833333333333331 
18   0.01900000000000001   0.20833333333333331 
19   0.01900000000000001   0.24999999999999997 
20   0.02100000000000001   0.24999999999999997 
21   0.022000000000000013   0.24999999999999997 
22   0.023000000000000013   0.24999999999999997 
23   0.024000000000000014   0.24999999999999997 
24   0.025000000000000015   0.24999999999999997 
25   0.026000000000000016   0.24999999999999997 
26   0.027000000000000017   0.24999999999999997 
27   0.028000000000000018   0.24999999999999997 
28   0.02900000000000002   0.24999999999999997 
29   0.03000000000000002   0.24999999999999997 
30   0.03100000000000002   0.24999999999999997 
31   0.03200000000000002   0.24999999999999997 
32   0.03300000000000002   0.24999999999999997 
33   0.03400000000000002   0.24999999999999997 
34   0.035000000000000024   0.24999999999999997 
35   0.036000000000000025   0.24999999999999997 
36   0.037000000000000026   0.24999999999999997 
37   0.03800000000000003   0.24999999999999997 
38   0.03900000000000003   0.24999999999999997 
39   0.04000000000000003   0.24999999999999997 
40   0.04100000000000003   0.24999999999999997 
41   0.04200000000000003   0.24999999999999997 
42   0.04300000000000003   0.24999999999999997 
43   0.04400000000000003   0.24999999999999997 
44   0.04500000000000003   0.24999999999999997 
45   0.046000000000000034   0.24999999999999997 
46   0.047000000000000035   0.24999999999999997 
47   0.048000000000000036   0.24999999999999997 
48   0.04900000000000004   0.24999999999999997 
49   0.05000000000000004   0.24999999999999997 
50   0.05100000000000004   0.24999999999999997 
51   0.05200000000000004   0.24999999999999997 
52   0.05300000000000004   0.24999999999999997 
53   0.05400000000000004   0.24999999999999997 
54   0.05500000000000004   0.24999999999999997 
55   0.05600000000000004   0.24999999999999997 
56   0.057000000000000044   0.24999999999999997 
57   0.058000000000000045   0.24999999999999997 
58   0.059000000000000045   0.24999999999999997 
59   0.060000000000000046   0.24999999999999997 
60   0.06100000000000005   0.24999999999999997 
61   0.06200000000000005   0.24999999999999997 
62   0.06300000000000004   0.24999999999999997 
63   0.06400000000000004   0.24999999999999997 
64   0.06500000000000004   0.24999999999999997 
65   0.06600000000000004   0.24999999999999997 
66   0.06700000000000005   0.24999999999999997 
67   0.06800000000000005   0.24999999999999997 
68   0.06900000000000005   0.24999999999999997 
69   0.07000000000000005   0.24999999999999997 
70   0.07100000000000005   0.24999999999999997 
71   0.07200000000000005   0.24999999999999997 
72   0.07300000000000005   0.24999999999999997 
73   0.07400000000000005   0.24999999999999997 
74   0.07500000000000005   0.24999999999999997 
75   0.07600000000000005   0.24999999999999997 
76   0.07700000000000005   0.24999999999999997 
77   0.07800000000000006   0.24999999999999997 
78   0.07900000000000006   0.24999999999999997 
79   0.08000000000000006   0.24999999999999997 
80   0.08100000000000006   0.24999999999999997 
81   0.08200000000000006   0.24999999999999997 
82   0.08300000000000006   0.24999999999999997 
83   0.08400000000000006   0.24999999999999997 
84   0.08500000000000006   0.24999999999999997 
85   0.08600000000000006   0.24999999999999997 
86   0.08700000000000006   0.24999999999999997 
87   0.08800000000000006   0.24999999999999997 
88   0.08900000000000007   0.24999999999999997 
89   0.09000000000000007   0.24999999999999997 
90   0.09100000000000007   0.24999999999999997 
91   0.09200000000000007   0.24999999999999997 
92   0.09300000000000007   0.24999999999999997 
93   0.09400000000000007   0.24999999999999997 
94   0.09500000000000007   0.24999999999999997 
95   0.09600000000000007   0.24999999999999997 
96   0.09700000000000007   0.24999999999999997 
97   0.09800000000000007   0.24999999999999997 
98   0.09900000000000007   0.24999999999999997 
99   0.10000000000000007   0.24999999999999997 
100   0.10100000000000008   0.24999999999999997 
101   0.10200000000000008   0.24999999999999997 
102   0.10300000000000008   0.24999999999999997 
103   0.10400000000000008   0.24999999999999997 
104   0.10500000000000008   0.24999999999999997 
105   0.10600000000000008   0.24999999999999997 
106   0.10700000000000008   0.24999999999999997 
107   0.10800000000000008   0.24999999999999997 
108   0.10900000000000008   0.24999999999999997 
109   0.11000000000000008   0.24999999999999997 
110   0.11100000000000008   0.24999999999999997 
111   0.11200000000000009   0.24999999999999997 
112   0.11300000000000009   0.24999999999999997 
113   0.11400000000000009   0.24999999999999997 
114   0.11500000000000009   0.24999999999999997 
115   0.11600000000000009   0.24999999999999997 
116   0.11700000000000009   0.24999999999999997 
117   0.11800000000000009   0.24999999999999997 
118   0.11900000000000009   0.24999999999999997 
119   0.12000000000000009   0.24999999999999997 
120   0.1210000000000001   0.24999999999999997 
121   0.1220000000000001   0.24999999999999997 
122   0.1230000000000001   0.24999999999999997 
123   0.1240000000000001   0.24999999999999997 
124   0.12500000000000008   0.24999999999999997 
125   0.12600000000000008   0.24999999999999997 
126   0.12700000000000009   0.24999999999999997 
127   0.12800000000000009   0.24999999999999997 
128   0.1290000000000001   0.24999999999999997 
129   0.1300000000000001   0.24999999999999997 
130   0.1310000000000001   0.24999999999999997 
131   0.1320000000000001   0.24999999999999997 
132   0.1330000000000001   0.24999999999999997 
133   0.1340000000000001   0.24999999999999997 
134   0.1350000000000001   0.24999999999999997 
135   0.1360000000000001   0.24999999999999997 
136   0.1370000000000001   0.24999999999999997 
137   0.1380000000000001   0.24999999999999997 
138   0.1390000000000001   0.24999999999999997 
139   0.1400000000000001   0.24999999999999997 
140   0.1410000000000001   0.24999999999999997 
141   0.1420000000000001   0.24999999999999997 
142   0.1430000000000001   0.24999999999999997 
143   0.1440000000000001   0.24999999999999997 
144   0.1450000000000001   0.24999999999999997 
145   0.1450000000000001   0.29166666666666663 
146   0.1470000000000001   0.29166666666666663 
147   0.1480000000000001   0.29166666666666663 
148   0.1490000000000001   0.29166666666666663 
149   0.1500000000000001   0.29166666666666663 
150   0.1510000000000001   0.29166666666666663 
151   0.1520000000000001   0.29166666666666663 
152   0.1520000000000001   0.3333333333333333 
153   0.1540000000000001   0.3333333333333333 
154   0.1550000000000001   0.3333333333333333 
155   0.1560000000000001   0.3333333333333333 
156   0.1570000000000001   0.3333333333333333 
157   0.1580000000000001   0.3333333333333333 
158   0.1590000000000001   0.3333333333333333 
159   0.1590000000000001   0.375 
160   0.16100000000000012   0.375 
161   0.16200000000000012   0.375 
162   0.16300000000000012   0.375 
163   0.16400000000000012   0.375 
164   0.16500000000000012   0.375 
165   0.16600000000000012   0.375 
166   0.16600000000000012   0.4166666666666667 
167   0.16800000000000012   0.4166666666666667 
168   0.16900000000000012   0.4166666666666667 
169   0.17000000000000012   0.4166666666666667 
170   0.17100000000000012   0.4166666666666667 
171   0.17200000000000013   0.4166666666666667 
172   0.17200000000000013   0.45833333333333337 
173   0.17400000000000013   0.45833333333333337 
174   0.17500000000000013   0.45833333333333337 
175   0.17600000000000013   0.45833333333333337 
176   0.17700000000000013   0.45833333333333337 
177   0.17800000000000013   0.45833333333333337 
178   0.17900000000000013   0.45833333333333337 
179   0.18000000000000013   0.45833333333333337 
180   0.18100000000000013   0.45833333333333337 
181   0.18200000000000013   0.45833333333333337 
182   0.18300000000000013   0.45833333333333337 
183   0.18400000000000014   0.45833333333333337 
184   0.18500000000000014   0.45833333333333337 
185   0.18600000000000014   0.45833333333333337 
186   0.18700000000000014   0.45833333333333337 
187   0.18800000000000014   0.45833333333333337 
188   0.18900000000000014   0.45833333333333337 
189   0.19000000000000014   0.45833333333333337 
190   0.19100000000000014   0.45833333333333337 
191   0.19200000000000014   0.45833333333333337 
192   0.19300000000000014   0.45833333333333337 
193   0.19400000000000014   0.45833333333333337 
194   0.19500000000000015   0.45833333333333337 
195   0.19600000000000015   0.45833333333333337 
196   0.19700000000000015   0.45833333333333337 
197   0.19800000000000015   0.45833333333333337 
198   0.19900000000000015   0.45833333333333337 
199   0.20000000000000015   0.45833333333333337 
200   0.20100000000000015   0.45833333333333337 
201   0.20200000000000015   0.45833333333333337 
202   0.20300000000000015   0.45833333333333337 
203   0.20400000000000015   0.45833333333333337 
204   0.20500000000000015   0.45833333333333337 
205   0.20600000000000016   0.45833333333333337 
206   0.20700000000000016   0.45833333333333337 
207   0.20800000000000016   0.45833333333333337 
208   0.20900000000000016   0.45833333333333337 
209   0.21000000000000016   0.45833333333333337 
210   0.21100000000000016   0.45833333333333337 
211   0.21200000000000016   0.45833333333333337 
212   0.21300000000000016   0.45833333333333337 
213   0.21400000000000016   0.45833333333333337 
214   0.21500000000000016   0.45833333333333337 
215   0.21600000000000016   0.45833333333333337 
216   0.21700000000000016   0.45833333333333337 
217   0.21800000000000017   0.45833333333333337 
218   0.21900000000000017   0.45833333333333337 
219   0.22000000000000017   0.45833333333333337 
220   0.22100000000000017   0.45833333333333337 
221   0.22200000000000017   0.45833333333333337 
222   0.22300000000000017   0.45833333333333337 
223   0.22400000000000017   0.45833333333333337 
224   0.22500000000000017   0.45833333333333337 
225   0.22600000000000017   0.45833333333333337 
226   0.22700000000000017   0.45833333333333337 
227   0.22800000000000017   0.45833333333333337 
228   0.22900000000000018   0.45833333333333337 
229   0.23000000000000018   0.45833333333333337 
230   0.23100000000000018   0.45833333333333337 
231   0.23200000000000018   0.45833333333333337 
232   0.23300000000000018   0.45833333333333337 
233   0.23400000000000018   0.45833333333333337 
234   0.23500000000000018   0.45833333333333337 
235   0.23600000000000018   0.45833333333333337 
236   0.23700000000000018   0.45833333333333337 
237   0.23800000000000018   0.45833333333333337 
238   0.23900000000000018   0.45833333333333337 
239   0.24000000000000019   0.45833333333333337 
240   0.2410000000000002   0.45833333333333337 
241   0.2420000000000002   0.45833333333333337 
242   0.2430000000000002   0.45833333333333337 
243   0.2440000000000002   0.45833333333333337 
244   0.2450000000000002   0.45833333333333337 
245   0.2460000000000002   0.45833333333333337 
246   0.2470000000000002   0.45833333333333337 
247   0.2480000000000002   0.45833333333333337 
248   0.2490000000000002   0.45833333333333337 
249   0.25000000000000017   0.45833333333333337 
250   0.25100000000000017   0.45833333333333337 
251   0.25200000000000017   0.45833333333333337 
252   0.25300000000000017   0.45833333333333337 
253   0.25400000000000017   0.45833333333333337 
254   0.25500000000000017   0.45833333333333337 
255   0.25600000000000017   0.45833333333333337 
256   0.2570000000000002   0.45833333333333337 
257   0.2580000000000002   0.45833333333333337 
258   0.2590000000000002   0.45833333333333337 
259   0.2600000000000002   0.45833333333333337 
260   0.2610000000000002   0.45833333333333337 
261   0.2620000000000002   0.45833333333333337 
262   0.2630000000000002   0.45833333333333337 
263   0.2640000000000002   0.45833333333333337 
264   0.2650000000000002   0.45833333333333337 
265   0.2660000000000002   0.45833333333333337 
266   0.2670000000000002   0.45833333333333337 
267   0.2680000000000002   0.45833333333333337 
268   0.2690000000000002   0.45833333333333337 
269   0.2700000000000002   0.45833333333333337 
270   0.2710000000000002   0.45833333333333337 
271   0.2720000000000002   0.45833333333333337 
272   0.2730000000000002   0.45833333333333337 
273   0.2740000000000002   0.45833333333333337 
274   0.2750000000000002   0.45833333333333337 
275   0.2760000000000002   0.45833333333333337 
276   0.2770000000000002   0.45833333333333337 
277   0.2780000000000002   0.45833333333333337 
278   0.2790000000000002   0.45833333333333337 
279   0.2800000000000002   0.45833333333333337 
280   0.2810000000000002   0.45833333333333337 
281   0.2820000000000002   0.45833333333333337 
282   0.2830000000000002   0.45833333333333337 
283   0.2840000000000002   0.45833333333333337 
284   0.2850000000000002   0.45833333333333337 
285   0.2860000000000002   0.45833333333333337 
286   0.2870000000000002   0.45833333333333337 
287   0.2880000000000002   0.45833333333333337 
288   0.2890000000000002   0.45833333333333337 
289   0.2900000000000002   0.45833333333333337 
290   0.2910000000000002   0.45833333333333337 
291   0.2920000000000002   0.45833333333333337 
292   0.2930000000000002   0.45833333333333337 
293   0.2940000000000002   0.45833333333333337 
294   0.2950000000000002   0.45833333333333337 
295   0.2960000000000002   0.45833333333333337 
296   0.2970000000000002   0.45833333333333337 
297   0.2980000000000002   0.45833333333333337 
298   0.2990000000000002   0.45833333333333337 
299   0.3000000000000002   0.45833333333333337 
300   0.3010000000000002   0.45833333333333337 
301   0.3020000000000002   0.45833333333333337 
302   0.3030000000000002   0.45833333333333337 
303   0.3040000000000002   0.45833333333333337 
304   0.3050000000000002   0.45833333333333337 
305   0.3060000000000002   0.45833333333333337 
306   0.3070000000000002   0.45833333333333337 
307   0.3080000000000002   0.45833333333333337 
308   0.3090000000000002   0.45833333333333337 
309   0.3100000000000002   0.45833333333333337 
310   0.3110000000000002   0.45833333333333337 
311   0.3120000000000002   0.45833333333333337 
312   0.3130000000000002   0.45833333333333337 
313   0.3140000000000002   0.45833333333333337 
314   0.3150000000000002   0.45833333333333337 
315   0.3160000000000002   0.45833333333333337 
316   0.3170000000000002   0.45833333333333337 
317   0.3180000000000002   0.45833333333333337 
318   0.31900000000000023   0.45833333333333337 
319   0.32000000000000023   0.45833333333333337 
320   0.32100000000000023   0.45833333333333337 
321   0.32200000000000023   0.45833333333333337 
322   0.32300000000000023   0.45833333333333337 
323   0.32400000000000023   0.45833333333333337 
324   0.32500000000000023   0.45833333333333337 
325   0.32600000000000023   0.45833333333333337 
326   0.32700000000000023   0.45833333333333337 
327   0.32800000000000024   0.45833333333333337 
328   0.32800000000000024   0.5 
329   0.33000000000000024   0.5 
330   0.33100000000000024   0.5 
331   0.33200000000000024   0.5 
332   0.33300000000000024   0.5 
333   0.33400000000000024   0.5 
334   0.33500000000000024   0.5 
335   0.33500000000000024   0.5416666666666666 
336   0.33700000000000024   0.5416666666666666 
337   0.33800000000000024   0.5416666666666666 
338   0.33900000000000025   0.5416666666666666 
339   0.34000000000000025   0.5416666666666666 
340   0.34100000000000025   0.5416666666666666 
341   0.34200000000000025   0.5416666666666666 
342   0.34200000000000025   0.5833333333333333 
343   0.34400000000000025   0.5833333333333333 
344   0.34500000000000025   0.5833333333333333 
345   0.34600000000000025   0.5833333333333333 
346   0.34700000000000025   0.5833333333333333 
347   0.34800000000000025   0.5833333333333333 
348   0.34800000000000025   0.6249999999999999 
349   0.35000000000000026   0.6249999999999999 
350   0.35100000000000026   0.6249999999999999 
351   0.35200000000000026   0.6249999999999999 
352   0.35300000000000026   0.6249999999999999 
353   0.35400000000000026   0.6249999999999999 
354   0.35500000000000026   0.6249999999999999 
355   0.35500000000000026   0.6666666666666665 
356   0.35700000000000026   0.6666666666666665 
357   0.35800000000000026   0.6666666666666665 
358   0.35900000000000026   0.6666666666666665 
359   0.36000000000000026   0.6666666666666665 
360   0.36100000000000027   0.6666666666666665 
361   0.36200000000000027   0.6666666666666665 
362   0.36300000000000027   0.6666666666666665 
363   0.36400000000000027   0.6666666666666665 
364   0.36500000000000027   0.6666666666666665 
365   0.36600000000000027   0.6666666666666665 
366   0.36700000000000027   0.6666666666666665 
367   0.36800000000000027   0.6666666666666665 
368   0.36900000000000027   0.6666666666666665 
369   0.3700000000000003   0.6666666666666665 
370   0.3710000000000003   0.6666666666666665 
371   0.3720000000000003   0.6666666666666665 
372   0.3730000000000003   0.6666666666666665 
373   0.3740000000000003   0.6666666666666665 
374   0.3750000000000003   0.6666666666666665 
375   0.3760000000000003   0.6666666666666665 
376   0.3770000000000003   0.6666666666666665 
377   0.3780000000000003   0.6666666666666665 
378   0.3790000000000003   0.6666666666666665 
379   0.3800000000000003   0.6666666666666665 
380   0.3810000000000003   0.6666666666666665 
381   0.3820000000000003   0.6666666666666665 
382   0.3830000000000003   0.6666666666666665 
383   0.3840000000000003   0.6666666666666665 
384   0.3850000000000003   0.6666666666666665 
385   0.3860000000000003   0.6666666666666665 
386   0.3870000000000003   0.6666666666666665 
387   0.3880000000000003   0.6666666666666665 
388   0.3890000000000003   0.6666666666666665 
389   0.3900000000000003   0.6666666666666665 
390   0.3910000000000003   0.6666666666666665 
391   0.3920000000000003   0.6666666666666665 
392   0.3930000000000003   0.6666666666666665 
393   0.3940000000000003   0.6666666666666665 
394   0.3950000000000003   0.6666666666666665 
395   0.3960000000000003   0.6666666666666665 
396   0.3970000000000003   0.6666666666666665 
397   0.3980000000000003   0.6666666666666665 
398   0.3990000000000003   0.6666666666666665 
399   0.4000000000000003   0.6666666666666665 
400   0.4010000000000003   0.6666666666666665 
401   0.4020000000000003   0.6666666666666665 
402   0.4030000000000003   0.6666666666666665 
403   0.4040000000000003   0.6666666666666665 
404   0.4050000000000003   0.6666666666666665 
405   0.4060000000000003   0.6666666666666665 
406   0.4070000000000003   0.6666666666666665 
407   0.4080000000000003   0.6666666666666665 
408   0.4090000000000003   0.6666666666666665 
409   0.4100000000000003   0.6666666666666665 
410   0.4110000000000003   0.6666666666666665 
411   0.4120000000000003   0.6666666666666665 
412   0.4130000000000003   0.6666666666666665 
413   0.4140000000000003   0.6666666666666665 
414   0.4150000000000003   0.6666666666666665 
415   0.4160000000000003   0.6666666666666665 
416   0.4170000000000003   0.6666666666666665 
417   0.4180000000000003   0.6666666666666665 
418   0.4190000000000003   0.6666666666666665 
419   0.4200000000000003   0.6666666666666665 
420   0.4210000000000003   0.6666666666666665 
421   0.4220000000000003   0.6666666666666665 
422   0.4230000000000003   0.6666666666666665 
423   0.4240000000000003   0.6666666666666665 
424   0.4250000000000003   0.6666666666666665 
425   0.4260000000000003   0.6666666666666665 
426   0.4270000000000003   0.6666666666666665 
427   0.4280000000000003   0.6666666666666665 
428   0.4290000000000003   0.6666666666666665 
429   0.4300000000000003   0.6666666666666665 
430   0.4310000000000003   0.6666666666666665 
431   0.43200000000000033   0.6666666666666665 
432   0.43300000000000033   0.6666666666666665 
433   0.43400000000000033   0.6666666666666665 
434   0.43500000000000033   0.6666666666666665 
435   0.43600000000000033   0.6666666666666665 
436   0.43700000000000033   0.6666666666666665 
437   0.43800000000000033   0.6666666666666665 
438   0.43900000000000033   0.6666666666666665 
439   0.44000000000000034   0.6666666666666665 
440   0.44100000000000034   0.6666666666666665 
441   0.44200000000000034   0.6666666666666665 
442   0.44300000000000034   0.6666666666666665 
443   0.44400000000000034   0.6666666666666665 
444   0.44500000000000034   0.6666666666666665 
445   0.44600000000000034   0.6666666666666665 
446   0.44700000000000034   0.6666666666666665 
447   0.44800000000000034   0.6666666666666665 
448   0.44900000000000034   0.6666666666666665 
449   0.45000000000000034   0.6666666666666665 
450   0.45100000000000035   0.6666666666666665 
451   0.45200000000000035   0.6666666666666665 
452   0.45300000000000035   0.6666666666666665 
453   0.45400000000000035   0.6666666666666665 
454   0.45500000000000035   0.6666666666666665 
455   0.45600000000000035   0.6666666666666665 
456   0.45700000000000035   0.6666666666666665 
457   0.45800000000000035   0.6666666666666665 
458   0.45900000000000035   0.6666666666666665 
459   0.46000000000000035   0.6666666666666665 
460   0.46100000000000035   0.6666666666666665 
461   0.46200000000000035   0.6666666666666665 
462   0.46300000000000036   0.6666666666666665 
463   0.46400000000000036   0.6666666666666665 
464   0.46500000000000036   0.6666666666666665 
465   0.46600000000000036   0.6666666666666665 
466   0.46700000000000036   0.6666666666666665 
467   0.46800000000000036   0.6666666666666665 
468   0.46900000000000036   0.6666666666666665 
469   0.47000000000000036   0.6666666666666665 
470   0.47100000000000036   0.6666666666666665 
471   0.47200000000000036   0.6666666666666665 
472   0.47300000000000036   0.6666666666666665 
473   0.47400000000000037   0.6666666666666665 
474   0.47500000000000037   0.6666666666666665 
475   0.47600000000000037   0.6666666666666665 
476   0.47700000000000037   0.6666666666666665 
477   0.47800000000000037   0.6666666666666665 
478   0.47900000000000037   0.6666666666666665 
479   0.48000000000000037   0.6666666666666665 
480   0.48100000000000037   0.6666666666666665 
481   0.4820000000000004   0.6666666666666665 
482   0.4830000000000004   0.6666666666666665 
483   0.4840000000000004   0.6666666666666665 
484   0.4850000000000004   0.6666666666666665 
485   0.4860000000000004   0.6666666666666665 
486   0.4870000000000004   0.6666666666666665 
487   0.4880000000000004   0.6666666666666665 
488   0.4890000000000004   0.6666666666666665 
489   0.4900000000000004   0.6666666666666665 
490   0.4910000000000004   0.6666666666666665 
491   0.4920000000000004   0.6666666666666665 
492   0.4930000000000004   0.6666666666666665 
493   0.4940000000000004   0.6666666666666665 
494   0.4950000000000004   0.6666666666666665 
495   0.4960000000000004   0.6666666666666665 
496   0.4970000000000004   0.6666666666666665 
497   0.4980000000000004   0.6666666666666665 
498   0.4990000000000004   0.6666666666666665 
499   0.5000000000000003   0.6666666666666665 
500   0.5010000000000003   0.6666666666666665 
501   0.5020000000000003   0.6666666666666665 
502   0.5030000000000003   0.6666666666666665 
503   0.5040000000000003   0.6666666666666665 
504   0.5050000000000003   0.6666666666666665 
505   0.5060000000000003   0.6666666666666665 
506   0.5070000000000003   0.6666666666666665 
507   0.5080000000000003   0.6666666666666665 
508   0.5090000000000003   0.6666666666666665 
509   0.5100000000000003   0.6666666666666665 
510   0.5100000000000003   0.7083333333333331 
511   0.5120000000000003   0.7083333333333331 
512   0.5130000000000003   0.7083333333333331 
513   0.5140000000000003   0.7083333333333331 
514   0.5150000000000003   0.7083333333333331 
515   0.5160000000000003   0.7083333333333331 
516   0.5160000000000003   0.7499999999999998 
517   0.5180000000000003   0.7499999999999998 
518   0.5190000000000003   0.7499999999999998 
519   0.5200000000000004   0.7499999999999998 
520   0.5210000000000004   0.7499999999999998 
521   0.5220000000000004   0.7499999999999998 
522   0.5230000000000004   0.7499999999999998 
523   0.5230000000000004   0.7916666666666664 
524   0.5250000000000004   0.7916666666666664 
525   0.5260000000000004   0.7916666666666664 
526   0.5270000000000004   0.7916666666666664 
527   0.5280000000000004   0.7916666666666664 
528   0.5290000000000004   0.7916666666666664 
529   0.5290000000000004   0.833333333333333 
530   0.5310000000000004   0.833333333333333 
531   0.5320000000000004   0.833333333333333 
532   0.5330000000000004   0.833333333333333 
533   0.5340000000000004   0.833333333333333 
534   0.5350000000000004   0.833333333333333 
535   0.5360000000000004   0.833333333333333 
536   0.5360000000000004   0.8749999999999997 
537   0.5380000000000004   0.8749999999999997 
538   0.5390000000000004   0.8749999999999997 
539   0.5400000000000004   0.8749999999999997 
540   0.5410000000000004   0.8749999999999997 
541   0.5420000000000004   0.8749999999999997 
542   0.5430000000000004   0.8749999999999997 
543   0.5440000000000004   0.8749999999999997 
544   0.5450000000000004   0.8749999999999997 
545   0.5460000000000004   0.8749999999999997 
546   0.5470000000000004   0.8749999999999997 
547   0.5480000000000004   0.8749999999999997 
548   0.5490000000000004   0.8749999999999997 
549   0.5500000000000004   0.8749999999999997 
550   0.5510000000000004   0.8749999999999997 
551   0.5520000000000004   0.8749999999999997 
552   0.5530000000000004   0.8749999999999997 
553   0.5540000000000004   0.8749999999999997 
554   0.5550000000000004   0.8749999999999997 
555   0.5560000000000004   0.8749999999999997 
556   0.5570000000000004   0.8749999999999997 
557   0.5580000000000004   0.8749999999999997 
558   0.5590000000000004   0.8749999999999997 
559   0.5600000000000004   0.8749999999999997 
560   0.5610000000000004   0.8749999999999997 
561   0.5620000000000004   0.8749999999999997 
562   0.5630000000000004   0.8749999999999997 
563   0.5640000000000004   0.8749999999999997 
564   0.5650000000000004   0.8749999999999997 
565   0.5660000000000004   0.8749999999999997 
566   0.5670000000000004   0.8749999999999997 
567   0.5680000000000004   0.8749999999999997 
568   0.5690000000000004   0.8749999999999997 
569   0.5700000000000004   0.8749999999999997 
570   0.5710000000000004   0.8749999999999997 
571   0.5720000000000004   0.8749999999999997 
572   0.5730000000000004   0.8749999999999997 
573   0.5740000000000004   0.8749999999999997 
574   0.5750000000000004   0.8749999999999997 
575   0.5760000000000004   0.8749999999999997 
576   0.5770000000000004   0.8749999999999997 
577   0.5780000000000004   0.8749999999999997 
578   0.5790000000000004   0.8749999999999997 
579   0.5800000000000004   0.8749999999999997 
580   0.5810000000000004   0.8749999999999997 
581   0.5820000000000004   0.8749999999999997 
582   0.5830000000000004   0.8749999999999997 
583   0.5840000000000004   0.8749999999999997 
584   0.5850000000000004   0.8749999999999997 
585   0.5860000000000004   0.8749999999999997 
586   0.5870000000000004   0.8749999999999997 
587   0.5880000000000004   0.8749999999999997 
588   0.5890000000000004   0.8749999999999997 
589   0.5900000000000004   0.8749999999999997 
590   0.5910000000000004   0.8749999999999997 
591   0.5920000000000004   0.8749999999999997 
592   0.5930000000000004   0.8749999999999997 
593   0.5940000000000004   0.8749999999999997 
594   0.5950000000000004   0.8749999999999997 
595   0.5960000000000004   0.8749999999999997 
596   0.5970000000000004   0.8749999999999997 
597   0.5980000000000004   0.8749999999999997 
598   0.5990000000000004   0.8749999999999997 
599   0.6000000000000004   0.8749999999999997 
600   0.6010000000000004   0.8749999999999997 
601   0.6020000000000004   0.8749999999999997 
602   0.6030000000000004   0.8749999999999997 
603   0.6040000000000004   0.8749999999999997 
604   0.6050000000000004   0.8749999999999997 
605   0.6060000000000004   0.8749999999999997 
606   0.6070000000000004   0.8749999999999997 
607   0.6080000000000004   0.8749999999999997 
608   0.6090000000000004   0.8749999999999997 
609   0.6100000000000004   0.8749999999999997 
610   0.6110000000000004   0.8749999999999997 
611   0.6120000000000004   0.8749999999999997 
612   0.6130000000000004   0.8749999999999997 
613   0.6140000000000004   0.8749999999999997 
614   0.6150000000000004   0.8749999999999997 
615   0.6160000000000004   0.8749999999999997 
616   0.6170000000000004   0.8749999999999997 
617   0.6180000000000004   0.8749999999999997 
618   0.6190000000000004   0.8749999999999997 
619   0.6200000000000004   0.8749999999999997 
620   0.6210000000000004   0.8749999999999997 
621   0.6220000000000004   0.8749999999999997 
622   0.6230000000000004   0.8749999999999997 
623   0.6240000000000004   0.8749999999999997 
624   0.6250000000000004   0.8749999999999997 
625   0.6260000000000004   0.8749999999999997 
626   0.6270000000000004   0.8749999999999997 
627   0.6280000000000004   0.8749999999999997 
628   0.6290000000000004   0.8749999999999997 
629   0.6300000000000004   0.8749999999999997 
630   0.6310000000000004   0.8749999999999997 
631   0.6320000000000005   0.8749999999999997 
632   0.6330000000000005   0.8749999999999997 
633   0.6340000000000005   0.8749999999999997 
634   0.6350000000000005   0.8749999999999997 
635   0.6360000000000005   0.8749999999999997 
636   0.6370000000000005   0.8749999999999997 
637   0.6380000000000005   0.8749999999999997 
638   0.6390000000000005   0.8749999999999997 
639   0.6400000000000005   0.8749999999999997 
640   0.6410000000000005   0.8749999999999997 
641   0.6420000000000005   0.8749999999999997 
642   0.6430000000000005   0.8749999999999997 
643   0.6440000000000005   0.8749999999999997 
644   0.6450000000000005   0.8749999999999997 
645   0.6460000000000005   0.8749999999999997 
646   0.6470000000000005   0.8749999999999997 
647   0.6480000000000005   0.8749999999999997 
648   0.6490000000000005   0.8749999999999997 
649   0.6500000000000005   0.8749999999999997 
650   0.6510000000000005   0.8749999999999997 
651   0.6520000000000005   0.8749999999999997 
652   0.6530000000000005   0.8749999999999997 
653   0.6540000000000005   0.8749999999999997 
654   0.6550000000000005   0.8749999999999997 
655   0.6560000000000005   0.8749999999999997 
656   0.6570000000000005   0.8749999999999997 
657   0.6580000000000005   0.8749999999999997 
658   0.6590000000000005   0.8749999999999997 
659   0.6600000000000005   0.8749999999999997 
660   0.6610000000000005   0.8749999999999997 
661   0.6620000000000005   0.8749999999999997 
662   0.6630000000000005   0.8749999999999997 
663   0.6640000000000005   0.8749999999999997 
664   0.6650000000000005   0.8749999999999997 
665   0.6660000000000005   0.8749999999999997 
666   0.6670000000000005   0.8749999999999997 
667   0.6680000000000005   0.8749999999999997 
668   0.6690000000000005   0.8749999999999997 
669   0.6700000000000005   0.8749999999999997 
670   0.6710000000000005   0.8749999999999997 
671   0.6720000000000005   0.8749999999999997 
672   0.6730000000000005   0.8749999999999997 
673   0.6740000000000005   0.8749999999999997 
674   0.6750000000000005   0.8749999999999997 
675   0.6760000000000005   0.8749999999999997 
676   0.6770000000000005   0.8749999999999997 
677   0.6780000000000005   0.8749999999999997 
678   0.6790000000000005   0.8749999999999997 
679   0.6800000000000005   0.8749999999999997 
680   0.6810000000000005   0.8749999999999997 
681   0.6820000000000005   0.8749999999999997 
682   0.6830000000000005   0.8749999999999997 
683   0.6840000000000005   0.8749999999999997 
684   0.6850000000000005   0.8749999999999997 
685   0.6860000000000005   0.8749999999999997 
686   0.6870000000000005   0.8749999999999997 
687   0.6880000000000005   0.8749999999999997 
688   0.6890000000000005   0.8749999999999997 
689   0.6900000000000005   0.8749999999999997 
690   0.6910000000000005   0.8749999999999997 
691   0.6920000000000005   0.8749999999999997 
692   0.6930000000000005   0.8749999999999997 
693   0.6940000000000005   0.8749999999999997 
694   0.6950000000000005   0.8749999999999997 
695   0.6960000000000005   0.8749999999999997 
696   0.6970000000000005   0.8749999999999997 
697   0.6970000000000005   0.9166666666666663 
698   0.6980000000000005   0.9583333333333329 
699   0.6990000000000005   0.9999999999999996 
700   0.7010000000000005   0.9999999999999996 
701   0.7020000000000005   0.9999999999999996 
702   0.7030000000000005   0.9999999999999996 
703   0.7040000000000005   0.9999999999999996 
704   0.7050000000000005   0.9999999999999996 
705   0.7060000000000005   0.9999999999999996 
706   0.7070000000000005   0.9999999999999996 
707   0.7080000000000005   0.9999999999999996 
708   0.7090000000000005   0.9999999999999996 
709   0.7100000000000005   0.9999999999999996 
710   0.7110000000000005   0.9999999999999996 
711   0.7120000000000005   0.9999999999999996 
712   0.7130000000000005   0.9999999999999996 
713   0.7140000000000005   0.9999999999999996 
714   0.7150000000000005   0.9999999999999996 
715   0.7160000000000005   0.9999999999999996 
716   0.7170000000000005   0.9999999999999996 
717   0.7180000000000005   0.9999999999999996 
718   0.7190000000000005   0.9999999999999996 
719   0.7200000000000005   0.9999999999999996 
720   0.7210000000000005   0.9999999999999996 
721   0.7220000000000005   0.9999999999999996 
722   0.7230000000000005   0.9999999999999996 
723   0.7240000000000005   0.9999999999999996 
724   0.7250000000000005   0.9999999999999996 
725   0.7260000000000005   0.9999999999999996 
726   0.7270000000000005   0.9999999999999996 
727   0.7280000000000005   0.9999999999999996 
728   0.7290000000000005   0.9999999999999996 
729   0.7300000000000005   0.9999999999999996 
730   0.7310000000000005   0.9999999999999996 
731   0.7320000000000005   0.9999999999999996 
732   0.7330000000000005   0.9999999999999996 
733   0.7340000000000005   0.9999999999999996 
734   0.7350000000000005   0.9999999999999996 
735   0.7360000000000005   0.9999999999999996 
736   0.7370000000000005   0.9999999999999996 
737   0.7380000000000005   0.9999999999999996 
738   0.7390000000000005   0.9999999999999996 
739   0.7400000000000005   0.9999999999999996 
740   0.7410000000000005   0.9999999999999996 
741   0.7420000000000005   0.9999999999999996 
742   0.7430000000000005   0.9999999999999996 
743   0.7440000000000005   0.9999999999999996 
744   0.7450000000000006   0.9999999999999996 
745   0.7460000000000006   0.9999999999999996 
746   0.7470000000000006   0.9999999999999996 
747   0.7480000000000006   0.9999999999999996 
748   0.7490000000000006   0.9999999999999996 
749   0.7500000000000006   0.9999999999999996 
750   0.7510000000000006   0.9999999999999996 
751   0.7520000000000006   0.9999999999999996 
752   0.7530000000000006   0.9999999999999996 
753   0.7540000000000006   0.9999999999999996 
754   0.7550000000000006   0.9999999999999996 
755   0.7560000000000006   0.9999999999999996 
756   0.7570000000000006   0.9999999999999996 
757   0.7580000000000006   0.9999999999999996 
758   0.7590000000000006   0.9999999999999996 
759   0.7600000000000006   0.9999999999999996 
760   0.7610000000000006   0.9999999999999996 
761   0.7620000000000006   0.9999999999999996 
762   0.7630000000000006   0.9999999999999996 
763   0.7640000000000006   0.9999999999999996 
764   0.7650000000000006   0.9999999999999996 
765   0.7660000000000006   0.9999999999999996 
766   0.7670000000000006   0.9999999999999996 
767   0.7680000000000006   0.9999999999999996 
768   0.7690000000000006   0.9999999999999996 
769   0.7700000000000006   0.9999999999999996 
770   0.7710000000000006   0.9999999999999996 
771   0.7720000000000006   0.9999999999999996 
772   0.7730000000000006   0.9999999999999996 
773   0.7740000000000006   0.9999999999999996 
774   0.7750000000000006   0.9999999999999996 
775   0.7760000000000006   0.9999999999999996 
776   0.7770000000000006   0.9999999999999996 
777   0.7780000000000006   0.9999999999999996 
778   0.7790000000000006   0.9999999999999996 
779   0.7800000000000006   0.9999999999999996 
780   0.7810000000000006   0.9999999999999996 
781   0.7820000000000006   0.9999999999999996 
782   0.7830000000000006   0.9999999999999996 
783   0.7840000000000006   0.9999999999999996 
784   0.7850000000000006   0.9999999999999996 
785   0.7860000000000006   0.9999999999999996 
786   0.7870000000000006   0.9999999999999996 
787   0.7880000000000006   0.9999999999999996 
788   0.7890000000000006   0.9999999999999996 
789   0.7900000000000006   0.9999999999999996 
790   0.7910000000000006   0.9999999999999996 
791   0.7920000000000006   0.9999999999999996 
792   0.7930000000000006   0.9999999999999996 
793   0.7940000000000006   0.9999999999999996 
794   0.7950000000000006   0.9999999999999996 
795   0.7960000000000006   0.9999999999999996 
796   0.7970000000000006   0.9999999999999996 
797   0.7980000000000006   0.9999999999999996 
798   0.7990000000000006   0.9999999999999996 
799   0.8000000000000006   0.9999999999999996 
800   0.8010000000000006   0.9999999999999996 
801   0.8020000000000006   0.9999999999999996 
802   0.8030000000000006   0.9999999999999996 
803   0.8040000000000006   0.9999999999999996 
804   0.8050000000000006   0.9999999999999996 
805   0.8060000000000006   0.9999999999999996 
806   0.8070000000000006   0.9999999999999996 
807   0.8080000000000006   0.9999999999999996 
808   0.8090000000000006   0.9999999999999996 
809   0.8100000000000006   0.9999999999999996 
810   0.8110000000000006   0.9999999999999996 
811   0.8120000000000006   0.9999999999999996 
812   0.8130000000000006   0.9999999999999996 
813   0.8140000000000006   0.9999999999999996 
814   0.8150000000000006   0.9999999999999996 
815   0.8160000000000006   0.9999999999999996 
816   0.8170000000000006   0.9999999999999996 
817   0.8180000000000006   0.9999999999999996 
818   0.8190000000000006   0.9999999999999996 
819   0.8200000000000006   0.9999999999999996 
820   0.8210000000000006   0.9999999999999996 
821   0.8220000000000006   0.9999999999999996 
822   0.8230000000000006   0.9999999999999996 
823   0.8240000000000006   0.9999999999999996 
824   0.8250000000000006   0.9999999999999996 
825   0.8260000000000006   0.9999999999999996 
826   0.8270000000000006   0.9999999999999996 
827   0.8280000000000006   0.9999999999999996 
828   0.8290000000000006   0.9999999999999996 
829   0.8300000000000006   0.9999999999999996 
830   0.8310000000000006   0.9999999999999996 
831   0.8320000000000006   0.9999999999999996 
832   0.8330000000000006   0.9999999999999996 
833   0.8340000000000006   0.9999999999999996 
834   0.8350000000000006   0.9999999999999996 
835   0.8360000000000006   0.9999999999999996 
836   0.8370000000000006   0.9999999999999996 
837   0.8380000000000006   0.9999999999999996 
838   0.8390000000000006   0.9999999999999996 
839   0.8400000000000006   0.9999999999999996 
840   0.8410000000000006   0.9999999999999996 
841   0.8420000000000006   0.9999999999999996 
842   0.8430000000000006   0.9999999999999996 
843   0.8440000000000006   0.9999999999999996 
844   0.8450000000000006   0.9999999999999996 
845   0.8460000000000006   0.9999999999999996 
846   0.8470000000000006   0.9999999999999996 
847   0.8480000000000006   0.9999999999999996 
848   0.8490000000000006   0.9999999999999996 
849   0.8500000000000006   0.9999999999999996 
850   0.8510000000000006   0.9999999999999996 
851   0.8520000000000006   0.9999999999999996 
852   0.8530000000000006   0.9999999999999996 
853   0.8540000000000006   0.9999999999999996 
854   0.8550000000000006   0.9999999999999996 
855   0.8560000000000006   0.9999999999999996 
856   0.8570000000000007   0.9999999999999996 
857   0.8580000000000007   0.9999999999999996 
858   0.8590000000000007   0.9999999999999996 
859   0.8600000000000007   0.9999999999999996 
860   0.8610000000000007   0.9999999999999996 
861   0.8620000000000007   0.9999999999999996 
862   0.8630000000000007   0.9999999999999996 
863   0.8640000000000007   0.9999999999999996 
864   0.8650000000000007   0.9999999999999996 
865   0.8660000000000007   0.9999999999999996 
866   0.8670000000000007   0.9999999999999996 
867   0.8680000000000007   0.9999999999999996 
868   0.8690000000000007   0.9999999999999996 
869   0.8700000000000007   0.9999999999999996 
870   0.8710000000000007   0.9999999999999996 
871   0.8720000000000007   0.9999999999999996 
872   0.8730000000000007   0.9999999999999996 
873   0.8740000000000007   0.9999999999999996 
874   0.8750000000000007   0.9999999999999996 
875   0.8760000000000007   0.9999999999999996 
876   0.8770000000000007   0.9999999999999996 
877   0.8780000000000007   0.9999999999999996 
878   0.8790000000000007   0.9999999999999996 
879   0.8800000000000007   0.9999999999999996 
880   0.8810000000000007   0.9999999999999996 
881   0.8820000000000007   0.9999999999999996 
882   0.8830000000000007   0.9999999999999996 
883   0.8840000000000007   0.9999999999999996 
884   0.8850000000000007   0.9999999999999996 
885   0.8860000000000007   0.9999999999999996 
886   0.8870000000000007   0.9999999999999996 
887   0.8880000000000007   0.9999999999999996 
888   0.8890000000000007   0.9999999999999996 
889   0.8900000000000007   0.9999999999999996 
890   0.8910000000000007   0.9999999999999996 
891   0.8920000000000007   0.9999999999999996 
892   0.8930000000000007   0.9999999999999996 
893   0.8940000000000007   0.9999999999999996 
894   0.8950000000000007   0.9999999999999996 
895   0.8960000000000007   0.9999999999999996 
896   0.8970000000000007   0.9999999999999996 
897   0.8980000000000007   0.9999999999999996 
898   0.8990000000000007   0.9999999999999996 
899   0.9000000000000007   0.9999999999999996 
900   0.9010000000000007   0.9999999999999996 
901   0.9020000000000007   0.9999999999999996 
902   0.9030000000000007   0.9999999999999996 
903   0.9040000000000007   0.9999999999999996 
904   0.9050000000000007   0.9999999999999996 
905   0.9060000000000007   0.9999999999999996 
906   0.9070000000000007   0.9999999999999996 
907   0.9080000000000007   0.9999999999999996 
908   0.9090000000000007   0.9999999999999996 
909   0.9100000000000007   0.9999999999999996 
910   0.9110000000000007   0.9999999999999996 
911   0.9120000000000007   0.9999999999999996 
912   0.9130000000000007   0.9999999999999996 
913   0.9140000000000007   0.9999999999999996 
914   0.9150000000000007   0.9999999999999996 
915   0.9160000000000007   0.9999999999999996 
916   0.9170000000000007   0.9999999999999996 
917   0.9180000000000007   0.9999999999999996 
918   0.9190000000000007   0.9999999999999996 
919   0.9200000000000007   0.9999999999999996 
920   0.9210000000000007   0.9999999999999996 
921   0.9220000000000007   0.9999999999999996 
922   0.9230000000000007   0.9999999999999996 
923   0.9240000000000007   0.9999999999999996 
924   0.9250000000000007   0.9999999999999996 
925   0.9260000000000007   0.9999999999999996 
926   0.9270000000000007   0.9999999999999996 
927   0.9280000000000007   0.9999999999999996 
928   0.9290000000000007   0.9999999999999996 
929   0.9300000000000007   0.9999999999999996 
930   0.9310000000000007   0.9999999999999996 
931   0.9320000000000007   0.9999999999999996 
932   0.9330000000000007   0.9999999999999996 
933   0.9340000000000007   0.9999999999999996 
934   0.9350000000000007   0.9999999999999996 
935   0.9360000000000007   0.9999999999999996 
936   0.9370000000000007   0.9999999999999996 
937   0.9380000000000007   0.9999999999999996 
938   0.9390000000000007   0.9999999999999996 
939   0.9400000000000007   0.9999999999999996 
940   0.9410000000000007   0.9999999999999996 
941   0.9420000000000007   0.9999999999999996 
942   0.9430000000000007   0.9999999999999996 
943   0.9440000000000007   0.9999999999999996 
944   0.9450000000000007   0.9999999999999996 
945   0.9460000000000007   0.9999999999999996 
946   0.9470000000000007   0.9999999999999996 
947   0.9480000000000007   0.9999999999999996 
948   0.9490000000000007   0.9999999999999996 
949   0.9500000000000007   0.9999999999999996 
950   0.9510000000000007   0.9999999999999996 
951   0.9520000000000007   0.9999999999999996 
952   0.9530000000000007   0.9999999999999996 
953   0.9540000000000007   0.9999999999999996 
954   0.9550000000000007   0.9999999999999996 
955   0.9560000000000007   0.9999999999999996 
956   0.9570000000000007   0.9999999999999996 
957   0.9580000000000007   0.9999999999999996 
958   0.9590000000000007   0.9999999999999996 
959   0.9600000000000007   0.9999999999999996 
960   0.9610000000000007   0.9999999999999996 
961   0.9620000000000007   0.9999999999999996 
962   0.9630000000000007   0.9999999999999996 
963   0.9640000000000007   0.9999999999999996 
964   0.9650000000000007   0.9999999999999996 
965   0.9660000000000007   0.9999999999999996 
966   0.9670000000000007   0.9999999999999996 
967   0.9680000000000007   0.9999999999999996 
968   0.9690000000000007   0.9999999999999996 
969   0.9700000000000008   0.9999999999999996 
970   0.9710000000000008   0.9999999999999996 
971   0.9720000000000008   0.9999999999999996 
972   0.9730000000000008   0.9999999999999996 
973   0.9740000000000008   0.9999999999999996 
974   0.9750000000000008   0.9999999999999996 
975   0.9760000000000008   0.9999999999999996 
976   0.9770000000000008   0.9999999999999996 
977   0.9780000000000008   0.9999999999999996 
978   0.9790000000000008   0.9999999999999996 
979   0.9800000000000008   0.9999999999999996 
980   0.9810000000000008   0.9999999999999996 
981   0.9820000000000008   0.9999999999999996 
982   0.9830000000000008   0.9999999999999996 
983   0.9840000000000008   0.9999999999999996 
984   0.9850000000000008   0.9999999999999996 
985   0.9860000000000008   0.9999999999999996 
986   0.9870000000000008   0.9999999999999996 
987   0.9880000000000008   0.9999999999999996 
988   0.9890000000000008   0.9999999999999996 
989   0.9900000000000008   0.9999999999999996 
990   0.9910000000000008   0.9999999999999996 
991   0.9920000000000008   0.9999999999999996 
992   0.9930000000000008   0.9999999999999996 
993   0.9940000000000008   0.9999999999999996 
994   0.9950000000000008   0.9999999999999996 
995   0.9960000000000008   0.9999999999999996 
996   0.9970000000000008   0.9999999999999996 
997   0.9980000000000008   0.9999999999999996 
998   0.9990000000000008   0.9999999999999996 
999   1.0000000000000007   0.9999999999999996 
