0   0.001   0 
1   0.002   0 
2   0.003   0 
3   0.004   0 
4   0.005   0 
5   0.006   0 
6   0.007   0 
7   0.008   0 
8   0.009000000000000001   0 
9   0.010000000000000002   0 
10   0.011000000000000003   0 
11   0.012000000000000004   0 
12   0.013000000000000005   0 
13   0.014000000000000005   0 
14   0.015000000000000006   0 
15   0.016000000000000007   0 
16   0.017000000000000008   0 
17   0.01800000000000001   0 
18   0.01900000000000001   0 
19   0.02000000000000001   0 
20   0.02100000000000001   0 
21   0.022000000000000013   0 
22   0.023000000000000013   0 
23   0.024000000000000014   0 
24   0.025000000000000015   0 
25   0.026000000000000016   0 
26   0.027000000000000017   0 
27   0.028000000000000018   0 
28   0.02900000000000002   0 
29   0.03000000000000002   0 
30   0.03100000000000002   0 
31   0.03200000000000002   0 
32   0.03300000000000002   0 
33   0.03400000000000002   0 
34   0.03400000000000002   0.007751937984496124 
35   0.035000000000000024   0.011627906976744186 
36   0.037000000000000026   0.011627906976744186 
37   0.03800000000000003   0.011627906976744186 
38   0.03900000000000003   0.011627906976744186 
39   0.04000000000000003   0.011627906976744186 
40   0.04100000000000003   0.011627906976744186 
41   0.04200000000000003   0.011627906976744186 
42   0.04300000000000003   0.011627906976744186 
43   0.04300000000000003   0.01937984496124031 
44   0.04400000000000003   0.03488372093023256 
45   0.04500000000000003   0.050387596899224806 
46   0.047000000000000035   0.050387596899224806 
47   0.048000000000000036   0.050387596899224806 
48   0.04900000000000004   0.050387596899224806 
49   0.05000000000000004   0.050387596899224806 
50   0.05100000000000004   0.050387596899224806 
51   0.05200000000000004   0.050387596899224806 
52   0.05300000000000004   0.050387596899224806 
53   0.05400000000000004   0.050387596899224806 
54   0.05500000000000004   0.050387596899224806 
55   0.05600000000000004   0.050387596899224806 
56   0.057000000000000044   0.050387596899224806 
57   0.058000000000000045   0.050387596899224806 
58   0.059000000000000045   0.050387596899224806 
59   0.060000000000000046   0.050387596899224806 
60   0.06100000000000005   0.050387596899224806 
61   0.06200000000000005   0.050387596899224806 
62   0.06300000000000004   0.050387596899224806 
63   0.06400000000000004   0.050387596899224806 
64   0.06400000000000004   0.06201550387596899 
65   0.06600000000000004   0.06201550387596899 
66   0.06700000000000005   0.06201550387596899 
67   0.06800000000000005   0.06201550387596899 
68   0.06900000000000005   0.06201550387596899 
69   0.07000000000000005   0.06201550387596899 
70   0.07100000000000005   0.06201550387596899 
71   0.07200000000000005   0.06201550387596899 
72   0.07200000000000005   0.06976744186046512 
73   0.07300000000000005   0.08527131782945736 
74   0.07400000000000005   0.10077519379844961 
75   0.07600000000000005   0.10077519379844961 
76   0.07700000000000005   0.10077519379844961 
77   0.07800000000000006   0.10077519379844961 
78   0.07900000000000006   0.10077519379844961 
79   0.08000000000000006   0.10077519379844961 
80   0.08100000000000006   0.10077519379844961 
81   0.08200000000000006   0.10077519379844961 
82   0.08300000000000006   0.10077519379844961 
83   0.08400000000000006   0.10077519379844961 
84   0.08500000000000006   0.10077519379844961 
85   0.08600000000000006   0.10077519379844961 
86   0.08700000000000006   0.10077519379844961 
87   0.08800000000000006   0.10077519379844961 
88   0.08900000000000007   0.10077519379844961 
89   0.09000000000000007   0.10077519379844961 
90   0.09100000000000007   0.10077519379844961 
91   0.09200000000000007   0.10077519379844961 
92   0.09300000000000007   0.10077519379844961 
93   0.09300000000000007   0.1124031007751938 
94   0.09500000000000007   0.1124031007751938 
95   0.09600000000000007   0.1124031007751938 
96   0.09700000000000007   0.1124031007751938 
97   0.09800000000000007   0.1124031007751938 
98   0.09900000000000007   0.1124031007751938 
99   0.10000000000000007   0.1124031007751938 
100   0.10100000000000008   0.1124031007751938 
101   0.10100000000000008   0.11627906976744187 
102   0.10200000000000008   0.13178294573643412 
103   0.10300000000000008   0.15116279069767444 
104   0.10500000000000008   0.15116279069767444 
105   0.10600000000000008   0.15116279069767444 
106   0.10700000000000008   0.15116279069767444 
107   0.10800000000000008   0.15116279069767444 
108   0.10900000000000008   0.15116279069767444 
109   0.11000000000000008   0.15116279069767444 
110   0.11100000000000008   0.15116279069767444 
111   0.11200000000000009   0.15116279069767444 
112   0.11300000000000009   0.15116279069767444 
113   0.11400000000000009   0.15116279069767444 
114   0.11500000000000009   0.15116279069767444 
115   0.11600000000000009   0.15116279069767444 
116   0.11700000000000009   0.15116279069767444 
117   0.11800000000000009   0.15116279069767444 
118   0.11900000000000009   0.15116279069767444 
119   0.12000000000000009   0.15116279069767444 
120   0.1210000000000001   0.15116279069767444 
121   0.1220000000000001   0.15116279069767444 
122   0.1220000000000001   0.16279069767441862 
123   0.1240000000000001   0.16279069767441862 
124   0.12500000000000008   0.16279069767441862 
125   0.12600000000000008   0.16279069767441862 
126   0.12700000000000009   0.16279069767441862 
127   0.12800000000000009   0.16279069767441862 
128   0.1290000000000001   0.16279069767441862 
129   0.1300000000000001   0.16279069767441862 
130   0.1310000000000001   0.16279069767441862 
131   0.1310000000000001   0.17829457364341086 
132   0.1320000000000001   0.1937984496124031 
133   0.1330000000000001   0.20155038759689925 
134   0.1350000000000001   0.20155038759689925 
135   0.1360000000000001   0.20155038759689925 
136   0.1370000000000001   0.20155038759689925 
137   0.1380000000000001   0.20155038759689925 
138   0.1390000000000001   0.20155038759689925 
139   0.1400000000000001   0.20155038759689925 
140   0.1410000000000001   0.20155038759689925 
141   0.1420000000000001   0.20155038759689925 
142   0.1430000000000001   0.20155038759689925 
143   0.1440000000000001   0.20155038759689925 
144   0.1450000000000001   0.20155038759689925 
145   0.1460000000000001   0.20155038759689925 
146   0.1470000000000001   0.20155038759689925 
147   0.1480000000000001   0.20155038759689925 
148   0.1490000000000001   0.20155038759689925 
149   0.1500000000000001   0.20155038759689925 
150   0.1510000000000001   0.20155038759689925 
151   0.1520000000000001   0.20155038759689925 
152   0.1530000000000001   0.20155038759689925 
153   0.1540000000000001   0.20155038759689925 
154   0.1550000000000001   0.20155038759689925 
155   0.1560000000000001   0.20155038759689925 
156   0.1570000000000001   0.20155038759689925 
157   0.1580000000000001   0.20155038759689925 
158   0.1590000000000001   0.20155038759689925 
159   0.16000000000000011   0.20155038759689925 
160   0.16100000000000012   0.20155038759689925 
161   0.16200000000000012   0.20155038759689925 
162   0.16300000000000012   0.20155038759689925 
163   0.16400000000000012   0.20155038759689925 
164   0.16500000000000012   0.20155038759689925 
165   0.16600000000000012   0.20155038759689925 
166   0.16700000000000012   0.20155038759689925 
167   0.16800000000000012   0.20155038759689925 
168   0.16900000000000012   0.20155038759689925 
169   0.17000000000000012   0.20155038759689925 
170   0.17100000000000012   0.20155038759689925 
171   0.17200000000000013   0.20155038759689925 
172   0.17300000000000013   0.20155038759689925 
173   0.17400000000000013   0.20155038759689925 
174   0.17500000000000013   0.20155038759689925 
175   0.17600000000000013   0.20155038759689925 
176   0.17700000000000013   0.20155038759689925 
177   0.17800000000000013   0.20155038759689925 
178   0.17900000000000013   0.20155038759689925 
179   0.18000000000000013   0.20155038759689925 
180   0.18100000000000013   0.20155038759689925 
181   0.18200000000000013   0.20155038759689925 
182   0.18300000000000013   0.20155038759689925 
183   0.18400000000000014   0.20155038759689925 
184   0.18500000000000014   0.20155038759689925 
185   0.18600000000000014   0.20155038759689925 
186   0.18700000000000014   0.20155038759689925 
187   0.18800000000000014   0.20155038759689925 
188   0.18800000000000014   0.21317829457364343 
189   0.19000000000000014   0.21317829457364343 
190   0.19100000000000014   0.21317829457364343 
191   0.19200000000000014   0.21317829457364343 
192   0.19300000000000014   0.21317829457364343 
193   0.19400000000000014   0.21317829457364343 
194   0.19500000000000015   0.21317829457364343 
195   0.19600000000000015   0.21317829457364343 
196   0.19600000000000015   0.2170542635658915 
197   0.19700000000000015   0.23255813953488375 
198   0.19800000000000015   0.248062015503876 
199   0.19900000000000015   0.25193798449612403 
200   0.20100000000000015   0.25193798449612403 
201   0.20200000000000015   0.25193798449612403 
202   0.20300000000000015   0.25193798449612403 
203   0.20400000000000015   0.25193798449612403 
204   0.20500000000000015   0.25193798449612403 
205   0.20600000000000016   0.25193798449612403 
206   0.20700000000000016   0.25193798449612403 
207   0.20800000000000016   0.25193798449612403 
208   0.20900000000000016   0.25193798449612403 
209   0.21000000000000016   0.25193798449612403 
210   0.21100000000000016   0.25193798449612403 
211   0.21200000000000016   0.25193798449612403 
212   0.21300000000000016   0.25193798449612403 
213   0.21400000000000016   0.25193798449612403 
214   0.21500000000000016   0.25193798449612403 
215   0.21600000000000016   0.25193798449612403 
216   0.21700000000000016   0.25193798449612403 
217   0.21700000000000016   0.26356589147286824 
218   0.21900000000000017   0.26356589147286824 
219   0.22000000000000017   0.26356589147286824 
220   0.22100000000000017   0.26356589147286824 
221   0.22200000000000017   0.26356589147286824 
222   0.22300000000000017   0.26356589147286824 
223   0.22400000000000017   0.26356589147286824 
224   0.22500000000000017   0.26356589147286824 
225   0.22600000000000017   0.26356589147286824 
226   0.22600000000000017   0.2790697674418605 
227   0.22700000000000017   0.2984496124031008 
228   0.22800000000000017   0.3023255813953489 
229   0.23000000000000018   0.3023255813953489 
230   0.23100000000000018   0.3023255813953489 
231   0.23200000000000018   0.3023255813953489 
232   0.23300000000000018   0.3023255813953489 
233   0.23400000000000018   0.3023255813953489 
234   0.23500000000000018   0.3023255813953489 
235   0.23600000000000018   0.3023255813953489 
236   0.23700000000000018   0.3023255813953489 
237   0.23800000000000018   0.3023255813953489 
238   0.23900000000000018   0.3023255813953489 
239   0.24000000000000019   0.3023255813953489 
240   0.2410000000000002   0.3023255813953489 
241   0.2420000000000002   0.3023255813953489 
242   0.2430000000000002   0.3023255813953489 
243   0.2440000000000002   0.3023255813953489 
244   0.2450000000000002   0.3023255813953489 
245   0.2460000000000002   0.3023255813953489 
246   0.2460000000000002   0.3139534883720931 
247   0.2480000000000002   0.3139534883720931 
248   0.2490000000000002   0.3139534883720931 
249   0.25000000000000017   0.3139534883720931 
250   0.25100000000000017   0.3139534883720931 
251   0.25200000000000017   0.3139534883720931 
252   0.25300000000000017   0.3139534883720931 
253   0.25400000000000017   0.3139534883720931 
254   0.25500000000000017   0.3139534883720931 
255   0.25500000000000017   0.3294573643410853 
256   0.25600000000000017   0.3449612403100776 
257   0.2570000000000002   0.3527131782945737 
258   0.2590000000000002   0.3527131782945737 
259   0.2600000000000002   0.3527131782945737 
260   0.2610000000000002   0.3527131782945737 
261   0.2620000000000002   0.3527131782945737 
262   0.2630000000000002   0.3527131782945737 
263   0.2640000000000002   0.3527131782945737 
264   0.2650000000000002   0.3527131782945737 
265   0.2660000000000002   0.3527131782945737 
266   0.2670000000000002   0.3527131782945737 
267   0.2680000000000002   0.3527131782945737 
268   0.2690000000000002   0.3527131782945737 
269   0.2700000000000002   0.3527131782945737 
270   0.2710000000000002   0.3527131782945737 
271   0.2720000000000002   0.3527131782945737 
272   0.2730000000000002   0.3527131782945737 
273   0.2740000000000002   0.3527131782945737 
274   0.2750000000000002   0.3527131782945737 
275   0.2750000000000002   0.3643410852713179 
276   0.2770000000000002   0.3643410852713179 
277   0.2780000000000002   0.3643410852713179 
278   0.2790000000000002   0.3643410852713179 
279   0.2800000000000002   0.3643410852713179 
280   0.2810000000000002   0.3643410852713179 
281   0.2820000000000002   0.3643410852713179 
282   0.2830000000000002   0.3643410852713179 
283   0.2840000000000002   0.3643410852713179 
284   0.2840000000000002   0.3798449612403102 
285   0.2850000000000002   0.3953488372093025 
286   0.2860000000000002   0.4031007751937986 
287   0.2880000000000002   0.4031007751937986 
288   0.2890000000000002   0.4031007751937986 
289   0.2900000000000002   0.4031007751937986 
290   0.2910000000000002   0.4031007751937986 
291   0.2920000000000002   0.4031007751937986 
292   0.2930000000000002   0.4031007751937986 
293   0.2940000000000002   0.4031007751937986 
294   0.2950000000000002   0.4031007751937986 
295   0.2960000000000002   0.4031007751937986 
296   0.2970000000000002   0.4031007751937986 
297   0.2980000000000002   0.4031007751937986 
298   0.2990000000000002   0.4031007751937986 
299   0.3000000000000002   0.4031007751937986 
300   0.3010000000000002   0.4031007751937986 
301   0.3020000000000002   0.4031007751937986 
302   0.3030000000000002   0.4031007751937986 
303   0.3040000000000002   0.4031007751937986 
304   0.3040000000000002   0.4147286821705428 
305   0.3060000000000002   0.4147286821705428 
306   0.3070000000000002   0.4147286821705428 
307   0.3080000000000002   0.4147286821705428 
308   0.3090000000000002   0.4147286821705428 
309   0.3100000000000002   0.4147286821705428 
310   0.3110000000000002   0.4147286821705428 
311   0.3120000000000002   0.4147286821705428 
312   0.3130000000000002   0.4147286821705428 
313   0.3130000000000002   0.4302325581395351 
314   0.3140000000000002   0.44573643410852737 
315   0.3150000000000002   0.4534883720930235 
316   0.3170000000000002   0.4534883720930235 
317   0.3180000000000002   0.4534883720930235 
318   0.31900000000000023   0.4534883720930235 
319   0.32000000000000023   0.4534883720930235 
320   0.32100000000000023   0.4534883720930235 
321   0.32200000000000023   0.4534883720930235 
322   0.32300000000000023   0.4534883720930235 
323   0.32400000000000023   0.4534883720930235 
324   0.32500000000000023   0.4534883720930235 
325   0.32600000000000023   0.4534883720930235 
326   0.32700000000000023   0.4534883720930235 
327   0.32800000000000024   0.4534883720930235 
328   0.32900000000000024   0.4534883720930235 
329   0.33000000000000024   0.4534883720930235 
330   0.33100000000000024   0.4534883720930235 
331   0.33200000000000024   0.4534883720930235 
332   0.33300000000000024   0.4534883720930235 
333   0.33400000000000024   0.4534883720930235 
334   0.33500000000000024   0.4534883720930235 
335   0.33600000000000024   0.4534883720930235 
336   0.33700000000000024   0.4534883720930235 
337   0.33800000000000024   0.4534883720930235 
338   0.33900000000000025   0.4534883720930235 
339   0.34000000000000025   0.4534883720930235 
340   0.34100000000000025   0.4534883720930235 
341   0.34200000000000025   0.4534883720930235 
342   0.34300000000000025   0.4534883720930235 
343   0.34400000000000025   0.4534883720930235 
344   0.34500000000000025   0.4534883720930235 
345   0.34600000000000025   0.4534883720930235 
346   0.34700000000000025   0.4534883720930235 
347   0.34800000000000025   0.4534883720930235 
348   0.34900000000000025   0.4534883720930235 
349   0.35000000000000026   0.4534883720930235 
350   0.35100000000000026   0.4534883720930235 
351   0.35200000000000026   0.4534883720930235 
352   0.35300000000000026   0.4534883720930235 
353   0.35400000000000026   0.4534883720930235 
354   0.35500000000000026   0.4534883720930235 
355   0.35600000000000026   0.4534883720930235 
356   0.35700000000000026   0.4534883720930235 
357   0.35800000000000026   0.4534883720930235 
358   0.35900000000000026   0.4534883720930235 
359   0.36000000000000026   0.4534883720930235 
360   0.36100000000000027   0.4534883720930235 
361   0.36200000000000027   0.4534883720930235 
362   0.36300000000000027   0.4534883720930235 
363   0.36400000000000027   0.4534883720930235 
364   0.36500000000000027   0.4534883720930235 
365   0.36600000000000027   0.4534883720930235 
366   0.36700000000000027   0.4534883720930235 
367   0.36800000000000027   0.4534883720930235 
368   0.36900000000000027   0.4534883720930235 
369   0.3700000000000003   0.4534883720930235 
370   0.3700000000000003   0.4573643410852716 
371   0.3710000000000003   0.4651162790697677 
372   0.3730000000000003   0.4651162790697677 
373   0.3740000000000003   0.4651162790697677 
374   0.3750000000000003   0.4651162790697677 
375   0.3760000000000003   0.4651162790697677 
376   0.3770000000000003   0.4651162790697677 
377   0.3780000000000003   0.4651162790697677 
378   0.3790000000000003   0.4651162790697677 
379   0.3790000000000003   0.47286821705426385 
380   0.3800000000000003   0.4883720930232561 
381   0.3810000000000003   0.5038759689922484 
382   0.3830000000000003   0.5038759689922484 
383   0.3840000000000003   0.5038759689922484 
384   0.3850000000000003   0.5038759689922484 
385   0.3860000000000003   0.5038759689922484 
386   0.3870000000000003   0.5038759689922484 
387   0.3880000000000003   0.5038759689922484 
388   0.3890000000000003   0.5038759689922484 
389   0.3900000000000003   0.5038759689922484 
390   0.3910000000000003   0.5038759689922484 
391   0.3920000000000003   0.5038759689922484 
392   0.3930000000000003   0.5038759689922484 
393   0.3940000000000003   0.5038759689922484 
394   0.3950000000000003   0.5038759689922484 
395   0.3960000000000003   0.5038759689922484 
396   0.3970000000000003   0.5038759689922484 
397   0.3980000000000003   0.5038759689922484 
398   0.3990000000000003   0.5038759689922484 
399   0.4000000000000003   0.5038759689922484 
400   0.4000000000000003   0.5155038759689926 
401   0.4020000000000003   0.5155038759689926 
402   0.4030000000000003   0.5155038759689926 
403   0.4040000000000003   0.5155038759689926 
404   0.4050000000000003   0.5155038759689926 
405   0.4060000000000003   0.5155038759689926 
406   0.4070000000000003   0.5155038759689926 
407   0.4080000000000003   0.5155038759689926 
408   0.4080000000000003   0.5193798449612407 
409   0.4090000000000003   0.538759689922481 
410   0.4100000000000003   0.5542635658914733 
411   0.4120000000000003   0.5542635658914733 
412   0.4130000000000003   0.5542635658914733 
413   0.4140000000000003   0.5542635658914733 
414   0.4150000000000003   0.5542635658914733 
415   0.4160000000000003   0.5542635658914733 
416   0.4170000000000003   0.5542635658914733 
417   0.4180000000000003   0.5542635658914733 
418   0.4190000000000003   0.5542635658914733 
419   0.4200000000000003   0.5542635658914733 
420   0.4210000000000003   0.5542635658914733 
421   0.4220000000000003   0.5542635658914733 
422   0.4230000000000003   0.5542635658914733 
423   0.4240000000000003   0.5542635658914733 
424   0.4250000000000003   0.5542635658914733 
425   0.4260000000000003   0.5542635658914733 
426   0.4270000000000003   0.5542635658914733 
427   0.4280000000000003   0.5542635658914733 
428   0.4290000000000003   0.5542635658914733 
429   0.4290000000000003   0.5658914728682175 
430   0.4310000000000003   0.5658914728682175 
431   0.43200000000000033   0.5658914728682175 
432   0.43300000000000033   0.5658914728682175 
433   0.43400000000000033   0.5658914728682175 
434   0.43500000000000033   0.5658914728682175 
435   0.43600000000000033   0.5658914728682175 
436   0.43700000000000033   0.5658914728682175 
437   0.43700000000000033   0.5697674418604656 
438   0.43800000000000033   0.5891472868217059 
439   0.43900000000000033   0.6046511627906982 
440   0.44100000000000034   0.6046511627906982 
441   0.44200000000000034   0.6046511627906982 
442   0.44300000000000034   0.6046511627906982 
443   0.44400000000000034   0.6046511627906982 
444   0.44500000000000034   0.6046511627906982 
445   0.44600000000000034   0.6046511627906982 
446   0.44700000000000034   0.6046511627906982 
447   0.44800000000000034   0.6046511627906982 
448   0.44900000000000034   0.6046511627906982 
449   0.45000000000000034   0.6046511627906982 
450   0.45100000000000035   0.6046511627906982 
451   0.45200000000000035   0.6046511627906982 
452   0.45300000000000035   0.6046511627906982 
453   0.45400000000000035   0.6046511627906982 
454   0.45500000000000035   0.6046511627906982 
455   0.45600000000000035   0.6046511627906982 
456   0.45700000000000035   0.6046511627906982 
457   0.45800000000000035   0.6046511627906982 
458   0.45800000000000035   0.6162790697674424 
459   0.46000000000000035   0.6162790697674424 
460   0.46100000000000035   0.6162790697674424 
461   0.46200000000000035   0.6162790697674424 
462   0.46300000000000036   0.6162790697674424 
463   0.46400000000000036   0.6162790697674424 
464   0.46500000000000036   0.6162790697674424 
465   0.46600000000000036   0.6162790697674424 
466   0.46600000000000036   0.6201550387596905 
467   0.46700000000000036   0.6356589147286827 
468   0.46800000000000036   0.6550387596899231 
469   0.47000000000000036   0.6550387596899231 
470   0.47100000000000036   0.6550387596899231 
471   0.47200000000000036   0.6550387596899231 
472   0.47300000000000036   0.6550387596899231 
473   0.47400000000000037   0.6550387596899231 
474   0.47500000000000037   0.6550387596899231 
475   0.47600000000000037   0.6550387596899231 
476   0.47700000000000037   0.6550387596899231 
477   0.47800000000000037   0.6550387596899231 
478   0.47900000000000037   0.6550387596899231 
479   0.48000000000000037   0.6550387596899231 
480   0.48100000000000037   0.6550387596899231 
481   0.4820000000000004   0.6550387596899231 
482   0.4830000000000004   0.6550387596899231 
483   0.4840000000000004   0.6550387596899231 
484   0.4850000000000004   0.6550387596899231 
485   0.4860000000000004   0.6550387596899231 
486   0.4870000000000004   0.6550387596899231 
487   0.4870000000000004   0.6666666666666673 
488   0.4890000000000004   0.6666666666666673 
489   0.4900000000000004   0.6666666666666673 
490   0.4910000000000004   0.6666666666666673 
491   0.4920000000000004   0.6666666666666673 
492   0.4930000000000004   0.6666666666666673 
493   0.4940000000000004   0.6666666666666673 
494   0.4950000000000004   0.6666666666666673 
495   0.4960000000000004   0.6666666666666673 
496   0.4960000000000004   0.6821705426356596 
497   0.4970000000000004   0.6976744186046518 
498   0.4980000000000004   0.705426356589148 
499   0.5000000000000003   0.705426356589148 
500   0.5010000000000003   0.705426356589148 
501   0.5020000000000003   0.705426356589148 
502   0.5030000000000003   0.705426356589148 
503   0.5040000000000003   0.705426356589148 
504   0.5050000000000003   0.705426356589148 
505   0.5060000000000003   0.705426356589148 
506   0.5070000000000003   0.705426356589148 
507   0.5080000000000003   0.705426356589148 
508   0.5090000000000003   0.705426356589148 
509   0.5100000000000003   0.705426356589148 
510   0.5110000000000003   0.705426356589148 
511   0.5120000000000003   0.705426356589148 
512   0.5130000000000003   0.705426356589148 
513   0.5140000000000003   0.705426356589148 
514   0.5150000000000003   0.705426356589148 
515   0.5160000000000003   0.705426356589148 
516   0.5170000000000003   0.705426356589148 
517   0.5180000000000003   0.705426356589148 
518   0.5190000000000003   0.705426356589148 
519   0.5200000000000004   0.705426356589148 
520   0.5210000000000004   0.705426356589148 
521   0.5220000000000004   0.705426356589148 
522   0.5230000000000004   0.705426356589148 
523   0.5240000000000004   0.705426356589148 
524   0.5250000000000004   0.705426356589148 
525   0.5260000000000004   0.705426356589148 
526   0.5270000000000004   0.705426356589148 
527   0.5280000000000004   0.705426356589148 
528   0.5290000000000004   0.705426356589148 
529   0.5300000000000004   0.705426356589148 
530   0.5310000000000004   0.705426356589148 
531   0.5320000000000004   0.705426356589148 
532   0.5330000000000004   0.705426356589148 
533   0.5340000000000004   0.705426356589148 
534   0.5350000000000004   0.705426356589148 
535   0.5360000000000004   0.705426356589148 
536   0.5370000000000004   0.705426356589148 
537   0.5380000000000004   0.705426356589148 
538   0.5390000000000004   0.705426356589148 
539   0.5400000000000004   0.705426356589148 
540   0.5410000000000004   0.705426356589148 
541   0.5420000000000004   0.705426356589148 
542   0.5430000000000004   0.705426356589148 
543   0.5440000000000004   0.705426356589148 
544   0.5450000000000004   0.705426356589148 
545   0.5460000000000004   0.705426356589148 
546   0.5470000000000004   0.705426356589148 
547   0.5480000000000004   0.705426356589148 
548   0.5490000000000004   0.705426356589148 
549   0.5500000000000004   0.705426356589148 
550   0.5510000000000004   0.705426356589148 
551   0.5520000000000004   0.705426356589148 
552   0.5530000000000004   0.705426356589148 
553   0.5530000000000004   0.7170542635658922 
554   0.5550000000000004   0.7170542635658922 
555   0.5560000000000004   0.7170542635658922 
556   0.5570000000000004   0.7170542635658922 
557   0.5580000000000004   0.7170542635658922 
558   0.5590000000000004   0.7170542635658922 
559   0.5600000000000004   0.7170542635658922 
560   0.5610000000000004   0.7170542635658922 
561   0.5620000000000004   0.7170542635658922 
562   0.5620000000000004   0.7325581395348845 
563   0.5630000000000004   0.7480620155038767 
564   0.5640000000000004   0.7558139534883729 
565   0.5660000000000004   0.7558139534883729 
566   0.5670000000000004   0.7558139534883729 
567   0.5680000000000004   0.7558139534883729 
568   0.5690000000000004   0.7558139534883729 
569   0.5700000000000004   0.7558139534883729 
570   0.5710000000000004   0.7558139534883729 
571   0.5720000000000004   0.7558139534883729 
572   0.5730000000000004   0.7558139534883729 
573   0.5740000000000004   0.7558139534883729 
574   0.5750000000000004   0.7558139534883729 
575   0.5760000000000004   0.7558139534883729 
576   0.5770000000000004   0.7558139534883729 
577   0.5780000000000004   0.7558139534883729 
578   0.5790000000000004   0.7558139534883729 
579   0.5800000000000004   0.7558139534883729 
580   0.5810000000000004   0.7558139534883729 
581   0.5820000000000004   0.7558139534883729 
582   0.5820000000000004   0.7674418604651171 
583   0.5840000000000004   0.7674418604651171 
584   0.5850000000000004   0.7674418604651171 
585   0.5860000000000004   0.7674418604651171 
586   0.5870000000000004   0.7674418604651171 
587   0.5880000000000004   0.7674418604651171 
588   0.5890000000000004   0.7674418604651171 
589   0.5900000000000004   0.7674418604651171 
590   0.5910000000000004   0.7674418604651171 
591   0.5910000000000004   0.7829457364341094 
592   0.5920000000000004   0.7984496124031016 
593   0.5930000000000004   0.8062015503875978 
594   0.5950000000000004   0.8062015503875978 
595   0.5960000000000004   0.8062015503875978 
596   0.5970000000000004   0.8062015503875978 
597   0.5980000000000004   0.8062015503875978 
598   0.5990000000000004   0.8062015503875978 
599   0.6000000000000004   0.8062015503875978 
600   0.6010000000000004   0.8062015503875978 
601   0.6020000000000004   0.8062015503875978 
602   0.6030000000000004   0.8062015503875978 
603   0.6040000000000004   0.8062015503875978 
604   0.6050000000000004   0.8062015503875978 
605   0.6060000000000004   0.8062015503875978 
606   0.6070000000000004   0.8062015503875978 
607   0.6080000000000004   0.8062015503875978 
608   0.6090000000000004   0.8062015503875978 
609   0.6100000000000004   0.8062015503875978 
610   0.6110000000000004   0.8062015503875978 
611   0.6110000000000004   0.817829457364342 
612   0.6130000000000004   0.817829457364342 
613   0.6140000000000004   0.817829457364342 
614   0.6150000000000004   0.817829457364342 
615   0.6160000000000004   0.817829457364342 
616   0.6170000000000004   0.817829457364342 
617   0.6180000000000004   0.817829457364342 
618   0.6190000000000004   0.817829457364342 
619   0.6200000000000004   0.817829457364342 
620   0.6200000000000004   0.8333333333333343 
621   0.6210000000000004   0.8488372093023265 
622   0.6220000000000004   0.8565891472868227 
623   0.6240000000000004   0.8565891472868227 
624   0.6250000000000004   0.8565891472868227 
625   0.6260000000000004   0.8565891472868227 
626   0.6270000000000004   0.8565891472868227 
627   0.6280000000000004   0.8565891472868227 
628   0.6290000000000004   0.8565891472868227 
629   0.6300000000000004   0.8565891472868227 
630   0.6310000000000004   0.8565891472868227 
631   0.6320000000000005   0.8565891472868227 
632   0.6330000000000005   0.8565891472868227 
633   0.6340000000000005   0.8565891472868227 
634   0.6350000000000005   0.8565891472868227 
635   0.6360000000000005   0.8565891472868227 
636   0.6370000000000005   0.8565891472868227 
637   0.6380000000000005   0.8565891472868227 
638   0.6390000000000005   0.8565891472868227 
639   0.6400000000000005   0.8565891472868227 
640   0.6400000000000005   0.8682170542635669 
641   0.6420000000000005   0.8682170542635669 
642   0.6430000000000005   0.8682170542635669 
643   0.6440000000000005   0.8682170542635669 
644   0.6450000000000005   0.8682170542635669 
645   0.6460000000000005   0.8682170542635669 
646   0.6470000000000005   0.8682170542635669 
647   0.6480000000000005   0.8682170542635669 
648   0.6490000000000005   0.8682170542635669 
649   0.6490000000000005   0.8837209302325592 
650   0.6500000000000005   0.8992248062015514 
651   0.6510000000000005   0.9069767441860476 
652   0.6530000000000005   0.9069767441860476 
653   0.6540000000000005   0.9069767441860476 
654   0.6550000000000005   0.9069767441860476 
655   0.6560000000000005   0.9069767441860476 
656   0.6570000000000005   0.9069767441860476 
657   0.6580000000000005   0.9069767441860476 
658   0.6590000000000005   0.9069767441860476 
659   0.6600000000000005   0.9069767441860476 
660   0.6610000000000005   0.9069767441860476 
661   0.6620000000000005   0.9069767441860476 
662   0.6630000000000005   0.9069767441860476 
663   0.6640000000000005   0.9069767441860476 
664   0.6650000000000005   0.9069767441860476 
665   0.6660000000000005   0.9069767441860476 
666   0.6670000000000005   0.9069767441860476 
667   0.6680000000000005   0.9069767441860476 
668   0.6690000000000005   0.9069767441860476 
669   0.6690000000000005   0.9186046511627918 
670   0.6710000000000005   0.9186046511627918 
671   0.6720000000000005   0.9186046511627918 
672   0.6730000000000005   0.9186046511627918 
673   0.6740000000000005   0.9186046511627918 
674   0.6750000000000005   0.9186046511627918 
675   0.6760000000000005   0.9186046511627918 
676   0.6770000000000005   0.9186046511627918 
677   0.6780000000000005   0.9186046511627918 
678   0.6780000000000005   0.934108527131784 
679   0.6790000000000005   0.9496124031007763 
680   0.6800000000000005   0.9573643410852725 
681   0.6820000000000005   0.9573643410852725 
682   0.6830000000000005   0.9573643410852725 
683   0.6840000000000005   0.9573643410852725 
684   0.6850000000000005   0.9573643410852725 
685   0.6860000000000005   0.9573643410852725 
686   0.6870000000000005   0.9573643410852725 
687   0.6880000000000005   0.9573643410852725 
688   0.6890000000000005   0.9573643410852725 
689   0.6900000000000005   0.9573643410852725 
690   0.6910000000000005   0.9573643410852725 
691   0.6920000000000005   0.9573643410852725 
692   0.6930000000000005   0.9573643410852725 
693   0.6940000000000005   0.9573643410852725 
694   0.6950000000000005   0.9573643410852725 
695   0.6960000000000005   0.9573643410852725 
696   0.6970000000000005   0.9573643410852725 
697   0.6980000000000005   0.9573643410852725 
698   0.6990000000000005   0.9573643410852725 
699   0.7000000000000005   0.9573643410852725 
700   0.7010000000000005   0.9573643410852725 
701   0.7020000000000005   0.9573643410852725 
702   0.7030000000000005   0.9573643410852725 
703   0.7040000000000005   0.9573643410852725 
704   0.7050000000000005   0.9573643410852725 
705   0.7060000000000005   0.9573643410852725 
706   0.7070000000000005   0.9573643410852725 
707   0.7080000000000005   0.9573643410852725 
708   0.7090000000000005   0.9573643410852725 
709   0.7100000000000005   0.9573643410852725 
710   0.7110000000000005   0.9573643410852725 
711   0.7120000000000005   0.9573643410852725 
712   0.7130000000000005   0.9573643410852725 
713   0.7140000000000005   0.9573643410852725 
714   0.7150000000000005   0.9573643410852725 
715   0.7160000000000005   0.9573643410852725 
716   0.7170000000000005   0.9573643410852725 
717   0.7180000000000005   0.9573643410852725 
718   0.7180000000000005   0.9689922480620167 
719   0.7200000000000005   0.9689922480620167 
720   0.7210000000000005   0.9689922480620167 
721   0.7220000000000005   0.9689922480620167 
722   0.7230000000000005   0.9689922480620167 
723   0.7240000000000005   0.9689922480620167 
724   0.7250000000000005   0.9689922480620167 
725   0.7260000000000005   0.9689922480620167 
726   0.7270000000000005   0.9689922480620167 
727   0.7280000000000005   0.9689922480620167 
728   0.7290000000000005   0.9689922480620167 
729   0.7300000000000005   0.9689922480620167 
730   0.7310000000000005   0.9689922480620167 
731   0.7320000000000005   0.9689922480620167 
732   0.7330000000000005   0.9689922480620167 
733   0.7340000000000005   0.9689922480620167 
734   0.7350000000000005   0.9689922480620167 
735   0.7360000000000005   0.9689922480620167 
736   0.7370000000000005   0.9689922480620167 
737   0.7380000000000005   0.9689922480620167 
738   0.7390000000000005   0.9689922480620167 
739   0.7400000000000005   0.9689922480620167 
740   0.7410000000000005   0.9689922480620167 
741   0.7420000000000005   0.9689922480620167 
742   0.7430000000000005   0.9689922480620167 
743   0.7440000000000005   0.9689922480620167 
744   0.7450000000000006   0.9689922480620167 
745   0.7460000000000006   0.9689922480620167 
746   0.7470000000000006   0.9689922480620167 
747   0.7480000000000006   0.9689922480620167 
748   0.7490000000000006   0.9689922480620167 
749   0.7500000000000006   0.9689922480620167 
750   0.7510000000000006   0.9689922480620167 
751   0.7520000000000006   0.9689922480620167 
752   0.7530000000000006   0.9689922480620167 
753   0.7540000000000006   0.9689922480620167 
754   0.7550000000000006   0.9689922480620167 
755   0.7560000000000006   0.9689922480620167 
756   0.7570000000000006   0.9689922480620167 
757   0.7580000000000006   0.9689922480620167 
758   0.7590000000000006   0.9689922480620167 
759   0.7600000000000006   0.9689922480620167 
760   0.7610000000000006   0.9689922480620167 
761   0.7620000000000006   0.9689922480620167 
762   0.7630000000000006   0.9689922480620167 
763   0.7640000000000006   0.9689922480620167 
764   0.7650000000000006   0.9689922480620167 
765   0.7660000000000006   0.9689922480620167 
766   0.7670000000000006   0.9689922480620167 
767   0.7680000000000006   0.9689922480620167 
768   0.7690000000000006   0.9689922480620167 
769   0.7700000000000006   0.9689922480620167 
770   0.7710000000000006   0.9689922480620167 
771   0.7720000000000006   0.9689922480620167 
772   0.7730000000000006   0.9689922480620167 
773   0.7740000000000006   0.9689922480620167 
774   0.7750000000000006   0.9689922480620167 
775   0.7760000000000006   0.9689922480620167 
776   0.7770000000000006   0.9689922480620167 
777   0.7780000000000006   0.9689922480620167 
778   0.7790000000000006   0.9689922480620167 
779   0.7800000000000006   0.9689922480620167 
780   0.7810000000000006   0.9689922480620167 
781   0.7820000000000006   0.9689922480620167 
782   0.7830000000000006   0.9689922480620167 
783   0.7840000000000006   0.9689922480620167 
784   0.7850000000000006   0.9689922480620167 
785   0.7860000000000006   0.9689922480620167 
786   0.7870000000000006   0.9689922480620167 
787   0.7880000000000006   0.9689922480620167 
788   0.7890000000000006   0.9689922480620167 
789   0.7900000000000006   0.9689922480620167 
790   0.7910000000000006   0.9689922480620167 
791   0.7920000000000006   0.9689922480620167 
792   0.7930000000000006   0.9689922480620167 
793   0.7940000000000006   0.9689922480620167 
794   0.7950000000000006   0.9689922480620167 
795   0.7960000000000006   0.9689922480620167 
796   0.7960000000000006   0.9728682170542647 
797   0.7980000000000006   0.9728682170542647 
798   0.7990000000000006   0.9728682170542647 
799   0.8000000000000006   0.9728682170542647 
800   0.8010000000000006   0.9728682170542647 
801   0.8020000000000006   0.9728682170542647 
802   0.8030000000000006   0.9728682170542647 
803   0.8030000000000006   0.984496124031009 
804   0.8050000000000006   0.984496124031009 
805   0.8060000000000006   0.984496124031009 
806   0.8070000000000006   0.984496124031009 
807   0.8080000000000006   0.984496124031009 
808   0.8090000000000006   0.984496124031009 
809   0.8100000000000006   0.984496124031009 
810   0.8110000000000006   0.984496124031009 
811   0.8120000000000006   0.984496124031009 
812   0.8130000000000006   0.984496124031009 
813   0.8140000000000006   0.984496124031009 
814   0.8150000000000006   0.984496124031009 
815   0.8160000000000006   0.984496124031009 
816   0.8170000000000006   0.984496124031009 
817   0.8180000000000006   0.984496124031009 
818   0.8190000000000006   0.984496124031009 
819   0.8200000000000006   0.984496124031009 
820   0.8210000000000006   0.984496124031009 
821   0.8220000000000006   0.984496124031009 
822   0.8230000000000006   0.984496124031009 
823   0.8240000000000006   0.984496124031009 
824   0.8250000000000006   0.984496124031009 
825   0.8260000000000006   0.984496124031009 
826   0.8270000000000006   0.984496124031009 
827   0.8280000000000006   0.984496124031009 
828   0.8290000000000006   0.984496124031009 
829   0.8300000000000006   0.984496124031009 
830   0.8310000000000006   0.984496124031009 
831   0.8320000000000006   0.984496124031009 
832   0.8330000000000006   0.984496124031009 
833   0.8340000000000006   0.984496124031009 
834   0.8350000000000006   0.984496124031009 
835   0.8350000000000006   0.9922480620155051 
836   0.8370000000000006   0.9922480620155051 
837   0.8380000000000006   0.9922480620155051 
838   0.8390000000000006   0.9922480620155051 
839   0.8400000000000006   0.9922480620155051 
840   0.8410000000000006   0.9922480620155051 
841   0.8420000000000006   0.9922480620155051 
842   0.8430000000000006   0.9922480620155051 
843   0.8440000000000006   0.9922480620155051 
844   0.8450000000000006   0.9922480620155051 
845   0.8460000000000006   0.9922480620155051 
846   0.8470000000000006   0.9922480620155051 
847   0.8480000000000006   0.9922480620155051 
848   0.8480000000000006   1.000000000000001 
849   0.8500000000000006   1.000000000000001 
850   0.8510000000000006   1.000000000000001 
851   0.8520000000000006   1.000000000000001 
852   0.8530000000000006   1.000000000000001 
853   0.8540000000000006   1.000000000000001 
854   0.8550000000000006   1.000000000000001 
855   0.8560000000000006   1.000000000000001 
856   0.8570000000000007   1.000000000000001 
857   0.8580000000000007   1.000000000000001 
858   0.8590000000000007   1.000000000000001 
859   0.8600000000000007   1.000000000000001 
860   0.8610000000000007   1.000000000000001 
861   0.8620000000000007   1.000000000000001 
862   0.8630000000000007   1.000000000000001 
863   0.8640000000000007   1.000000000000001 
864   0.8650000000000007   1.000000000000001 
865   0.8660000000000007   1.000000000000001 
866   0.8670000000000007   1.000000000000001 
867   0.8680000000000007   1.000000000000001 
868   0.8690000000000007   1.000000000000001 
869   0.8700000000000007   1.000000000000001 
870   0.8710000000000007   1.000000000000001 
871   0.8720000000000007   1.000000000000001 
872   0.8730000000000007   1.000000000000001 
873   0.8740000000000007   1.000000000000001 
874   0.8750000000000007   1.000000000000001 
875   0.8760000000000007   1.000000000000001 
876   0.8770000000000007   1.000000000000001 
877   0.8780000000000007   1.000000000000001 
878   0.8790000000000007   1.000000000000001 
879   0.8800000000000007   1.000000000000001 
880   0.8810000000000007   1.000000000000001 
881   0.8820000000000007   1.000000000000001 
882   0.8830000000000007   1.000000000000001 
883   0.8840000000000007   1.000000000000001 
884   0.8850000000000007   1.000000000000001 
885   0.8860000000000007   1.000000000000001 
886   0.8870000000000007   1.000000000000001 
887   0.8880000000000007   1.000000000000001 
888   0.8890000000000007   1.000000000000001 
889   0.8900000000000007   1.000000000000001 
890   0.8910000000000007   1.000000000000001 
891   0.8920000000000007   1.000000000000001 
892   0.8930000000000007   1.000000000000001 
893   0.8940000000000007   1.000000000000001 
894   0.8950000000000007   1.000000000000001 
895   0.8960000000000007   1.000000000000001 
896   0.8970000000000007   1.000000000000001 
897   0.8980000000000007   1.000000000000001 
898   0.8990000000000007   1.000000000000001 
899   0.9000000000000007   1.000000000000001 
900   0.9010000000000007   1.000000000000001 
901   0.9020000000000007   1.000000000000001 
902   0.9030000000000007   1.000000000000001 
903   0.9040000000000007   1.000000000000001 
904   0.9050000000000007   1.000000000000001 
905   0.9060000000000007   1.000000000000001 
906   0.9070000000000007   1.000000000000001 
907   0.9080000000000007   1.000000000000001 
908   0.9090000000000007   1.000000000000001 
909   0.9100000000000007   1.000000000000001 
910   0.9110000000000007   1.000000000000001 
911   0.9120000000000007   1.000000000000001 
912   0.9130000000000007   1.000000000000001 
913   0.9140000000000007   1.000000000000001 
914   0.9150000000000007   1.000000000000001 
915   0.9160000000000007   1.000000000000001 
916   0.9170000000000007   1.000000000000001 
917   0.9180000000000007   1.000000000000001 
918   0.9190000000000007   1.000000000000001 
919   0.9200000000000007   1.000000000000001 
920   0.9210000000000007   1.000000000000001 
921   0.9220000000000007   1.000000000000001 
922   0.9230000000000007   1.000000000000001 
923   0.9240000000000007   1.000000000000001 
924   0.9250000000000007   1.000000000000001 
925   0.9260000000000007   1.000000000000001 
926   0.9270000000000007   1.000000000000001 
927   0.9280000000000007   1.000000000000001 
928   0.9290000000000007   1.000000000000001 
929   0.9300000000000007   1.000000000000001 
930   0.9310000000000007   1.000000000000001 
931   0.9320000000000007   1.000000000000001 
932   0.9330000000000007   1.000000000000001 
933   0.9340000000000007   1.000000000000001 
934   0.9350000000000007   1.000000000000001 
935   0.9360000000000007   1.000000000000001 
936   0.9370000000000007   1.000000000000001 
937   0.9380000000000007   1.000000000000001 
938   0.9390000000000007   1.000000000000001 
939   0.9400000000000007   1.000000000000001 
940   0.9410000000000007   1.000000000000001 
941   0.9420000000000007   1.000000000000001 
942   0.9430000000000007   1.000000000000001 
943   0.9440000000000007   1.000000000000001 
944   0.9450000000000007   1.000000000000001 
945   0.9460000000000007   1.000000000000001 
946   0.9470000000000007   1.000000000000001 
947   0.9480000000000007   1.000000000000001 
948   0.9490000000000007   1.000000000000001 
949   0.9500000000000007   1.000000000000001 
950   0.9510000000000007   1.000000000000001 
951   0.9520000000000007   1.000000000000001 
952   0.9530000000000007   1.000000000000001 
953   0.9540000000000007   1.000000000000001 
954   0.9550000000000007   1.000000000000001 
955   0.9560000000000007   1.000000000000001 
956   0.9570000000000007   1.000000000000001 
957   0.9580000000000007   1.000000000000001 
958   0.9590000000000007   1.000000000000001 
959   0.9600000000000007   1.000000000000001 
960   0.9610000000000007   1.000000000000001 
961   0.9620000000000007   1.000000000000001 
962   0.9630000000000007   1.000000000000001 
963   0.9640000000000007   1.000000000000001 
964   0.9650000000000007   1.000000000000001 
965   0.9660000000000007   1.000000000000001 
966   0.9670000000000007   1.000000000000001 
967   0.9680000000000007   1.000000000000001 
968   0.9690000000000007   1.000000000000001 
969   0.9700000000000008   1.000000000000001 
970   0.9710000000000008   1.000000000000001 
971   0.9720000000000008   1.000000000000001 
972   0.9730000000000008   1.000000000000001 
973   0.9740000000000008   1.000000000000001 
974   0.9750000000000008   1.000000000000001 
975   0.9760000000000008   1.000000000000001 
976   0.9770000000000008   1.000000000000001 
977   0.9780000000000008   1.000000000000001 
978   0.9790000000000008   1.000000000000001 
979   0.9800000000000008   1.000000000000001 
980   0.9810000000000008   1.000000000000001 
981   0.9820000000000008   1.000000000000001 
982   0.9830000000000008   1.000000000000001 
983   0.9840000000000008   1.000000000000001 
984   0.9850000000000008   1.000000000000001 
985   0.9860000000000008   1.000000000000001 
986   0.9870000000000008   1.000000000000001 
987   0.9880000000000008   1.000000000000001 
988   0.9890000000000008   1.000000000000001 
989   0.9900000000000008   1.000000000000001 
990   0.9910000000000008   1.000000000000001 
991   0.9920000000000008   1.000000000000001 
992   0.9930000000000008   1.000000000000001 
993   0.9940000000000008   1.000000000000001 
994   0.9950000000000008   1.000000000000001 
995   0.9960000000000008   1.000000000000001 
996   0.9970000000000008   1.000000000000001 
997   0.9980000000000008   1.000000000000001 
998   0.9990000000000008   1.000000000000001 
999   1.0000000000000007   1.000000000000001 
