0   0.001   0 
1   0.002   0 
2   0.002   0.06382978723404255 
3   0.003   0.0851063829787234 
4   0.004   0.1276595744680851 
5   0.006   0.1276595744680851 
6   0.006   0.14893617021276595 
7   0.008   0.14893617021276595 
8   0.008   0.1702127659574468 
9   0.010000000000000002   0.1702127659574468 
10   0.011000000000000003   0.1702127659574468 
11   0.012000000000000004   0.1702127659574468 
12   0.013000000000000005   0.1702127659574468 
13   0.014000000000000005   0.1702127659574468 
14   0.014000000000000005   0.19148936170212766 
15   0.016000000000000007   0.19148936170212766 
16   0.017000000000000008   0.19148936170212766 
17   0.01800000000000001   0.19148936170212766 
18   0.01900000000000001   0.19148936170212766 
19   0.01900000000000001   0.2127659574468085 
20   0.02100000000000001   0.2127659574468085 
21   0.022000000000000013   0.2127659574468085 
22   0.023000000000000013   0.2127659574468085 
23   0.024000000000000014   0.2127659574468085 
24   0.025000000000000015   0.2127659574468085 
25   0.026000000000000016   0.2127659574468085 
26   0.026000000000000016   0.23404255319148937 
27   0.028000000000000018   0.23404255319148937 
28   0.02900000000000002   0.23404255319148937 
29   0.03000000000000002   0.23404255319148937 
30   0.03100000000000002   0.23404255319148937 
31   0.03100000000000002   0.2553191489361702 
32   0.03300000000000002   0.2553191489361702 
33   0.03400000000000002   0.2553191489361702 
34   0.035000000000000024   0.2553191489361702 
35   0.036000000000000025   0.2553191489361702 
36   0.037000000000000026   0.2553191489361702 
37   0.03800000000000003   0.2553191489361702 
38   0.03900000000000003   0.2553191489361702 
39   0.04000000000000003   0.2553191489361702 
40   0.04100000000000003   0.2553191489361702 
41   0.04200000000000003   0.2553191489361702 
42   0.04300000000000003   0.2553191489361702 
43   0.04400000000000003   0.2553191489361702 
44   0.04500000000000003   0.2553191489361702 
45   0.046000000000000034   0.2553191489361702 
46   0.047000000000000035   0.2553191489361702 
47   0.048000000000000036   0.2553191489361702 
48   0.04900000000000004   0.2553191489361702 
49   0.05000000000000004   0.2553191489361702 
50   0.05100000000000004   0.2553191489361702 
51   0.05200000000000004   0.2553191489361702 
52   0.05300000000000004   0.2553191489361702 
53   0.05400000000000004   0.2553191489361702 
54   0.05500000000000004   0.2553191489361702 
55   0.05600000000000004   0.2553191489361702 
56   0.057000000000000044   0.2553191489361702 
57   0.058000000000000045   0.2553191489361702 
58   0.059000000000000045   0.2553191489361702 
59   0.060000000000000046   0.2553191489361702 
60   0.060000000000000046   0.276595744680851 
61   0.06200000000000005   0.276595744680851 
62   0.06300000000000004   0.276595744680851 
63   0.06400000000000004   0.276595744680851 
64   0.06500000000000004   0.276595744680851 
65   0.06600000000000004   0.276595744680851 
66   0.06700000000000005   0.276595744680851 
67   0.06800000000000005   0.276595744680851 
68   0.06900000000000005   0.276595744680851 
69   0.07000000000000005   0.276595744680851 
70   0.07100000000000005   0.276595744680851 
71   0.07200000000000005   0.276595744680851 
72   0.07300000000000005   0.276595744680851 
73   0.07400000000000005   0.276595744680851 
74   0.07500000000000005   0.276595744680851 
75   0.07600000000000005   0.276595744680851 
76   0.07700000000000005   0.276595744680851 
77   0.07800000000000006   0.276595744680851 
78   0.07900000000000006   0.276595744680851 
79   0.08000000000000006   0.276595744680851 
80   0.08100000000000006   0.276595744680851 
81   0.08200000000000006   0.276595744680851 
82   0.08300000000000006   0.276595744680851 
83   0.08400000000000006   0.276595744680851 
84   0.08500000000000006   0.276595744680851 
85   0.08600000000000006   0.276595744680851 
86   0.08700000000000006   0.276595744680851 
87   0.08800000000000006   0.276595744680851 
88   0.08900000000000007   0.276595744680851 
89   0.09000000000000007   0.276595744680851 
90   0.09000000000000007   0.29787234042553185 
91   0.09200000000000007   0.29787234042553185 
92   0.09300000000000007   0.29787234042553185 
93   0.09400000000000007   0.29787234042553185 
94   0.09500000000000007   0.29787234042553185 
95   0.09600000000000007   0.29787234042553185 
96   0.09700000000000007   0.29787234042553185 
97   0.09800000000000007   0.29787234042553185 
98   0.09900000000000007   0.29787234042553185 
99   0.10000000000000007   0.29787234042553185 
100   0.10100000000000008   0.29787234042553185 
101   0.10200000000000008   0.29787234042553185 
102   0.10300000000000008   0.29787234042553185 
103   0.10400000000000008   0.29787234042553185 
104   0.10500000000000008   0.29787234042553185 
105   0.10600000000000008   0.29787234042553185 
106   0.10700000000000008   0.29787234042553185 
107   0.10800000000000008   0.29787234042553185 
108   0.10900000000000008   0.29787234042553185 
109   0.11000000000000008   0.29787234042553185 
110   0.11100000000000008   0.29787234042553185 
111   0.11200000000000009   0.29787234042553185 
112   0.11300000000000009   0.29787234042553185 
113   0.11400000000000009   0.29787234042553185 
114   0.11500000000000009   0.29787234042553185 
115   0.11600000000000009   0.29787234042553185 
116   0.11700000000000009   0.29787234042553185 
117   0.11800000000000009   0.29787234042553185 
118   0.11900000000000009   0.29787234042553185 
119   0.12000000000000009   0.29787234042553185 
120   0.1210000000000001   0.29787234042553185 
121   0.1220000000000001   0.29787234042553185 
122   0.1230000000000001   0.29787234042553185 
123   0.1240000000000001   0.29787234042553185 
124   0.12500000000000008   0.29787234042553185 
125   0.12600000000000008   0.29787234042553185 
126   0.12700000000000009   0.29787234042553185 
127   0.12800000000000009   0.29787234042553185 
128   0.1290000000000001   0.29787234042553185 
129   0.1300000000000001   0.29787234042553185 
130   0.1310000000000001   0.29787234042553185 
131   0.1320000000000001   0.29787234042553185 
132   0.1330000000000001   0.29787234042553185 
133   0.1340000000000001   0.29787234042553185 
134   0.1350000000000001   0.29787234042553185 
135   0.1360000000000001   0.29787234042553185 
136   0.1370000000000001   0.29787234042553185 
137   0.1380000000000001   0.29787234042553185 
138   0.1390000000000001   0.29787234042553185 
139   0.1400000000000001   0.29787234042553185 
140   0.1410000000000001   0.29787234042553185 
141   0.1420000000000001   0.29787234042553185 
142   0.1430000000000001   0.29787234042553185 
143   0.1440000000000001   0.29787234042553185 
144   0.1450000000000001   0.29787234042553185 
145   0.1450000000000001   0.31914893617021267 
146   0.1470000000000001   0.31914893617021267 
147   0.1480000000000001   0.31914893617021267 
148   0.1490000000000001   0.31914893617021267 
149   0.1500000000000001   0.31914893617021267 
150   0.1510000000000001   0.31914893617021267 
151   0.1520000000000001   0.31914893617021267 
152   0.1520000000000001   0.3404255319148935 
153   0.1540000000000001   0.3404255319148935 
154   0.1550000000000001   0.3404255319148935 
155   0.1560000000000001   0.3404255319148935 
156   0.1570000000000001   0.3404255319148935 
157   0.1580000000000001   0.3404255319148935 
158   0.1590000000000001   0.3404255319148935 
159   0.1590000000000001   0.3617021276595743 
160   0.16100000000000012   0.3617021276595743 
161   0.16200000000000012   0.3617021276595743 
162   0.16300000000000012   0.3617021276595743 
163   0.16400000000000012   0.3617021276595743 
164   0.16500000000000012   0.3617021276595743 
165   0.16600000000000012   0.3617021276595743 
166   0.16600000000000012   0.38297872340425515 
167   0.16800000000000012   0.38297872340425515 
168   0.16900000000000012   0.38297872340425515 
169   0.17000000000000012   0.38297872340425515 
170   0.17100000000000012   0.38297872340425515 
171   0.17200000000000013   0.38297872340425515 
172   0.17300000000000013   0.38297872340425515 
173   0.17300000000000013   0.404255319148936 
174   0.17500000000000013   0.404255319148936 
175   0.17600000000000013   0.404255319148936 
176   0.17700000000000013   0.404255319148936 
177   0.17800000000000013   0.404255319148936 
178   0.17900000000000013   0.404255319148936 
179   0.17900000000000013   0.4255319148936168 
180   0.18100000000000013   0.4255319148936168 
181   0.18200000000000013   0.4255319148936168 
182   0.18300000000000013   0.4255319148936168 
183   0.18400000000000014   0.4255319148936168 
184   0.18500000000000014   0.4255319148936168 
185   0.18500000000000014   0.44680851063829763 
186   0.18700000000000014   0.44680851063829763 
187   0.18800000000000014   0.44680851063829763 
188   0.18900000000000014   0.44680851063829763 
189   0.19000000000000014   0.44680851063829763 
190   0.19100000000000014   0.44680851063829763 
191   0.19200000000000014   0.44680851063829763 
192   0.19300000000000014   0.44680851063829763 
193   0.19400000000000014   0.44680851063829763 
194   0.19500000000000015   0.44680851063829763 
195   0.19600000000000015   0.44680851063829763 
196   0.19700000000000015   0.44680851063829763 
197   0.19800000000000015   0.44680851063829763 
198   0.19900000000000015   0.44680851063829763 
199   0.20000000000000015   0.44680851063829763 
200   0.20100000000000015   0.44680851063829763 
201   0.20200000000000015   0.44680851063829763 
202   0.20300000000000015   0.44680851063829763 
203   0.20400000000000015   0.44680851063829763 
204   0.20500000000000015   0.44680851063829763 
205   0.20600000000000016   0.44680851063829763 
206   0.20700000000000016   0.44680851063829763 
207   0.20800000000000016   0.44680851063829763 
208   0.20900000000000016   0.44680851063829763 
209   0.21000000000000016   0.44680851063829763 
210   0.21100000000000016   0.44680851063829763 
211   0.21200000000000016   0.44680851063829763 
212   0.21300000000000016   0.44680851063829763 
213   0.21400000000000016   0.44680851063829763 
214   0.21400000000000016   0.46808510638297846 
215   0.21600000000000016   0.46808510638297846 
216   0.21700000000000016   0.46808510638297846 
217   0.21800000000000017   0.46808510638297846 
218   0.21900000000000017   0.46808510638297846 
219   0.22000000000000017   0.46808510638297846 
220   0.22100000000000017   0.46808510638297846 
221   0.22200000000000017   0.46808510638297846 
222   0.22300000000000017   0.46808510638297846 
223   0.22400000000000017   0.46808510638297846 
224   0.22500000000000017   0.46808510638297846 
225   0.22600000000000017   0.46808510638297846 
226   0.22700000000000017   0.46808510638297846 
227   0.22800000000000017   0.46808510638297846 
228   0.22900000000000018   0.46808510638297846 
229   0.23000000000000018   0.46808510638297846 
230   0.23100000000000018   0.46808510638297846 
231   0.23200000000000018   0.46808510638297846 
232   0.23300000000000018   0.46808510638297846 
233   0.23400000000000018   0.46808510638297846 
234   0.23500000000000018   0.46808510638297846 
235   0.23600000000000018   0.46808510638297846 
236   0.23700000000000018   0.46808510638297846 
237   0.23800000000000018   0.46808510638297846 
238   0.23900000000000018   0.46808510638297846 
239   0.24000000000000019   0.46808510638297846 
240   0.2410000000000002   0.46808510638297846 
241   0.2420000000000002   0.46808510638297846 
242   0.2430000000000002   0.46808510638297846 
243   0.2430000000000002   0.4893617021276593 
244   0.2450000000000002   0.4893617021276593 
245   0.2460000000000002   0.4893617021276593 
246   0.2470000000000002   0.4893617021276593 
247   0.2480000000000002   0.4893617021276593 
248   0.2490000000000002   0.4893617021276593 
249   0.25000000000000017   0.4893617021276593 
250   0.25100000000000017   0.4893617021276593 
251   0.25200000000000017   0.4893617021276593 
252   0.25300000000000017   0.4893617021276593 
253   0.25400000000000017   0.4893617021276593 
254   0.25500000000000017   0.4893617021276593 
255   0.25600000000000017   0.4893617021276593 
256   0.2570000000000002   0.4893617021276593 
257   0.2580000000000002   0.4893617021276593 
258   0.2590000000000002   0.4893617021276593 
259   0.2600000000000002   0.4893617021276593 
260   0.2610000000000002   0.4893617021276593 
261   0.2620000000000002   0.4893617021276593 
262   0.2630000000000002   0.4893617021276593 
263   0.2640000000000002   0.4893617021276593 
264   0.2650000000000002   0.4893617021276593 
265   0.2660000000000002   0.4893617021276593 
266   0.2670000000000002   0.4893617021276593 
267   0.2680000000000002   0.4893617021276593 
268   0.2690000000000002   0.4893617021276593 
269   0.2700000000000002   0.4893617021276593 
270   0.2710000000000002   0.4893617021276593 
271   0.2720000000000002   0.4893617021276593 
272   0.2720000000000002   0.5106382978723402 
273   0.2740000000000002   0.5106382978723402 
274   0.2750000000000002   0.5106382978723402 
275   0.2760000000000002   0.5106382978723402 
276   0.2770000000000002   0.5106382978723402 
277   0.2780000000000002   0.5106382978723402 
278   0.2790000000000002   0.5106382978723402 
279   0.2800000000000002   0.5106382978723402 
280   0.2810000000000002   0.5106382978723402 
281   0.2820000000000002   0.5106382978723402 
282   0.2830000000000002   0.5106382978723402 
283   0.2840000000000002   0.5106382978723402 
284   0.2850000000000002   0.5106382978723402 
285   0.2860000000000002   0.5106382978723402 
286   0.2870000000000002   0.5106382978723402 
287   0.2880000000000002   0.5106382978723402 
288   0.2890000000000002   0.5106382978723402 
289   0.2900000000000002   0.5106382978723402 
290   0.2910000000000002   0.5106382978723402 
291   0.2920000000000002   0.5106382978723402 
292   0.2930000000000002   0.5106382978723402 
293   0.2940000000000002   0.5106382978723402 
294   0.2950000000000002   0.5106382978723402 
295   0.2960000000000002   0.5106382978723402 
296   0.2970000000000002   0.5106382978723402 
297   0.2980000000000002   0.5106382978723402 
298   0.2990000000000002   0.5106382978723402 
299   0.3000000000000002   0.5106382978723402 
300   0.3010000000000002   0.5106382978723402 
301   0.3020000000000002   0.5106382978723402 
302   0.3030000000000002   0.5106382978723402 
303   0.3040000000000002   0.5106382978723402 
304   0.3050000000000002   0.5106382978723402 
305   0.3060000000000002   0.5106382978723402 
306   0.3070000000000002   0.5106382978723402 
307   0.3080000000000002   0.5106382978723402 
308   0.3090000000000002   0.5106382978723402 
309   0.3100000000000002   0.5106382978723402 
310   0.3110000000000002   0.5106382978723402 
311   0.3120000000000002   0.5106382978723402 
312   0.3130000000000002   0.5106382978723402 
313   0.3140000000000002   0.5106382978723402 
314   0.3150000000000002   0.5106382978723402 
315   0.3160000000000002   0.5106382978723402 
316   0.3170000000000002   0.5106382978723402 
317   0.3180000000000002   0.5106382978723402 
318   0.31900000000000023   0.5106382978723402 
319   0.32000000000000023   0.5106382978723402 
320   0.32100000000000023   0.5106382978723402 
321   0.32200000000000023   0.5106382978723402 
322   0.32300000000000023   0.5106382978723402 
323   0.32400000000000023   0.5106382978723402 
324   0.32500000000000023   0.5106382978723402 
325   0.32600000000000023   0.5106382978723402 
326   0.32700000000000023   0.5106382978723402 
327   0.32800000000000024   0.5106382978723402 
328   0.32800000000000024   0.531914893617021 
329   0.33000000000000024   0.531914893617021 
330   0.33100000000000024   0.531914893617021 
331   0.33200000000000024   0.531914893617021 
332   0.33300000000000024   0.531914893617021 
333   0.33400000000000024   0.531914893617021 
334   0.33500000000000024   0.531914893617021 
335   0.33500000000000024   0.5531914893617019 
336   0.33700000000000024   0.5531914893617019 
337   0.33800000000000024   0.5531914893617019 
338   0.33900000000000025   0.5531914893617019 
339   0.34000000000000025   0.5531914893617019 
340   0.34100000000000025   0.5531914893617019 
341   0.34200000000000025   0.5531914893617019 
342   0.34200000000000025   0.5744680851063828 
343   0.34400000000000025   0.5744680851063828 
344   0.34500000000000025   0.5744680851063828 
345   0.34600000000000025   0.5744680851063828 
346   0.34700000000000025   0.5744680851063828 
347   0.34800000000000025   0.5744680851063828 
348   0.34900000000000025   0.5744680851063828 
349   0.34900000000000025   0.5957446808510637 
350   0.35100000000000026   0.5957446808510637 
351   0.35200000000000026   0.5957446808510637 
352   0.35300000000000026   0.5957446808510637 
353   0.35400000000000026   0.5957446808510637 
354   0.35500000000000026   0.5957446808510637 
355   0.35600000000000026   0.5957446808510637 
356   0.35600000000000026   0.6170212765957446 
357   0.35800000000000026   0.6170212765957446 
358   0.35900000000000026   0.6170212765957446 
359   0.36000000000000026   0.6170212765957446 
360   0.36100000000000027   0.6170212765957446 
361   0.36200000000000027   0.6170212765957446 
362   0.36200000000000027   0.6382978723404255 
363   0.36400000000000027   0.6382978723404255 
364   0.36500000000000027   0.6382978723404255 
365   0.36600000000000027   0.6382978723404255 
366   0.36700000000000027   0.6382978723404255 
367   0.36700000000000027   0.6595744680851063 
368   0.36900000000000027   0.6595744680851063 
369   0.3700000000000003   0.6595744680851063 
370   0.3710000000000003   0.6595744680851063 
371   0.3720000000000003   0.6595744680851063 
372   0.3730000000000003   0.6595744680851063 
373   0.3740000000000003   0.6595744680851063 
374   0.3750000000000003   0.6595744680851063 
375   0.3760000000000003   0.6595744680851063 
376   0.3770000000000003   0.6595744680851063 
377   0.3780000000000003   0.6595744680851063 
378   0.3790000000000003   0.6595744680851063 
379   0.3800000000000003   0.6595744680851063 
380   0.3810000000000003   0.6595744680851063 
381   0.3820000000000003   0.6595744680851063 
382   0.3830000000000003   0.6595744680851063 
383   0.3840000000000003   0.6595744680851063 
384   0.3850000000000003   0.6595744680851063 
385   0.3860000000000003   0.6595744680851063 
386   0.3870000000000003   0.6595744680851063 
387   0.3880000000000003   0.6595744680851063 
388   0.3890000000000003   0.6595744680851063 
389   0.3900000000000003   0.6595744680851063 
390   0.3910000000000003   0.6595744680851063 
391   0.3920000000000003   0.6595744680851063 
392   0.3930000000000003   0.6595744680851063 
393   0.3940000000000003   0.6595744680851063 
394   0.3950000000000003   0.6595744680851063 
395   0.3960000000000003   0.6595744680851063 
396   0.3960000000000003   0.6808510638297872 
397   0.3980000000000003   0.6808510638297872 
398   0.3990000000000003   0.6808510638297872 
399   0.4000000000000003   0.6808510638297872 
400   0.4010000000000003   0.6808510638297872 
401   0.4020000000000003   0.6808510638297872 
402   0.4030000000000003   0.6808510638297872 
403   0.4040000000000003   0.6808510638297872 
404   0.4050000000000003   0.6808510638297872 
405   0.4060000000000003   0.6808510638297872 
406   0.4070000000000003   0.6808510638297872 
407   0.4080000000000003   0.6808510638297872 
408   0.4090000000000003   0.6808510638297872 
409   0.4100000000000003   0.6808510638297872 
410   0.4110000000000003   0.6808510638297872 
411   0.4120000000000003   0.6808510638297872 
412   0.4130000000000003   0.6808510638297872 
413   0.4140000000000003   0.6808510638297872 
414   0.4150000000000003   0.6808510638297872 
415   0.4160000000000003   0.6808510638297872 
416   0.4170000000000003   0.6808510638297872 
417   0.4180000000000003   0.6808510638297872 
418   0.4190000000000003   0.6808510638297872 
419   0.4200000000000003   0.6808510638297872 
420   0.4210000000000003   0.6808510638297872 
421   0.4220000000000003   0.6808510638297872 
422   0.4230000000000003   0.6808510638297872 
423   0.4240000000000003   0.6808510638297872 
424   0.4250000000000003   0.6808510638297872 
425   0.4260000000000003   0.6808510638297872 
426   0.4260000000000003   0.7021276595744681 
427   0.4280000000000003   0.7021276595744681 
428   0.4290000000000003   0.7021276595744681 
429   0.4300000000000003   0.7021276595744681 
430   0.4310000000000003   0.7021276595744681 
431   0.43200000000000033   0.7021276595744681 
432   0.43300000000000033   0.7021276595744681 
433   0.43400000000000033   0.7021276595744681 
434   0.43500000000000033   0.7021276595744681 
435   0.43600000000000033   0.7021276595744681 
436   0.43700000000000033   0.7021276595744681 
437   0.43800000000000033   0.7021276595744681 
438   0.43900000000000033   0.7021276595744681 
439   0.44000000000000034   0.7021276595744681 
440   0.44100000000000034   0.7021276595744681 
441   0.44200000000000034   0.7021276595744681 
442   0.44300000000000034   0.7021276595744681 
443   0.44400000000000034   0.7021276595744681 
444   0.44500000000000034   0.7021276595744681 
445   0.44600000000000034   0.7021276595744681 
446   0.44700000000000034   0.7021276595744681 
447   0.44800000000000034   0.7021276595744681 
448   0.44900000000000034   0.7021276595744681 
449   0.45000000000000034   0.7021276595744681 
450   0.45100000000000035   0.7021276595744681 
451   0.45200000000000035   0.7021276595744681 
452   0.45300000000000035   0.7021276595744681 
453   0.45400000000000035   0.7021276595744681 
454   0.45500000000000035   0.7021276595744681 
455   0.45500000000000035   0.723404255319149 
456   0.45700000000000035   0.723404255319149 
457   0.45800000000000035   0.723404255319149 
458   0.45900000000000035   0.723404255319149 
459   0.46000000000000035   0.723404255319149 
460   0.46100000000000035   0.723404255319149 
461   0.46200000000000035   0.723404255319149 
462   0.46300000000000036   0.723404255319149 
463   0.46400000000000036   0.723404255319149 
464   0.46500000000000036   0.723404255319149 
465   0.46600000000000036   0.723404255319149 
466   0.46700000000000036   0.723404255319149 
467   0.46800000000000036   0.723404255319149 
468   0.46900000000000036   0.723404255319149 
469   0.47000000000000036   0.723404255319149 
470   0.47100000000000036   0.723404255319149 
471   0.47200000000000036   0.723404255319149 
472   0.47300000000000036   0.723404255319149 
473   0.47400000000000037   0.723404255319149 
474   0.47500000000000037   0.723404255319149 
475   0.47600000000000037   0.723404255319149 
476   0.47700000000000037   0.723404255319149 
477   0.47800000000000037   0.723404255319149 
478   0.47900000000000037   0.723404255319149 
479   0.48000000000000037   0.723404255319149 
480   0.48100000000000037   0.723404255319149 
481   0.4820000000000004   0.723404255319149 
482   0.4830000000000004   0.723404255319149 
483   0.4840000000000004   0.723404255319149 
484   0.4850000000000004   0.723404255319149 
485   0.4860000000000004   0.723404255319149 
486   0.4870000000000004   0.723404255319149 
487   0.4880000000000004   0.723404255319149 
488   0.4890000000000004   0.723404255319149 
489   0.4900000000000004   0.723404255319149 
490   0.4910000000000004   0.723404255319149 
491   0.4920000000000004   0.723404255319149 
492   0.4930000000000004   0.723404255319149 
493   0.4940000000000004   0.723404255319149 
494   0.4950000000000004   0.723404255319149 
495   0.4960000000000004   0.723404255319149 
496   0.4970000000000004   0.723404255319149 
497   0.4980000000000004   0.723404255319149 
498   0.4990000000000004   0.723404255319149 
499   0.5000000000000003   0.723404255319149 
500   0.5010000000000003   0.723404255319149 
501   0.5020000000000003   0.723404255319149 
502   0.5030000000000003   0.723404255319149 
503   0.5040000000000003   0.723404255319149 
504   0.5050000000000003   0.723404255319149 
505   0.5060000000000003   0.723404255319149 
506   0.5070000000000003   0.723404255319149 
507   0.5080000000000003   0.723404255319149 
508   0.5090000000000003   0.723404255319149 
509   0.5100000000000003   0.723404255319149 
510   0.5110000000000003   0.723404255319149 
511   0.5110000000000003   0.7446808510638299 
512   0.5130000000000003   0.7446808510638299 
513   0.5140000000000003   0.7446808510638299 
514   0.5150000000000003   0.7446808510638299 
515   0.5160000000000003   0.7446808510638299 
516   0.5160000000000003   0.7659574468085107 
517   0.5180000000000003   0.7659574468085107 
518   0.5190000000000003   0.7659574468085107 
519   0.5200000000000004   0.7659574468085107 
520   0.5210000000000004   0.7659574468085107 
521   0.5220000000000004   0.7659574468085107 
522   0.5230000000000004   0.7659574468085107 
523   0.5240000000000004   0.7659574468085107 
524   0.5240000000000004   0.7872340425531916 
525   0.5260000000000004   0.7872340425531916 
526   0.5270000000000004   0.7872340425531916 
527   0.5280000000000004   0.7872340425531916 
528   0.5290000000000004   0.7872340425531916 
529   0.5290000000000004   0.8085106382978725 
530   0.5310000000000004   0.8085106382978725 
531   0.5320000000000004   0.8085106382978725 
532   0.5330000000000004   0.8085106382978725 
533   0.5340000000000004   0.8085106382978725 
534   0.5350000000000004   0.8085106382978725 
535   0.5360000000000004   0.8085106382978725 
536   0.5360000000000004   0.8297872340425534 
537   0.5380000000000004   0.8297872340425534 
538   0.5390000000000004   0.8297872340425534 
539   0.5400000000000004   0.8297872340425534 
540   0.5410000000000004   0.8297872340425534 
541   0.5420000000000004   0.8297872340425534 
542   0.5430000000000004   0.8297872340425534 
543   0.5430000000000004   0.8510638297872343 
544   0.5450000000000004   0.8510638297872343 
545   0.5460000000000004   0.8510638297872343 
546   0.5470000000000004   0.8510638297872343 
547   0.5480000000000004   0.8510638297872343 
548   0.5490000000000004   0.8510638297872343 
549   0.5500000000000004   0.8510638297872343 
550   0.5500000000000004   0.8723404255319152 
551   0.5520000000000004   0.8723404255319152 
552   0.5530000000000004   0.8723404255319152 
553   0.5540000000000004   0.8723404255319152 
554   0.5550000000000004   0.8723404255319152 
555   0.5560000000000004   0.8723404255319152 
556   0.5570000000000004   0.8723404255319152 
557   0.5580000000000004   0.8723404255319152 
558   0.5590000000000004   0.8723404255319152 
559   0.5600000000000004   0.8723404255319152 
560   0.5610000000000004   0.8723404255319152 
561   0.5620000000000004   0.8723404255319152 
562   0.5630000000000004   0.8723404255319152 
563   0.5640000000000004   0.8723404255319152 
564   0.5650000000000004   0.8723404255319152 
565   0.5660000000000004   0.8723404255319152 
566   0.5670000000000004   0.8723404255319152 
567   0.5680000000000004   0.8723404255319152 
568   0.5690000000000004   0.8723404255319152 
569   0.5700000000000004   0.8723404255319152 
570   0.5710000000000004   0.8723404255319152 
571   0.5720000000000004   0.8723404255319152 
572   0.5730000000000004   0.8723404255319152 
573   0.5740000000000004   0.8723404255319152 
574   0.5750000000000004   0.8723404255319152 
575   0.5760000000000004   0.8723404255319152 
576   0.5770000000000004   0.8723404255319152 
577   0.5780000000000004   0.8723404255319152 
578   0.5790000000000004   0.8723404255319152 
579   0.5790000000000004   0.893617021276596 
580   0.5810000000000004   0.893617021276596 
581   0.5820000000000004   0.893617021276596 
582   0.5830000000000004   0.893617021276596 
583   0.5840000000000004   0.893617021276596 
584   0.5850000000000004   0.893617021276596 
585   0.5860000000000004   0.893617021276596 
586   0.5870000000000004   0.893617021276596 
587   0.5880000000000004   0.893617021276596 
588   0.5890000000000004   0.893617021276596 
589   0.5900000000000004   0.893617021276596 
590   0.5910000000000004   0.893617021276596 
591   0.5920000000000004   0.893617021276596 
592   0.5930000000000004   0.893617021276596 
593   0.5940000000000004   0.893617021276596 
594   0.5950000000000004   0.893617021276596 
595   0.5960000000000004   0.893617021276596 
596   0.5970000000000004   0.893617021276596 
597   0.5980000000000004   0.893617021276596 
598   0.5990000000000004   0.893617021276596 
599   0.6000000000000004   0.893617021276596 
600   0.6010000000000004   0.893617021276596 
601   0.6020000000000004   0.893617021276596 
602   0.6030000000000004   0.893617021276596 
603   0.6040000000000004   0.893617021276596 
604   0.6050000000000004   0.893617021276596 
605   0.6060000000000004   0.893617021276596 
606   0.6070000000000004   0.893617021276596 
607   0.6080000000000004   0.893617021276596 
608   0.6080000000000004   0.9148936170212769 
609   0.6100000000000004   0.9148936170212769 
610   0.6110000000000004   0.9148936170212769 
611   0.6120000000000004   0.9148936170212769 
612   0.6130000000000004   0.9148936170212769 
613   0.6140000000000004   0.9148936170212769 
614   0.6150000000000004   0.9148936170212769 
615   0.6160000000000004   0.9148936170212769 
616   0.6170000000000004   0.9148936170212769 
617   0.6180000000000004   0.9148936170212769 
618   0.6190000000000004   0.9148936170212769 
619   0.6200000000000004   0.9148936170212769 
620   0.6210000000000004   0.9148936170212769 
621   0.6220000000000004   0.9148936170212769 
622   0.6230000000000004   0.9148936170212769 
623   0.6240000000000004   0.9148936170212769 
624   0.6250000000000004   0.9148936170212769 
625   0.6260000000000004   0.9148936170212769 
626   0.6270000000000004   0.9148936170212769 
627   0.6280000000000004   0.9148936170212769 
628   0.6290000000000004   0.9148936170212769 
629   0.6300000000000004   0.9148936170212769 
630   0.6310000000000004   0.9148936170212769 
631   0.6320000000000005   0.9148936170212769 
632   0.6330000000000005   0.9148936170212769 
633   0.6340000000000005   0.9148936170212769 
634   0.6350000000000005   0.9148936170212769 
635   0.6360000000000005   0.9148936170212769 
636   0.6370000000000005   0.9148936170212769 
637   0.6370000000000005   0.9361702127659578 
638   0.6390000000000005   0.9361702127659578 
639   0.6400000000000005   0.9361702127659578 
640   0.6410000000000005   0.9361702127659578 
641   0.6420000000000005   0.9361702127659578 
642   0.6430000000000005   0.9361702127659578 
643   0.6440000000000005   0.9361702127659578 
644   0.6450000000000005   0.9361702127659578 
645   0.6460000000000005   0.9361702127659578 
646   0.6470000000000005   0.9361702127659578 
647   0.6480000000000005   0.9361702127659578 
648   0.6490000000000005   0.9361702127659578 
649   0.6500000000000005   0.9361702127659578 
650   0.6510000000000005   0.9361702127659578 
651   0.6520000000000005   0.9361702127659578 
652   0.6530000000000005   0.9361702127659578 
653   0.6540000000000005   0.9361702127659578 
654   0.6550000000000005   0.9361702127659578 
655   0.6560000000000005   0.9361702127659578 
656   0.6570000000000005   0.9361702127659578 
657   0.6580000000000005   0.9361702127659578 
658   0.6590000000000005   0.9361702127659578 
659   0.6600000000000005   0.9361702127659578 
660   0.6610000000000005   0.9361702127659578 
661   0.6620000000000005   0.9361702127659578 
662   0.6630000000000005   0.9361702127659578 
663   0.6640000000000005   0.9361702127659578 
664   0.6650000000000005   0.9361702127659578 
665   0.6660000000000005   0.9361702127659578 
666   0.6670000000000005   0.9361702127659578 
667   0.6680000000000005   0.9361702127659578 
668   0.6690000000000005   0.9361702127659578 
669   0.6700000000000005   0.9361702127659578 
670   0.6710000000000005   0.9361702127659578 
671   0.6720000000000005   0.9361702127659578 
672   0.6730000000000005   0.9361702127659578 
673   0.6740000000000005   0.9361702127659578 
674   0.6750000000000005   0.9361702127659578 
675   0.6760000000000005   0.9361702127659578 
676   0.6770000000000005   0.9361702127659578 
677   0.6780000000000005   0.9361702127659578 
678   0.6790000000000005   0.9361702127659578 
679   0.6800000000000005   0.9361702127659578 
680   0.6810000000000005   0.9361702127659578 
681   0.6820000000000005   0.9361702127659578 
682   0.6830000000000005   0.9361702127659578 
683   0.6840000000000005   0.9361702127659578 
684   0.6850000000000005   0.9361702127659578 
685   0.6860000000000005   0.9361702127659578 
686   0.6870000000000005   0.9361702127659578 
687   0.6880000000000005   0.9361702127659578 
688   0.6890000000000005   0.9361702127659578 
689   0.6900000000000005   0.9361702127659578 
690   0.6910000000000005   0.9361702127659578 
691   0.6920000000000005   0.9361702127659578 
692   0.6930000000000005   0.9361702127659578 
693   0.6940000000000005   0.9361702127659578 
694   0.6950000000000005   0.9361702127659578 
695   0.6960000000000005   0.9361702127659578 
696   0.6970000000000005   0.9361702127659578 
697   0.6970000000000005   0.9574468085106387 
698   0.6980000000000005   0.9787234042553196 
699   0.6990000000000005   1.0000000000000004 
700   0.7010000000000005   1.0000000000000004 
701   0.7020000000000005   1.0000000000000004 
702   0.7030000000000005   1.0000000000000004 
703   0.7040000000000005   1.0000000000000004 
704   0.7050000000000005   1.0000000000000004 
705   0.7060000000000005   1.0000000000000004 
706   0.7070000000000005   1.0000000000000004 
707   0.7080000000000005   1.0000000000000004 
708   0.7090000000000005   1.0000000000000004 
709   0.7100000000000005   1.0000000000000004 
710   0.7110000000000005   1.0000000000000004 
711   0.7120000000000005   1.0000000000000004 
712   0.7130000000000005   1.0000000000000004 
713   0.7140000000000005   1.0000000000000004 
714   0.7150000000000005   1.0000000000000004 
715   0.7160000000000005   1.0000000000000004 
716   0.7170000000000005   1.0000000000000004 
717   0.7180000000000005   1.0000000000000004 
718   0.7190000000000005   1.0000000000000004 
719   0.7200000000000005   1.0000000000000004 
720   0.7210000000000005   1.0000000000000004 
721   0.7220000000000005   1.0000000000000004 
722   0.7230000000000005   1.0000000000000004 
723   0.7240000000000005   1.0000000000000004 
724   0.7250000000000005   1.0000000000000004 
725   0.7260000000000005   1.0000000000000004 
726   0.7270000000000005   1.0000000000000004 
727   0.7280000000000005   1.0000000000000004 
728   0.7290000000000005   1.0000000000000004 
729   0.7300000000000005   1.0000000000000004 
730   0.7310000000000005   1.0000000000000004 
731   0.7320000000000005   1.0000000000000004 
732   0.7330000000000005   1.0000000000000004 
733   0.7340000000000005   1.0000000000000004 
734   0.7350000000000005   1.0000000000000004 
735   0.7360000000000005   1.0000000000000004 
736   0.7370000000000005   1.0000000000000004 
737   0.7380000000000005   1.0000000000000004 
738   0.7390000000000005   1.0000000000000004 
739   0.7400000000000005   1.0000000000000004 
740   0.7410000000000005   1.0000000000000004 
741   0.7420000000000005   1.0000000000000004 
742   0.7430000000000005   1.0000000000000004 
743   0.7440000000000005   1.0000000000000004 
744   0.7450000000000006   1.0000000000000004 
745   0.7460000000000006   1.0000000000000004 
746   0.7470000000000006   1.0000000000000004 
747   0.7480000000000006   1.0000000000000004 
748   0.7490000000000006   1.0000000000000004 
749   0.7500000000000006   1.0000000000000004 
750   0.7510000000000006   1.0000000000000004 
751   0.7520000000000006   1.0000000000000004 
752   0.7530000000000006   1.0000000000000004 
753   0.7540000000000006   1.0000000000000004 
754   0.7550000000000006   1.0000000000000004 
755   0.7560000000000006   1.0000000000000004 
756   0.7570000000000006   1.0000000000000004 
757   0.7580000000000006   1.0000000000000004 
758   0.7590000000000006   1.0000000000000004 
759   0.7600000000000006   1.0000000000000004 
760   0.7610000000000006   1.0000000000000004 
761   0.7620000000000006   1.0000000000000004 
762   0.7630000000000006   1.0000000000000004 
763   0.7640000000000006   1.0000000000000004 
764   0.7650000000000006   1.0000000000000004 
765   0.7660000000000006   1.0000000000000004 
766   0.7670000000000006   1.0000000000000004 
767   0.7680000000000006   1.0000000000000004 
768   0.7690000000000006   1.0000000000000004 
769   0.7700000000000006   1.0000000000000004 
770   0.7710000000000006   1.0000000000000004 
771   0.7720000000000006   1.0000000000000004 
772   0.7730000000000006   1.0000000000000004 
773   0.7740000000000006   1.0000000000000004 
774   0.7750000000000006   1.0000000000000004 
775   0.7760000000000006   1.0000000000000004 
776   0.7770000000000006   1.0000000000000004 
777   0.7780000000000006   1.0000000000000004 
778   0.7790000000000006   1.0000000000000004 
779   0.7800000000000006   1.0000000000000004 
780   0.7810000000000006   1.0000000000000004 
781   0.7820000000000006   1.0000000000000004 
782   0.7830000000000006   1.0000000000000004 
783   0.7840000000000006   1.0000000000000004 
784   0.7850000000000006   1.0000000000000004 
785   0.7860000000000006   1.0000000000000004 
786   0.7870000000000006   1.0000000000000004 
787   0.7880000000000006   1.0000000000000004 
788   0.7890000000000006   1.0000000000000004 
789   0.7900000000000006   1.0000000000000004 
790   0.7910000000000006   1.0000000000000004 
791   0.7920000000000006   1.0000000000000004 
792   0.7930000000000006   1.0000000000000004 
793   0.7940000000000006   1.0000000000000004 
794   0.7950000000000006   1.0000000000000004 
795   0.7960000000000006   1.0000000000000004 
796   0.7970000000000006   1.0000000000000004 
797   0.7980000000000006   1.0000000000000004 
798   0.7990000000000006   1.0000000000000004 
799   0.8000000000000006   1.0000000000000004 
800   0.8010000000000006   1.0000000000000004 
801   0.8020000000000006   1.0000000000000004 
802   0.8030000000000006   1.0000000000000004 
803   0.8040000000000006   1.0000000000000004 
804   0.8050000000000006   1.0000000000000004 
805   0.8060000000000006   1.0000000000000004 
806   0.8070000000000006   1.0000000000000004 
807   0.8080000000000006   1.0000000000000004 
808   0.8090000000000006   1.0000000000000004 
809   0.8100000000000006   1.0000000000000004 
810   0.8110000000000006   1.0000000000000004 
811   0.8120000000000006   1.0000000000000004 
812   0.8130000000000006   1.0000000000000004 
813   0.8140000000000006   1.0000000000000004 
814   0.8150000000000006   1.0000000000000004 
815   0.8160000000000006   1.0000000000000004 
816   0.8170000000000006   1.0000000000000004 
817   0.8180000000000006   1.0000000000000004 
818   0.8190000000000006   1.0000000000000004 
819   0.8200000000000006   1.0000000000000004 
820   0.8210000000000006   1.0000000000000004 
821   0.8220000000000006   1.0000000000000004 
822   0.8230000000000006   1.0000000000000004 
823   0.8240000000000006   1.0000000000000004 
824   0.8250000000000006   1.0000000000000004 
825   0.8260000000000006   1.0000000000000004 
826   0.8270000000000006   1.0000000000000004 
827   0.8280000000000006   1.0000000000000004 
828   0.8290000000000006   1.0000000000000004 
829   0.8300000000000006   1.0000000000000004 
830   0.8310000000000006   1.0000000000000004 
831   0.8320000000000006   1.0000000000000004 
832   0.8330000000000006   1.0000000000000004 
833   0.8340000000000006   1.0000000000000004 
834   0.8350000000000006   1.0000000000000004 
835   0.8360000000000006   1.0000000000000004 
836   0.8370000000000006   1.0000000000000004 
837   0.8380000000000006   1.0000000000000004 
838   0.8390000000000006   1.0000000000000004 
839   0.8400000000000006   1.0000000000000004 
840   0.8410000000000006   1.0000000000000004 
841   0.8420000000000006   1.0000000000000004 
842   0.8430000000000006   1.0000000000000004 
843   0.8440000000000006   1.0000000000000004 
844   0.8450000000000006   1.0000000000000004 
845   0.8460000000000006   1.0000000000000004 
846   0.8470000000000006   1.0000000000000004 
847   0.8480000000000006   1.0000000000000004 
848   0.8490000000000006   1.0000000000000004 
849   0.8500000000000006   1.0000000000000004 
850   0.8510000000000006   1.0000000000000004 
851   0.8520000000000006   1.0000000000000004 
852   0.8530000000000006   1.0000000000000004 
853   0.8540000000000006   1.0000000000000004 
854   0.8550000000000006   1.0000000000000004 
855   0.8560000000000006   1.0000000000000004 
856   0.8570000000000007   1.0000000000000004 
857   0.8580000000000007   1.0000000000000004 
858   0.8590000000000007   1.0000000000000004 
859   0.8600000000000007   1.0000000000000004 
860   0.8610000000000007   1.0000000000000004 
861   0.8620000000000007   1.0000000000000004 
862   0.8630000000000007   1.0000000000000004 
863   0.8640000000000007   1.0000000000000004 
864   0.8650000000000007   1.0000000000000004 
865   0.8660000000000007   1.0000000000000004 
866   0.8670000000000007   1.0000000000000004 
867   0.8680000000000007   1.0000000000000004 
868   0.8690000000000007   1.0000000000000004 
869   0.8700000000000007   1.0000000000000004 
870   0.8710000000000007   1.0000000000000004 
871   0.8720000000000007   1.0000000000000004 
872   0.8730000000000007   1.0000000000000004 
873   0.8740000000000007   1.0000000000000004 
874   0.8750000000000007   1.0000000000000004 
875   0.8760000000000007   1.0000000000000004 
876   0.8770000000000007   1.0000000000000004 
877   0.8780000000000007   1.0000000000000004 
878   0.8790000000000007   1.0000000000000004 
879   0.8800000000000007   1.0000000000000004 
880   0.8810000000000007   1.0000000000000004 
881   0.8820000000000007   1.0000000000000004 
882   0.8830000000000007   1.0000000000000004 
883   0.8840000000000007   1.0000000000000004 
884   0.8850000000000007   1.0000000000000004 
885   0.8860000000000007   1.0000000000000004 
886   0.8870000000000007   1.0000000000000004 
887   0.8880000000000007   1.0000000000000004 
888   0.8890000000000007   1.0000000000000004 
889   0.8900000000000007   1.0000000000000004 
890   0.8910000000000007   1.0000000000000004 
891   0.8920000000000007   1.0000000000000004 
892   0.8930000000000007   1.0000000000000004 
893   0.8940000000000007   1.0000000000000004 
894   0.8950000000000007   1.0000000000000004 
895   0.8960000000000007   1.0000000000000004 
896   0.8970000000000007   1.0000000000000004 
897   0.8980000000000007   1.0000000000000004 
898   0.8990000000000007   1.0000000000000004 
899   0.9000000000000007   1.0000000000000004 
900   0.9010000000000007   1.0000000000000004 
901   0.9020000000000007   1.0000000000000004 
902   0.9030000000000007   1.0000000000000004 
903   0.9040000000000007   1.0000000000000004 
904   0.9050000000000007   1.0000000000000004 
905   0.9060000000000007   1.0000000000000004 
906   0.9070000000000007   1.0000000000000004 
907   0.9080000000000007   1.0000000000000004 
908   0.9090000000000007   1.0000000000000004 
909   0.9100000000000007   1.0000000000000004 
910   0.9110000000000007   1.0000000000000004 
911   0.9120000000000007   1.0000000000000004 
912   0.9130000000000007   1.0000000000000004 
913   0.9140000000000007   1.0000000000000004 
914   0.9150000000000007   1.0000000000000004 
915   0.9160000000000007   1.0000000000000004 
916   0.9170000000000007   1.0000000000000004 
917   0.9180000000000007   1.0000000000000004 
918   0.9190000000000007   1.0000000000000004 
919   0.9200000000000007   1.0000000000000004 
920   0.9210000000000007   1.0000000000000004 
921   0.9220000000000007   1.0000000000000004 
922   0.9230000000000007   1.0000000000000004 
923   0.9240000000000007   1.0000000000000004 
924   0.9250000000000007   1.0000000000000004 
925   0.9260000000000007   1.0000000000000004 
926   0.9270000000000007   1.0000000000000004 
927   0.9280000000000007   1.0000000000000004 
928   0.9290000000000007   1.0000000000000004 
929   0.9300000000000007   1.0000000000000004 
930   0.9310000000000007   1.0000000000000004 
931   0.9320000000000007   1.0000000000000004 
932   0.9330000000000007   1.0000000000000004 
933   0.9340000000000007   1.0000000000000004 
934   0.9350000000000007   1.0000000000000004 
935   0.9360000000000007   1.0000000000000004 
936   0.9370000000000007   1.0000000000000004 
937   0.9380000000000007   1.0000000000000004 
938   0.9390000000000007   1.0000000000000004 
939   0.9400000000000007   1.0000000000000004 
940   0.9410000000000007   1.0000000000000004 
941   0.9420000000000007   1.0000000000000004 
942   0.9430000000000007   1.0000000000000004 
943   0.9440000000000007   1.0000000000000004 
944   0.9450000000000007   1.0000000000000004 
945   0.9460000000000007   1.0000000000000004 
946   0.9470000000000007   1.0000000000000004 
947   0.9480000000000007   1.0000000000000004 
948   0.9490000000000007   1.0000000000000004 
949   0.9500000000000007   1.0000000000000004 
950   0.9510000000000007   1.0000000000000004 
951   0.9520000000000007   1.0000000000000004 
952   0.9530000000000007   1.0000000000000004 
953   0.9540000000000007   1.0000000000000004 
954   0.9550000000000007   1.0000000000000004 
955   0.9560000000000007   1.0000000000000004 
956   0.9570000000000007   1.0000000000000004 
957   0.9580000000000007   1.0000000000000004 
958   0.9590000000000007   1.0000000000000004 
959   0.9600000000000007   1.0000000000000004 
960   0.9610000000000007   1.0000000000000004 
961   0.9620000000000007   1.0000000000000004 
962   0.9630000000000007   1.0000000000000004 
963   0.9640000000000007   1.0000000000000004 
964   0.9650000000000007   1.0000000000000004 
965   0.9660000000000007   1.0000000000000004 
966   0.9670000000000007   1.0000000000000004 
967   0.9680000000000007   1.0000000000000004 
968   0.9690000000000007   1.0000000000000004 
969   0.9700000000000008   1.0000000000000004 
970   0.9710000000000008   1.0000000000000004 
971   0.9720000000000008   1.0000000000000004 
972   0.9730000000000008   1.0000000000000004 
973   0.9740000000000008   1.0000000000000004 
974   0.9750000000000008   1.0000000000000004 
975   0.9760000000000008   1.0000000000000004 
976   0.9770000000000008   1.0000000000000004 
977   0.9780000000000008   1.0000000000000004 
978   0.9790000000000008   1.0000000000000004 
979   0.9800000000000008   1.0000000000000004 
980   0.9810000000000008   1.0000000000000004 
981   0.9820000000000008   1.0000000000000004 
982   0.9830000000000008   1.0000000000000004 
983   0.9840000000000008   1.0000000000000004 
984   0.9850000000000008   1.0000000000000004 
985   0.9860000000000008   1.0000000000000004 
986   0.9870000000000008   1.0000000000000004 
987   0.9880000000000008   1.0000000000000004 
988   0.9890000000000008   1.0000000000000004 
989   0.9900000000000008   1.0000000000000004 
990   0.9910000000000008   1.0000000000000004 
991   0.9920000000000008   1.0000000000000004 
992   0.9930000000000008   1.0000000000000004 
993   0.9940000000000008   1.0000000000000004 
994   0.9950000000000008   1.0000000000000004 
995   0.9960000000000008   1.0000000000000004 
996   0.9970000000000008   1.0000000000000004 
997   0.9980000000000008   1.0000000000000004 
998   0.9990000000000008   1.0000000000000004 
999   1.0000000000000007   1.0000000000000004 
