0   0.001   0 
1   0.002   0 
2   0.003   0 
3   0.003   0.007751937984496124 
4   0.004   0.031007751937984496 
5   0.006   0.031007751937984496 
6   0.006   0.046511627906976744 
7   0.008   0.046511627906976744 
8   0.009000000000000001   0.046511627906976744 
9   0.010000000000000002   0.046511627906976744 
10   0.011000000000000003   0.046511627906976744 
11   0.012000000000000004   0.046511627906976744 
12   0.013000000000000005   0.046511627906976744 
13   0.014000000000000005   0.046511627906976744 
14   0.015000000000000006   0.046511627906976744 
15   0.016000000000000007   0.046511627906976744 
16   0.017000000000000008   0.046511627906976744 
17   0.01800000000000001   0.046511627906976744 
18   0.01900000000000001   0.046511627906976744 
19   0.02000000000000001   0.046511627906976744 
20   0.02100000000000001   0.046511627906976744 
21   0.022000000000000013   0.046511627906976744 
22   0.023000000000000013   0.046511627906976744 
23   0.024000000000000014   0.046511627906976744 
24   0.025000000000000015   0.046511627906976744 
25   0.026000000000000016   0.046511627906976744 
26   0.027000000000000017   0.046511627906976744 
27   0.028000000000000018   0.046511627906976744 
28   0.028000000000000018   0.05426356589147287 
29   0.02900000000000002   0.06201550387596899 
30   0.03000000000000002   0.06976744186046512 
31   0.03100000000000002   0.07751937984496124 
32   0.03200000000000002   0.08527131782945736 
33   0.03400000000000002   0.08527131782945736 
34   0.035000000000000024   0.08527131782945736 
35   0.036000000000000025   0.08527131782945736 
36   0.037000000000000026   0.08527131782945736 
37   0.03800000000000003   0.08527131782945736 
38   0.03900000000000003   0.08527131782945736 
39   0.04000000000000003   0.08527131782945736 
40   0.04100000000000003   0.08527131782945736 
41   0.04200000000000003   0.08527131782945736 
42   0.04300000000000003   0.08527131782945736 
43   0.04400000000000003   0.08527131782945736 
44   0.04500000000000003   0.08527131782945736 
45   0.046000000000000034   0.08527131782945736 
46   0.047000000000000035   0.08527131782945736 
47   0.048000000000000036   0.08527131782945736 
48   0.04900000000000004   0.08527131782945736 
49   0.05000000000000004   0.08527131782945736 
50   0.05100000000000004   0.08527131782945736 
51   0.05100000000000004   0.09302325581395349 
52   0.05300000000000004   0.09302325581395349 
53   0.05400000000000004   0.09302325581395349 
54   0.05500000000000004   0.09302325581395349 
55   0.05600000000000004   0.09302325581395349 
56   0.057000000000000044   0.09302325581395349 
57   0.057000000000000044   0.10077519379844961 
58   0.058000000000000045   0.10852713178294573 
59   0.059000000000000045   0.11627906976744186 
60   0.060000000000000046   0.12403100775193798 
61   0.06100000000000005   0.13178294573643412 
62   0.06300000000000004   0.13178294573643412 
63   0.06400000000000004   0.13178294573643412 
64   0.06500000000000004   0.13178294573643412 
65   0.06600000000000004   0.13178294573643412 
66   0.06700000000000005   0.13178294573643412 
67   0.06800000000000005   0.13178294573643412 
68   0.06900000000000005   0.13178294573643412 
69   0.07000000000000005   0.13178294573643412 
70   0.07100000000000005   0.13178294573643412 
71   0.07200000000000005   0.13178294573643412 
72   0.07300000000000005   0.13178294573643412 
73   0.07400000000000005   0.13178294573643412 
74   0.07500000000000005   0.13178294573643412 
75   0.07600000000000005   0.13178294573643412 
76   0.07700000000000005   0.13178294573643412 
77   0.07800000000000006   0.13178294573643412 
78   0.07900000000000006   0.13178294573643412 
79   0.08000000000000006   0.13178294573643412 
80   0.08000000000000006   0.13953488372093026 
81   0.08200000000000006   0.13953488372093026 
82   0.08300000000000006   0.13953488372093026 
83   0.08400000000000006   0.13953488372093026 
84   0.08500000000000006   0.13953488372093026 
85   0.08600000000000006   0.13953488372093026 
86   0.08600000000000006   0.1472868217054264 
87   0.08700000000000006   0.15503875968992253 
88   0.08800000000000006   0.16279069767441867 
89   0.08900000000000007   0.1705426356589148 
90   0.09000000000000007   0.17829457364341095 
91   0.09200000000000007   0.17829457364341095 
92   0.09300000000000007   0.17829457364341095 
93   0.09400000000000007   0.17829457364341095 
94   0.09500000000000007   0.17829457364341095 
95   0.09600000000000007   0.17829457364341095 
96   0.09700000000000007   0.17829457364341095 
97   0.09800000000000007   0.17829457364341095 
98   0.09900000000000007   0.17829457364341095 
99   0.10000000000000007   0.17829457364341095 
100   0.10100000000000008   0.17829457364341095 
101   0.10200000000000008   0.17829457364341095 
102   0.10300000000000008   0.17829457364341095 
103   0.10400000000000008   0.17829457364341095 
104   0.10500000000000008   0.17829457364341095 
105   0.10600000000000008   0.17829457364341095 
106   0.10700000000000008   0.17829457364341095 
107   0.10800000000000008   0.17829457364341095 
108   0.10900000000000008   0.17829457364341095 
109   0.10900000000000008   0.18604651162790709 
110   0.11100000000000008   0.18604651162790709 
111   0.11200000000000009   0.18604651162790709 
112   0.11300000000000009   0.18604651162790709 
113   0.11400000000000009   0.18604651162790709 
114   0.11500000000000009   0.18604651162790709 
115   0.11600000000000009   0.18604651162790709 
116   0.11600000000000009   0.19379844961240322 
117   0.11700000000000009   0.20930232558139547 
118   0.11800000000000009   0.21705426356589158 
119   0.11900000000000009   0.22480620155038772 
120   0.1210000000000001   0.22480620155038772 
121   0.1220000000000001   0.22480620155038772 
122   0.1230000000000001   0.22480620155038772 
123   0.1240000000000001   0.22480620155038772 
124   0.12500000000000008   0.22480620155038772 
125   0.12600000000000008   0.22480620155038772 
126   0.12700000000000009   0.22480620155038772 
127   0.12800000000000009   0.22480620155038772 
128   0.1290000000000001   0.22480620155038772 
129   0.1300000000000001   0.22480620155038772 
130   0.1310000000000001   0.22480620155038772 
131   0.1320000000000001   0.22480620155038772 
132   0.1330000000000001   0.22480620155038772 
133   0.1340000000000001   0.22480620155038772 
134   0.1350000000000001   0.22480620155038772 
135   0.1360000000000001   0.22480620155038772 
136   0.1370000000000001   0.22480620155038772 
137   0.1380000000000001   0.22480620155038772 
138   0.1390000000000001   0.22480620155038772 
139   0.1390000000000001   0.23255813953488386 
140   0.1410000000000001   0.23255813953488386 
141   0.1420000000000001   0.23255813953488386 
142   0.1430000000000001   0.23255813953488386 
143   0.1440000000000001   0.23255813953488386 
144   0.1450000000000001   0.23255813953488386 
145   0.1460000000000001   0.23255813953488386 
146   0.1470000000000001   0.23255813953488386 
147   0.1480000000000001   0.23255813953488386 
148   0.1490000000000001   0.23255813953488386 
149   0.1500000000000001   0.23255813953488386 
150   0.1510000000000001   0.23255813953488386 
151   0.1520000000000001   0.23255813953488386 
152   0.1530000000000001   0.23255813953488386 
153   0.1540000000000001   0.23255813953488386 
154   0.1550000000000001   0.23255813953488386 
155   0.1560000000000001   0.23255813953488386 
156   0.1570000000000001   0.23255813953488386 
157   0.1580000000000001   0.23255813953488386 
158   0.1590000000000001   0.23255813953488386 
159   0.16000000000000011   0.23255813953488386 
160   0.16100000000000012   0.23255813953488386 
161   0.16200000000000012   0.23255813953488386 
162   0.16300000000000012   0.23255813953488386 
163   0.16400000000000012   0.23255813953488386 
164   0.16500000000000012   0.23255813953488386 
165   0.16600000000000012   0.23255813953488386 
166   0.16700000000000012   0.23255813953488386 
167   0.16800000000000012   0.23255813953488386 
168   0.16900000000000012   0.23255813953488386 
169   0.17000000000000012   0.23255813953488386 
170   0.17100000000000012   0.23255813953488386 
171   0.17200000000000013   0.23255813953488386 
172   0.17300000000000013   0.23255813953488386 
173   0.17400000000000013   0.23255813953488386 
174   0.17500000000000013   0.23255813953488386 
175   0.17600000000000013   0.23255813953488386 
176   0.17700000000000013   0.23255813953488386 
177   0.17800000000000013   0.23255813953488386 
178   0.17900000000000013   0.23255813953488386 
179   0.18000000000000013   0.23255813953488386 
180   0.18100000000000013   0.23255813953488386 
181   0.18100000000000013   0.24031007751938 
182   0.18200000000000013   0.24806201550387613 
183   0.18300000000000013   0.25581395348837227 
184   0.18400000000000014   0.2635658914728684 
185   0.18500000000000014   0.27131782945736455 
186   0.18700000000000014   0.27131782945736455 
187   0.18800000000000014   0.27131782945736455 
188   0.18900000000000014   0.27131782945736455 
189   0.19000000000000014   0.27131782945736455 
190   0.19100000000000014   0.27131782945736455 
191   0.19200000000000014   0.27131782945736455 
192   0.19300000000000014   0.27131782945736455 
193   0.19400000000000014   0.27131782945736455 
194   0.19500000000000015   0.27131782945736455 
195   0.19600000000000015   0.27131782945736455 
196   0.19700000000000015   0.27131782945736455 
197   0.19800000000000015   0.27131782945736455 
198   0.19900000000000015   0.27131782945736455 
199   0.20000000000000015   0.27131782945736455 
200   0.20100000000000015   0.27131782945736455 
201   0.20200000000000015   0.27131782945736455 
202   0.20300000000000015   0.27131782945736455 
203   0.20400000000000015   0.27131782945736455 
204   0.20400000000000015   0.2790697674418607 
205   0.20600000000000016   0.2790697674418607 
206   0.20700000000000016   0.2790697674418607 
207   0.20800000000000016   0.2790697674418607 
208   0.20900000000000016   0.2790697674418607 
209   0.21000000000000016   0.2790697674418607 
210   0.21000000000000016   0.2868217054263568 
211   0.21100000000000016   0.29457364341085296 
212   0.21200000000000016   0.3023255813953491 
213   0.21300000000000016   0.31007751937984523 
214   0.21400000000000016   0.3178294573643414 
215   0.21600000000000016   0.3178294573643414 
216   0.21700000000000016   0.3178294573643414 
217   0.21800000000000017   0.3178294573643414 
218   0.21900000000000017   0.3178294573643414 
219   0.22000000000000017   0.3178294573643414 
220   0.22100000000000017   0.3178294573643414 
221   0.22200000000000017   0.3178294573643414 
222   0.22300000000000017   0.3178294573643414 
223   0.22400000000000017   0.3178294573643414 
224   0.22500000000000017   0.3178294573643414 
225   0.22600000000000017   0.3178294573643414 
226   0.22700000000000017   0.3178294573643414 
227   0.22800000000000017   0.3178294573643414 
228   0.22900000000000018   0.3178294573643414 
229   0.23000000000000018   0.3178294573643414 
230   0.23100000000000018   0.3178294573643414 
231   0.23200000000000018   0.3178294573643414 
232   0.23300000000000018   0.3178294573643414 
233   0.23400000000000018   0.3178294573643414 
234   0.23400000000000018   0.3255813953488375 
235   0.23600000000000018   0.3255813953488375 
236   0.23700000000000018   0.3255813953488375 
237   0.23800000000000018   0.3255813953488375 
238   0.23900000000000018   0.3255813953488375 
239   0.23900000000000018   0.33333333333333365 
240   0.24000000000000019   0.3410852713178298 
241   0.2410000000000002   0.3488372093023259 
242   0.2420000000000002   0.35658914728682206 
243   0.2430000000000002   0.3643410852713182 
244   0.2450000000000002   0.3643410852713182 
245   0.2460000000000002   0.3643410852713182 
246   0.2470000000000002   0.3643410852713182 
247   0.2480000000000002   0.3643410852713182 
248   0.2490000000000002   0.3643410852713182 
249   0.25000000000000017   0.3643410852713182 
250   0.25100000000000017   0.3643410852713182 
251   0.25200000000000017   0.3643410852713182 
252   0.25300000000000017   0.3643410852713182 
253   0.25400000000000017   0.3643410852713182 
254   0.25500000000000017   0.3643410852713182 
255   0.25600000000000017   0.3643410852713182 
256   0.2570000000000002   0.3643410852713182 
257   0.2580000000000002   0.3643410852713182 
258   0.2590000000000002   0.3643410852713182 
259   0.2600000000000002   0.3643410852713182 
260   0.2610000000000002   0.3643410852713182 
261   0.2620000000000002   0.3643410852713182 
262   0.2630000000000002   0.3643410852713182 
263   0.2630000000000002   0.37209302325581434 
264   0.2650000000000002   0.37209302325581434 
265   0.2660000000000002   0.37209302325581434 
266   0.2670000000000002   0.37209302325581434 
267   0.2680000000000002   0.37209302325581434 
268   0.2680000000000002   0.3798449612403105 
269   0.2690000000000002   0.3875968992248066 
270   0.2700000000000002   0.39534883720930275 
271   0.2710000000000002   0.4031007751937989 
272   0.2720000000000002   0.410852713178295 
273   0.2740000000000002   0.410852713178295 
274   0.2750000000000002   0.410852713178295 
275   0.2760000000000002   0.410852713178295 
276   0.2770000000000002   0.410852713178295 
277   0.2780000000000002   0.410852713178295 
278   0.2790000000000002   0.410852713178295 
279   0.2800000000000002   0.410852713178295 
280   0.2810000000000002   0.410852713178295 
281   0.2820000000000002   0.410852713178295 
282   0.2830000000000002   0.410852713178295 
283   0.2840000000000002   0.410852713178295 
284   0.2850000000000002   0.410852713178295 
285   0.2860000000000002   0.410852713178295 
286   0.2870000000000002   0.410852713178295 
287   0.2880000000000002   0.410852713178295 
288   0.2890000000000002   0.410852713178295 
289   0.2900000000000002   0.410852713178295 
290   0.2910000000000002   0.410852713178295 
291   0.2920000000000002   0.410852713178295 
292   0.2920000000000002   0.41860465116279116 
293   0.2940000000000002   0.41860465116279116 
294   0.2950000000000002   0.41860465116279116 
295   0.2960000000000002   0.41860465116279116 
296   0.2970000000000002   0.41860465116279116 
297   0.2980000000000002   0.41860465116279116 
298   0.2980000000000002   0.4263565891472873 
299   0.2990000000000002   0.43410852713178344 
300   0.3000000000000002   0.4418604651162796 
301   0.3010000000000002   0.4496124031007757 
302   0.3020000000000002   0.45736434108527185 
303   0.3040000000000002   0.45736434108527185 
304   0.3050000000000002   0.45736434108527185 
305   0.3060000000000002   0.45736434108527185 
306   0.3070000000000002   0.45736434108527185 
307   0.3080000000000002   0.45736434108527185 
308   0.3090000000000002   0.45736434108527185 
309   0.3100000000000002   0.45736434108527185 
310   0.3110000000000002   0.45736434108527185 
311   0.3120000000000002   0.45736434108527185 
312   0.3130000000000002   0.45736434108527185 
313   0.3140000000000002   0.45736434108527185 
314   0.3150000000000002   0.45736434108527185 
315   0.3160000000000002   0.45736434108527185 
316   0.3170000000000002   0.45736434108527185 
317   0.3180000000000002   0.45736434108527185 
318   0.31900000000000023   0.45736434108527185 
319   0.32000000000000023   0.45736434108527185 
320   0.32100000000000023   0.45736434108527185 
321   0.32100000000000023   0.465116279069768 
322   0.32300000000000023   0.465116279069768 
323   0.32400000000000023   0.465116279069768 
324   0.32500000000000023   0.465116279069768 
325   0.32600000000000023   0.465116279069768 
326   0.32700000000000023   0.465116279069768 
327   0.32800000000000024   0.465116279069768 
328   0.32900000000000024   0.465116279069768 
329   0.33000000000000024   0.465116279069768 
330   0.33100000000000024   0.465116279069768 
331   0.33200000000000024   0.465116279069768 
332   0.33300000000000024   0.465116279069768 
333   0.33400000000000024   0.465116279069768 
334   0.33500000000000024   0.465116279069768 
335   0.33600000000000024   0.465116279069768 
336   0.33700000000000024   0.465116279069768 
337   0.33800000000000024   0.465116279069768 
338   0.33900000000000025   0.465116279069768 
339   0.34000000000000025   0.465116279069768 
340   0.34100000000000025   0.465116279069768 
341   0.34200000000000025   0.465116279069768 
342   0.34300000000000025   0.465116279069768 
343   0.34400000000000025   0.465116279069768 
344   0.34500000000000025   0.465116279069768 
345   0.34600000000000025   0.465116279069768 
346   0.34700000000000025   0.465116279069768 
347   0.34800000000000025   0.465116279069768 
348   0.34900000000000025   0.465116279069768 
349   0.35000000000000026   0.465116279069768 
350   0.35100000000000026   0.465116279069768 
351   0.35200000000000026   0.465116279069768 
352   0.35300000000000026   0.465116279069768 
353   0.35400000000000026   0.465116279069768 
354   0.35500000000000026   0.465116279069768 
355   0.35600000000000026   0.465116279069768 
356   0.35700000000000026   0.465116279069768 
357   0.35800000000000026   0.465116279069768 
358   0.35900000000000026   0.465116279069768 
359   0.36000000000000026   0.465116279069768 
360   0.36100000000000027   0.465116279069768 
361   0.36200000000000027   0.465116279069768 
362   0.36300000000000027   0.465116279069768 
363   0.36400000000000027   0.465116279069768 
364   0.36400000000000027   0.47286821705426413 
365   0.36500000000000027   0.48062015503876027 
366   0.36600000000000027   0.4883720930232564 
367   0.36700000000000027   0.49612403100775254 
368   0.36800000000000027   0.5038759689922486 
369   0.3700000000000003   0.5038759689922486 
370   0.3710000000000003   0.5038759689922486 
371   0.3720000000000003   0.5038759689922486 
372   0.3730000000000003   0.5038759689922486 
373   0.3740000000000003   0.5038759689922486 
374   0.3750000000000003   0.5038759689922486 
375   0.3760000000000003   0.5038759689922486 
376   0.3770000000000003   0.5038759689922486 
377   0.3780000000000003   0.5038759689922486 
378   0.3790000000000003   0.5038759689922486 
379   0.3800000000000003   0.5038759689922486 
380   0.3810000000000003   0.5038759689922486 
381   0.3820000000000003   0.5038759689922486 
382   0.3830000000000003   0.5038759689922486 
383   0.3840000000000003   0.5038759689922486 
384   0.3850000000000003   0.5038759689922486 
385   0.3860000000000003   0.5038759689922486 
386   0.3870000000000003   0.5038759689922486 
387   0.3870000000000003   0.5116279069767448 
388   0.3890000000000003   0.5116279069767448 
389   0.3900000000000003   0.5116279069767448 
390   0.3910000000000003   0.5116279069767448 
391   0.3920000000000003   0.5116279069767448 
392   0.3930000000000003   0.5116279069767448 
393   0.3930000000000003   0.5193798449612409 
394   0.3940000000000003   0.527131782945737 
395   0.3950000000000003   0.5348837209302332 
396   0.3960000000000003   0.5426356589147293 
397   0.3970000000000003   0.5503875968992255 
398   0.3990000000000003   0.5503875968992255 
399   0.4000000000000003   0.5503875968992255 
400   0.4010000000000003   0.5503875968992255 
401   0.4020000000000003   0.5503875968992255 
402   0.4030000000000003   0.5503875968992255 
403   0.4040000000000003   0.5503875968992255 
404   0.4050000000000003   0.5503875968992255 
405   0.4060000000000003   0.5503875968992255 
406   0.4070000000000003   0.5503875968992255 
407   0.4080000000000003   0.5503875968992255 
408   0.4090000000000003   0.5503875968992255 
409   0.4100000000000003   0.5503875968992255 
410   0.4110000000000003   0.5503875968992255 
411   0.4120000000000003   0.5503875968992255 
412   0.4130000000000003   0.5503875968992255 
413   0.4140000000000003   0.5503875968992255 
414   0.4150000000000003   0.5503875968992255 
415   0.4160000000000003   0.5503875968992255 
416   0.4160000000000003   0.5581395348837216 
417   0.4180000000000003   0.5581395348837216 
418   0.4190000000000003   0.5581395348837216 
419   0.4200000000000003   0.5581395348837216 
420   0.4210000000000003   0.5581395348837216 
421   0.4220000000000003   0.5581395348837216 
422   0.4220000000000003   0.5658914728682177 
423   0.4230000000000003   0.5736434108527139 
424   0.4240000000000003   0.58139534883721 
425   0.4250000000000003   0.5891472868217061 
426   0.4260000000000003   0.5968992248062023 
427   0.4280000000000003   0.5968992248062023 
428   0.4290000000000003   0.5968992248062023 
429   0.4300000000000003   0.5968992248062023 
430   0.4310000000000003   0.5968992248062023 
431   0.43200000000000033   0.5968992248062023 
432   0.43300000000000033   0.5968992248062023 
433   0.43400000000000033   0.5968992248062023 
434   0.43500000000000033   0.5968992248062023 
435   0.43600000000000033   0.5968992248062023 
436   0.43700000000000033   0.5968992248062023 
437   0.43800000000000033   0.5968992248062023 
438   0.43900000000000033   0.5968992248062023 
439   0.44000000000000034   0.5968992248062023 
440   0.44100000000000034   0.5968992248062023 
441   0.44200000000000034   0.5968992248062023 
442   0.44300000000000034   0.5968992248062023 
443   0.44400000000000034   0.5968992248062023 
444   0.44500000000000034   0.5968992248062023 
445   0.44500000000000034   0.6046511627906984 
446   0.44700000000000034   0.6046511627906984 
447   0.44800000000000034   0.6046511627906984 
448   0.44900000000000034   0.6046511627906984 
449   0.45000000000000034   0.6046511627906984 
450   0.45100000000000035   0.6046511627906984 
451   0.45100000000000035   0.6124031007751946 
452   0.45200000000000035   0.6201550387596907 
453   0.45300000000000035   0.6279069767441868 
454   0.45400000000000035   0.635658914728683 
455   0.45500000000000035   0.6434108527131791 
456   0.45700000000000035   0.6434108527131791 
457   0.45800000000000035   0.6434108527131791 
458   0.45900000000000035   0.6434108527131791 
459   0.46000000000000035   0.6434108527131791 
460   0.46100000000000035   0.6434108527131791 
461   0.46200000000000035   0.6434108527131791 
462   0.46300000000000036   0.6434108527131791 
463   0.46400000000000036   0.6434108527131791 
464   0.46500000000000036   0.6434108527131791 
465   0.46600000000000036   0.6434108527131791 
466   0.46700000000000036   0.6434108527131791 
467   0.46800000000000036   0.6434108527131791 
468   0.46900000000000036   0.6434108527131791 
469   0.47000000000000036   0.6434108527131791 
470   0.47100000000000036   0.6434108527131791 
471   0.47200000000000036   0.6434108527131791 
472   0.47300000000000036   0.6434108527131791 
473   0.47400000000000037   0.6434108527131791 
474   0.47400000000000037   0.6511627906976752 
475   0.47600000000000037   0.6511627906976752 
476   0.47700000000000037   0.6511627906976752 
477   0.47800000000000037   0.6511627906976752 
478   0.47900000000000037   0.6511627906976752 
479   0.48000000000000037   0.6511627906976752 
480   0.48100000000000037   0.6511627906976752 
481   0.48100000000000037   0.6666666666666675 
482   0.4820000000000004   0.6744186046511637 
483   0.4830000000000004   0.6821705426356598 
484   0.4840000000000004   0.6899224806201559 
485   0.4860000000000004   0.6899224806201559 
486   0.4870000000000004   0.6899224806201559 
487   0.4880000000000004   0.6899224806201559 
488   0.4890000000000004   0.6899224806201559 
489   0.4900000000000004   0.6899224806201559 
490   0.4910000000000004   0.6899224806201559 
491   0.4920000000000004   0.6899224806201559 
492   0.4930000000000004   0.6899224806201559 
493   0.4940000000000004   0.6899224806201559 
494   0.4950000000000004   0.6899224806201559 
495   0.4960000000000004   0.6899224806201559 
496   0.4970000000000004   0.6899224806201559 
497   0.4980000000000004   0.6899224806201559 
498   0.4990000000000004   0.6899224806201559 
499   0.5000000000000003   0.6899224806201559 
500   0.5010000000000003   0.6899224806201559 
501   0.5020000000000003   0.6899224806201559 
502   0.5030000000000003   0.6899224806201559 
503   0.5040000000000003   0.6899224806201559 
504   0.5040000000000003   0.6976744186046521 
505   0.5060000000000003   0.6976744186046521 
506   0.5070000000000003   0.6976744186046521 
507   0.5080000000000003   0.6976744186046521 
508   0.5090000000000003   0.6976744186046521 
509   0.5100000000000003   0.6976744186046521 
510   0.5110000000000003   0.6976744186046521 
511   0.5120000000000003   0.6976744186046521 
512   0.5130000000000003   0.6976744186046521 
513   0.5140000000000003   0.6976744186046521 
514   0.5150000000000003   0.6976744186046521 
515   0.5160000000000003   0.6976744186046521 
516   0.5170000000000003   0.6976744186046521 
517   0.5180000000000003   0.6976744186046521 
518   0.5190000000000003   0.6976744186046521 
519   0.5200000000000004   0.6976744186046521 
520   0.5210000000000004   0.6976744186046521 
521   0.5220000000000004   0.6976744186046521 
522   0.5230000000000004   0.6976744186046521 
523   0.5240000000000004   0.6976744186046521 
524   0.5250000000000004   0.6976744186046521 
525   0.5260000000000004   0.6976744186046521 
526   0.5270000000000004   0.6976744186046521 
527   0.5280000000000004   0.6976744186046521 
528   0.5290000000000004   0.6976744186046521 
529   0.5300000000000004   0.6976744186046521 
530   0.5310000000000004   0.6976744186046521 
531   0.5320000000000004   0.6976744186046521 
532   0.5330000000000004   0.6976744186046521 
533   0.5340000000000004   0.6976744186046521 
534   0.5350000000000004   0.6976744186046521 
535   0.5360000000000004   0.6976744186046521 
536   0.5370000000000004   0.6976744186046521 
537   0.5380000000000004   0.6976744186046521 
538   0.5390000000000004   0.6976744186046521 
539   0.5400000000000004   0.6976744186046521 
540   0.5410000000000004   0.6976744186046521 
541   0.5420000000000004   0.6976744186046521 
542   0.5430000000000004   0.6976744186046521 
543   0.5440000000000004   0.6976744186046521 
544   0.5450000000000004   0.6976744186046521 
545   0.5460000000000004   0.6976744186046521 
546   0.5460000000000004   0.7054263565891482 
547   0.5470000000000004   0.7131782945736443 
548   0.5480000000000004   0.7209302325581405 
549   0.5490000000000004   0.7286821705426366 
550   0.5500000000000004   0.7364341085271328 
551   0.5520000000000004   0.7364341085271328 
552   0.5530000000000004   0.7364341085271328 
553   0.5540000000000004   0.7364341085271328 
554   0.5550000000000004   0.7364341085271328 
555   0.5560000000000004   0.7364341085271328 
556   0.5570000000000004   0.7364341085271328 
557   0.5580000000000004   0.7364341085271328 
558   0.5590000000000004   0.7364341085271328 
559   0.5600000000000004   0.7364341085271328 
560   0.5610000000000004   0.7364341085271328 
561   0.5620000000000004   0.7364341085271328 
562   0.5630000000000004   0.7364341085271328 
563   0.5640000000000004   0.7364341085271328 
564   0.5650000000000004   0.7364341085271328 
565   0.5660000000000004   0.7364341085271328 
566   0.5670000000000004   0.7364341085271328 
567   0.5680000000000004   0.7364341085271328 
568   0.5690000000000004   0.7364341085271328 
569   0.5700000000000004   0.7364341085271328 
570   0.5700000000000004   0.7441860465116289 
571   0.5720000000000004   0.7441860465116289 
572   0.5730000000000004   0.7441860465116289 
573   0.5740000000000004   0.7441860465116289 
574   0.5750000000000004   0.7441860465116289 
575   0.5750000000000004   0.751937984496125 
576   0.5760000000000004   0.7596899224806212 
577   0.5770000000000004   0.7674418604651173 
578   0.5780000000000004   0.7751937984496134 
579   0.5790000000000004   0.7829457364341096 
580   0.5810000000000004   0.7829457364341096 
581   0.5820000000000004   0.7829457364341096 
582   0.5830000000000004   0.7829457364341096 
583   0.5840000000000004   0.7829457364341096 
584   0.5850000000000004   0.7829457364341096 
585   0.5860000000000004   0.7829457364341096 
586   0.5870000000000004   0.7829457364341096 
587   0.5880000000000004   0.7829457364341096 
588   0.5890000000000004   0.7829457364341096 
589   0.5900000000000004   0.7829457364341096 
590   0.5910000000000004   0.7829457364341096 
591   0.5920000000000004   0.7829457364341096 
592   0.5930000000000004   0.7829457364341096 
593   0.5940000000000004   0.7829457364341096 
594   0.5950000000000004   0.7829457364341096 
595   0.5960000000000004   0.7829457364341096 
596   0.5970000000000004   0.7829457364341096 
597   0.5980000000000004   0.7829457364341096 
598   0.5990000000000004   0.7829457364341096 
599   0.5990000000000004   0.7906976744186057 
600   0.6010000000000004   0.7906976744186057 
601   0.6020000000000004   0.7906976744186057 
602   0.6030000000000004   0.7906976744186057 
603   0.6040000000000004   0.7906976744186057 
604   0.6040000000000004   0.7984496124031019 
605   0.6050000000000004   0.806201550387598 
606   0.6060000000000004   0.8139534883720941 
607   0.6070000000000004   0.8217054263565903 
608   0.6080000000000004   0.8294573643410864 
609   0.6100000000000004   0.8294573643410864 
610   0.6110000000000004   0.8294573643410864 
611   0.6120000000000004   0.8294573643410864 
612   0.6130000000000004   0.8294573643410864 
613   0.6140000000000004   0.8294573643410864 
614   0.6150000000000004   0.8294573643410864 
615   0.6160000000000004   0.8294573643410864 
616   0.6170000000000004   0.8294573643410864 
617   0.6180000000000004   0.8294573643410864 
618   0.6190000000000004   0.8294573643410864 
619   0.6200000000000004   0.8294573643410864 
620   0.6210000000000004   0.8294573643410864 
621   0.6220000000000004   0.8294573643410864 
622   0.6230000000000004   0.8294573643410864 
623   0.6240000000000004   0.8294573643410864 
624   0.6250000000000004   0.8294573643410864 
625   0.6260000000000004   0.8294573643410864 
626   0.6270000000000004   0.8294573643410864 
627   0.6280000000000004   0.8294573643410864 
628   0.6280000000000004   0.8372093023255825 
629   0.6300000000000004   0.8372093023255825 
630   0.6310000000000004   0.8372093023255825 
631   0.6320000000000005   0.8372093023255825 
632   0.6330000000000005   0.8372093023255825 
633   0.6330000000000005   0.8449612403100787 
634   0.6340000000000005   0.8527131782945748 
635   0.6350000000000005   0.860465116279071 
636   0.6360000000000005   0.8682170542635671 
637   0.6370000000000005   0.8759689922480632 
638   0.6390000000000005   0.8759689922480632 
639   0.6400000000000005   0.8759689922480632 
640   0.6410000000000005   0.8759689922480632 
641   0.6420000000000005   0.8759689922480632 
642   0.6430000000000005   0.8759689922480632 
643   0.6440000000000005   0.8759689922480632 
644   0.6450000000000005   0.8759689922480632 
645   0.6460000000000005   0.8759689922480632 
646   0.6470000000000005   0.8759689922480632 
647   0.6480000000000005   0.8759689922480632 
648   0.6490000000000005   0.8759689922480632 
649   0.6500000000000005   0.8759689922480632 
650   0.6510000000000005   0.8759689922480632 
651   0.6520000000000005   0.8759689922480632 
652   0.6530000000000005   0.8759689922480632 
653   0.6540000000000005   0.8759689922480632 
654   0.6550000000000005   0.8759689922480632 
655   0.6560000000000005   0.8759689922480632 
656   0.6570000000000005   0.8759689922480632 
657   0.6570000000000005   0.8837209302325594 
658   0.6590000000000005   0.8837209302325594 
659   0.6600000000000005   0.8837209302325594 
660   0.6610000000000005   0.8837209302325594 
661   0.6620000000000005   0.8837209302325594 
662   0.6630000000000005   0.8837209302325594 
663   0.6630000000000005   0.8914728682170555 
664   0.6640000000000005   0.9069767441860478 
665   0.6660000000000005   0.9069767441860478 
666   0.6660000000000005   0.9147286821705439 
667   0.6670000000000005   0.9224806201550401 
668   0.6690000000000005   0.9224806201550401 
669   0.6700000000000005   0.9224806201550401 
670   0.6710000000000005   0.9224806201550401 
671   0.6720000000000005   0.9224806201550401 
672   0.6730000000000005   0.9224806201550401 
673   0.6740000000000005   0.9224806201550401 
674   0.6750000000000005   0.9224806201550401 
675   0.6760000000000005   0.9224806201550401 
676   0.6770000000000005   0.9224806201550401 
677   0.6780000000000005   0.9224806201550401 
678   0.6790000000000005   0.9224806201550401 
679   0.6800000000000005   0.9224806201550401 
680   0.6810000000000005   0.9224806201550401 
681   0.6820000000000005   0.9224806201550401 
682   0.6830000000000005   0.9224806201550401 
683   0.6840000000000005   0.9224806201550401 
684   0.6850000000000005   0.9224806201550401 
685   0.6860000000000005   0.9224806201550401 
686   0.6870000000000005   0.9224806201550401 
687   0.6870000000000005   0.9302325581395362 
688   0.6890000000000005   0.9302325581395362 
689   0.6900000000000005   0.9302325581395362 
690   0.6910000000000005   0.9302325581395362 
691   0.6920000000000005   0.9302325581395362 
692   0.6930000000000005   0.9302325581395362 
693   0.6940000000000005   0.9302325581395362 
694   0.6950000000000005   0.9302325581395362 
695   0.6960000000000005   0.9302325581395362 
696   0.6970000000000005   0.9302325581395362 
697   0.6980000000000005   0.9302325581395362 
698   0.6980000000000005   0.9379844961240323 
699   0.6990000000000005   0.9457364341085285 
700   0.7000000000000005   0.9534883720930246 
701   0.7020000000000005   0.9534883720930246 
702   0.7030000000000005   0.9534883720930246 
703   0.7040000000000005   0.9534883720930246 
704   0.7050000000000005   0.9534883720930246 
705   0.7050000000000005   0.9612403100775208 
706   0.7070000000000005   0.9612403100775208 
707   0.7080000000000005   0.9612403100775208 
708   0.7090000000000005   0.9612403100775208 
709   0.7100000000000005   0.9612403100775208 
710   0.7110000000000005   0.9612403100775208 
711   0.7110000000000005   0.9689922480620169 
712   0.7130000000000005   0.9689922480620169 
713   0.7140000000000005   0.9689922480620169 
714   0.7150000000000005   0.9689922480620169 
715   0.7160000000000005   0.9689922480620169 
716   0.7170000000000005   0.9689922480620169 
717   0.7180000000000005   0.9689922480620169 
718   0.7190000000000005   0.9689922480620169 
719   0.7200000000000005   0.9689922480620169 
720   0.7210000000000005   0.9689922480620169 
721   0.7220000000000005   0.9689922480620169 
722   0.7230000000000005   0.9689922480620169 
723   0.7240000000000005   0.9689922480620169 
724   0.7250000000000005   0.9689922480620169 
725   0.7260000000000005   0.9689922480620169 
726   0.7270000000000005   0.9689922480620169 
727   0.7280000000000005   0.9689922480620169 
728   0.7290000000000005   0.9689922480620169 
729   0.7300000000000005   0.9689922480620169 
730   0.7310000000000005   0.9689922480620169 
731   0.7320000000000005   0.9689922480620169 
732   0.7330000000000005   0.9689922480620169 
733   0.7330000000000005   0.976744186046513 
734   0.7350000000000005   0.976744186046513 
735   0.7360000000000005   0.976744186046513 
736   0.7370000000000005   0.976744186046513 
737   0.7380000000000005   0.976744186046513 
738   0.7390000000000005   0.976744186046513 
739   0.7400000000000005   0.976744186046513 
740   0.7410000000000005   0.976744186046513 
741   0.7420000000000005   0.976744186046513 
742   0.7430000000000005   0.976744186046513 
743   0.7440000000000005   0.976744186046513 
744   0.7440000000000005   0.9844961240310092 
745   0.7460000000000006   0.9844961240310092 
746   0.7470000000000006   0.9844961240310092 
747   0.7480000000000006   0.9844961240310092 
748   0.7490000000000006   0.9844961240310092 
749   0.7500000000000006   0.9844961240310092 
750   0.7510000000000006   0.9844961240310092 
751   0.7520000000000006   0.9844961240310092 
752   0.7530000000000006   0.9844961240310092 
753   0.7540000000000006   0.9844961240310092 
754   0.7540000000000006   0.9922480620155053 
755   0.7560000000000006   0.9922480620155053 
756   0.7570000000000006   0.9922480620155053 
757   0.7580000000000006   0.9922480620155053 
758   0.7590000000000006   0.9922480620155053 
759   0.7590000000000006   1.0000000000000013 
760   0.7610000000000006   1.0000000000000013 
761   0.7620000000000006   1.0000000000000013 
762   0.7630000000000006   1.0000000000000013 
763   0.7640000000000006   1.0000000000000013 
764   0.7650000000000006   1.0000000000000013 
765   0.7660000000000006   1.0000000000000013 
766   0.7670000000000006   1.0000000000000013 
767   0.7680000000000006   1.0000000000000013 
768   0.7690000000000006   1.0000000000000013 
769   0.7700000000000006   1.0000000000000013 
770   0.7710000000000006   1.0000000000000013 
771   0.7720000000000006   1.0000000000000013 
772   0.7730000000000006   1.0000000000000013 
773   0.7740000000000006   1.0000000000000013 
774   0.7750000000000006   1.0000000000000013 
775   0.7760000000000006   1.0000000000000013 
776   0.7770000000000006   1.0000000000000013 
777   0.7780000000000006   1.0000000000000013 
778   0.7790000000000006   1.0000000000000013 
779   0.7800000000000006   1.0000000000000013 
780   0.7810000000000006   1.0000000000000013 
781   0.7820000000000006   1.0000000000000013 
782   0.7830000000000006   1.0000000000000013 
783   0.7840000000000006   1.0000000000000013 
784   0.7850000000000006   1.0000000000000013 
785   0.7860000000000006   1.0000000000000013 
786   0.7870000000000006   1.0000000000000013 
787   0.7880000000000006   1.0000000000000013 
788   0.7890000000000006   1.0000000000000013 
789   0.7900000000000006   1.0000000000000013 
790   0.7910000000000006   1.0000000000000013 
791   0.7920000000000006   1.0000000000000013 
792   0.7930000000000006   1.0000000000000013 
793   0.7940000000000006   1.0000000000000013 
794   0.7950000000000006   1.0000000000000013 
795   0.7960000000000006   1.0000000000000013 
796   0.7970000000000006   1.0000000000000013 
797   0.7980000000000006   1.0000000000000013 
798   0.7990000000000006   1.0000000000000013 
799   0.8000000000000006   1.0000000000000013 
800   0.8010000000000006   1.0000000000000013 
801   0.8020000000000006   1.0000000000000013 
802   0.8030000000000006   1.0000000000000013 
803   0.8040000000000006   1.0000000000000013 
804   0.8050000000000006   1.0000000000000013 
805   0.8060000000000006   1.0000000000000013 
806   0.8070000000000006   1.0000000000000013 
807   0.8080000000000006   1.0000000000000013 
808   0.8090000000000006   1.0000000000000013 
809   0.8100000000000006   1.0000000000000013 
810   0.8110000000000006   1.0000000000000013 
811   0.8120000000000006   1.0000000000000013 
812   0.8130000000000006   1.0000000000000013 
813   0.8140000000000006   1.0000000000000013 
814   0.8150000000000006   1.0000000000000013 
815   0.8160000000000006   1.0000000000000013 
816   0.8170000000000006   1.0000000000000013 
817   0.8180000000000006   1.0000000000000013 
818   0.8190000000000006   1.0000000000000013 
819   0.8200000000000006   1.0000000000000013 
820   0.8210000000000006   1.0000000000000013 
821   0.8220000000000006   1.0000000000000013 
822   0.8230000000000006   1.0000000000000013 
823   0.8240000000000006   1.0000000000000013 
824   0.8250000000000006   1.0000000000000013 
825   0.8260000000000006   1.0000000000000013 
826   0.8270000000000006   1.0000000000000013 
827   0.8280000000000006   1.0000000000000013 
828   0.8290000000000006   1.0000000000000013 
829   0.8300000000000006   1.0000000000000013 
830   0.8310000000000006   1.0000000000000013 
831   0.8320000000000006   1.0000000000000013 
832   0.8330000000000006   1.0000000000000013 
833   0.8340000000000006   1.0000000000000013 
834   0.8350000000000006   1.0000000000000013 
835   0.8360000000000006   1.0000000000000013 
836   0.8370000000000006   1.0000000000000013 
837   0.8380000000000006   1.0000000000000013 
838   0.8390000000000006   1.0000000000000013 
839   0.8400000000000006   1.0000000000000013 
840   0.8410000000000006   1.0000000000000013 
841   0.8420000000000006   1.0000000000000013 
842   0.8430000000000006   1.0000000000000013 
843   0.8440000000000006   1.0000000000000013 
844   0.8450000000000006   1.0000000000000013 
845   0.8460000000000006   1.0000000000000013 
846   0.8470000000000006   1.0000000000000013 
847   0.8480000000000006   1.0000000000000013 
848   0.8490000000000006   1.0000000000000013 
849   0.8500000000000006   1.0000000000000013 
850   0.8510000000000006   1.0000000000000013 
851   0.8520000000000006   1.0000000000000013 
852   0.8530000000000006   1.0000000000000013 
853   0.8540000000000006   1.0000000000000013 
854   0.8550000000000006   1.0000000000000013 
855   0.8560000000000006   1.0000000000000013 
856   0.8570000000000007   1.0000000000000013 
857   0.8580000000000007   1.0000000000000013 
858   0.8590000000000007   1.0000000000000013 
859   0.8600000000000007   1.0000000000000013 
860   0.8610000000000007   1.0000000000000013 
861   0.8620000000000007   1.0000000000000013 
862   0.8630000000000007   1.0000000000000013 
863   0.8640000000000007   1.0000000000000013 
864   0.8650000000000007   1.0000000000000013 
865   0.8660000000000007   1.0000000000000013 
866   0.8670000000000007   1.0000000000000013 
867   0.8680000000000007   1.0000000000000013 
868   0.8690000000000007   1.0000000000000013 
869   0.8700000000000007   1.0000000000000013 
870   0.8710000000000007   1.0000000000000013 
871   0.8720000000000007   1.0000000000000013 
872   0.8730000000000007   1.0000000000000013 
873   0.8740000000000007   1.0000000000000013 
874   0.8750000000000007   1.0000000000000013 
875   0.8760000000000007   1.0000000000000013 
876   0.8770000000000007   1.0000000000000013 
877   0.8780000000000007   1.0000000000000013 
878   0.8790000000000007   1.0000000000000013 
879   0.8800000000000007   1.0000000000000013 
880   0.8810000000000007   1.0000000000000013 
881   0.8820000000000007   1.0000000000000013 
882   0.8830000000000007   1.0000000000000013 
883   0.8840000000000007   1.0000000000000013 
884   0.8850000000000007   1.0000000000000013 
885   0.8860000000000007   1.0000000000000013 
886   0.8870000000000007   1.0000000000000013 
887   0.8880000000000007   1.0000000000000013 
888   0.8890000000000007   1.0000000000000013 
889   0.8900000000000007   1.0000000000000013 
890   0.8910000000000007   1.0000000000000013 
891   0.8920000000000007   1.0000000000000013 
892   0.8930000000000007   1.0000000000000013 
893   0.8940000000000007   1.0000000000000013 
894   0.8950000000000007   1.0000000000000013 
895   0.8960000000000007   1.0000000000000013 
896   0.8970000000000007   1.0000000000000013 
897   0.8980000000000007   1.0000000000000013 
898   0.8990000000000007   1.0000000000000013 
899   0.9000000000000007   1.0000000000000013 
900   0.9010000000000007   1.0000000000000013 
901   0.9020000000000007   1.0000000000000013 
902   0.9030000000000007   1.0000000000000013 
903   0.9040000000000007   1.0000000000000013 
904   0.9050000000000007   1.0000000000000013 
905   0.9060000000000007   1.0000000000000013 
906   0.9070000000000007   1.0000000000000013 
907   0.9080000000000007   1.0000000000000013 
908   0.9090000000000007   1.0000000000000013 
909   0.9100000000000007   1.0000000000000013 
910   0.9110000000000007   1.0000000000000013 
911   0.9120000000000007   1.0000000000000013 
912   0.9130000000000007   1.0000000000000013 
913   0.9140000000000007   1.0000000000000013 
914   0.9150000000000007   1.0000000000000013 
915   0.9160000000000007   1.0000000000000013 
916   0.9170000000000007   1.0000000000000013 
917   0.9180000000000007   1.0000000000000013 
918   0.9190000000000007   1.0000000000000013 
919   0.9200000000000007   1.0000000000000013 
920   0.9210000000000007   1.0000000000000013 
921   0.9220000000000007   1.0000000000000013 
922   0.9230000000000007   1.0000000000000013 
923   0.9240000000000007   1.0000000000000013 
924   0.9250000000000007   1.0000000000000013 
925   0.9260000000000007   1.0000000000000013 
926   0.9270000000000007   1.0000000000000013 
927   0.9280000000000007   1.0000000000000013 
928   0.9290000000000007   1.0000000000000013 
929   0.9300000000000007   1.0000000000000013 
930   0.9310000000000007   1.0000000000000013 
931   0.9320000000000007   1.0000000000000013 
932   0.9330000000000007   1.0000000000000013 
933   0.9340000000000007   1.0000000000000013 
934   0.9350000000000007   1.0000000000000013 
935   0.9360000000000007   1.0000000000000013 
936   0.9370000000000007   1.0000000000000013 
937   0.9380000000000007   1.0000000000000013 
938   0.9390000000000007   1.0000000000000013 
939   0.9400000000000007   1.0000000000000013 
940   0.9410000000000007   1.0000000000000013 
941   0.9420000000000007   1.0000000000000013 
942   0.9430000000000007   1.0000000000000013 
943   0.9440000000000007   1.0000000000000013 
944   0.9450000000000007   1.0000000000000013 
945   0.9460000000000007   1.0000000000000013 
946   0.9470000000000007   1.0000000000000013 
947   0.9480000000000007   1.0000000000000013 
948   0.9490000000000007   1.0000000000000013 
949   0.9500000000000007   1.0000000000000013 
950   0.9510000000000007   1.0000000000000013 
951   0.9520000000000007   1.0000000000000013 
952   0.9530000000000007   1.0000000000000013 
953   0.9540000000000007   1.0000000000000013 
954   0.9550000000000007   1.0000000000000013 
955   0.9560000000000007   1.0000000000000013 
956   0.9570000000000007   1.0000000000000013 
957   0.9580000000000007   1.0000000000000013 
958   0.9590000000000007   1.0000000000000013 
959   0.9600000000000007   1.0000000000000013 
960   0.9610000000000007   1.0000000000000013 
961   0.9620000000000007   1.0000000000000013 
962   0.9630000000000007   1.0000000000000013 
963   0.9640000000000007   1.0000000000000013 
964   0.9650000000000007   1.0000000000000013 
965   0.9660000000000007   1.0000000000000013 
966   0.9670000000000007   1.0000000000000013 
967   0.9680000000000007   1.0000000000000013 
968   0.9690000000000007   1.0000000000000013 
969   0.9700000000000008   1.0000000000000013 
970   0.9710000000000008   1.0000000000000013 
971   0.9720000000000008   1.0000000000000013 
972   0.9730000000000008   1.0000000000000013 
973   0.9740000000000008   1.0000000000000013 
974   0.9750000000000008   1.0000000000000013 
975   0.9760000000000008   1.0000000000000013 
976   0.9770000000000008   1.0000000000000013 
977   0.9780000000000008   1.0000000000000013 
978   0.9790000000000008   1.0000000000000013 
979   0.9800000000000008   1.0000000000000013 
980   0.9810000000000008   1.0000000000000013 
981   0.9820000000000008   1.0000000000000013 
982   0.9830000000000008   1.0000000000000013 
983   0.9840000000000008   1.0000000000000013 
984   0.9850000000000008   1.0000000000000013 
985   0.9860000000000008   1.0000000000000013 
986   0.9870000000000008   1.0000000000000013 
987   0.9880000000000008   1.0000000000000013 
988   0.9890000000000008   1.0000000000000013 
989   0.9900000000000008   1.0000000000000013 
990   0.9910000000000008   1.0000000000000013 
991   0.9920000000000008   1.0000000000000013 
992   0.9930000000000008   1.0000000000000013 
993   0.9940000000000008   1.0000000000000013 
994   0.9950000000000008   1.0000000000000013 
995   0.9960000000000008   1.0000000000000013 
996   0.9970000000000008   1.0000000000000013 
997   0.9980000000000008   1.0000000000000013 
998   0.9990000000000008   1.0000000000000013 
999   1.0000000000000007   1.0000000000000013 
