0   0.001   0 
1   0.002   0 
2   0.003   0 
3   0.004   0 
4   0.005   0 
5   0.006   0 
6   0.007   0 
7   0.008   0 
8   0.009000000000000001   0 
9   0.010000000000000002   0 
10   0.011000000000000003   0 
11   0.012000000000000004   0 
12   0.013000000000000005   0 
13   0.014000000000000005   0 
14   0.015000000000000006   0 
15   0.016000000000000007   0 
16   0.017000000000000008   0 
17   0.01800000000000001   0 
18   0.01900000000000001   0 
19   0.02000000000000001   0 
20   0.02100000000000001   0 
21   0.022000000000000013   0 
22   0.023000000000000013   0 
23   0.024000000000000014   0 
24   0.025000000000000015   0 
25   0.026000000000000016   0 
26   0.027000000000000017   0 
27   0.027000000000000017   0.007751937984496124 
28   0.028000000000000018   0.015503875968992248 
29   0.02900000000000002   0.023255813953488372 
30   0.03000000000000002   0.031007751937984496 
31   0.03100000000000002   0.03875968992248062 
32   0.03300000000000002   0.03875968992248062 
33   0.03400000000000002   0.03875968992248062 
34   0.035000000000000024   0.03875968992248062 
35   0.036000000000000025   0.03875968992248062 
36   0.037000000000000026   0.03875968992248062 
37   0.03800000000000003   0.03875968992248062 
38   0.03900000000000003   0.03875968992248062 
39   0.04000000000000003   0.03875968992248062 
40   0.04100000000000003   0.03875968992248062 
41   0.04200000000000003   0.03875968992248062 
42   0.04300000000000003   0.03875968992248062 
43   0.04400000000000003   0.03875968992248062 
44   0.04500000000000003   0.03875968992248062 
45   0.046000000000000034   0.03875968992248062 
46   0.047000000000000035   0.03875968992248062 
47   0.048000000000000036   0.03875968992248062 
48   0.04900000000000004   0.03875968992248062 
49   0.04900000000000004   0.046511627906976744 
50   0.05100000000000004   0.046511627906976744 
51   0.05200000000000004   0.046511627906976744 
52   0.05300000000000004   0.046511627906976744 
53   0.05400000000000004   0.046511627906976744 
54   0.05500000000000004   0.046511627906976744 
55   0.05600000000000004   0.046511627906976744 
56   0.057000000000000044   0.046511627906976744 
57   0.057000000000000044   0.05426356589147287 
58   0.058000000000000045   0.06976744186046512 
59   0.060000000000000046   0.06976744186046512 
60   0.060000000000000046   0.07751937984496124 
61   0.06100000000000005   0.08527131782945736 
62   0.06300000000000004   0.08527131782945736 
63   0.06400000000000004   0.08527131782945736 
64   0.06500000000000004   0.08527131782945736 
65   0.06600000000000004   0.08527131782945736 
66   0.06700000000000005   0.08527131782945736 
67   0.06800000000000005   0.08527131782945736 
68   0.06900000000000005   0.08527131782945736 
69   0.07000000000000005   0.08527131782945736 
70   0.07100000000000005   0.08527131782945736 
71   0.07200000000000005   0.08527131782945736 
72   0.07300000000000005   0.08527131782945736 
73   0.07400000000000005   0.08527131782945736 
74   0.07500000000000005   0.08527131782945736 
75   0.07600000000000005   0.08527131782945736 
76   0.07700000000000005   0.08527131782945736 
77   0.07800000000000006   0.08527131782945736 
78   0.07800000000000006   0.09302325581395349 
79   0.08000000000000006   0.09302325581395349 
80   0.08100000000000006   0.09302325581395349 
81   0.08200000000000006   0.09302325581395349 
82   0.08300000000000006   0.09302325581395349 
83   0.08400000000000006   0.09302325581395349 
84   0.08500000000000006   0.09302325581395349 
85   0.08600000000000006   0.09302325581395349 
86   0.08600000000000006   0.10077519379844961 
87   0.08700000000000006   0.10852713178294573 
88   0.08800000000000006   0.11627906976744186 
89   0.08900000000000007   0.12403100775193798 
90   0.09000000000000007   0.13178294573643412 
91   0.09200000000000007   0.13178294573643412 
92   0.09300000000000007   0.13178294573643412 
93   0.09400000000000007   0.13178294573643412 
94   0.09500000000000007   0.13178294573643412 
95   0.09600000000000007   0.13178294573643412 
96   0.09700000000000007   0.13178294573643412 
97   0.09800000000000007   0.13178294573643412 
98   0.09900000000000007   0.13178294573643412 
99   0.10000000000000007   0.13178294573643412 
100   0.10100000000000008   0.13178294573643412 
101   0.10200000000000008   0.13178294573643412 
102   0.10300000000000008   0.13178294573643412 
103   0.10400000000000008   0.13178294573643412 
104   0.10500000000000008   0.13178294573643412 
105   0.10600000000000008   0.13178294573643412 
106   0.10700000000000008   0.13178294573643412 
107   0.10700000000000008   0.13953488372093026 
108   0.10900000000000008   0.13953488372093026 
109   0.11000000000000008   0.13953488372093026 
110   0.11100000000000008   0.13953488372093026 
111   0.11200000000000009   0.13953488372093026 
112   0.11300000000000009   0.13953488372093026 
113   0.11400000000000009   0.13953488372093026 
114   0.11500000000000009   0.13953488372093026 
115   0.11500000000000009   0.1472868217054264 
116   0.11600000000000009   0.15503875968992253 
117   0.11700000000000009   0.16279069767441867 
118   0.11800000000000009   0.1705426356589148 
119   0.11900000000000009   0.17829457364341095 
120   0.1210000000000001   0.17829457364341095 
121   0.1220000000000001   0.17829457364341095 
122   0.1230000000000001   0.17829457364341095 
123   0.1240000000000001   0.17829457364341095 
124   0.12500000000000008   0.17829457364341095 
125   0.12600000000000008   0.17829457364341095 
126   0.12700000000000009   0.17829457364341095 
127   0.12800000000000009   0.17829457364341095 
128   0.1290000000000001   0.17829457364341095 
129   0.1300000000000001   0.17829457364341095 
130   0.1310000000000001   0.17829457364341095 
131   0.1320000000000001   0.17829457364341095 
132   0.1330000000000001   0.17829457364341095 
133   0.1340000000000001   0.17829457364341095 
134   0.1350000000000001   0.17829457364341095 
135   0.1360000000000001   0.17829457364341095 
136   0.1370000000000001   0.17829457364341095 
137   0.1370000000000001   0.18604651162790709 
138   0.1390000000000001   0.18604651162790709 
139   0.1400000000000001   0.18604651162790709 
140   0.1410000000000001   0.18604651162790709 
141   0.1420000000000001   0.18604651162790709 
142   0.1430000000000001   0.18604651162790709 
143   0.1440000000000001   0.18604651162790709 
144   0.1450000000000001   0.18604651162790709 
145   0.1460000000000001   0.18604651162790709 
146   0.1470000000000001   0.18604651162790709 
147   0.1480000000000001   0.18604651162790709 
148   0.1490000000000001   0.18604651162790709 
149   0.1500000000000001   0.18604651162790709 
150   0.1510000000000001   0.18604651162790709 
151   0.1520000000000001   0.18604651162790709 
152   0.1530000000000001   0.18604651162790709 
153   0.1540000000000001   0.18604651162790709 
154   0.1550000000000001   0.18604651162790709 
155   0.1560000000000001   0.18604651162790709 
156   0.1570000000000001   0.18604651162790709 
157   0.1580000000000001   0.18604651162790709 
158   0.1590000000000001   0.18604651162790709 
159   0.16000000000000011   0.18604651162790709 
160   0.16100000000000012   0.18604651162790709 
161   0.16200000000000012   0.18604651162790709 
162   0.16300000000000012   0.18604651162790709 
163   0.16400000000000012   0.18604651162790709 
164   0.16500000000000012   0.18604651162790709 
165   0.16600000000000012   0.18604651162790709 
166   0.16700000000000012   0.18604651162790709 
167   0.16800000000000012   0.18604651162790709 
168   0.16900000000000012   0.18604651162790709 
169   0.17000000000000012   0.18604651162790709 
170   0.17100000000000012   0.18604651162790709 
171   0.17200000000000013   0.18604651162790709 
172   0.17300000000000013   0.18604651162790709 
173   0.17400000000000013   0.18604651162790709 
174   0.17500000000000013   0.18604651162790709 
175   0.17600000000000013   0.18604651162790709 
176   0.17700000000000013   0.18604651162790709 
177   0.17800000000000013   0.18604651162790709 
178   0.17900000000000013   0.18604651162790709 
179   0.18000000000000013   0.18604651162790709 
180   0.18100000000000013   0.18604651162790709 
181   0.18100000000000013   0.19379844961240322 
182   0.18200000000000013   0.20155038759689936 
183   0.18300000000000013   0.2093023255813955 
184   0.18400000000000014   0.21705426356589164 
185   0.18500000000000014   0.22480620155038777 
186   0.18700000000000014   0.22480620155038777 
187   0.18800000000000014   0.22480620155038777 
188   0.18900000000000014   0.22480620155038777 
189   0.19000000000000014   0.22480620155038777 
190   0.19100000000000014   0.22480620155038777 
191   0.19200000000000014   0.22480620155038777 
192   0.19300000000000014   0.22480620155038777 
193   0.19400000000000014   0.22480620155038777 
194   0.19500000000000015   0.22480620155038777 
195   0.19600000000000015   0.22480620155038777 
196   0.19700000000000015   0.22480620155038777 
197   0.19800000000000015   0.22480620155038777 
198   0.19900000000000015   0.22480620155038777 
199   0.20000000000000015   0.22480620155038777 
200   0.20100000000000015   0.22480620155038777 
201   0.20200000000000015   0.22480620155038777 
202   0.20300000000000015   0.22480620155038777 
203   0.20300000000000015   0.2325581395348839 
204   0.20500000000000015   0.2325581395348839 
205   0.20600000000000016   0.2325581395348839 
206   0.20700000000000016   0.2325581395348839 
207   0.20800000000000016   0.2325581395348839 
208   0.20900000000000016   0.2325581395348839 
209   0.21000000000000016   0.2325581395348839 
210   0.21000000000000016   0.24031007751938005 
211   0.21100000000000016   0.2480620155038762 
212   0.21200000000000016   0.2558139534883723 
213   0.21300000000000016   0.26356589147286846 
214   0.21400000000000016   0.2713178294573646 
215   0.21600000000000016   0.2713178294573646 
216   0.21700000000000016   0.2713178294573646 
217   0.21800000000000017   0.2713178294573646 
218   0.21900000000000017   0.2713178294573646 
219   0.22000000000000017   0.2713178294573646 
220   0.22100000000000017   0.2713178294573646 
221   0.22200000000000017   0.2713178294573646 
222   0.22300000000000017   0.2713178294573646 
223   0.22400000000000017   0.2713178294573646 
224   0.22500000000000017   0.2713178294573646 
225   0.22600000000000017   0.2713178294573646 
226   0.22700000000000017   0.2713178294573646 
227   0.22800000000000017   0.2713178294573646 
228   0.22900000000000018   0.2713178294573646 
229   0.23000000000000018   0.2713178294573646 
230   0.23100000000000018   0.2713178294573646 
231   0.23200000000000018   0.2713178294573646 
232   0.23200000000000018   0.27906976744186074 
233   0.23400000000000018   0.27906976744186074 
234   0.23500000000000018   0.27906976744186074 
235   0.23600000000000018   0.27906976744186074 
236   0.23700000000000018   0.27906976744186074 
237   0.23800000000000018   0.27906976744186074 
238   0.23900000000000018   0.27906976744186074 
239   0.23900000000000018   0.2868217054263569 
240   0.24000000000000019   0.294573643410853 
241   0.2410000000000002   0.30232558139534915 
242   0.2420000000000002   0.3100775193798453 
243   0.2430000000000002   0.31782945736434143 
244   0.2450000000000002   0.31782945736434143 
245   0.2460000000000002   0.31782945736434143 
246   0.2470000000000002   0.31782945736434143 
247   0.2480000000000002   0.31782945736434143 
248   0.2490000000000002   0.31782945736434143 
249   0.25000000000000017   0.31782945736434143 
250   0.25100000000000017   0.31782945736434143 
251   0.25200000000000017   0.31782945736434143 
252   0.25300000000000017   0.31782945736434143 
253   0.25400000000000017   0.31782945736434143 
254   0.25500000000000017   0.31782945736434143 
255   0.25600000000000017   0.31782945736434143 
256   0.2570000000000002   0.31782945736434143 
257   0.2580000000000002   0.31782945736434143 
258   0.2590000000000002   0.31782945736434143 
259   0.2600000000000002   0.31782945736434143 
260   0.2610000000000002   0.31782945736434143 
261   0.2610000000000002   0.32558139534883757 
262   0.2630000000000002   0.32558139534883757 
263   0.2640000000000002   0.32558139534883757 
264   0.2650000000000002   0.32558139534883757 
265   0.2660000000000002   0.32558139534883757 
266   0.2670000000000002   0.32558139534883757 
267   0.2680000000000002   0.32558139534883757 
268   0.2680000000000002   0.3333333333333337 
269   0.2690000000000002   0.34108527131782984 
270   0.2700000000000002   0.348837209302326 
271   0.2710000000000002   0.3565891472868221 
272   0.2720000000000002   0.36434108527131825 
273   0.2740000000000002   0.36434108527131825 
274   0.2750000000000002   0.36434108527131825 
275   0.2760000000000002   0.36434108527131825 
276   0.2770000000000002   0.36434108527131825 
277   0.2780000000000002   0.36434108527131825 
278   0.2790000000000002   0.36434108527131825 
279   0.2800000000000002   0.36434108527131825 
280   0.2810000000000002   0.36434108527131825 
281   0.2820000000000002   0.36434108527131825 
282   0.2830000000000002   0.36434108527131825 
283   0.2840000000000002   0.36434108527131825 
284   0.2850000000000002   0.36434108527131825 
285   0.2860000000000002   0.36434108527131825 
286   0.2870000000000002   0.36434108527131825 
287   0.2880000000000002   0.36434108527131825 
288   0.2890000000000002   0.36434108527131825 
289   0.2900000000000002   0.36434108527131825 
290   0.2900000000000002   0.3720930232558144 
291   0.2920000000000002   0.3720930232558144 
292   0.2930000000000002   0.3720930232558144 
293   0.2940000000000002   0.3720930232558144 
294   0.2950000000000002   0.3720930232558144 
295   0.2960000000000002   0.3720930232558144 
296   0.2970000000000002   0.3720930232558144 
297   0.2970000000000002   0.37984496124031053 
298   0.2980000000000002   0.38759689922480667 
299   0.2990000000000002   0.3953488372093028 
300   0.3000000000000002   0.40310077519379894 
301   0.3010000000000002   0.4108527131782951 
302   0.3030000000000002   0.4108527131782951 
303   0.3040000000000002   0.4108527131782951 
304   0.3050000000000002   0.4108527131782951 
305   0.3060000000000002   0.4108527131782951 
306   0.3070000000000002   0.4108527131782951 
307   0.3080000000000002   0.4108527131782951 
308   0.3090000000000002   0.4108527131782951 
309   0.3100000000000002   0.4108527131782951 
310   0.3110000000000002   0.4108527131782951 
311   0.3120000000000002   0.4108527131782951 
312   0.3130000000000002   0.4108527131782951 
313   0.3140000000000002   0.4108527131782951 
314   0.3150000000000002   0.4108527131782951 
315   0.3160000000000002   0.4108527131782951 
316   0.3170000000000002   0.4108527131782951 
317   0.3180000000000002   0.4108527131782951 
318   0.31900000000000023   0.4108527131782951 
319   0.31900000000000023   0.4186046511627912 
320   0.32100000000000023   0.4186046511627912 
321   0.32200000000000023   0.4186046511627912 
322   0.32300000000000023   0.4186046511627912 
323   0.32400000000000023   0.4186046511627912 
324   0.32500000000000023   0.4186046511627912 
325   0.32600000000000023   0.4186046511627912 
326   0.32700000000000023   0.4186046511627912 
327   0.32800000000000024   0.4186046511627912 
328   0.32900000000000024   0.4186046511627912 
329   0.33000000000000024   0.4186046511627912 
330   0.33100000000000024   0.4186046511627912 
331   0.33200000000000024   0.4186046511627912 
332   0.33300000000000024   0.4186046511627912 
333   0.33400000000000024   0.4186046511627912 
334   0.33500000000000024   0.4186046511627912 
335   0.33600000000000024   0.4186046511627912 
336   0.33700000000000024   0.4186046511627912 
337   0.33800000000000024   0.4186046511627912 
338   0.33900000000000025   0.4186046511627912 
339   0.34000000000000025   0.4186046511627912 
340   0.34100000000000025   0.4186046511627912 
341   0.34200000000000025   0.4186046511627912 
342   0.34300000000000025   0.4186046511627912 
343   0.34400000000000025   0.4186046511627912 
344   0.34500000000000025   0.4186046511627912 
345   0.34600000000000025   0.4186046511627912 
346   0.34700000000000025   0.4186046511627912 
347   0.34800000000000025   0.4186046511627912 
348   0.34900000000000025   0.4186046511627912 
349   0.35000000000000026   0.4186046511627912 
350   0.35100000000000026   0.4186046511627912 
351   0.35200000000000026   0.4186046511627912 
352   0.35300000000000026   0.4186046511627912 
353   0.35400000000000026   0.4186046511627912 
354   0.35500000000000026   0.4186046511627912 
355   0.35600000000000026   0.4186046511627912 
356   0.35700000000000026   0.4186046511627912 
357   0.35800000000000026   0.4186046511627912 
358   0.35900000000000026   0.4186046511627912 
359   0.36000000000000026   0.4186046511627912 
360   0.36100000000000027   0.4186046511627912 
361   0.36200000000000027   0.4186046511627912 
362   0.36300000000000027   0.4186046511627912 
363   0.36300000000000027   0.42635658914728736 
364   0.36500000000000027   0.42635658914728736 
365   0.36500000000000027   0.44186046511627963 
366   0.36700000000000027   0.44186046511627963 
367   0.36700000000000027   0.44961240310077577 
368   0.36800000000000027   0.4573643410852719 
369   0.3700000000000003   0.4573643410852719 
370   0.3710000000000003   0.4573643410852719 
371   0.3720000000000003   0.4573643410852719 
372   0.3730000000000003   0.4573643410852719 
373   0.3740000000000003   0.4573643410852719 
374   0.3750000000000003   0.4573643410852719 
375   0.3760000000000003   0.4573643410852719 
376   0.3770000000000003   0.4573643410852719 
377   0.3780000000000003   0.4573643410852719 
378   0.3790000000000003   0.4573643410852719 
379   0.3800000000000003   0.4573643410852719 
380   0.3810000000000003   0.4573643410852719 
381   0.3820000000000003   0.4573643410852719 
382   0.3830000000000003   0.4573643410852719 
383   0.3840000000000003   0.4573643410852719 
384   0.3850000000000003   0.4573643410852719 
385   0.3850000000000003   0.46511627906976805 
386   0.3870000000000003   0.46511627906976805 
387   0.3880000000000003   0.46511627906976805 
388   0.3890000000000003   0.46511627906976805 
389   0.3900000000000003   0.46511627906976805 
390   0.3910000000000003   0.46511627906976805 
391   0.3920000000000003   0.46511627906976805 
392   0.3930000000000003   0.46511627906976805 
393   0.3930000000000003   0.4728682170542642 
394   0.3940000000000003   0.4806201550387603 
395   0.3950000000000003   0.48837209302325646 
396   0.3960000000000003   0.4961240310077526 
397   0.3970000000000003   0.5038759689922487 
398   0.3990000000000003   0.5038759689922487 
399   0.4000000000000003   0.5038759689922487 
400   0.4010000000000003   0.5038759689922487 
401   0.4020000000000003   0.5038759689922487 
402   0.4030000000000003   0.5038759689922487 
403   0.4040000000000003   0.5038759689922487 
404   0.4050000000000003   0.5038759689922487 
405   0.4060000000000003   0.5038759689922487 
406   0.4070000000000003   0.5038759689922487 
407   0.4080000000000003   0.5038759689922487 
408   0.4090000000000003   0.5038759689922487 
409   0.4100000000000003   0.5038759689922487 
410   0.4110000000000003   0.5038759689922487 
411   0.4120000000000003   0.5038759689922487 
412   0.4130000000000003   0.5038759689922487 
413   0.4140000000000003   0.5038759689922487 
414   0.4140000000000003   0.5116279069767449 
415   0.4160000000000003   0.5116279069767449 
416   0.4170000000000003   0.5116279069767449 
417   0.4180000000000003   0.5116279069767449 
418   0.4190000000000003   0.5116279069767449 
419   0.4200000000000003   0.5116279069767449 
420   0.4210000000000003   0.5116279069767449 
421   0.4220000000000003   0.5116279069767449 
422   0.4220000000000003   0.519379844961241 
423   0.4230000000000003   0.5271317829457371 
424   0.4240000000000003   0.5348837209302333 
425   0.4250000000000003   0.5426356589147294 
426   0.4260000000000003   0.5503875968992256 
427   0.4280000000000003   0.5503875968992256 
428   0.4290000000000003   0.5503875968992256 
429   0.4300000000000003   0.5503875968992256 
430   0.4310000000000003   0.5503875968992256 
431   0.43200000000000033   0.5503875968992256 
432   0.43300000000000033   0.5503875968992256 
433   0.43400000000000033   0.5503875968992256 
434   0.43500000000000033   0.5503875968992256 
435   0.43600000000000033   0.5503875968992256 
436   0.43700000000000033   0.5503875968992256 
437   0.43800000000000033   0.5503875968992256 
438   0.43900000000000033   0.5503875968992256 
439   0.44000000000000034   0.5503875968992256 
440   0.44100000000000034   0.5503875968992256 
441   0.44200000000000034   0.5503875968992256 
442   0.44300000000000034   0.5503875968992256 
443   0.44300000000000034   0.5581395348837217 
444   0.44500000000000034   0.5581395348837217 
445   0.44600000000000034   0.5581395348837217 
446   0.44700000000000034   0.5581395348837217 
447   0.44800000000000034   0.5581395348837217 
448   0.44900000000000034   0.5581395348837217 
449   0.45000000000000034   0.5581395348837217 
450   0.45100000000000035   0.5581395348837217 
451   0.45100000000000035   0.5658914728682178 
452   0.45200000000000035   0.573643410852714 
453   0.45300000000000035   0.5813953488372101 
454   0.45400000000000035   0.5891472868217063 
455   0.45500000000000035   0.5968992248062024 
456   0.45700000000000035   0.5968992248062024 
457   0.45800000000000035   0.5968992248062024 
458   0.45900000000000035   0.5968992248062024 
459   0.46000000000000035   0.5968992248062024 
460   0.46100000000000035   0.5968992248062024 
461   0.46200000000000035   0.5968992248062024 
462   0.46300000000000036   0.5968992248062024 
463   0.46400000000000036   0.5968992248062024 
464   0.46500000000000036   0.5968992248062024 
465   0.46600000000000036   0.5968992248062024 
466   0.46700000000000036   0.5968992248062024 
467   0.46800000000000036   0.5968992248062024 
468   0.46900000000000036   0.5968992248062024 
469   0.47000000000000036   0.5968992248062024 
470   0.47100000000000036   0.5968992248062024 
471   0.47200000000000036   0.5968992248062024 
472   0.47200000000000036   0.6046511627906985 
473   0.47400000000000037   0.6046511627906985 
474   0.47500000000000037   0.6046511627906985 
475   0.47600000000000037   0.6046511627906985 
476   0.47700000000000037   0.6046511627906985 
477   0.47800000000000037   0.6046511627906985 
478   0.47900000000000037   0.6046511627906985 
479   0.48000000000000037   0.6046511627906985 
480   0.48000000000000037   0.6124031007751947 
481   0.48100000000000037   0.6201550387596908 
482   0.4820000000000004   0.6279069767441869 
483   0.4830000000000004   0.6356589147286831 
484   0.4840000000000004   0.6434108527131792 
485   0.4860000000000004   0.6434108527131792 
486   0.4870000000000004   0.6434108527131792 
487   0.4880000000000004   0.6434108527131792 
488   0.4890000000000004   0.6434108527131792 
489   0.4900000000000004   0.6434108527131792 
490   0.4910000000000004   0.6434108527131792 
491   0.4920000000000004   0.6434108527131792 
492   0.4930000000000004   0.6434108527131792 
493   0.4940000000000004   0.6434108527131792 
494   0.4950000000000004   0.6434108527131792 
495   0.4960000000000004   0.6434108527131792 
496   0.4970000000000004   0.6434108527131792 
497   0.4980000000000004   0.6434108527131792 
498   0.4990000000000004   0.6434108527131792 
499   0.5000000000000003   0.6434108527131792 
500   0.5010000000000003   0.6434108527131792 
501   0.5020000000000003   0.6434108527131792 
502   0.5020000000000003   0.6511627906976754 
503   0.5040000000000003   0.6511627906976754 
504   0.5050000000000003   0.6511627906976754 
505   0.5060000000000003   0.6511627906976754 
506   0.5070000000000003   0.6511627906976754 
507   0.5080000000000003   0.6511627906976754 
508   0.5090000000000003   0.6511627906976754 
509   0.5100000000000003   0.6511627906976754 
510   0.5110000000000003   0.6511627906976754 
511   0.5120000000000003   0.6511627906976754 
512   0.5130000000000003   0.6511627906976754 
513   0.5140000000000003   0.6511627906976754 
514   0.5150000000000003   0.6511627906976754 
515   0.5160000000000003   0.6511627906976754 
516   0.5170000000000003   0.6511627906976754 
517   0.5180000000000003   0.6511627906976754 
518   0.5190000000000003   0.6511627906976754 
519   0.5200000000000004   0.6511627906976754 
520   0.5210000000000004   0.6511627906976754 
521   0.5220000000000004   0.6511627906976754 
522   0.5230000000000004   0.6511627906976754 
523   0.5240000000000004   0.6511627906976754 
524   0.5250000000000004   0.6511627906976754 
525   0.5260000000000004   0.6511627906976754 
526   0.5270000000000004   0.6511627906976754 
527   0.5280000000000004   0.6511627906976754 
528   0.5290000000000004   0.6511627906976754 
529   0.5300000000000004   0.6511627906976754 
530   0.5310000000000004   0.6511627906976754 
531   0.5320000000000004   0.6511627906976754 
532   0.5330000000000004   0.6511627906976754 
533   0.5340000000000004   0.6511627906976754 
534   0.5350000000000004   0.6511627906976754 
535   0.5360000000000004   0.6511627906976754 
536   0.5370000000000004   0.6511627906976754 
537   0.5380000000000004   0.6511627906976754 
538   0.5390000000000004   0.6511627906976754 
539   0.5400000000000004   0.6511627906976754 
540   0.5410000000000004   0.6511627906976754 
541   0.5420000000000004   0.6511627906976754 
542   0.5430000000000004   0.6511627906976754 
543   0.5440000000000004   0.6511627906976754 
544   0.5450000000000004   0.6511627906976754 
545   0.5460000000000004   0.6511627906976754 
546   0.5460000000000004   0.6589147286821715 
547   0.5470000000000004   0.6666666666666676 
548   0.5480000000000004   0.6744186046511638 
549   0.5490000000000004   0.6821705426356599 
550   0.5500000000000004   0.689922480620156 
551   0.5520000000000004   0.689922480620156 
552   0.5530000000000004   0.689922480620156 
553   0.5540000000000004   0.689922480620156 
554   0.5550000000000004   0.689922480620156 
555   0.5560000000000004   0.689922480620156 
556   0.5570000000000004   0.689922480620156 
557   0.5580000000000004   0.689922480620156 
558   0.5590000000000004   0.689922480620156 
559   0.5600000000000004   0.689922480620156 
560   0.5610000000000004   0.689922480620156 
561   0.5620000000000004   0.689922480620156 
562   0.5630000000000004   0.689922480620156 
563   0.5640000000000004   0.689922480620156 
564   0.5650000000000004   0.689922480620156 
565   0.5660000000000004   0.689922480620156 
566   0.5670000000000004   0.689922480620156 
567   0.5680000000000004   0.689922480620156 
568   0.5680000000000004   0.6976744186046522 
569   0.5700000000000004   0.6976744186046522 
570   0.5710000000000004   0.6976744186046522 
571   0.5720000000000004   0.6976744186046522 
572   0.5730000000000004   0.6976744186046522 
573   0.5740000000000004   0.6976744186046522 
574   0.5750000000000004   0.6976744186046522 
575   0.5750000000000004   0.7054263565891483 
576   0.5760000000000004   0.7131782945736445 
577   0.5770000000000004   0.7209302325581406 
578   0.5780000000000004   0.7286821705426367 
579   0.5790000000000004   0.7364341085271329 
580   0.5810000000000004   0.7364341085271329 
581   0.5820000000000004   0.7364341085271329 
582   0.5830000000000004   0.7364341085271329 
583   0.5840000000000004   0.7364341085271329 
584   0.5850000000000004   0.7364341085271329 
585   0.5860000000000004   0.7364341085271329 
586   0.5870000000000004   0.7364341085271329 
587   0.5880000000000004   0.7364341085271329 
588   0.5890000000000004   0.7364341085271329 
589   0.5900000000000004   0.7364341085271329 
590   0.5910000000000004   0.7364341085271329 
591   0.5920000000000004   0.7364341085271329 
592   0.5930000000000004   0.7364341085271329 
593   0.5940000000000004   0.7364341085271329 
594   0.5950000000000004   0.7364341085271329 
595   0.5960000000000004   0.7364341085271329 
596   0.5970000000000004   0.7364341085271329 
597   0.5970000000000004   0.744186046511629 
598   0.5990000000000004   0.744186046511629 
599   0.6000000000000004   0.744186046511629 
600   0.6010000000000004   0.744186046511629 
601   0.6020000000000004   0.744186046511629 
602   0.6030000000000004   0.744186046511629 
603   0.6040000000000004   0.744186046511629 
604   0.6040000000000004   0.7519379844961251 
605   0.6050000000000004   0.7596899224806213 
606   0.6060000000000004   0.7674418604651174 
607   0.6070000000000004   0.7751937984496136 
608   0.6080000000000004   0.7829457364341097 
609   0.6100000000000004   0.7829457364341097 
610   0.6110000000000004   0.7829457364341097 
611   0.6120000000000004   0.7829457364341097 
612   0.6130000000000004   0.7829457364341097 
613   0.6140000000000004   0.7829457364341097 
614   0.6150000000000004   0.7829457364341097 
615   0.6160000000000004   0.7829457364341097 
616   0.6170000000000004   0.7829457364341097 
617   0.6180000000000004   0.7829457364341097 
618   0.6190000000000004   0.7829457364341097 
619   0.6200000000000004   0.7829457364341097 
620   0.6210000000000004   0.7829457364341097 
621   0.6220000000000004   0.7829457364341097 
622   0.6230000000000004   0.7829457364341097 
623   0.6240000000000004   0.7829457364341097 
624   0.6250000000000004   0.7829457364341097 
625   0.6260000000000004   0.7829457364341097 
626   0.6260000000000004   0.7906976744186058 
627   0.6280000000000004   0.7906976744186058 
628   0.6290000000000004   0.7906976744186058 
629   0.6300000000000004   0.7906976744186058 
630   0.6310000000000004   0.7906976744186058 
631   0.6320000000000005   0.7906976744186058 
632   0.6330000000000005   0.7906976744186058 
633   0.6330000000000005   0.798449612403102 
634   0.6340000000000005   0.8062015503875981 
635   0.6350000000000005   0.8139534883720942 
636   0.6360000000000005   0.8217054263565904 
637   0.6370000000000005   0.8294573643410865 
638   0.6390000000000005   0.8294573643410865 
639   0.6400000000000005   0.8294573643410865 
640   0.6410000000000005   0.8294573643410865 
641   0.6420000000000005   0.8294573643410865 
642   0.6430000000000005   0.8294573643410865 
643   0.6440000000000005   0.8294573643410865 
644   0.6450000000000005   0.8294573643410865 
645   0.6460000000000005   0.8294573643410865 
646   0.6470000000000005   0.8294573643410865 
647   0.6480000000000005   0.8294573643410865 
648   0.6490000000000005   0.8294573643410865 
649   0.6500000000000005   0.8294573643410865 
650   0.6510000000000005   0.8294573643410865 
651   0.6520000000000005   0.8294573643410865 
652   0.6530000000000005   0.8294573643410865 
653   0.6540000000000005   0.8294573643410865 
654   0.6550000000000005   0.8294573643410865 
655   0.6550000000000005   0.8372093023255827 
656   0.6570000000000005   0.8372093023255827 
657   0.6580000000000005   0.8372093023255827 
658   0.6590000000000005   0.8372093023255827 
659   0.6600000000000005   0.8372093023255827 
660   0.6610000000000005   0.8372093023255827 
661   0.6620000000000005   0.8372093023255827 
662   0.6620000000000005   0.8449612403100788 
663   0.6630000000000005   0.8527131782945749 
664   0.6640000000000005   0.8604651162790711 
665   0.6650000000000005   0.8682170542635672 
666   0.6660000000000005   0.8759689922480633 
667   0.6680000000000005   0.8759689922480633 
668   0.6690000000000005   0.8759689922480633 
669   0.6700000000000005   0.8759689922480633 
670   0.6710000000000005   0.8759689922480633 
671   0.6720000000000005   0.8759689922480633 
672   0.6730000000000005   0.8759689922480633 
673   0.6740000000000005   0.8759689922480633 
674   0.6750000000000005   0.8759689922480633 
675   0.6760000000000005   0.8759689922480633 
676   0.6770000000000005   0.8759689922480633 
677   0.6780000000000005   0.8759689922480633 
678   0.6790000000000005   0.8759689922480633 
679   0.6800000000000005   0.8759689922480633 
680   0.6810000000000005   0.8759689922480633 
681   0.6820000000000005   0.8759689922480633 
682   0.6830000000000005   0.8759689922480633 
683   0.6840000000000005   0.8759689922480633 
684   0.6850000000000005   0.8759689922480633 
685   0.6850000000000005   0.8837209302325595 
686   0.6870000000000005   0.8837209302325595 
687   0.6880000000000005   0.8837209302325595 
688   0.6890000000000005   0.8837209302325595 
689   0.6900000000000005   0.8837209302325595 
690   0.6910000000000005   0.8837209302325595 
691   0.6920000000000005   0.8837209302325595 
692   0.6930000000000005   0.8837209302325595 
693   0.6940000000000005   0.8837209302325595 
694   0.6950000000000005   0.8837209302325595 
695   0.6950000000000005   0.8914728682170556 
696   0.6970000000000005   0.8914728682170556 
697   0.6970000000000005   0.8992248062015518 
698   0.6980000000000005   0.9069767441860479 
699   0.6990000000000005   0.914728682170544 
700   0.7000000000000005   0.9224806201550402 
701   0.7020000000000005   0.9224806201550402 
702   0.7020000000000005   0.9302325581395363 
703   0.7040000000000005   0.9302325581395363 
704   0.7050000000000005   0.9302325581395363 
705   0.7050000000000005   0.9379844961240325 
706   0.7060000000000005   0.9457364341085286 
707   0.7080000000000005   0.9457364341085286 
708   0.7080000000000005   0.9534883720930247 
709   0.7090000000000005   0.9612403100775209 
710   0.7110000000000005   0.9612403100775209 
711   0.7120000000000005   0.9612403100775209 
712   0.7130000000000005   0.9612403100775209 
713   0.7140000000000005   0.9612403100775209 
714   0.7150000000000005   0.9612403100775209 
715   0.7160000000000005   0.9612403100775209 
716   0.7170000000000005   0.9612403100775209 
717   0.7170000000000005   0.968992248062017 
718   0.7190000000000005   0.968992248062017 
719   0.7200000000000005   0.968992248062017 
720   0.7210000000000005   0.968992248062017 
721   0.7220000000000005   0.968992248062017 
722   0.7230000000000005   0.968992248062017 
723   0.7240000000000005   0.968992248062017 
724   0.7250000000000005   0.968992248062017 
725   0.7260000000000005   0.968992248062017 
726   0.7270000000000005   0.968992248062017 
727   0.7280000000000005   0.968992248062017 
728   0.7290000000000005   0.968992248062017 
729   0.7300000000000005   0.968992248062017 
730   0.7310000000000005   0.968992248062017 
731   0.7320000000000005   0.968992248062017 
732   0.7330000000000005   0.968992248062017 
733   0.7330000000000005   0.9767441860465131 
734   0.7350000000000005   0.9767441860465131 
735   0.7360000000000005   0.9767441860465131 
736   0.7370000000000005   0.9767441860465131 
737   0.7380000000000005   0.9767441860465131 
738   0.7390000000000005   0.9767441860465131 
739   0.7400000000000005   0.9767441860465131 
740   0.7410000000000005   0.9767441860465131 
741   0.7420000000000005   0.9767441860465131 
742   0.7430000000000005   0.9767441860465131 
743   0.7430000000000005   0.9844961240310093 
744   0.7450000000000006   0.9844961240310093 
745   0.7460000000000006   0.9844961240310093 
746   0.7470000000000006   0.9844961240310093 
747   0.7480000000000006   0.9844961240310093 
748   0.7490000000000006   0.9844961240310093 
749   0.7500000000000006   0.9844961240310093 
750   0.7510000000000006   0.9844961240310093 
751   0.7520000000000006   0.9844961240310093 
752   0.7520000000000006   0.9922480620155054 
753   0.7540000000000006   0.9922480620155054 
754   0.7550000000000006   0.9922480620155054 
755   0.7560000000000006   0.9922480620155054 
756   0.7570000000000006   0.9922480620155054 
757   0.7580000000000006   0.9922480620155054 
758   0.7580000000000006   1.0000000000000016 
759   0.7600000000000006   1.0000000000000016 
760   0.7610000000000006   1.0000000000000016 
761   0.7620000000000006   1.0000000000000016 
762   0.7630000000000006   1.0000000000000016 
763   0.7640000000000006   1.0000000000000016 
764   0.7650000000000006   1.0000000000000016 
765   0.7660000000000006   1.0000000000000016 
766   0.7670000000000006   1.0000000000000016 
767   0.7680000000000006   1.0000000000000016 
768   0.7690000000000006   1.0000000000000016 
769   0.7700000000000006   1.0000000000000016 
770   0.7710000000000006   1.0000000000000016 
771   0.7720000000000006   1.0000000000000016 
772   0.7730000000000006   1.0000000000000016 
773   0.7740000000000006   1.0000000000000016 
774   0.7750000000000006   1.0000000000000016 
775   0.7760000000000006   1.0000000000000016 
776   0.7770000000000006   1.0000000000000016 
777   0.7780000000000006   1.0000000000000016 
778   0.7790000000000006   1.0000000000000016 
779   0.7800000000000006   1.0000000000000016 
780   0.7810000000000006   1.0000000000000016 
781   0.7820000000000006   1.0000000000000016 
782   0.7830000000000006   1.0000000000000016 
783   0.7840000000000006   1.0000000000000016 
784   0.7850000000000006   1.0000000000000016 
785   0.7860000000000006   1.0000000000000016 
786   0.7870000000000006   1.0000000000000016 
787   0.7880000000000006   1.0000000000000016 
788   0.7890000000000006   1.0000000000000016 
789   0.7900000000000006   1.0000000000000016 
790   0.7910000000000006   1.0000000000000016 
791   0.7920000000000006   1.0000000000000016 
792   0.7930000000000006   1.0000000000000016 
793   0.7940000000000006   1.0000000000000016 
794   0.7950000000000006   1.0000000000000016 
795   0.7960000000000006   1.0000000000000016 
796   0.7970000000000006   1.0000000000000016 
797   0.7980000000000006   1.0000000000000016 
798   0.7990000000000006   1.0000000000000016 
799   0.8000000000000006   1.0000000000000016 
800   0.8010000000000006   1.0000000000000016 
801   0.8020000000000006   1.0000000000000016 
802   0.8030000000000006   1.0000000000000016 
803   0.8040000000000006   1.0000000000000016 
804   0.8050000000000006   1.0000000000000016 
805   0.8060000000000006   1.0000000000000016 
806   0.8070000000000006   1.0000000000000016 
807   0.8080000000000006   1.0000000000000016 
808   0.8090000000000006   1.0000000000000016 
809   0.8100000000000006   1.0000000000000016 
810   0.8110000000000006   1.0000000000000016 
811   0.8120000000000006   1.0000000000000016 
812   0.8130000000000006   1.0000000000000016 
813   0.8140000000000006   1.0000000000000016 
814   0.8150000000000006   1.0000000000000016 
815   0.8160000000000006   1.0000000000000016 
816   0.8170000000000006   1.0000000000000016 
817   0.8180000000000006   1.0000000000000016 
818   0.8190000000000006   1.0000000000000016 
819   0.8200000000000006   1.0000000000000016 
820   0.8210000000000006   1.0000000000000016 
821   0.8220000000000006   1.0000000000000016 
822   0.8230000000000006   1.0000000000000016 
823   0.8240000000000006   1.0000000000000016 
824   0.8250000000000006   1.0000000000000016 
825   0.8260000000000006   1.0000000000000016 
826   0.8270000000000006   1.0000000000000016 
827   0.8280000000000006   1.0000000000000016 
828   0.8290000000000006   1.0000000000000016 
829   0.8300000000000006   1.0000000000000016 
830   0.8310000000000006   1.0000000000000016 
831   0.8320000000000006   1.0000000000000016 
832   0.8330000000000006   1.0000000000000016 
833   0.8340000000000006   1.0000000000000016 
834   0.8350000000000006   1.0000000000000016 
835   0.8360000000000006   1.0000000000000016 
836   0.8370000000000006   1.0000000000000016 
837   0.8380000000000006   1.0000000000000016 
838   0.8390000000000006   1.0000000000000016 
839   0.8400000000000006   1.0000000000000016 
840   0.8410000000000006   1.0000000000000016 
841   0.8420000000000006   1.0000000000000016 
842   0.8430000000000006   1.0000000000000016 
843   0.8440000000000006   1.0000000000000016 
844   0.8450000000000006   1.0000000000000016 
845   0.8460000000000006   1.0000000000000016 
846   0.8470000000000006   1.0000000000000016 
847   0.8480000000000006   1.0000000000000016 
848   0.8490000000000006   1.0000000000000016 
849   0.8500000000000006   1.0000000000000016 
850   0.8510000000000006   1.0000000000000016 
851   0.8520000000000006   1.0000000000000016 
852   0.8530000000000006   1.0000000000000016 
853   0.8540000000000006   1.0000000000000016 
854   0.8550000000000006   1.0000000000000016 
855   0.8560000000000006   1.0000000000000016 
856   0.8570000000000007   1.0000000000000016 
857   0.8580000000000007   1.0000000000000016 
858   0.8590000000000007   1.0000000000000016 
859   0.8600000000000007   1.0000000000000016 
860   0.8610000000000007   1.0000000000000016 
861   0.8620000000000007   1.0000000000000016 
862   0.8630000000000007   1.0000000000000016 
863   0.8640000000000007   1.0000000000000016 
864   0.8650000000000007   1.0000000000000016 
865   0.8660000000000007   1.0000000000000016 
866   0.8670000000000007   1.0000000000000016 
867   0.8680000000000007   1.0000000000000016 
868   0.8690000000000007   1.0000000000000016 
869   0.8700000000000007   1.0000000000000016 
870   0.8710000000000007   1.0000000000000016 
871   0.8720000000000007   1.0000000000000016 
872   0.8730000000000007   1.0000000000000016 
873   0.8740000000000007   1.0000000000000016 
874   0.8750000000000007   1.0000000000000016 
875   0.8760000000000007   1.0000000000000016 
876   0.8770000000000007   1.0000000000000016 
877   0.8780000000000007   1.0000000000000016 
878   0.8790000000000007   1.0000000000000016 
879   0.8800000000000007   1.0000000000000016 
880   0.8810000000000007   1.0000000000000016 
881   0.8820000000000007   1.0000000000000016 
882   0.8830000000000007   1.0000000000000016 
883   0.8840000000000007   1.0000000000000016 
884   0.8850000000000007   1.0000000000000016 
885   0.8860000000000007   1.0000000000000016 
886   0.8870000000000007   1.0000000000000016 
887   0.8880000000000007   1.0000000000000016 
888   0.8890000000000007   1.0000000000000016 
889   0.8900000000000007   1.0000000000000016 
890   0.8910000000000007   1.0000000000000016 
891   0.8920000000000007   1.0000000000000016 
892   0.8930000000000007   1.0000000000000016 
893   0.8940000000000007   1.0000000000000016 
894   0.8950000000000007   1.0000000000000016 
895   0.8960000000000007   1.0000000000000016 
896   0.8970000000000007   1.0000000000000016 
897   0.8980000000000007   1.0000000000000016 
898   0.8990000000000007   1.0000000000000016 
899   0.9000000000000007   1.0000000000000016 
900   0.9010000000000007   1.0000000000000016 
901   0.9020000000000007   1.0000000000000016 
902   0.9030000000000007   1.0000000000000016 
903   0.9040000000000007   1.0000000000000016 
904   0.9050000000000007   1.0000000000000016 
905   0.9060000000000007   1.0000000000000016 
906   0.9070000000000007   1.0000000000000016 
907   0.9080000000000007   1.0000000000000016 
908   0.9090000000000007   1.0000000000000016 
909   0.9100000000000007   1.0000000000000016 
910   0.9110000000000007   1.0000000000000016 
911   0.9120000000000007   1.0000000000000016 
912   0.9130000000000007   1.0000000000000016 
913   0.9140000000000007   1.0000000000000016 
914   0.9150000000000007   1.0000000000000016 
915   0.9160000000000007   1.0000000000000016 
916   0.9170000000000007   1.0000000000000016 
917   0.9180000000000007   1.0000000000000016 
918   0.9190000000000007   1.0000000000000016 
919   0.9200000000000007   1.0000000000000016 
920   0.9210000000000007   1.0000000000000016 
921   0.9220000000000007   1.0000000000000016 
922   0.9230000000000007   1.0000000000000016 
923   0.9240000000000007   1.0000000000000016 
924   0.9250000000000007   1.0000000000000016 
925   0.9260000000000007   1.0000000000000016 
926   0.9270000000000007   1.0000000000000016 
927   0.9280000000000007   1.0000000000000016 
928   0.9290000000000007   1.0000000000000016 
929   0.9300000000000007   1.0000000000000016 
930   0.9310000000000007   1.0000000000000016 
931   0.9320000000000007   1.0000000000000016 
932   0.9330000000000007   1.0000000000000016 
933   0.9340000000000007   1.0000000000000016 
934   0.9350000000000007   1.0000000000000016 
935   0.9360000000000007   1.0000000000000016 
936   0.9370000000000007   1.0000000000000016 
937   0.9380000000000007   1.0000000000000016 
938   0.9390000000000007   1.0000000000000016 
939   0.9400000000000007   1.0000000000000016 
940   0.9410000000000007   1.0000000000000016 
941   0.9420000000000007   1.0000000000000016 
942   0.9430000000000007   1.0000000000000016 
943   0.9440000000000007   1.0000000000000016 
944   0.9450000000000007   1.0000000000000016 
945   0.9460000000000007   1.0000000000000016 
946   0.9470000000000007   1.0000000000000016 
947   0.9480000000000007   1.0000000000000016 
948   0.9490000000000007   1.0000000000000016 
949   0.9500000000000007   1.0000000000000016 
950   0.9510000000000007   1.0000000000000016 
951   0.9520000000000007   1.0000000000000016 
952   0.9530000000000007   1.0000000000000016 
953   0.9540000000000007   1.0000000000000016 
954   0.9550000000000007   1.0000000000000016 
955   0.9560000000000007   1.0000000000000016 
956   0.9570000000000007   1.0000000000000016 
957   0.9580000000000007   1.0000000000000016 
958   0.9590000000000007   1.0000000000000016 
959   0.9600000000000007   1.0000000000000016 
960   0.9610000000000007   1.0000000000000016 
961   0.9620000000000007   1.0000000000000016 
962   0.9630000000000007   1.0000000000000016 
963   0.9640000000000007   1.0000000000000016 
964   0.9650000000000007   1.0000000000000016 
965   0.9660000000000007   1.0000000000000016 
966   0.9670000000000007   1.0000000000000016 
967   0.9680000000000007   1.0000000000000016 
968   0.9690000000000007   1.0000000000000016 
969   0.9700000000000008   1.0000000000000016 
970   0.9710000000000008   1.0000000000000016 
971   0.9720000000000008   1.0000000000000016 
972   0.9730000000000008   1.0000000000000016 
973   0.9740000000000008   1.0000000000000016 
974   0.9750000000000008   1.0000000000000016 
975   0.9760000000000008   1.0000000000000016 
976   0.9770000000000008   1.0000000000000016 
977   0.9780000000000008   1.0000000000000016 
978   0.9790000000000008   1.0000000000000016 
979   0.9800000000000008   1.0000000000000016 
980   0.9810000000000008   1.0000000000000016 
981   0.9820000000000008   1.0000000000000016 
982   0.9830000000000008   1.0000000000000016 
983   0.9840000000000008   1.0000000000000016 
984   0.9850000000000008   1.0000000000000016 
985   0.9860000000000008   1.0000000000000016 
986   0.9870000000000008   1.0000000000000016 
987   0.9880000000000008   1.0000000000000016 
988   0.9890000000000008   1.0000000000000016 
989   0.9900000000000008   1.0000000000000016 
990   0.9910000000000008   1.0000000000000016 
991   0.9920000000000008   1.0000000000000016 
992   0.9930000000000008   1.0000000000000016 
993   0.9940000000000008   1.0000000000000016 
994   0.9950000000000008   1.0000000000000016 
995   0.9960000000000008   1.0000000000000016 
996   0.9970000000000008   1.0000000000000016 
997   0.9980000000000008   1.0000000000000016 
998   0.9990000000000008   1.0000000000000016 
999   1.0000000000000007   1.0000000000000016 
