0   0.001   0 
1   0.002   0 
2   0.003   0 
3   0.003   0.0072992700729927005 
4   0.004   0.009732360097323601 
5   0.005   0.014598540145985401 
6   0.006   0.0170316301703163 
7   0.008   0.0170316301703163 
8   0.009000000000000001   0.0170316301703163 
9   0.010000000000000002   0.0170316301703163 
10   0.010000000000000002   0.019464720194647202 
11   0.012000000000000004   0.019464720194647202 
12   0.013000000000000005   0.019464720194647202 
13   0.014000000000000005   0.019464720194647202 
14   0.015000000000000006   0.019464720194647202 
15   0.016000000000000007   0.019464720194647202 
16   0.017000000000000008   0.019464720194647202 
17   0.01800000000000001   0.019464720194647202 
18   0.01900000000000001   0.019464720194647202 
19   0.02000000000000001   0.019464720194647202 
20   0.02100000000000001   0.019464720194647202 
21   0.022000000000000013   0.019464720194647202 
22   0.023000000000000013   0.019464720194647202 
23   0.024000000000000014   0.019464720194647202 
24   0.025000000000000015   0.019464720194647202 
25   0.026000000000000016   0.019464720194647202 
26   0.027000000000000017   0.019464720194647202 
27   0.027000000000000017   0.021897810218978103 
28   0.028000000000000018   0.026763990267639905 
29   0.02900000000000002   0.031630170316301706 
30   0.03000000000000002   0.03649635036496351 
31   0.03100000000000002   0.038929440389294405 
32   0.03200000000000002   0.043795620437956206 
33   0.03400000000000002   0.043795620437956206 
34   0.035000000000000024   0.043795620437956206 
35   0.036000000000000025   0.043795620437956206 
36   0.037000000000000026   0.043795620437956206 
37   0.037000000000000026   0.06326034063260341 
38   0.03900000000000003   0.06326034063260341 
39   0.04000000000000003   0.06326034063260341 
40   0.04100000000000003   0.06326034063260341 
41   0.04200000000000003   0.06326034063260341 
42   0.04300000000000003   0.06326034063260341 
43   0.04400000000000003   0.06326034063260341 
44   0.04500000000000003   0.06326034063260341 
45   0.046000000000000034   0.06326034063260341 
46   0.047000000000000035   0.06326034063260341 
47   0.048000000000000036   0.06326034063260341 
48   0.04900000000000004   0.06326034063260341 
49   0.04900000000000004   0.07055961070559612 
50   0.05100000000000004   0.07055961070559612 
51   0.05200000000000004   0.07055961070559612 
52   0.05300000000000004   0.07055961070559612 
53   0.05400000000000004   0.07055961070559612 
54   0.05500000000000004   0.07055961070559612 
55   0.05600000000000004   0.07055961070559612 
56   0.057000000000000044   0.07055961070559612 
57   0.057000000000000044   0.07299270072992702 
58   0.058000000000000045   0.07785888077858881 
59   0.059000000000000045   0.0827250608272506 
60   0.060000000000000046   0.0875912408759124 
61   0.06100000000000005   0.0924574209245742 
62   0.06300000000000004   0.0924574209245742 
63   0.06400000000000004   0.0924574209245742 
64   0.06500000000000004   0.0924574209245742 
65   0.06600000000000004   0.0924574209245742 
66   0.06600000000000004   0.1119221411192214 
67   0.06800000000000005   0.1119221411192214 
68   0.06900000000000005   0.1119221411192214 
69   0.07000000000000005   0.1119221411192214 
70   0.07100000000000005   0.1119221411192214 
71   0.07200000000000005   0.1119221411192214 
72   0.07300000000000005   0.1119221411192214 
73   0.07400000000000005   0.1119221411192214 
74   0.07500000000000005   0.1119221411192214 
75   0.07600000000000005   0.1119221411192214 
76   0.07700000000000005   0.1119221411192214 
77   0.07800000000000006   0.1119221411192214 
78   0.07800000000000006   0.1192214111922141 
79   0.08000000000000006   0.1192214111922141 
80   0.08100000000000006   0.1192214111922141 
81   0.08200000000000006   0.1192214111922141 
82   0.08300000000000006   0.1192214111922141 
83   0.08400000000000006   0.1192214111922141 
84   0.08500000000000006   0.1192214111922141 
85   0.08600000000000006   0.1192214111922141 
86   0.08600000000000006   0.121654501216545 
87   0.08700000000000006   0.1265206812652068 
88   0.08800000000000006   0.1313868613138686 
89   0.08900000000000007   0.13625304136253039 
90   0.09000000000000007   0.14111922141119218 
91   0.09200000000000007   0.14111922141119218 
92   0.09300000000000007   0.14111922141119218 
93   0.09400000000000007   0.14111922141119218 
94   0.09500000000000007   0.14111922141119218 
95   0.09500000000000007   0.1605839416058394 
96   0.09700000000000007   0.1605839416058394 
97   0.09800000000000007   0.1605839416058394 
98   0.09900000000000007   0.1605839416058394 
99   0.10000000000000007   0.1605839416058394 
100   0.10100000000000008   0.1605839416058394 
101   0.10200000000000008   0.1605839416058394 
102   0.10300000000000008   0.1605839416058394 
103   0.10400000000000008   0.1605839416058394 
104   0.10500000000000008   0.1605839416058394 
105   0.10600000000000008   0.1605839416058394 
106   0.10700000000000008   0.1605839416058394 
107   0.10700000000000008   0.16545012165450118 
108   0.10800000000000008   0.16788321167883208 
109   0.11000000000000008   0.16788321167883208 
110   0.11100000000000008   0.16788321167883208 
111   0.11200000000000009   0.16788321167883208 
112   0.11300000000000009   0.16788321167883208 
113   0.11400000000000009   0.16788321167883208 
114   0.11500000000000009   0.16788321167883208 
115   0.11500000000000009   0.17031630170316298 
116   0.11600000000000009   0.17518248175182477 
117   0.11700000000000009   0.18004866180048656 
118   0.11800000000000009   0.18491484184914836 
119   0.11900000000000009   0.18978102189781015 
120   0.1210000000000001   0.18978102189781015 
121   0.1220000000000001   0.18978102189781015 
122   0.1230000000000001   0.18978102189781015 
123   0.1240000000000001   0.18978102189781015 
124   0.1240000000000001   0.19708029197080285 
125   0.12500000000000008   0.20924574209245736 
126   0.12700000000000009   0.20924574209245736 
127   0.12800000000000009   0.20924574209245736 
128   0.1290000000000001   0.20924574209245736 
129   0.1300000000000001   0.20924574209245736 
130   0.1310000000000001   0.20924574209245736 
131   0.1320000000000001   0.20924574209245736 
132   0.1330000000000001   0.20924574209245736 
133   0.1340000000000001   0.20924574209245736 
134   0.1350000000000001   0.20924574209245736 
135   0.1360000000000001   0.20924574209245736 
136   0.1370000000000001   0.20924574209245736 
137   0.1370000000000001   0.21654501216545005 
138   0.1390000000000001   0.21654501216545005 
139   0.1400000000000001   0.21654501216545005 
140   0.1410000000000001   0.21654501216545005 
141   0.1420000000000001   0.21654501216545005 
142   0.1430000000000001   0.21654501216545005 
143   0.1440000000000001   0.21654501216545005 
144   0.1450000000000001   0.21654501216545005 
145   0.1460000000000001   0.21654501216545005 
146   0.1470000000000001   0.21654501216545005 
147   0.1480000000000001   0.21654501216545005 
148   0.1490000000000001   0.21654501216545005 
149   0.1500000000000001   0.21654501216545005 
150   0.1510000000000001   0.21654501216545005 
151   0.1520000000000001   0.21654501216545005 
152   0.1530000000000001   0.21654501216545005 
153   0.1540000000000001   0.21654501216545005 
154   0.1550000000000001   0.21654501216545005 
155   0.1560000000000001   0.21654501216545005 
156   0.1570000000000001   0.21654501216545005 
157   0.1580000000000001   0.21654501216545005 
158   0.1590000000000001   0.21654501216545005 
159   0.16000000000000011   0.21654501216545005 
160   0.16100000000000012   0.21654501216545005 
161   0.16200000000000012   0.21654501216545005 
162   0.16300000000000012   0.21654501216545005 
163   0.16400000000000012   0.21654501216545005 
164   0.16500000000000012   0.21654501216545005 
165   0.16600000000000012   0.21654501216545005 
166   0.16700000000000012   0.21654501216545005 
167   0.16800000000000012   0.21654501216545005 
168   0.16900000000000012   0.21654501216545005 
169   0.17000000000000012   0.21654501216545005 
170   0.17100000000000012   0.21654501216545005 
171   0.17200000000000013   0.21654501216545005 
172   0.17300000000000013   0.21654501216545005 
173   0.17400000000000013   0.21654501216545005 
174   0.17500000000000013   0.21654501216545005 
175   0.17600000000000013   0.21654501216545005 
176   0.17700000000000013   0.21654501216545005 
177   0.17800000000000013   0.21654501216545005 
178   0.17900000000000013   0.21654501216545005 
179   0.18000000000000013   0.21654501216545005 
180   0.18100000000000013   0.21654501216545005 
181   0.18100000000000013   0.21897810218978095 
182   0.18200000000000013   0.22384428223844274 
183   0.18300000000000013   0.22871046228710454 
184   0.18400000000000014   0.23357664233576633 
185   0.18500000000000014   0.23844282238442813 
186   0.18700000000000014   0.23844282238442813 
187   0.18800000000000014   0.23844282238442813 
188   0.18900000000000014   0.23844282238442813 
189   0.19000000000000014   0.23844282238442813 
190   0.19000000000000014   0.25547445255474444 
191   0.19100000000000014   0.25790754257907533 
192   0.19300000000000014   0.25790754257907533 
193   0.19400000000000014   0.25790754257907533 
194   0.19500000000000015   0.25790754257907533 
195   0.19600000000000015   0.25790754257907533 
196   0.19700000000000015   0.25790754257907533 
197   0.19800000000000015   0.25790754257907533 
198   0.19900000000000015   0.25790754257907533 
199   0.20000000000000015   0.25790754257907533 
200   0.20100000000000015   0.25790754257907533 
201   0.20200000000000015   0.25790754257907533 
202   0.20200000000000015   0.2627737226277371 
203   0.20300000000000015   0.265206812652068 
204   0.20500000000000015   0.265206812652068 
205   0.20600000000000016   0.265206812652068 
206   0.20700000000000016   0.265206812652068 
207   0.20800000000000016   0.265206812652068 
208   0.20900000000000016   0.265206812652068 
209   0.21000000000000016   0.265206812652068 
210   0.21000000000000016   0.2676399026763989 
211   0.21100000000000016   0.2725060827250607 
212   0.21200000000000016   0.2773722627737225 
213   0.21300000000000016   0.2822384428223843 
214   0.21400000000000016   0.2871046228710461 
215   0.21600000000000016   0.2871046228710461 
216   0.21700000000000016   0.2871046228710461 
217   0.21800000000000017   0.2871046228710461 
218   0.21900000000000017   0.2871046228710461 
219   0.21900000000000017   0.3017031630170315 
220   0.22000000000000017   0.3065693430656933 
221   0.22200000000000017   0.3065693430656933 
222   0.22300000000000017   0.3065693430656933 
223   0.22400000000000017   0.3065693430656933 
224   0.22500000000000017   0.3065693430656933 
225   0.22600000000000017   0.3065693430656933 
226   0.22700000000000017   0.3065693430656933 
227   0.22800000000000017   0.3065693430656933 
228   0.22900000000000018   0.3065693430656933 
229   0.23000000000000018   0.3065693430656933 
230   0.23100000000000018   0.3065693430656933 
231   0.23100000000000018   0.3090024330900242 
232   0.23200000000000018   0.31386861313868597 
233   0.23400000000000018   0.31386861313868597 
234   0.23500000000000018   0.31386861313868597 
235   0.23600000000000018   0.31386861313868597 
236   0.23700000000000018   0.31386861313868597 
237   0.23800000000000018   0.31386861313868597 
238   0.23900000000000018   0.31386861313868597 
239   0.23900000000000018   0.31630170316301687 
240   0.24000000000000019   0.32116788321167866 
241   0.2410000000000002   0.32603406326034046 
242   0.2420000000000002   0.33090024330900225 
243   0.2430000000000002   0.33576642335766405 
244   0.2450000000000002   0.33576642335766405 
245   0.2460000000000002   0.33576642335766405 
246   0.2470000000000002   0.33576642335766405 
247   0.2480000000000002   0.33576642335766405 
248   0.2480000000000002   0.35036496350364943 
249   0.2490000000000002   0.3552311435523112 
250   0.25100000000000017   0.3552311435523112 
251   0.25200000000000017   0.3552311435523112 
252   0.25300000000000017   0.3552311435523112 
253   0.25400000000000017   0.3552311435523112 
254   0.25500000000000017   0.3552311435523112 
255   0.25600000000000017   0.3552311435523112 
256   0.2570000000000002   0.3552311435523112 
257   0.2580000000000002   0.3552311435523112 
258   0.2590000000000002   0.3552311435523112 
259   0.2600000000000002   0.3552311435523112 
260   0.2610000000000002   0.3552311435523112 
261   0.2610000000000002   0.3625304136253039 
262   0.2630000000000002   0.3625304136253039 
263   0.2640000000000002   0.3625304136253039 
264   0.2650000000000002   0.3625304136253039 
265   0.2660000000000002   0.3625304136253039 
266   0.2670000000000002   0.3625304136253039 
267   0.2680000000000002   0.3625304136253039 
268   0.2680000000000002   0.3649635036496348 
269   0.2690000000000002   0.3698296836982966 
270   0.2700000000000002   0.3746958637469584 
271   0.2710000000000002   0.3795620437956202 
272   0.2720000000000002   0.384428223844282 
273   0.2740000000000002   0.384428223844282 
274   0.2750000000000002   0.384428223844282 
275   0.2760000000000002   0.384428223844282 
276   0.2770000000000002   0.384428223844282 
277   0.2770000000000002   0.3965936739659365 
278   0.2780000000000002   0.40389294403892917 
279   0.2800000000000002   0.40389294403892917 
280   0.2810000000000002   0.40389294403892917 
281   0.2820000000000002   0.40389294403892917 
282   0.2830000000000002   0.40389294403892917 
283   0.2840000000000002   0.40389294403892917 
284   0.2850000000000002   0.40389294403892917 
285   0.2860000000000002   0.40389294403892917 
286   0.2870000000000002   0.40389294403892917 
287   0.2880000000000002   0.40389294403892917 
288   0.2890000000000002   0.40389294403892917 
289   0.2900000000000002   0.40389294403892917 
290   0.2900000000000002   0.41119221411192186 
291   0.2920000000000002   0.41119221411192186 
292   0.2930000000000002   0.41119221411192186 
293   0.2940000000000002   0.41119221411192186 
294   0.2950000000000002   0.41119221411192186 
295   0.2960000000000002   0.41119221411192186 
296   0.2970000000000002   0.41119221411192186 
297   0.2970000000000002   0.41362530413625276 
298   0.2980000000000002   0.41605839416058366 
299   0.2990000000000002   0.42335766423357635 
300   0.3000000000000002   0.42822384428223814 
301   0.3010000000000002   0.43309002433089994 
302   0.3030000000000002   0.43309002433089994 
303   0.3040000000000002   0.43309002433089994 
304   0.3050000000000002   0.43309002433089994 
305   0.3060000000000002   0.43309002433089994 
306   0.3070000000000002   0.43309002433089994 
307   0.3070000000000002   0.4525547445255471 
308   0.3090000000000002   0.4525547445255471 
309   0.3100000000000002   0.4525547445255471 
310   0.3110000000000002   0.4525547445255471 
311   0.3120000000000002   0.4525547445255471 
312   0.3130000000000002   0.4525547445255471 
313   0.3140000000000002   0.4525547445255471 
314   0.3150000000000002   0.4525547445255471 
315   0.3160000000000002   0.4525547445255471 
316   0.3170000000000002   0.4525547445255471 
317   0.3180000000000002   0.4525547445255471 
318   0.31900000000000023   0.4525547445255471 
319   0.31900000000000023   0.4598540145985398 
320   0.32100000000000023   0.4598540145985398 
321   0.32200000000000023   0.4598540145985398 
322   0.32300000000000023   0.4598540145985398 
323   0.32400000000000023   0.4598540145985398 
324   0.32500000000000023   0.4598540145985398 
325   0.32600000000000023   0.4598540145985398 
326   0.32700000000000023   0.4598540145985398 
327   0.32800000000000024   0.4598540145985398 
328   0.32900000000000024   0.4598540145985398 
329   0.33000000000000024   0.4598540145985398 
330   0.33100000000000024   0.4598540145985398 
331   0.33200000000000024   0.4598540145985398 
332   0.33300000000000024   0.4598540145985398 
333   0.33400000000000024   0.4598540145985398 
334   0.33500000000000024   0.4598540145985398 
335   0.33600000000000024   0.4598540145985398 
336   0.33700000000000024   0.4598540145985398 
337   0.33800000000000024   0.4598540145985398 
338   0.33900000000000025   0.4598540145985398 
339   0.34000000000000025   0.4598540145985398 
340   0.34100000000000025   0.4598540145985398 
341   0.34200000000000025   0.4598540145985398 
342   0.34300000000000025   0.4598540145985398 
343   0.34400000000000025   0.4598540145985398 
344   0.34500000000000025   0.4598540145985398 
345   0.34600000000000025   0.4598540145985398 
346   0.34700000000000025   0.4598540145985398 
347   0.34800000000000025   0.4598540145985398 
348   0.34900000000000025   0.4598540145985398 
349   0.35000000000000026   0.4598540145985398 
350   0.35100000000000026   0.4598540145985398 
351   0.35200000000000026   0.4598540145985398 
352   0.35300000000000026   0.4598540145985398 
353   0.35400000000000026   0.4598540145985398 
354   0.35500000000000026   0.4598540145985398 
355   0.35600000000000026   0.4598540145985398 
356   0.35700000000000026   0.4598540145985398 
357   0.35800000000000026   0.4598540145985398 
358   0.35900000000000026   0.4598540145985398 
359   0.36000000000000026   0.4598540145985398 
360   0.36100000000000027   0.4598540145985398 
361   0.36200000000000027   0.4598540145985398 
362   0.36300000000000027   0.4598540145985398 
363   0.36300000000000027   0.4622871046228707 
364   0.36500000000000027   0.4622871046228707 
365   0.36500000000000027   0.4695863746958634 
366   0.36600000000000027   0.4744525547445252 
367   0.36700000000000027   0.4768856447688561 
368   0.36800000000000027   0.4817518248175179 
369   0.3700000000000003   0.4817518248175179 
370   0.3710000000000003   0.4817518248175179 
371   0.3720000000000003   0.4817518248175179 
372   0.3730000000000003   0.4817518248175179 
373   0.3730000000000003   0.5012165450121651 
374   0.3750000000000003   0.5012165450121651 
375   0.3760000000000003   0.5012165450121651 
376   0.3770000000000003   0.5012165450121651 
377   0.3780000000000003   0.5012165450121651 
378   0.3790000000000003   0.5012165450121651 
379   0.3800000000000003   0.5012165450121651 
380   0.3810000000000003   0.5012165450121651 
381   0.3820000000000003   0.5012165450121651 
382   0.3830000000000003   0.5012165450121651 
383   0.3840000000000003   0.5012165450121651 
384   0.3850000000000003   0.5012165450121651 
385   0.3850000000000003   0.5085158150851578 
386   0.3870000000000003   0.5085158150851578 
387   0.3880000000000003   0.5085158150851578 
388   0.3890000000000003   0.5085158150851578 
389   0.3900000000000003   0.5085158150851578 
390   0.3910000000000003   0.5085158150851578 
391   0.3920000000000003   0.5085158150851578 
392   0.3930000000000003   0.5085158150851578 
393   0.3930000000000003   0.5109489051094886 
394   0.3940000000000003   0.5158150851581504 
395   0.3950000000000003   0.5206812652068122 
396   0.3960000000000003   0.525547445255474 
397   0.3970000000000003   0.5304136253041358 
398   0.3990000000000003   0.5304136253041358 
399   0.4000000000000003   0.5304136253041358 
400   0.4010000000000003   0.5304136253041358 
401   0.4020000000000003   0.5304136253041358 
402   0.4020000000000003   0.549878345498783 
403   0.4040000000000003   0.549878345498783 
404   0.4050000000000003   0.549878345498783 
405   0.4060000000000003   0.549878345498783 
406   0.4070000000000003   0.549878345498783 
407   0.4080000000000003   0.549878345498783 
408   0.4090000000000003   0.549878345498783 
409   0.4100000000000003   0.549878345498783 
410   0.4110000000000003   0.549878345498783 
411   0.4120000000000003   0.549878345498783 
412   0.4130000000000003   0.549878345498783 
413   0.4140000000000003   0.549878345498783 
414   0.4140000000000003   0.5571776155717757 
415   0.4160000000000003   0.5571776155717757 
416   0.4170000000000003   0.5571776155717757 
417   0.4180000000000003   0.5571776155717757 
418   0.4190000000000003   0.5571776155717757 
419   0.4200000000000003   0.5571776155717757 
420   0.4210000000000003   0.5571776155717757 
421   0.4220000000000003   0.5571776155717757 
422   0.4220000000000003   0.5596107055961066 
423   0.4230000000000003   0.5644768856447684 
424   0.4240000000000003   0.5693430656934302 
425   0.4250000000000003   0.574209245742092 
426   0.4260000000000003   0.5790754257907538 
427   0.4280000000000003   0.5790754257907538 
428   0.4290000000000003   0.5790754257907538 
429   0.4300000000000003   0.5790754257907538 
430   0.4310000000000003   0.5790754257907538 
431   0.4310000000000003   0.598540145985401 
432   0.43300000000000033   0.598540145985401 
433   0.43400000000000033   0.598540145985401 
434   0.43500000000000033   0.598540145985401 
435   0.43600000000000033   0.598540145985401 
436   0.43700000000000033   0.598540145985401 
437   0.43800000000000033   0.598540145985401 
438   0.43900000000000033   0.598540145985401 
439   0.44000000000000034   0.598540145985401 
440   0.44100000000000034   0.598540145985401 
441   0.44200000000000034   0.598540145985401 
442   0.44300000000000034   0.598540145985401 
443   0.44300000000000034   0.6058394160583936 
444   0.44500000000000034   0.6058394160583936 
445   0.44600000000000034   0.6058394160583936 
446   0.44700000000000034   0.6058394160583936 
447   0.44800000000000034   0.6058394160583936 
448   0.44900000000000034   0.6058394160583936 
449   0.45000000000000034   0.6058394160583936 
450   0.45100000000000035   0.6058394160583936 
451   0.45100000000000035   0.6082725060827245 
452   0.45200000000000035   0.6131386861313863 
453   0.45300000000000035   0.6180048661800481 
454   0.45400000000000035   0.6228710462287099 
455   0.45500000000000035   0.6277372262773717 
456   0.45700000000000035   0.6277372262773717 
457   0.45800000000000035   0.6277372262773717 
458   0.45900000000000035   0.6277372262773717 
459   0.46000000000000035   0.6277372262773717 
460   0.46000000000000035   0.6472019464720189 
461   0.46200000000000035   0.6472019464720189 
462   0.46300000000000036   0.6472019464720189 
463   0.46400000000000036   0.6472019464720189 
464   0.46500000000000036   0.6472019464720189 
465   0.46600000000000036   0.6472019464720189 
466   0.46700000000000036   0.6472019464720189 
467   0.46800000000000036   0.6472019464720189 
468   0.46900000000000036   0.6472019464720189 
469   0.47000000000000036   0.6472019464720189 
470   0.47100000000000036   0.6472019464720189 
471   0.47200000000000036   0.6472019464720189 
472   0.47200000000000036   0.6545012165450116 
473   0.47400000000000037   0.6545012165450116 
474   0.47500000000000037   0.6545012165450116 
475   0.47600000000000037   0.6545012165450116 
476   0.47700000000000037   0.6545012165450116 
477   0.47800000000000037   0.6545012165450116 
478   0.47900000000000037   0.6545012165450116 
479   0.48000000000000037   0.6545012165450116 
480   0.48000000000000037   0.6569343065693425 
481   0.48100000000000037   0.6618004866180043 
482   0.4820000000000004   0.6666666666666661 
483   0.4830000000000004   0.6715328467153279 
484   0.4840000000000004   0.6763990267639897 
485   0.4860000000000004   0.6763990267639897 
486   0.4870000000000004   0.6763990267639897 
487   0.4880000000000004   0.6763990267639897 
488   0.4890000000000004   0.6763990267639897 
489   0.4890000000000004   0.6861313868613133 
490   0.4900000000000004   0.6958637469586368 
491   0.4920000000000004   0.6958637469586368 
492   0.4930000000000004   0.6958637469586368 
493   0.4940000000000004   0.6958637469586368 
494   0.4950000000000004   0.6958637469586368 
495   0.4960000000000004   0.6958637469586368 
496   0.4970000000000004   0.6958637469586368 
497   0.4980000000000004   0.6958637469586368 
498   0.4990000000000004   0.6958637469586368 
499   0.5000000000000003   0.6958637469586368 
500   0.5010000000000003   0.6958637469586368 
501   0.5020000000000003   0.6958637469586368 
502   0.5020000000000003   0.7031630170316295 
503   0.5040000000000003   0.7031630170316295 
504   0.5050000000000003   0.7031630170316295 
505   0.5060000000000003   0.7031630170316295 
506   0.5070000000000003   0.7031630170316295 
507   0.5080000000000003   0.7031630170316295 
508   0.5090000000000003   0.7031630170316295 
509   0.5100000000000003   0.7031630170316295 
510   0.5110000000000003   0.7031630170316295 
511   0.5120000000000003   0.7031630170316295 
512   0.5130000000000003   0.7031630170316295 
513   0.5140000000000003   0.7031630170316295 
514   0.5150000000000003   0.7031630170316295 
515   0.5160000000000003   0.7031630170316295 
516   0.5170000000000003   0.7031630170316295 
517   0.5180000000000003   0.7031630170316295 
518   0.5190000000000003   0.7031630170316295 
519   0.5200000000000004   0.7031630170316295 
520   0.5210000000000004   0.7031630170316295 
521   0.5220000000000004   0.7031630170316295 
522   0.5230000000000004   0.7031630170316295 
523   0.5240000000000004   0.7031630170316295 
524   0.5250000000000004   0.7031630170316295 
525   0.5260000000000004   0.7031630170316295 
526   0.5270000000000004   0.7031630170316295 
527   0.5280000000000004   0.7031630170316295 
528   0.5290000000000004   0.7031630170316295 
529   0.5300000000000004   0.7031630170316295 
530   0.5310000000000004   0.7031630170316295 
531   0.5320000000000004   0.7031630170316295 
532   0.5330000000000004   0.7031630170316295 
533   0.5340000000000004   0.7031630170316295 
534   0.5350000000000004   0.7031630170316295 
535   0.5360000000000004   0.7031630170316295 
536   0.5370000000000004   0.7031630170316295 
537   0.5380000000000004   0.7031630170316295 
538   0.5390000000000004   0.7031630170316295 
539   0.5400000000000004   0.7031630170316295 
540   0.5410000000000004   0.7031630170316295 
541   0.5420000000000004   0.7031630170316295 
542   0.5430000000000004   0.7031630170316295 
543   0.5440000000000004   0.7031630170316295 
544   0.5450000000000004   0.7031630170316295 
545   0.5460000000000004   0.7031630170316295 
546   0.5460000000000004   0.7055961070559604 
547   0.5470000000000004   0.7104622871046222 
548   0.5480000000000004   0.715328467153284 
549   0.5490000000000004   0.7201946472019458 
550   0.5500000000000004   0.7250608272506076 
551   0.5520000000000004   0.7250608272506076 
552   0.5530000000000004   0.7250608272506076 
553   0.5540000000000004   0.7250608272506076 
554   0.5550000000000004   0.7250608272506076 
555   0.5550000000000004   0.739659367396593 
556   0.5560000000000004   0.7445255474452548 
557   0.5580000000000004   0.7445255474452548 
558   0.5590000000000004   0.7445255474452548 
559   0.5600000000000004   0.7445255474452548 
560   0.5610000000000004   0.7445255474452548 
561   0.5620000000000004   0.7445255474452548 
562   0.5630000000000004   0.7445255474452548 
563   0.5640000000000004   0.7445255474452548 
564   0.5650000000000004   0.7445255474452548 
565   0.5660000000000004   0.7445255474452548 
566   0.5670000000000004   0.7445255474452548 
567   0.5670000000000004   0.7469586374695857 
568   0.5680000000000004   0.7518248175182475 
569   0.5700000000000004   0.7518248175182475 
570   0.5710000000000004   0.7518248175182475 
571   0.5720000000000004   0.7518248175182475 
572   0.5730000000000004   0.7518248175182475 
573   0.5740000000000004   0.7518248175182475 
574   0.5750000000000004   0.7518248175182475 
575   0.5750000000000004   0.7542579075425784 
576   0.5760000000000004   0.7591240875912402 
577   0.5770000000000004   0.763990267639902 
578   0.5780000000000004   0.7688564476885638 
579   0.5790000000000004   0.7737226277372256 
580   0.5810000000000004   0.7737226277372256 
581   0.5820000000000004   0.7737226277372256 
582   0.5830000000000004   0.7737226277372256 
583   0.5840000000000004   0.7737226277372256 
584   0.5840000000000004   0.78588807785888 
585   0.5850000000000004   0.7931873479318727 
586   0.5870000000000004   0.7931873479318727 
587   0.5880000000000004   0.7931873479318727 
588   0.5890000000000004   0.7931873479318727 
589   0.5900000000000004   0.7931873479318727 
590   0.5910000000000004   0.7931873479318727 
591   0.5920000000000004   0.7931873479318727 
592   0.5930000000000004   0.7931873479318727 
593   0.5940000000000004   0.7931873479318727 
594   0.5950000000000004   0.7931873479318727 
595   0.5960000000000004   0.7931873479318727 
596   0.5970000000000004   0.7931873479318727 
597   0.5970000000000004   0.8004866180048654 
598   0.5990000000000004   0.8004866180048654 
599   0.6000000000000004   0.8004866180048654 
600   0.6010000000000004   0.8004866180048654 
601   0.6020000000000004   0.8004866180048654 
602   0.6030000000000004   0.8004866180048654 
603   0.6040000000000004   0.8004866180048654 
604   0.6040000000000004   0.8029197080291963 
605   0.6050000000000004   0.8077858880778581 
606   0.6060000000000004   0.8126520681265199 
607   0.6070000000000004   0.8175182481751817 
608   0.6080000000000004   0.8223844282238435 
609   0.6100000000000004   0.8223844282238435 
610   0.6110000000000004   0.8223844282238435 
611   0.6120000000000004   0.8223844282238435 
612   0.6130000000000004   0.8223844282238435 
613   0.6130000000000004   0.834549878345498 
614   0.6140000000000004   0.8418491484184907 
615   0.6160000000000004   0.8418491484184907 
616   0.6170000000000004   0.8418491484184907 
617   0.6180000000000004   0.8418491484184907 
618   0.6190000000000004   0.8418491484184907 
619   0.6200000000000004   0.8418491484184907 
620   0.6210000000000004   0.8418491484184907 
621   0.6220000000000004   0.8418491484184907 
622   0.6230000000000004   0.8418491484184907 
623   0.6240000000000004   0.8418491484184907 
624   0.6250000000000004   0.8418491484184907 
625   0.6250000000000004   0.8442822384428216 
626   0.6260000000000004   0.8491484184914834 
627   0.6280000000000004   0.8491484184914834 
628   0.6290000000000004   0.8491484184914834 
629   0.6300000000000004   0.8491484184914834 
630   0.6310000000000004   0.8491484184914834 
631   0.6320000000000005   0.8491484184914834 
632   0.6330000000000005   0.8491484184914834 
633   0.6330000000000005   0.8515815085158143 
634   0.6340000000000005   0.8564476885644761 
635   0.6350000000000005   0.8613138686131379 
636   0.6360000000000005   0.8661800486617997 
637   0.6370000000000005   0.8710462287104614 
638   0.6390000000000005   0.8710462287104614 
639   0.6400000000000005   0.8710462287104614 
640   0.6410000000000005   0.8710462287104614 
641   0.6420000000000005   0.8710462287104614 
642   0.6420000000000005   0.8832116788321159 
643   0.6430000000000005   0.8905109489051086 
644   0.6450000000000005   0.8905109489051086 
645   0.6460000000000005   0.8905109489051086 
646   0.6470000000000005   0.8905109489051086 
647   0.6480000000000005   0.8905109489051086 
648   0.6490000000000005   0.8905109489051086 
649   0.6500000000000005   0.8905109489051086 
650   0.6510000000000005   0.8905109489051086 
651   0.6520000000000005   0.8905109489051086 
652   0.6530000000000005   0.8905109489051086 
653   0.6540000000000005   0.8905109489051086 
654   0.6540000000000005   0.8929440389294395 
655   0.6550000000000005   0.8978102189781013 
656   0.6570000000000005   0.8978102189781013 
657   0.6580000000000005   0.8978102189781013 
658   0.6590000000000005   0.8978102189781013 
659   0.6600000000000005   0.8978102189781013 
660   0.6610000000000005   0.8978102189781013 
661   0.6620000000000005   0.8978102189781013 
662   0.6620000000000005   0.9002433090024322 
663   0.6630000000000005   0.905109489051094 
664   0.6640000000000005   0.9099756690997558 
665   0.6650000000000005   0.9148418491484176 
666   0.6660000000000005   0.9197080291970794 
667   0.6680000000000005   0.9197080291970794 
668   0.6690000000000005   0.9197080291970794 
669   0.6700000000000005   0.9197080291970794 
670   0.6710000000000005   0.9197080291970794 
671   0.6720000000000005   0.9197080291970794 
672   0.6720000000000005   0.9391727493917266 
673   0.6740000000000005   0.9391727493917266 
674   0.6750000000000005   0.9391727493917266 
675   0.6760000000000005   0.9391727493917266 
676   0.6770000000000005   0.9391727493917266 
677   0.6780000000000005   0.9391727493917266 
678   0.6790000000000005   0.9391727493917266 
679   0.6800000000000005   0.9391727493917266 
680   0.6810000000000005   0.9391727493917266 
681   0.6820000000000005   0.9391727493917266 
682   0.6830000000000005   0.9391727493917266 
683   0.6840000000000005   0.9391727493917266 
684   0.6850000000000005   0.9391727493917266 
685   0.6850000000000005   0.9464720194647193 
686   0.6870000000000005   0.9464720194647193 
687   0.6880000000000005   0.9464720194647193 
688   0.6890000000000005   0.9464720194647193 
689   0.6900000000000005   0.9464720194647193 
690   0.6910000000000005   0.9464720194647193 
691   0.6920000000000005   0.9464720194647193 
692   0.6930000000000005   0.9464720194647193 
693   0.6940000000000005   0.9464720194647193 
694   0.6950000000000005   0.9464720194647193 
695   0.6950000000000005   0.9489051094890502 
696   0.6960000000000005   0.951338199513381 
697   0.6970000000000005   0.953771289537712 
698   0.6980000000000005   0.9562043795620428 
699   0.6990000000000005   0.9586374695863737 
700   0.7010000000000005   0.9586374695863737 
701   0.7020000000000005   0.9586374695863737 
702   0.7030000000000005   0.9586374695863737 
703   0.7040000000000005   0.9586374695863737 
704   0.7050000000000005   0.9586374695863737 
705   0.7050000000000005   0.9635036496350355 
706   0.7070000000000005   0.9635036496350355 
707   0.7080000000000005   0.9635036496350355 
708   0.7090000000000005   0.9635036496350355 
709   0.7100000000000005   0.9635036496350355 
710   0.7100000000000005   0.9659367396593664 
711   0.7120000000000005   0.9659367396593664 
712   0.7130000000000005   0.9659367396593664 
713   0.7130000000000005   0.9683698296836973 
714   0.7150000000000005   0.9683698296836973 
715   0.7160000000000005   0.9683698296836973 
716   0.7170000000000005   0.9683698296836973 
717   0.7180000000000005   0.9683698296836973 
718   0.7190000000000005   0.9683698296836973 
719   0.7200000000000005   0.9683698296836973 
720   0.7210000000000005   0.9683698296836973 
721   0.7220000000000005   0.9683698296836973 
722   0.7230000000000005   0.9683698296836973 
723   0.7240000000000005   0.9683698296836973 
724   0.7250000000000005   0.9683698296836973 
725   0.7260000000000005   0.9683698296836973 
726   0.7270000000000005   0.9683698296836973 
727   0.7280000000000005   0.9683698296836973 
728   0.7290000000000005   0.9683698296836973 
729   0.7300000000000005   0.9683698296836973 
730   0.7310000000000005   0.9683698296836973 
731   0.7320000000000005   0.9683698296836973 
732   0.7330000000000005   0.9683698296836973 
733   0.7330000000000005   0.9708029197080282 
734   0.7350000000000005   0.9708029197080282 
735   0.7360000000000005   0.9708029197080282 
736   0.7370000000000005   0.9708029197080282 
737   0.7380000000000005   0.9708029197080282 
738   0.7390000000000005   0.9708029197080282 
739   0.7400000000000005   0.9708029197080282 
740   0.7410000000000005   0.9708029197080282 
741   0.7420000000000005   0.9708029197080282 
742   0.7430000000000005   0.9708029197080282 
743   0.7430000000000005   0.9732360097323591 
744   0.7450000000000006   0.9732360097323591 
745   0.7450000000000006   0.9927007299270063 
746   0.7470000000000006   0.9927007299270063 
747   0.7480000000000006   0.9927007299270063 
748   0.7490000000000006   0.9927007299270063 
749   0.7500000000000006   0.9927007299270063 
750   0.7510000000000006   0.9927007299270063 
751   0.7520000000000006   0.9927007299270063 
752   0.7520000000000006   0.9975669099756681 
753   0.7540000000000006   0.9975669099756681 
754   0.7550000000000006   0.9975669099756681 
755   0.7560000000000006   0.9975669099756681 
756   0.7570000000000006   0.9975669099756681 
757   0.7580000000000006   0.9975669099756681 
758   0.7580000000000006   0.999999999999999 
759   0.7600000000000006   0.999999999999999 
760   0.7610000000000006   0.999999999999999 
761   0.7620000000000006   0.999999999999999 
762   0.7630000000000006   0.999999999999999 
763   0.7640000000000006   0.999999999999999 
764   0.7650000000000006   0.999999999999999 
765   0.7660000000000006   0.999999999999999 
766   0.7670000000000006   0.999999999999999 
767   0.7680000000000006   0.999999999999999 
768   0.7690000000000006   0.999999999999999 
769   0.7700000000000006   0.999999999999999 
770   0.7710000000000006   0.999999999999999 
771   0.7720000000000006   0.999999999999999 
772   0.7730000000000006   0.999999999999999 
773   0.7740000000000006   0.999999999999999 
774   0.7750000000000006   0.999999999999999 
775   0.7760000000000006   0.999999999999999 
776   0.7770000000000006   0.999999999999999 
777   0.7780000000000006   0.999999999999999 
778   0.7790000000000006   0.999999999999999 
779   0.7800000000000006   0.999999999999999 
780   0.7810000000000006   0.999999999999999 
781   0.7820000000000006   0.999999999999999 
782   0.7830000000000006   0.999999999999999 
783   0.7840000000000006   0.999999999999999 
784   0.7850000000000006   0.999999999999999 
785   0.7860000000000006   0.999999999999999 
786   0.7870000000000006   0.999999999999999 
787   0.7880000000000006   0.999999999999999 
788   0.7890000000000006   0.999999999999999 
789   0.7900000000000006   0.999999999999999 
790   0.7910000000000006   0.999999999999999 
791   0.7920000000000006   0.999999999999999 
792   0.7930000000000006   0.999999999999999 
793   0.7940000000000006   0.999999999999999 
794   0.7950000000000006   0.999999999999999 
795   0.7960000000000006   0.999999999999999 
796   0.7970000000000006   0.999999999999999 
797   0.7980000000000006   0.999999999999999 
798   0.7990000000000006   0.999999999999999 
799   0.8000000000000006   0.999999999999999 
800   0.8010000000000006   0.999999999999999 
801   0.8020000000000006   0.999999999999999 
802   0.8030000000000006   0.999999999999999 
803   0.8040000000000006   0.999999999999999 
804   0.8050000000000006   0.999999999999999 
805   0.8060000000000006   0.999999999999999 
806   0.8070000000000006   0.999999999999999 
807   0.8080000000000006   0.999999999999999 
808   0.8090000000000006   0.999999999999999 
809   0.8100000000000006   0.999999999999999 
810   0.8110000000000006   0.999999999999999 
811   0.8120000000000006   0.999999999999999 
812   0.8130000000000006   0.999999999999999 
813   0.8140000000000006   0.999999999999999 
814   0.8150000000000006   0.999999999999999 
815   0.8160000000000006   0.999999999999999 
816   0.8170000000000006   0.999999999999999 
817   0.8180000000000006   0.999999999999999 
818   0.8190000000000006   0.999999999999999 
819   0.8200000000000006   0.999999999999999 
820   0.8210000000000006   0.999999999999999 
821   0.8220000000000006   0.999999999999999 
822   0.8230000000000006   0.999999999999999 
823   0.8240000000000006   0.999999999999999 
824   0.8250000000000006   0.999999999999999 
825   0.8260000000000006   0.999999999999999 
826   0.8270000000000006   0.999999999999999 
827   0.8280000000000006   0.999999999999999 
828   0.8290000000000006   0.999999999999999 
829   0.8300000000000006   0.999999999999999 
830   0.8310000000000006   0.999999999999999 
831   0.8320000000000006   0.999999999999999 
832   0.8330000000000006   0.999999999999999 
833   0.8340000000000006   0.999999999999999 
834   0.8350000000000006   0.999999999999999 
835   0.8360000000000006   0.999999999999999 
836   0.8370000000000006   0.999999999999999 
837   0.8380000000000006   0.999999999999999 
838   0.8390000000000006   0.999999999999999 
839   0.8400000000000006   0.999999999999999 
840   0.8410000000000006   0.999999999999999 
841   0.8420000000000006   0.999999999999999 
842   0.8430000000000006   0.999999999999999 
843   0.8440000000000006   0.999999999999999 
844   0.8450000000000006   0.999999999999999 
845   0.8460000000000006   0.999999999999999 
846   0.8470000000000006   0.999999999999999 
847   0.8480000000000006   0.999999999999999 
848   0.8490000000000006   0.999999999999999 
849   0.8500000000000006   0.999999999999999 
850   0.8510000000000006   0.999999999999999 
851   0.8520000000000006   0.999999999999999 
852   0.8530000000000006   0.999999999999999 
853   0.8540000000000006   0.999999999999999 
854   0.8550000000000006   0.999999999999999 
855   0.8560000000000006   0.999999999999999 
856   0.8570000000000007   0.999999999999999 
857   0.8580000000000007   0.999999999999999 
858   0.8590000000000007   0.999999999999999 
859   0.8600000000000007   0.999999999999999 
860   0.8610000000000007   0.999999999999999 
861   0.8620000000000007   0.999999999999999 
862   0.8630000000000007   0.999999999999999 
863   0.8640000000000007   0.999999999999999 
864   0.8650000000000007   0.999999999999999 
865   0.8660000000000007   0.999999999999999 
866   0.8670000000000007   0.999999999999999 
867   0.8680000000000007   0.999999999999999 
868   0.8690000000000007   0.999999999999999 
869   0.8700000000000007   0.999999999999999 
870   0.8710000000000007   0.999999999999999 
871   0.8720000000000007   0.999999999999999 
872   0.8730000000000007   0.999999999999999 
873   0.8740000000000007   0.999999999999999 
874   0.8750000000000007   0.999999999999999 
875   0.8760000000000007   0.999999999999999 
876   0.8770000000000007   0.999999999999999 
877   0.8780000000000007   0.999999999999999 
878   0.8790000000000007   0.999999999999999 
879   0.8800000000000007   0.999999999999999 
880   0.8810000000000007   0.999999999999999 
881   0.8820000000000007   0.999999999999999 
882   0.8830000000000007   0.999999999999999 
883   0.8840000000000007   0.999999999999999 
884   0.8850000000000007   0.999999999999999 
885   0.8860000000000007   0.999999999999999 
886   0.8870000000000007   0.999999999999999 
887   0.8880000000000007   0.999999999999999 
888   0.8890000000000007   0.999999999999999 
889   0.8900000000000007   0.999999999999999 
890   0.8910000000000007   0.999999999999999 
891   0.8920000000000007   0.999999999999999 
892   0.8930000000000007   0.999999999999999 
893   0.8940000000000007   0.999999999999999 
894   0.8950000000000007   0.999999999999999 
895   0.8960000000000007   0.999999999999999 
896   0.8970000000000007   0.999999999999999 
897   0.8980000000000007   0.999999999999999 
898   0.8990000000000007   0.999999999999999 
899   0.9000000000000007   0.999999999999999 
900   0.9010000000000007   0.999999999999999 
901   0.9020000000000007   0.999999999999999 
902   0.9030000000000007   0.999999999999999 
903   0.9040000000000007   0.999999999999999 
904   0.9050000000000007   0.999999999999999 
905   0.9060000000000007   0.999999999999999 
906   0.9070000000000007   0.999999999999999 
907   0.9080000000000007   0.999999999999999 
908   0.9090000000000007   0.999999999999999 
909   0.9100000000000007   0.999999999999999 
910   0.9110000000000007   0.999999999999999 
911   0.9120000000000007   0.999999999999999 
912   0.9130000000000007   0.999999999999999 
913   0.9140000000000007   0.999999999999999 
914   0.9150000000000007   0.999999999999999 
915   0.9160000000000007   0.999999999999999 
916   0.9170000000000007   0.999999999999999 
917   0.9180000000000007   0.999999999999999 
918   0.9190000000000007   0.999999999999999 
919   0.9200000000000007   0.999999999999999 
920   0.9210000000000007   0.999999999999999 
921   0.9220000000000007   0.999999999999999 
922   0.9230000000000007   0.999999999999999 
923   0.9240000000000007   0.999999999999999 
924   0.9250000000000007   0.999999999999999 
925   0.9260000000000007   0.999999999999999 
926   0.9270000000000007   0.999999999999999 
927   0.9280000000000007   0.999999999999999 
928   0.9290000000000007   0.999999999999999 
929   0.9300000000000007   0.999999999999999 
930   0.9310000000000007   0.999999999999999 
931   0.9320000000000007   0.999999999999999 
932   0.9330000000000007   0.999999999999999 
933   0.9340000000000007   0.999999999999999 
934   0.9350000000000007   0.999999999999999 
935   0.9360000000000007   0.999999999999999 
936   0.9370000000000007   0.999999999999999 
937   0.9380000000000007   0.999999999999999 
938   0.9390000000000007   0.999999999999999 
939   0.9400000000000007   0.999999999999999 
940   0.9410000000000007   0.999999999999999 
941   0.9420000000000007   0.999999999999999 
942   0.9430000000000007   0.999999999999999 
943   0.9440000000000007   0.999999999999999 
944   0.9450000000000007   0.999999999999999 
945   0.9460000000000007   0.999999999999999 
946   0.9470000000000007   0.999999999999999 
947   0.9480000000000007   0.999999999999999 
948   0.9490000000000007   0.999999999999999 
949   0.9500000000000007   0.999999999999999 
950   0.9510000000000007   0.999999999999999 
951   0.9520000000000007   0.999999999999999 
952   0.9530000000000007   0.999999999999999 
953   0.9540000000000007   0.999999999999999 
954   0.9550000000000007   0.999999999999999 
955   0.9560000000000007   0.999999999999999 
956   0.9570000000000007   0.999999999999999 
957   0.9580000000000007   0.999999999999999 
958   0.9590000000000007   0.999999999999999 
959   0.9600000000000007   0.999999999999999 
960   0.9610000000000007   0.999999999999999 
961   0.9620000000000007   0.999999999999999 
962   0.9630000000000007   0.999999999999999 
963   0.9640000000000007   0.999999999999999 
964   0.9650000000000007   0.999999999999999 
965   0.9660000000000007   0.999999999999999 
966   0.9670000000000007   0.999999999999999 
967   0.9680000000000007   0.999999999999999 
968   0.9690000000000007   0.999999999999999 
969   0.9700000000000008   0.999999999999999 
970   0.9710000000000008   0.999999999999999 
971   0.9720000000000008   0.999999999999999 
972   0.9730000000000008   0.999999999999999 
973   0.9740000000000008   0.999999999999999 
974   0.9750000000000008   0.999999999999999 
975   0.9760000000000008   0.999999999999999 
976   0.9770000000000008   0.999999999999999 
977   0.9780000000000008   0.999999999999999 
978   0.9790000000000008   0.999999999999999 
979   0.9800000000000008   0.999999999999999 
980   0.9810000000000008   0.999999999999999 
981   0.9820000000000008   0.999999999999999 
982   0.9830000000000008   0.999999999999999 
983   0.9840000000000008   0.999999999999999 
984   0.9850000000000008   0.999999999999999 
985   0.9860000000000008   0.999999999999999 
986   0.9870000000000008   0.999999999999999 
987   0.9880000000000008   0.999999999999999 
988   0.9890000000000008   0.999999999999999 
989   0.9900000000000008   0.999999999999999 
990   0.9910000000000008   0.999999999999999 
991   0.9920000000000008   0.999999999999999 
992   0.9930000000000008   0.999999999999999 
993   0.9940000000000008   0.999999999999999 
994   0.9950000000000008   0.999999999999999 
995   0.9960000000000008   0.999999999999999 
996   0.9970000000000008   0.999999999999999 
997   0.9980000000000008   0.999999999999999 
998   0.9990000000000008   0.999999999999999 
999   1.0000000000000007   0.999999999999999 
