0   0.001   0 
1   0.002   0 
2   0.003   0 
3   0.003   0.006535947712418301 
4   0.005   0.006535947712418301 
5   0.006   0.006535947712418301 
6   0.007   0.006535947712418301 
7   0.008   0.006535947712418301 
8   0.009000000000000001   0.006535947712418301 
9   0.010000000000000002   0.006535947712418301 
10   0.011000000000000003   0.006535947712418301 
11   0.012000000000000004   0.006535947712418301 
12   0.013000000000000005   0.006535947712418301 
13   0.014000000000000005   0.006535947712418301 
14   0.015000000000000006   0.006535947712418301 
15   0.016000000000000007   0.006535947712418301 
16   0.017000000000000008   0.006535947712418301 
17   0.01800000000000001   0.006535947712418301 
18   0.01900000000000001   0.006535947712418301 
19   0.02000000000000001   0.006535947712418301 
20   0.02100000000000001   0.006535947712418301 
21   0.022000000000000013   0.006535947712418301 
22   0.023000000000000013   0.006535947712418301 
23   0.024000000000000014   0.006535947712418301 
24   0.025000000000000015   0.006535947712418301 
25   0.026000000000000016   0.006535947712418301 
26   0.027000000000000017   0.006535947712418301 
27   0.028000000000000018   0.006535947712418301 
28   0.028000000000000018   0.0522875816993464 
29   0.03000000000000002   0.0522875816993464 
30   0.03100000000000002   0.0522875816993464 
31   0.03200000000000002   0.0522875816993464 
32   0.03300000000000002   0.0522875816993464 
33   0.03400000000000002   0.0522875816993464 
34   0.035000000000000024   0.0522875816993464 
35   0.036000000000000025   0.0522875816993464 
36   0.037000000000000026   0.0522875816993464 
37   0.03800000000000003   0.0522875816993464 
38   0.03900000000000003   0.0522875816993464 
39   0.04000000000000003   0.0522875816993464 
40   0.04100000000000003   0.0522875816993464 
41   0.04200000000000003   0.0522875816993464 
42   0.04300000000000003   0.0522875816993464 
43   0.04400000000000003   0.0522875816993464 
44   0.04500000000000003   0.0522875816993464 
45   0.046000000000000034   0.0522875816993464 
46   0.047000000000000035   0.0522875816993464 
47   0.048000000000000036   0.0522875816993464 
48   0.04900000000000004   0.0522875816993464 
49   0.05000000000000004   0.0522875816993464 
50   0.05100000000000004   0.0522875816993464 
51   0.05200000000000004   0.0522875816993464 
52   0.05300000000000004   0.0522875816993464 
53   0.05400000000000004   0.0522875816993464 
54   0.05500000000000004   0.0522875816993464 
55   0.05600000000000004   0.0522875816993464 
56   0.057000000000000044   0.0522875816993464 
57   0.058000000000000045   0.0522875816993464 
58   0.059000000000000045   0.0522875816993464 
59   0.060000000000000046   0.0522875816993464 
60   0.06100000000000005   0.0522875816993464 
61   0.06200000000000005   0.0522875816993464 
62   0.06300000000000004   0.0522875816993464 
63   0.06400000000000004   0.0522875816993464 
64   0.06500000000000004   0.0522875816993464 
65   0.06600000000000004   0.0522875816993464 
66   0.06700000000000005   0.0522875816993464 
67   0.06800000000000005   0.0522875816993464 
68   0.06900000000000005   0.0522875816993464 
69   0.07000000000000005   0.0522875816993464 
70   0.07100000000000005   0.0522875816993464 
71   0.07200000000000005   0.0522875816993464 
72   0.07300000000000005   0.0522875816993464 
73   0.07400000000000005   0.0522875816993464 
74   0.07500000000000005   0.0522875816993464 
75   0.07600000000000005   0.0522875816993464 
76   0.07700000000000005   0.0522875816993464 
77   0.07800000000000006   0.0522875816993464 
78   0.07900000000000006   0.0522875816993464 
79   0.08000000000000006   0.0522875816993464 
80   0.08100000000000006   0.0522875816993464 
81   0.08200000000000006   0.0522875816993464 
82   0.08300000000000006   0.0522875816993464 
83   0.08400000000000006   0.0522875816993464 
84   0.08500000000000006   0.0522875816993464 
85   0.08600000000000006   0.0522875816993464 
86   0.08700000000000006   0.0522875816993464 
87   0.08800000000000006   0.0522875816993464 
88   0.08900000000000007   0.0522875816993464 
89   0.09000000000000007   0.0522875816993464 
90   0.09100000000000007   0.0522875816993464 
91   0.09200000000000007   0.0522875816993464 
92   0.09300000000000007   0.0522875816993464 
93   0.09400000000000007   0.0522875816993464 
94   0.09500000000000007   0.0522875816993464 
95   0.09600000000000007   0.0522875816993464 
96   0.09700000000000007   0.0522875816993464 
97   0.09800000000000007   0.0522875816993464 
98   0.09900000000000007   0.0522875816993464 
99   0.10000000000000007   0.0522875816993464 
100   0.10100000000000008   0.0522875816993464 
101   0.10200000000000008   0.0522875816993464 
102   0.10300000000000008   0.0522875816993464 
103   0.10400000000000008   0.0522875816993464 
104   0.10500000000000008   0.0522875816993464 
105   0.10600000000000008   0.0522875816993464 
106   0.10700000000000008   0.0522875816993464 
107   0.10800000000000008   0.0522875816993464 
108   0.10900000000000008   0.0522875816993464 
109   0.11000000000000008   0.0522875816993464 
110   0.11100000000000008   0.0522875816993464 
111   0.11200000000000009   0.0522875816993464 
112   0.11300000000000009   0.0522875816993464 
113   0.11400000000000009   0.0522875816993464 
114   0.11500000000000009   0.0522875816993464 
115   0.11600000000000009   0.0522875816993464 
116   0.11700000000000009   0.0522875816993464 
117   0.11800000000000009   0.0522875816993464 
118   0.11900000000000009   0.0522875816993464 
119   0.12000000000000009   0.0522875816993464 
120   0.1210000000000001   0.0522875816993464 
121   0.1220000000000001   0.0522875816993464 
122   0.1230000000000001   0.0522875816993464 
123   0.1240000000000001   0.0522875816993464 
124   0.12500000000000008   0.0522875816993464 
125   0.12600000000000008   0.0522875816993464 
126   0.12700000000000009   0.0522875816993464 
127   0.12800000000000009   0.0522875816993464 
128   0.1290000000000001   0.0522875816993464 
129   0.1300000000000001   0.0522875816993464 
130   0.1310000000000001   0.0522875816993464 
131   0.1320000000000001   0.0522875816993464 
132   0.1330000000000001   0.0522875816993464 
133   0.1340000000000001   0.0522875816993464 
134   0.1350000000000001   0.0522875816993464 
135   0.1360000000000001   0.0522875816993464 
136   0.1370000000000001   0.0522875816993464 
137   0.1380000000000001   0.0522875816993464 
138   0.1390000000000001   0.0522875816993464 
139   0.1400000000000001   0.0522875816993464 
140   0.1410000000000001   0.0522875816993464 
141   0.1420000000000001   0.0522875816993464 
142   0.1430000000000001   0.0522875816993464 
143   0.1440000000000001   0.0522875816993464 
144   0.1450000000000001   0.0522875816993464 
145   0.1460000000000001   0.0522875816993464 
146   0.1470000000000001   0.0522875816993464 
147   0.1480000000000001   0.0522875816993464 
148   0.1490000000000001   0.0522875816993464 
149   0.1500000000000001   0.0522875816993464 
150   0.1510000000000001   0.0522875816993464 
151   0.1520000000000001   0.0522875816993464 
152   0.1530000000000001   0.0522875816993464 
153   0.1540000000000001   0.0522875816993464 
154   0.1550000000000001   0.0522875816993464 
155   0.1560000000000001   0.0522875816993464 
156   0.1570000000000001   0.0522875816993464 
157   0.1580000000000001   0.0522875816993464 
158   0.1590000000000001   0.0522875816993464 
159   0.16000000000000011   0.0522875816993464 
160   0.16100000000000012   0.0522875816993464 
161   0.16200000000000012   0.0522875816993464 
162   0.16300000000000012   0.0522875816993464 
163   0.16400000000000012   0.0522875816993464 
164   0.16500000000000012   0.0522875816993464 
165   0.16600000000000012   0.0522875816993464 
166   0.16700000000000012   0.0522875816993464 
167   0.16800000000000012   0.0522875816993464 
168   0.16900000000000012   0.0522875816993464 
169   0.17000000000000012   0.0522875816993464 
170   0.17100000000000012   0.0522875816993464 
171   0.17200000000000013   0.0522875816993464 
172   0.17300000000000013   0.0522875816993464 
173   0.17400000000000013   0.0522875816993464 
174   0.17500000000000013   0.0522875816993464 
175   0.17600000000000013   0.0522875816993464 
176   0.17700000000000013   0.0522875816993464 
177   0.17800000000000013   0.0522875816993464 
178   0.17900000000000013   0.0522875816993464 
179   0.18000000000000013   0.0522875816993464 
180   0.18100000000000013   0.0522875816993464 
181   0.18200000000000013   0.0522875816993464 
182   0.18300000000000013   0.0522875816993464 
183   0.18400000000000014   0.0522875816993464 
184   0.18500000000000014   0.0522875816993464 
185   0.18600000000000014   0.0522875816993464 
186   0.18700000000000014   0.0522875816993464 
187   0.18800000000000014   0.0522875816993464 
188   0.18900000000000014   0.0522875816993464 
189   0.19000000000000014   0.0522875816993464 
190   0.19100000000000014   0.0522875816993464 
191   0.19200000000000014   0.0522875816993464 
192   0.19300000000000014   0.0522875816993464 
193   0.19400000000000014   0.0522875816993464 
194   0.19500000000000015   0.0522875816993464 
195   0.19600000000000015   0.0522875816993464 
196   0.19700000000000015   0.0522875816993464 
197   0.19800000000000015   0.0522875816993464 
198   0.19900000000000015   0.0522875816993464 
199   0.20000000000000015   0.0522875816993464 
200   0.20100000000000015   0.0522875816993464 
201   0.20200000000000015   0.0522875816993464 
202   0.20300000000000015   0.0522875816993464 
203   0.20400000000000015   0.0522875816993464 
204   0.20500000000000015   0.0522875816993464 
205   0.20600000000000016   0.0522875816993464 
206   0.20700000000000016   0.0522875816993464 
207   0.20800000000000016   0.0522875816993464 
208   0.20900000000000016   0.0522875816993464 
209   0.21000000000000016   0.0522875816993464 
210   0.21100000000000016   0.0522875816993464 
211   0.21200000000000016   0.0522875816993464 
212   0.21300000000000016   0.0522875816993464 
213   0.21400000000000016   0.0522875816993464 
214   0.21500000000000016   0.0522875816993464 
215   0.21600000000000016   0.0522875816993464 
216   0.21700000000000016   0.0522875816993464 
217   0.21800000000000017   0.0522875816993464 
218   0.21900000000000017   0.0522875816993464 
219   0.22000000000000017   0.0522875816993464 
220   0.22100000000000017   0.0522875816993464 
221   0.22200000000000017   0.0522875816993464 
222   0.22300000000000017   0.0522875816993464 
223   0.22400000000000017   0.0522875816993464 
224   0.22500000000000017   0.0522875816993464 
225   0.22600000000000017   0.0522875816993464 
226   0.22700000000000017   0.0522875816993464 
227   0.22800000000000017   0.0522875816993464 
228   0.22900000000000018   0.0522875816993464 
229   0.23000000000000018   0.0522875816993464 
230   0.23100000000000018   0.0522875816993464 
231   0.23200000000000018   0.0522875816993464 
232   0.23300000000000018   0.0522875816993464 
233   0.23400000000000018   0.0522875816993464 
234   0.23500000000000018   0.0522875816993464 
235   0.23600000000000018   0.0522875816993464 
236   0.23700000000000018   0.0522875816993464 
237   0.23800000000000018   0.0522875816993464 
238   0.23900000000000018   0.0522875816993464 
239   0.24000000000000019   0.0522875816993464 
240   0.2410000000000002   0.0522875816993464 
241   0.2420000000000002   0.0522875816993464 
242   0.2430000000000002   0.0522875816993464 
243   0.2440000000000002   0.0522875816993464 
244   0.2450000000000002   0.0522875816993464 
245   0.2460000000000002   0.0522875816993464 
246   0.2470000000000002   0.0522875816993464 
247   0.2480000000000002   0.0522875816993464 
248   0.2490000000000002   0.0522875816993464 
249   0.25000000000000017   0.0522875816993464 
250   0.25100000000000017   0.0522875816993464 
251   0.25200000000000017   0.0522875816993464 
252   0.25300000000000017   0.0522875816993464 
253   0.25400000000000017   0.0522875816993464 
254   0.25500000000000017   0.0522875816993464 
255   0.25600000000000017   0.0522875816993464 
256   0.2570000000000002   0.0522875816993464 
257   0.2580000000000002   0.0522875816993464 
258   0.2590000000000002   0.0522875816993464 
259   0.2600000000000002   0.0522875816993464 
260   0.2610000000000002   0.0522875816993464 
261   0.2620000000000002   0.0522875816993464 
262   0.2630000000000002   0.0522875816993464 
263   0.2640000000000002   0.0522875816993464 
264   0.2650000000000002   0.0522875816993464 
265   0.2660000000000002   0.0522875816993464 
266   0.2670000000000002   0.0522875816993464 
267   0.2680000000000002   0.0522875816993464 
268   0.2690000000000002   0.0522875816993464 
269   0.2700000000000002   0.0522875816993464 
270   0.2710000000000002   0.0522875816993464 
271   0.2720000000000002   0.0522875816993464 
272   0.2730000000000002   0.0522875816993464 
273   0.2740000000000002   0.0522875816993464 
274   0.2750000000000002   0.0522875816993464 
275   0.2760000000000002   0.0522875816993464 
276   0.2770000000000002   0.0522875816993464 
277   0.2780000000000002   0.0522875816993464 
278   0.2790000000000002   0.0522875816993464 
279   0.2800000000000002   0.0522875816993464 
280   0.2810000000000002   0.0522875816993464 
281   0.2820000000000002   0.0522875816993464 
282   0.2830000000000002   0.0522875816993464 
283   0.2840000000000002   0.0522875816993464 
284   0.2850000000000002   0.0522875816993464 
285   0.2860000000000002   0.0522875816993464 
286   0.2870000000000002   0.0522875816993464 
287   0.2880000000000002   0.0522875816993464 
288   0.2890000000000002   0.0522875816993464 
289   0.2900000000000002   0.0522875816993464 
290   0.2910000000000002   0.0522875816993464 
291   0.2920000000000002   0.0522875816993464 
292   0.2930000000000002   0.0522875816993464 
293   0.2940000000000002   0.0522875816993464 
294   0.2950000000000002   0.0522875816993464 
295   0.2960000000000002   0.0522875816993464 
296   0.2970000000000002   0.0522875816993464 
297   0.2980000000000002   0.0522875816993464 
298   0.2990000000000002   0.0522875816993464 
299   0.3000000000000002   0.0522875816993464 
300   0.3010000000000002   0.0522875816993464 
301   0.3020000000000002   0.0522875816993464 
302   0.3030000000000002   0.0522875816993464 
303   0.3040000000000002   0.0522875816993464 
304   0.3050000000000002   0.0522875816993464 
305   0.3060000000000002   0.0522875816993464 
306   0.3070000000000002   0.0522875816993464 
307   0.3080000000000002   0.0522875816993464 
308   0.3090000000000002   0.0522875816993464 
309   0.3100000000000002   0.0522875816993464 
310   0.3110000000000002   0.0522875816993464 
311   0.3120000000000002   0.0522875816993464 
312   0.3130000000000002   0.0522875816993464 
313   0.3140000000000002   0.0522875816993464 
314   0.3150000000000002   0.0522875816993464 
315   0.3160000000000002   0.0522875816993464 
316   0.3170000000000002   0.0522875816993464 
317   0.3180000000000002   0.0522875816993464 
318   0.31900000000000023   0.0522875816993464 
319   0.32000000000000023   0.0522875816993464 
320   0.32100000000000023   0.0522875816993464 
321   0.32200000000000023   0.0522875816993464 
322   0.32300000000000023   0.0522875816993464 
323   0.32400000000000023   0.0522875816993464 
324   0.32500000000000023   0.0522875816993464 
325   0.32600000000000023   0.0522875816993464 
326   0.32700000000000023   0.0522875816993464 
327   0.32800000000000024   0.0522875816993464 
328   0.32900000000000024   0.0522875816993464 
329   0.33000000000000024   0.0522875816993464 
330   0.33100000000000024   0.0522875816993464 
331   0.33200000000000024   0.0522875816993464 
332   0.33300000000000024   0.0522875816993464 
333   0.33400000000000024   0.0522875816993464 
334   0.33500000000000024   0.0522875816993464 
335   0.33600000000000024   0.0522875816993464 
336   0.33700000000000024   0.0522875816993464 
337   0.33800000000000024   0.0522875816993464 
338   0.33900000000000025   0.0522875816993464 
339   0.34000000000000025   0.0522875816993464 
340   0.34100000000000025   0.0522875816993464 
341   0.34200000000000025   0.0522875816993464 
342   0.34300000000000025   0.0522875816993464 
343   0.34400000000000025   0.0522875816993464 
344   0.34500000000000025   0.0522875816993464 
345   0.34600000000000025   0.0522875816993464 
346   0.34700000000000025   0.0522875816993464 
347   0.34800000000000025   0.0522875816993464 
348   0.34900000000000025   0.0522875816993464 
349   0.35000000000000026   0.0522875816993464 
350   0.35100000000000026   0.0522875816993464 
351   0.35200000000000026   0.0522875816993464 
352   0.35300000000000026   0.0522875816993464 
353   0.35400000000000026   0.0522875816993464 
354   0.35500000000000026   0.0522875816993464 
355   0.35600000000000026   0.0522875816993464 
356   0.35700000000000026   0.0522875816993464 
357   0.35800000000000026   0.0522875816993464 
358   0.35900000000000026   0.0522875816993464 
359   0.36000000000000026   0.0522875816993464 
360   0.36100000000000027   0.0522875816993464 
361   0.36200000000000027   0.0522875816993464 
362   0.36300000000000027   0.0522875816993464 
363   0.36400000000000027   0.0522875816993464 
364   0.36500000000000027   0.0522875816993464 
365   0.36600000000000027   0.0522875816993464 
366   0.36700000000000027   0.0522875816993464 
367   0.36800000000000027   0.0522875816993464 
368   0.36900000000000027   0.0522875816993464 
369   0.3700000000000003   0.0522875816993464 
370   0.3710000000000003   0.0522875816993464 
371   0.3720000000000003   0.0522875816993464 
372   0.3730000000000003   0.0522875816993464 
373   0.3740000000000003   0.0522875816993464 
374   0.3750000000000003   0.0522875816993464 
375   0.3760000000000003   0.0522875816993464 
376   0.3770000000000003   0.0522875816993464 
377   0.3780000000000003   0.0522875816993464 
378   0.3790000000000003   0.0522875816993464 
379   0.3800000000000003   0.0522875816993464 
380   0.3810000000000003   0.0522875816993464 
381   0.3820000000000003   0.0522875816993464 
382   0.3830000000000003   0.0522875816993464 
383   0.3840000000000003   0.0522875816993464 
384   0.3850000000000003   0.0522875816993464 
385   0.3860000000000003   0.0522875816993464 
386   0.3870000000000003   0.0522875816993464 
387   0.3880000000000003   0.0522875816993464 
388   0.3890000000000003   0.0522875816993464 
389   0.3900000000000003   0.0522875816993464 
390   0.3910000000000003   0.0522875816993464 
391   0.3920000000000003   0.0522875816993464 
392   0.3930000000000003   0.0522875816993464 
393   0.3940000000000003   0.0522875816993464 
394   0.3950000000000003   0.0522875816993464 
395   0.3960000000000003   0.0522875816993464 
396   0.3970000000000003   0.0522875816993464 
397   0.3980000000000003   0.0522875816993464 
398   0.3990000000000003   0.0522875816993464 
399   0.4000000000000003   0.0522875816993464 
400   0.4010000000000003   0.0522875816993464 
401   0.4020000000000003   0.0522875816993464 
402   0.4030000000000003   0.0522875816993464 
403   0.4040000000000003   0.0522875816993464 
404   0.4050000000000003   0.0522875816993464 
405   0.4060000000000003   0.0522875816993464 
406   0.4070000000000003   0.0522875816993464 
407   0.4080000000000003   0.0522875816993464 
408   0.4090000000000003   0.0522875816993464 
409   0.4100000000000003   0.0522875816993464 
410   0.4110000000000003   0.0522875816993464 
411   0.4120000000000003   0.0522875816993464 
412   0.4130000000000003   0.0522875816993464 
413   0.4140000000000003   0.0522875816993464 
414   0.4150000000000003   0.0522875816993464 
415   0.4160000000000003   0.0522875816993464 
416   0.4170000000000003   0.0522875816993464 
417   0.4180000000000003   0.0522875816993464 
418   0.4190000000000003   0.0522875816993464 
419   0.4200000000000003   0.0522875816993464 
420   0.4210000000000003   0.0522875816993464 
421   0.4220000000000003   0.0522875816993464 
422   0.4230000000000003   0.0522875816993464 
423   0.4240000000000003   0.0522875816993464 
424   0.4250000000000003   0.0522875816993464 
425   0.4260000000000003   0.0522875816993464 
426   0.4270000000000003   0.0522875816993464 
427   0.4280000000000003   0.0522875816993464 
428   0.4290000000000003   0.0522875816993464 
429   0.4300000000000003   0.0522875816993464 
430   0.4310000000000003   0.0522875816993464 
431   0.43200000000000033   0.0522875816993464 
432   0.43300000000000033   0.0522875816993464 
433   0.43400000000000033   0.0522875816993464 
434   0.43500000000000033   0.0522875816993464 
435   0.43600000000000033   0.0522875816993464 
436   0.43700000000000033   0.0522875816993464 
437   0.43800000000000033   0.0522875816993464 
438   0.43900000000000033   0.0522875816993464 
439   0.44000000000000034   0.0522875816993464 
440   0.44100000000000034   0.0522875816993464 
441   0.44200000000000034   0.0522875816993464 
442   0.44300000000000034   0.0522875816993464 
443   0.44400000000000034   0.0522875816993464 
444   0.44500000000000034   0.0522875816993464 
445   0.44600000000000034   0.0522875816993464 
446   0.44700000000000034   0.0522875816993464 
447   0.44800000000000034   0.0522875816993464 
448   0.44900000000000034   0.0522875816993464 
449   0.45000000000000034   0.0522875816993464 
450   0.45100000000000035   0.0522875816993464 
451   0.45200000000000035   0.0522875816993464 
452   0.45300000000000035   0.0522875816993464 
453   0.45400000000000035   0.0522875816993464 
454   0.45500000000000035   0.0522875816993464 
455   0.45600000000000035   0.0522875816993464 
456   0.45700000000000035   0.0522875816993464 
457   0.45800000000000035   0.0522875816993464 
458   0.45900000000000035   0.0522875816993464 
459   0.46000000000000035   0.0522875816993464 
460   0.46100000000000035   0.0522875816993464 
461   0.46200000000000035   0.0522875816993464 
462   0.46300000000000036   0.0522875816993464 
463   0.46400000000000036   0.0522875816993464 
464   0.46500000000000036   0.0522875816993464 
465   0.46600000000000036   0.0522875816993464 
466   0.46700000000000036   0.0522875816993464 
467   0.46800000000000036   0.0522875816993464 
468   0.46900000000000036   0.0522875816993464 
469   0.47000000000000036   0.0522875816993464 
470   0.47100000000000036   0.0522875816993464 
471   0.47200000000000036   0.0522875816993464 
472   0.47300000000000036   0.0522875816993464 
473   0.47400000000000037   0.0522875816993464 
474   0.47500000000000037   0.0522875816993464 
475   0.47600000000000037   0.0522875816993464 
476   0.47700000000000037   0.0522875816993464 
477   0.47800000000000037   0.0522875816993464 
478   0.47900000000000037   0.0522875816993464 
479   0.48000000000000037   0.0522875816993464 
480   0.48100000000000037   0.0522875816993464 
481   0.4820000000000004   0.0522875816993464 
482   0.4830000000000004   0.0522875816993464 
483   0.4840000000000004   0.0522875816993464 
484   0.4850000000000004   0.0522875816993464 
485   0.4860000000000004   0.0522875816993464 
486   0.4870000000000004   0.0522875816993464 
487   0.4880000000000004   0.0522875816993464 
488   0.4890000000000004   0.0522875816993464 
489   0.4900000000000004   0.0522875816993464 
490   0.4910000000000004   0.0522875816993464 
491   0.4920000000000004   0.0522875816993464 
492   0.4930000000000004   0.0522875816993464 
493   0.4940000000000004   0.0522875816993464 
494   0.4950000000000004   0.0522875816993464 
495   0.4960000000000004   0.0522875816993464 
496   0.4970000000000004   0.0522875816993464 
497   0.4980000000000004   0.0522875816993464 
498   0.4990000000000004   0.0522875816993464 
499   0.5000000000000003   0.0522875816993464 
500   0.5010000000000003   0.0522875816993464 
501   0.5020000000000003   0.0522875816993464 
502   0.5030000000000003   0.0522875816993464 
503   0.5040000000000003   0.0522875816993464 
504   0.5050000000000003   0.0522875816993464 
505   0.5060000000000003   0.0522875816993464 
506   0.5070000000000003   0.0522875816993464 
507   0.5080000000000003   0.0522875816993464 
508   0.5090000000000003   0.0522875816993464 
509   0.5100000000000003   0.0522875816993464 
510   0.5110000000000003   0.0522875816993464 
511   0.5120000000000003   0.0522875816993464 
512   0.5130000000000003   0.0522875816993464 
513   0.5140000000000003   0.0522875816993464 
514   0.5150000000000003   0.0522875816993464 
515   0.5160000000000003   0.0522875816993464 
516   0.5170000000000003   0.0522875816993464 
517   0.5180000000000003   0.0522875816993464 
518   0.5190000000000003   0.0522875816993464 
519   0.5200000000000004   0.0522875816993464 
520   0.5210000000000004   0.0522875816993464 
521   0.5220000000000004   0.0522875816993464 
522   0.5230000000000004   0.0522875816993464 
523   0.5240000000000004   0.0522875816993464 
524   0.5250000000000004   0.0522875816993464 
525   0.5260000000000004   0.0522875816993464 
526   0.5270000000000004   0.0522875816993464 
527   0.5280000000000004   0.0522875816993464 
528   0.5290000000000004   0.0522875816993464 
529   0.5300000000000004   0.0522875816993464 
530   0.5310000000000004   0.0522875816993464 
531   0.5320000000000004   0.0522875816993464 
532   0.5330000000000004   0.0522875816993464 
533   0.5340000000000004   0.0522875816993464 
534   0.5350000000000004   0.0522875816993464 
535   0.5360000000000004   0.0522875816993464 
536   0.5370000000000004   0.0522875816993464 
537   0.5380000000000004   0.0522875816993464 
538   0.5390000000000004   0.0522875816993464 
539   0.5400000000000004   0.0522875816993464 
540   0.5410000000000004   0.0522875816993464 
541   0.5420000000000004   0.0522875816993464 
542   0.5430000000000004   0.0522875816993464 
543   0.5440000000000004   0.0522875816993464 
544   0.5450000000000004   0.0522875816993464 
545   0.5460000000000004   0.0522875816993464 
546   0.5470000000000004   0.0522875816993464 
547   0.5480000000000004   0.0522875816993464 
548   0.5490000000000004   0.0522875816993464 
549   0.5500000000000004   0.0522875816993464 
550   0.5510000000000004   0.0522875816993464 
551   0.5520000000000004   0.0522875816993464 
552   0.5530000000000004   0.0522875816993464 
553   0.5540000000000004   0.0522875816993464 
554   0.5550000000000004   0.0522875816993464 
555   0.5560000000000004   0.0522875816993464 
556   0.5570000000000004   0.0522875816993464 
557   0.5580000000000004   0.0522875816993464 
558   0.5590000000000004   0.0522875816993464 
559   0.5600000000000004   0.0522875816993464 
560   0.5610000000000004   0.0522875816993464 
561   0.5620000000000004   0.0522875816993464 
562   0.5630000000000004   0.0522875816993464 
563   0.5640000000000004   0.0522875816993464 
564   0.5650000000000004   0.0522875816993464 
565   0.5660000000000004   0.0522875816993464 
566   0.5670000000000004   0.0522875816993464 
567   0.5680000000000004   0.0522875816993464 
568   0.5690000000000004   0.0522875816993464 
569   0.5700000000000004   0.0522875816993464 
570   0.5710000000000004   0.0522875816993464 
571   0.5720000000000004   0.0522875816993464 
572   0.5730000000000004   0.0522875816993464 
573   0.5740000000000004   0.0522875816993464 
574   0.5750000000000004   0.0522875816993464 
575   0.5760000000000004   0.0522875816993464 
576   0.5770000000000004   0.0522875816993464 
577   0.5780000000000004   0.0522875816993464 
578   0.5790000000000004   0.0522875816993464 
579   0.5800000000000004   0.0522875816993464 
580   0.5810000000000004   0.0522875816993464 
581   0.5820000000000004   0.0522875816993464 
582   0.5830000000000004   0.0522875816993464 
583   0.5840000000000004   0.0522875816993464 
584   0.5850000000000004   0.0522875816993464 
585   0.5860000000000004   0.0522875816993464 
586   0.5870000000000004   0.0522875816993464 
587   0.5880000000000004   0.0522875816993464 
588   0.5890000000000004   0.0522875816993464 
589   0.5900000000000004   0.0522875816993464 
590   0.5910000000000004   0.0522875816993464 
591   0.5920000000000004   0.0522875816993464 
592   0.5930000000000004   0.0522875816993464 
593   0.5940000000000004   0.0522875816993464 
594   0.5950000000000004   0.0522875816993464 
595   0.5960000000000004   0.0522875816993464 
596   0.5970000000000004   0.0522875816993464 
597   0.5980000000000004   0.0522875816993464 
598   0.5990000000000004   0.0522875816993464 
599   0.6000000000000004   0.0522875816993464 
600   0.6010000000000004   0.0522875816993464 
601   0.6020000000000004   0.0522875816993464 
602   0.6030000000000004   0.0522875816993464 
603   0.6040000000000004   0.0522875816993464 
604   0.6050000000000004   0.0522875816993464 
605   0.6060000000000004   0.0522875816993464 
606   0.6070000000000004   0.0522875816993464 
607   0.6080000000000004   0.0522875816993464 
608   0.6090000000000004   0.0522875816993464 
609   0.6100000000000004   0.0522875816993464 
610   0.6110000000000004   0.0522875816993464 
611   0.6120000000000004   0.0522875816993464 
612   0.6130000000000004   0.0522875816993464 
613   0.6140000000000004   0.0522875816993464 
614   0.6150000000000004   0.0522875816993464 
615   0.6160000000000004   0.0522875816993464 
616   0.6170000000000004   0.0522875816993464 
617   0.6180000000000004   0.0522875816993464 
618   0.6190000000000004   0.0522875816993464 
619   0.6200000000000004   0.0522875816993464 
620   0.6210000000000004   0.0522875816993464 
621   0.6220000000000004   0.0522875816993464 
622   0.6230000000000004   0.0522875816993464 
623   0.6240000000000004   0.0522875816993464 
624   0.6250000000000004   0.0522875816993464 
625   0.6260000000000004   0.0522875816993464 
626   0.6270000000000004   0.0522875816993464 
627   0.6280000000000004   0.0522875816993464 
628   0.6290000000000004   0.0522875816993464 
629   0.6300000000000004   0.0522875816993464 
630   0.6310000000000004   0.0522875816993464 
631   0.6320000000000005   0.0522875816993464 
632   0.6330000000000005   0.0522875816993464 
633   0.6340000000000005   0.0522875816993464 
634   0.6350000000000005   0.0522875816993464 
635   0.6360000000000005   0.0522875816993464 
636   0.6370000000000005   0.0522875816993464 
637   0.6380000000000005   0.0522875816993464 
638   0.6390000000000005   0.0522875816993464 
639   0.6400000000000005   0.0522875816993464 
640   0.6410000000000005   0.0522875816993464 
641   0.6420000000000005   0.0522875816993464 
642   0.6430000000000005   0.0522875816993464 
643   0.6440000000000005   0.0522875816993464 
644   0.6450000000000005   0.0522875816993464 
645   0.6460000000000005   0.0522875816993464 
646   0.6470000000000005   0.0522875816993464 
647   0.6480000000000005   0.0522875816993464 
648   0.6490000000000005   0.0522875816993464 
649   0.6500000000000005   0.0522875816993464 
650   0.6510000000000005   0.0522875816993464 
651   0.6520000000000005   0.0522875816993464 
652   0.6530000000000005   0.0522875816993464 
653   0.6540000000000005   0.0522875816993464 
654   0.6550000000000005   0.0522875816993464 
655   0.6560000000000005   0.0522875816993464 
656   0.6570000000000005   0.0522875816993464 
657   0.6580000000000005   0.0522875816993464 
658   0.6590000000000005   0.0522875816993464 
659   0.6600000000000005   0.0522875816993464 
660   0.6610000000000005   0.0522875816993464 
661   0.6620000000000005   0.0522875816993464 
662   0.6630000000000005   0.0522875816993464 
663   0.6640000000000005   0.0522875816993464 
664   0.6650000000000005   0.0522875816993464 
665   0.6660000000000005   0.0522875816993464 
666   0.6670000000000005   0.0522875816993464 
667   0.6680000000000005   0.0522875816993464 
668   0.6690000000000005   0.0522875816993464 
669   0.6700000000000005   0.0522875816993464 
670   0.6710000000000005   0.0522875816993464 
671   0.6720000000000005   0.0522875816993464 
672   0.6730000000000005   0.0522875816993464 
673   0.6740000000000005   0.0522875816993464 
674   0.6750000000000005   0.0522875816993464 
675   0.6760000000000005   0.0522875816993464 
676   0.6770000000000005   0.0522875816993464 
677   0.6780000000000005   0.0522875816993464 
678   0.6790000000000005   0.0522875816993464 
679   0.6800000000000005   0.0522875816993464 
680   0.6810000000000005   0.0522875816993464 
681   0.6820000000000005   0.0522875816993464 
682   0.6830000000000005   0.0522875816993464 
683   0.6830000000000005   0.065359477124183 
684   0.6850000000000005   0.065359477124183 
685   0.6860000000000005   0.065359477124183 
686   0.6870000000000005   0.065359477124183 
687   0.6880000000000005   0.065359477124183 
688   0.6890000000000005   0.065359477124183 
689   0.6900000000000005   0.065359477124183 
690   0.6910000000000005   0.065359477124183 
691   0.6920000000000005   0.065359477124183 
692   0.6930000000000005   0.065359477124183 
693   0.6940000000000005   0.065359477124183 
694   0.6940000000000005   0.1111111111111111 
695   0.6960000000000005   0.1111111111111111 
696   0.6970000000000005   0.1111111111111111 
697   0.6980000000000005   0.1111111111111111 
698   0.6990000000000005   0.1111111111111111 
699   0.7000000000000005   0.1111111111111111 
700   0.7010000000000005   0.1111111111111111 
701   0.7020000000000005   0.1111111111111111 
702   0.7030000000000005   0.1111111111111111 
703   0.7040000000000005   0.1111111111111111 
704   0.7050000000000005   0.1111111111111111 
705   0.7060000000000005   0.1111111111111111 
706   0.7070000000000005   0.1111111111111111 
707   0.7080000000000005   0.1111111111111111 
708   0.7090000000000005   0.1111111111111111 
709   0.7100000000000005   0.1111111111111111 
710   0.7110000000000005   0.1111111111111111 
711   0.7120000000000005   0.1111111111111111 
712   0.7130000000000005   0.1111111111111111 
713   0.7140000000000005   0.1111111111111111 
714   0.7150000000000005   0.1111111111111111 
715   0.7160000000000005   0.1111111111111111 
716   0.7170000000000005   0.1111111111111111 
717   0.7180000000000005   0.1111111111111111 
718   0.7190000000000005   0.1111111111111111 
719   0.7200000000000005   0.1111111111111111 
720   0.7210000000000005   0.1111111111111111 
721   0.7220000000000005   0.1111111111111111 
722   0.7230000000000005   0.1111111111111111 
723   0.7240000000000005   0.1111111111111111 
724   0.7250000000000005   0.1111111111111111 
725   0.7260000000000005   0.1111111111111111 
726   0.7270000000000005   0.1111111111111111 
727   0.7280000000000005   0.1111111111111111 
728   0.7290000000000005   0.1111111111111111 
729   0.7300000000000005   0.1111111111111111 
730   0.7310000000000005   0.1111111111111111 
731   0.7320000000000005   0.1111111111111111 
732   0.7330000000000005   0.1111111111111111 
733   0.7340000000000005   0.1111111111111111 
734   0.7350000000000005   0.1111111111111111 
735   0.7360000000000005   0.1111111111111111 
736   0.7370000000000005   0.1111111111111111 
737   0.7380000000000005   0.1111111111111111 
738   0.7390000000000005   0.1111111111111111 
739   0.7400000000000005   0.1111111111111111 
740   0.7410000000000005   0.1111111111111111 
741   0.7420000000000005   0.1111111111111111 
742   0.7430000000000005   0.1111111111111111 
743   0.7440000000000005   0.1111111111111111 
744   0.7450000000000006   0.1111111111111111 
745   0.7460000000000006   0.1111111111111111 
746   0.7470000000000006   0.1111111111111111 
747   0.7480000000000006   0.1111111111111111 
748   0.7490000000000006   0.1111111111111111 
749   0.7500000000000006   0.1111111111111111 
750   0.7510000000000006   0.1111111111111111 
751   0.7520000000000006   0.1111111111111111 
752   0.7530000000000006   0.1111111111111111 
753   0.7540000000000006   0.1111111111111111 
754   0.7550000000000006   0.1111111111111111 
755   0.7560000000000006   0.1111111111111111 
756   0.7570000000000006   0.1111111111111111 
757   0.7580000000000006   0.1111111111111111 
758   0.7590000000000006   0.1111111111111111 
759   0.7600000000000006   0.1111111111111111 
760   0.7610000000000006   0.1111111111111111 
761   0.7620000000000006   0.1111111111111111 
762   0.7630000000000006   0.1111111111111111 
763   0.7640000000000006   0.1111111111111111 
764   0.7650000000000006   0.1111111111111111 
765   0.7660000000000006   0.1111111111111111 
766   0.7660000000000006   0.11764705882352941 
767   0.7670000000000006   0.12418300653594772 
768   0.7690000000000006   0.12418300653594772 
769   0.7700000000000006   0.12418300653594772 
770   0.7710000000000006   0.12418300653594772 
771   0.7720000000000006   0.12418300653594772 
772   0.7730000000000006   0.12418300653594772 
773   0.7740000000000006   0.12418300653594772 
774   0.7750000000000006   0.12418300653594772 
775   0.7760000000000006   0.12418300653594772 
776   0.7770000000000006   0.12418300653594772 
777   0.7780000000000006   0.12418300653594772 
778   0.7790000000000006   0.12418300653594772 
779   0.7790000000000006   0.13071895424836602 
780   0.7800000000000006   0.13725490196078433 
781   0.7820000000000006   0.13725490196078433 
782   0.7820000000000006   0.14379084967320263 
783   0.7840000000000006   0.14379084967320263 
784   0.7840000000000006   0.15686274509803924 
785   0.7860000000000006   0.15686274509803924 
786   0.7870000000000006   0.15686274509803924 
787   0.7880000000000006   0.15686274509803924 
788   0.7890000000000006   0.15686274509803924 
789   0.7900000000000006   0.15686274509803924 
790   0.7900000000000006   0.16993464052287585 
791   0.7910000000000006   0.19607843137254904 
792   0.7920000000000006   0.20915032679738566 
793   0.7940000000000006   0.20915032679738566 
794   0.7950000000000006   0.20915032679738566 
795   0.7960000000000006   0.20915032679738566 
796   0.7960000000000006   0.23529411764705885 
797   0.7980000000000006   0.23529411764705885 
798   0.7990000000000006   0.23529411764705885 
799   0.8000000000000006   0.23529411764705885 
800   0.8010000000000006   0.23529411764705885 
801   0.8010000000000006   0.24836601307189546 
802   0.8030000000000006   0.24836601307189546 
803   0.8040000000000006   0.24836601307189546 
804   0.8040000000000006   0.27450980392156865 
805   0.8060000000000006   0.27450980392156865 
806   0.8070000000000006   0.27450980392156865 
807   0.8080000000000006   0.27450980392156865 
808   0.8090000000000006   0.27450980392156865 
809   0.8100000000000006   0.27450980392156865 
810   0.8110000000000006   0.27450980392156865 
811   0.8120000000000006   0.27450980392156865 
812   0.8130000000000006   0.27450980392156865 
813   0.8140000000000006   0.27450980392156865 
814   0.8150000000000006   0.27450980392156865 
815   0.8160000000000006   0.27450980392156865 
816   0.8160000000000006   0.28104575163398693 
817   0.8170000000000006   0.2875816993464052 
818   0.8190000000000006   0.2875816993464052 
819   0.8200000000000006   0.2875816993464052 
820   0.8210000000000006   0.2875816993464052 
821   0.8220000000000006   0.2875816993464052 
822   0.8230000000000006   0.2875816993464052 
823   0.8240000000000006   0.2875816993464052 
824   0.8250000000000006   0.2875816993464052 
825   0.8260000000000006   0.2875816993464052 
826   0.8260000000000006   0.3006535947712418 
827   0.8280000000000006   0.3006535947712418 
828   0.8280000000000006   0.3137254901960784 
829   0.8300000000000006   0.3137254901960784 
830   0.8300000000000006   0.32679738562091504 
831   0.8310000000000006   0.3464052287581699 
832   0.8320000000000006   0.37254901960784315 
833   0.8330000000000006   0.38562091503267976 
834   0.8340000000000006   0.39869281045751637 
835   0.8350000000000006   0.411764705882353 
836   0.8360000000000006   0.4379084967320262 
837   0.8370000000000006   0.4509803921568628 
838   0.8390000000000006   0.4509803921568628 
839   0.8400000000000006   0.4509803921568628 
840   0.8410000000000006   0.4509803921568628 
841   0.8410000000000006   0.5163398692810458 
842   0.8420000000000006   0.542483660130719 
843   0.8440000000000006   0.542483660130719 
844   0.8440000000000006   0.5490196078431373 
845   0.8450000000000006   0.5620915032679739 
846   0.8460000000000006   0.5686274509803921 
847   0.8470000000000006   0.5882352941176471 
848   0.8480000000000006   0.6013071895424836 
849   0.8500000000000006   0.6013071895424836 
850   0.8510000000000006   0.6013071895424836 
851   0.8510000000000006   0.6078431372549019 
852   0.8530000000000006   0.6078431372549019 
853   0.8540000000000006   0.6078431372549019 
854   0.8550000000000006   0.6078431372549019 
855   0.8560000000000006   0.6078431372549019 
856   0.8570000000000007   0.6078431372549019 
857   0.8580000000000007   0.6078431372549019 
858   0.8590000000000007   0.6078431372549019 
859   0.8600000000000007   0.6078431372549019 
860   0.8610000000000007   0.6078431372549019 
861   0.8620000000000007   0.6078431372549019 
862   0.8620000000000007   0.6143790849673202 
863   0.8640000000000007   0.6143790849673202 
864   0.8650000000000007   0.6143790849673202 
865   0.8660000000000007   0.6143790849673202 
866   0.8670000000000007   0.6143790849673202 
867   0.8680000000000007   0.6143790849673202 
868   0.8690000000000007   0.6143790849673202 
869   0.8700000000000007   0.6143790849673202 
870   0.8710000000000007   0.6143790849673202 
871   0.8720000000000007   0.6143790849673202 
872   0.8730000000000007   0.6143790849673202 
873   0.8740000000000007   0.6143790849673202 
874   0.8740000000000007   0.6209150326797385 
875   0.8760000000000007   0.6209150326797385 
876   0.8760000000000007   0.6274509803921567 
877   0.8780000000000007   0.6274509803921567 
878   0.8790000000000007   0.6274509803921567 
879   0.8800000000000007   0.6274509803921567 
880   0.8800000000000007   0.633986928104575 
881   0.8810000000000007   0.65359477124183 
882   0.8830000000000007   0.65359477124183 
883   0.8840000000000007   0.65359477124183 
884   0.8840000000000007   0.6601307189542482 
885   0.8860000000000007   0.6601307189542482 
886   0.8870000000000007   0.6601307189542482 
887   0.8870000000000007   0.6666666666666665 
888   0.8890000000000007   0.6666666666666665 
889   0.8900000000000007   0.6666666666666665 
890   0.8900000000000007   0.6797385620915031 
891   0.8920000000000007   0.6797385620915031 
892   0.8930000000000007   0.6797385620915031 
893   0.8930000000000007   0.6862745098039214 
894   0.8950000000000007   0.6862745098039214 
895   0.8960000000000007   0.6862745098039214 
896   0.8960000000000007   0.6993464052287579 
897   0.8980000000000007   0.6993464052287579 
898   0.8990000000000007   0.6993464052287579 
899   0.9000000000000007   0.6993464052287579 
900   0.9010000000000007   0.6993464052287579 
901   0.9020000000000007   0.6993464052287579 
902   0.9020000000000007   0.7058823529411762 
903   0.9040000000000007   0.7058823529411762 
904   0.9040000000000007   0.7124183006535945 
905   0.9060000000000007   0.7124183006535945 
906   0.9070000000000007   0.7124183006535945 
907   0.9070000000000007   0.7189542483660127 
908   0.9090000000000007   0.7189542483660127 
909   0.9090000000000007   0.725490196078431 
910   0.9110000000000007   0.725490196078431 
911   0.9110000000000007   0.7320261437908493 
912   0.9130000000000007   0.7320261437908493 
913   0.9140000000000007   0.7320261437908493 
914   0.9140000000000007   0.7385620915032676 
915   0.9160000000000007   0.7385620915032676 
916   0.9160000000000007   0.7450980392156858 
917   0.9180000000000007   0.7450980392156858 
918   0.9180000000000007   0.7516339869281041 
919   0.9200000000000007   0.7516339869281041 
920   0.9210000000000007   0.7516339869281041 
921   0.9210000000000007   0.7581699346405224 
922   0.9230000000000007   0.7581699346405224 
923   0.9240000000000007   0.7581699346405224 
924   0.9240000000000007   0.7647058823529407 
925   0.9260000000000007   0.7647058823529407 
926   0.9270000000000007   0.7647058823529407 
927   0.9270000000000007   0.771241830065359 
928   0.9290000000000007   0.771241830065359 
929   0.9300000000000007   0.771241830065359 
930   0.9300000000000007   0.7777777777777772 
931   0.9320000000000007   0.7777777777777772 
932   0.9330000000000007   0.7777777777777772 
933   0.9340000000000007   0.7777777777777772 
934   0.9350000000000007   0.7777777777777772 
935   0.9360000000000007   0.7777777777777772 
936   0.9360000000000007   0.7843137254901955 
937   0.9380000000000007   0.7843137254901955 
938   0.9390000000000007   0.7843137254901955 
939   0.9390000000000007   0.7908496732026138 
940   0.9410000000000007   0.7908496732026138 
941   0.9410000000000007   0.7973856209150321 
942   0.9430000000000007   0.7973856209150321 
943   0.9440000000000007   0.7973856209150321 
944   0.9440000000000007   0.8039215686274503 
945   0.9460000000000007   0.8039215686274503 
946   0.9470000000000007   0.8039215686274503 
947   0.9470000000000007   0.8104575163398686 
948   0.9490000000000007   0.8104575163398686 
949   0.9500000000000007   0.8104575163398686 
950   0.9500000000000007   0.8169934640522869 
951   0.9520000000000007   0.8169934640522869 
952   0.9530000000000007   0.8169934640522869 
953   0.9530000000000007   0.8235294117647052 
954   0.9550000000000007   0.8235294117647052 
955   0.9560000000000007   0.8235294117647052 
956   0.9570000000000007   0.8235294117647052 
957   0.9570000000000007   0.8300653594771235 
958   0.9590000000000007   0.8300653594771235 
959   0.9590000000000007   0.8366013071895417 
960   0.9610000000000007   0.8366013071895417 
961   0.9620000000000007   0.8366013071895417 
962   0.9630000000000007   0.8366013071895417 
963   0.9630000000000007   0.84313725490196 
964   0.9650000000000007   0.84313725490196 
965   0.9660000000000007   0.84313725490196 
966   0.9660000000000007   0.8496732026143783 
967   0.9680000000000007   0.8496732026143783 
968   0.9680000000000007   0.8562091503267966 
969   0.9700000000000008   0.8562091503267966 
970   0.9700000000000008   0.8627450980392148 
971   0.9720000000000008   0.8627450980392148 
972   0.9730000000000008   0.8627450980392148 
973   0.9740000000000008   0.8627450980392148 
974   0.9750000000000008   0.8627450980392148 
975   0.9750000000000008   0.8692810457516331 
976   0.9770000000000008   0.8692810457516331 
977   0.9780000000000008   0.8692810457516331 
978   0.9790000000000008   0.8692810457516331 
979   0.9800000000000008   0.8692810457516331 
980   0.9800000000000008   0.8758169934640514 
981   0.9820000000000008   0.8758169934640514 
982   0.9830000000000008   0.8758169934640514 
983   0.9840000000000008   0.8758169934640514 
984   0.9850000000000008   0.8758169934640514 
985   0.9860000000000008   0.8758169934640514 
986   0.9860000000000008   0.8823529411764697 
987   0.9880000000000008   0.8823529411764697 
988   0.9890000000000008   0.8823529411764697 
989   0.9890000000000008   0.888888888888888 
990   0.9910000000000008   0.888888888888888 
991   0.9910000000000008   0.8954248366013062 
992   0.9930000000000008   0.8954248366013062 
993   0.9940000000000008   0.8954248366013062 
994   0.9940000000000008   0.9019607843137245 
995   0.9960000000000008   0.9019607843137245 
996   0.9960000000000008   0.9084967320261428 
997   0.9980000000000008   0.9084967320261428 
998   0.9980000000000008   0.9150326797385611 
999   1.0000000000000007   0.9150326797385611 
1000   1.0000000000000007   0.9215686274509793 
1171   1.1709999999999818   0.9281045751633976 
1221   1.2209999999999763   0.9411764705882342 
1236   1.2359999999999747   0.9673202614379074 
1237   1.2369999999999746   0.9738562091503257 
1238   1.2379999999999745   0.9999999999999989 
