0.023169174241751637 1
0.023835053236171914 2
0.025146322640568763 3
0.025808786870915087 4
0.03290466661658346 5
0.033570545611003734 6
0.03488181501540059 7
0.035544279245746914 8
0.06172869016479651 9
0.06239456915921679 10
0.06370583856361364 11
0.06436830279395997 12
0.07134125103296614 13
0.0720071300273864 14
0.07331839943178325 15
0.07398086366212958 16
0.08107674340779795 17
0.08174262240221823 18
0.08305389180661508 19
0.08371635603696141 20
0.11037883392636402 21
0.1110447129207843 22
0.11235598232518115 23
0.11301844655552748 24
0.11999139479453365 25
0.12065727378895393 26
0.12196854319335076 27
0.12263100742369709 28
0.12960395566270327 29
0.13026983465712355 30
0.13158110406152038 31
0.1322435682918667 32
0.1393394480375351 33
0.14000532703195537 34
0.14131659643635222 35
0.14197906066669855 36
0.16911960552645416 37
0.16978548452087444 38
0.1710967539252713 39
0.17175921815561762 40
0.1787321663946238 41
0.17939804538904408 42
0.18070931479344093 43
0.18137177902378723 44
0.18834472726279342 45
0.1890106062572137 46
0.19032187566161055 47
0.19098433989195687 48
0.19795728813096303 49
0.1986231671253833 50
0.19993443652978016 51
0.20059690076012648 52
0.20769278050579484 53
0.20835865950021512 54
0.20966992890461197 55
0.2103323931349583 56
0.23302691517043086 57
0.23369279416485114 58
0.235004063569248 59
0.23566652779959432 60
0.2426394760386005 61
0.24330535503302078 62
0.2446166244374176 63
0.24527908866776393 64
0.2522520369067701 65
0.2529179159011904 66
0.25422918530558725 67
0.2548916495359336 68
0.26186459777493976 69
0.26253047676936 70
0.26384174617375683 71
0.26450421040410316 72
0.2678165315558348 72
0.2977196205514161 73
0.2983854995458364 74
0.2996967689502332 75
0.30035923318057955 76
0.30733218141958574 77
0.307998060414006 78
0.30930932981840287 79
0.3099717940487492 80
0.3169447422877553 81
0.3176106212821756 82
0.31892189068657245 83
0.3195843549169188 84
0.3228966760686504 84
0.3523080390375829 85
0.3529739180320032 86
0.35428518743640003 87
0.35494765166674636 88
0.36192059990575254 89
0.36258647890017276 90
0.3638977483045696 91
0.36456021253491594 92
0.3678725336866476 92
0.4046632018193863 93
0.4053290808138066 94
0.40664035021820344 95
0.40730281444854977 96
0.4142757626875559 97
0.41494164168197617 98
0.416252911086373 99
0.41691537531671935 100
0.42401125506238774 101
0.424677134056808 102
0.42598840346120487 103
0.4266508676915512 104
0.4533133455809538 105
0.4539792245753741 106
0.45529049397977095 107
0.4559529582101173 108
0.4629259064491234 109
0.4635917854435437 110
0.46490305484794053 111
0.46556551907828686 112
0.47253846731729304 113
0.4732043463117133 114
0.4745156157161102 115
0.4751780799464565 116
0.4822739596921249 117
0.48293983868654516 118
0.484251108090942 119
0.48491357232128834 120
0.512054117181044 121
0.5127199961754643 122
0.5140312655798611 123
0.5146937298102074 124
0.5216666780492136 125
0.5223325570436339 126
0.5236438264480308 127
0.5243062906783771 128
0.5312792389173832 129
0.5319451179118034 130
0.5332563873162003 131
0.5339188515465466 132
0.5408917997855528 133
0.5415576787799731 134
0.5428689481843699 135
0.5435314124147163 136
0.5506272921603846 137
0.5512931711548049 138
0.5526044405592018 139
0.5532669047895481 140
0.5762209488946408 141
0.5768868278890611 142
0.578198097293458 143
0.5788605615238043 144
0.5858335097628105 145
0.5864993887572307 146
0.5878106581616276 147
0.5884731223919739 148
0.5954460706309801 149
0.5961119496254004 150
0.5974232190297972 151
0.5980856832601436 152
0.6050586314991497 153
0.60572451049357 154
0.6070357798979669 155
0.6076982441283132 156
0.6110105652800448 156
0.6437171755803391 157
0.6443830545747594 158
0.6456943239791563 159
0.6463567882095026 160
0.6533297364485088 161
0.6539956154429291 162
0.6553068848473259 163
0.6559693490776722 164
0.6629422973166784 165
0.6636081763110987 166
0.6649194457154955 167
0.6655819099458419 168
0.6688942310975735 168
0.7008052013686374 169
0.7014710803630577 170
0.7027823497674546 171
0.7034448139978009 172
0.7104177622368071 173
0.7110836412312274 174
0.7123949106356242 175
0.7130573748659705 176
0.7163696960177022 176
0.7453029920162816 177
0.7459688710107019 178
0.7472801404150987 179
0.747942604645445 180
0.7512549257971767 180
0.7742601913633788 180
0.8102176570620736 181
0.8108835360564939 182
0.8121948054608907 183
0.8128572696912371 184
0.8385636136399336 185
0.8392294926343539 186
0.8405407620387507 187
0.841203226269097 188
0.8482991060147654 189
0.8489649850091857 190
0.8502762544135826 191
0.8509387186439289 192
0.8771231295629784 193
0.8777890085573987 194
0.8791002779617956 195
0.8797627421921419 196
0.8867356904311481 197
0.8874015694255684 198
0.8887128388299652 199
0.8893753030603115 200
0.8964711828059799 201
0.8971370618004002 202
0.8984483312047971 203
0.8991107954351434 204
0.9205964909884377 205
0.9212623699828579 206
0.9225736393872548 207
0.9232361036176011 208
0.9302090518566072 209
0.9308749308510275 210
0.9321862002554243 211
0.9328486644857706 212
0.9361609856375023 212
0.963229820451705 213
0.9638956994461253 214
0.9652069688505222 215
0.9658694330808685 216
0.9691817542326001 216
0.9903157290862774 216
