0.009595487047799868 0
0.02191937059068589 0
0.03165486296551771 0
0.04768718029271358 0
0.06047888651373077 0
0.07009144738190039 0
0.0798269397567322 0
0.09586950137614993 0
0.10912903027529829 0
0.1187415911434679 0
0.12835415201163752 0
0.13808964438646934 0
0.1541424502981089 0
0.16786980187538844 0
0.17748236274355805 0
0.18709492361172766 0
0.19670748447989728 0
0.2064429768547291 0
0.21580625994550037 0
0.2168102005832417 0
0.21849367927169913 0
0.23177711151936511 0
0.24138967238753475 0
0.25100223325570437 0
0.260614794123874 0
0.2809975208812823 0
0.2819912172268018 0
0.28365420733081553 0
0.29646981690035035 0
0.30608237776852 0
0.31569493863668957 0
0.3360537620455803 0
0.3370474583910998 0
0.33871044849511345 0
0.35105823538651715 0
0.3606707962546868 0
0.39062169194730334 0
0.40341339816832056 0
0.41302595903649014 0
0.422761451411322 0
0.4388040130307397 0
0.45206354192988807 0
0.4616761027980577 0
0.4712886636662273 0
0.48102415604105914 0
0.4970769619526987 0
0.5108043135299782 0
0.5204168743981479 0
0.5300294352663174 0
0.539641996134487 0
0.5493774885093189 0
0.5587236977797204 0
0.5598710585085677 0
0.5616877129959091 0
0.5749711452435752 0
0.5845837061117447 0
0.5941962669799143 0
0.603808827848084 0
0.6266877471435498 0
0.627835107872397 0
0.6296517623597385 0
0.6424673719292734 0
0.652079932797443 0
0.6616924936656127 0
0.6845509243766348 0
0.6855446207221543 0
0.687207610826168 0
0.6995553977175717 0
0.7091679585857413 0
0.7295165377024101 0
0.7305102340479296 0
0.7321732241519433 0
0.7440531883652158 0
0.7643915231896629 0
0.7653852195351823 0
0.7670482096391961 0
0.7969888610395908 0
0.8089678534110079 0
0.8249899264459819 0
0.8373138099888678 0
0.8470493023636997 0
0.8630816196908956 0
0.8758733259119127 0
0.8854858867800823 0
0.8952213791549142 0
0.904547099840872 0
0.905438353264173 0
0.9069989004459682 0
0.9193466873373719 0
0.9289592482055414 0
0.9476482519822705 0
0.9485395054055715 0
0.9501000525873667 0
0.9619800168006393 0
0.9806519467569985 0
0.9815432001802995 0
0.9831037473620947 0
