0.023196492354343238 1
0.03293198472917506 2
0.061756008277388114 3
0.07136856914555774 4
0.08110406152038956 5
0.11040615203895562 6
0.12001871290712525 7
0.12963127377529488 8
0.1393667661501267 9
0.16914692363904577 10
0.1787594845072154 11
0.18837204537538502 12
0.19798460624355463 13
0.20772009861838645 14
0.23305423328302247 15
0.2426667941511921 16
0.2522793550193617 17
0.26189191588753136 18
0.2678438496684264 18
0.2977469386640077 19
0.30735949953217734 20
0.3169720604003469 21
0.322923994181242 21
0.3523353571501745 22
0.36194791801834414 23
0.3678998517992392 23
0.4046905199319779 24
0.4143030808001475 25
0.42403857317497934 26
0.4533406636935454 27
0.462953224561715 28
0.47256578542988464 29
0.4823012778047165 30
0.5120814352936356 31
0.5216939961618052 32
0.5313065570299748 33
0.5409191178981444 34
0.5506546102729762 35
0.5762482670072324 36
0.5858608278754021 37
0.5954733887435717 38
0.6050859496117413 39
0.6110378833926364 39
0.6437444936929307 40
0.6533570545611004 41
0.66296961542927 42
0.6689215492101651 42
0.700832519481229 43
0.7104450803493987 44
0.7163970141302938 44
0.7453303101288732 45
0.7512822439097683 45
0.7742875094759704 45
0.8102449751746652 46
0.8385909317525252 47
0.848326424127357 48
0.87715044767557 49
0.8867630085437397 50
0.8964985009185715 51
0.9206238091010293 52
0.9302363699691988 53
0.9361883037500939 53
0.9632571385642966 54
0.9692090723451917 54
0.990343047198869 54
