0.0009254010640404854 1
0.0023800905595432412 1
0.0390170943089542 1
0.04047178380445695 1
0.08719941539239054 1
0.0886541048878933 1
0.1454723643143495 1
0.14692705380985227 1
0.21461109251961782 2
0.2669867438858649 3
0.26807263886138105 3
0.27981942727576953 4
0.32206688839868053 4
0.3231527833741967 4
0.3348756684400675 5
0.3670427460166777 5
0.36812864099219383 5
0.381951605963544 5
0.38340629545904675 5
0.43013392704698034 5
0.4315886165424831 5
0.4884068759689393 5
0.48986156546444204 5
0.5575456041742076 6
0.6101807776100749 6
0.6112666725855911 6
0.625509653538037 7
0.6680644434276036 7
0.6691503384031198 7
0.683372830771122 8
0.7155399083477323 8
0.7166258033232484 8
0.7283384440968973 9
0.7504251381272068 9
0.7515110331027229 9
0.7632134295841501 10
0.7734304036934089 10
0.774516298668925 10
0.7883187750558314 10
0.7897734645513341 10
0.8163198404622225 10
0.8177745299577253 10
0.8544115337071362 10
0.8558662232026389 10
0.9033690062353592 11
0.9353311979675324 11
0.9364170929430485 11
0.9464701583767577 12
0.9683519665626302 12
0.9694378615381464 12
0.9794738531514857 13
0.9894859414163075 13
0.9905718363918237 13
