0.016790394951612792 1
0.016814298300130443 1
0.016834786884574144 1
0.017917267096016338 1
0.027178107264569092 1
0.03691359963940091 1
0.05534991087465767 1
0.05537381422317532 1
0.05539430280761902 1
0.056476783019061214 1
0.06573762318761396 1
0.07535018405578359 1
0.0850856764306154 1
0.10400005463622518 1
0.10402395798474283 1
0.10404444656918653 1
0.10512692678062872 1
0.11438776694918149 1
0.1240003278173511 1
0.1336128886855207 1
0.14334838106035255 1
0.16274082623631533 1
0.16276472958483298 1
0.16278521816927669 1
0.16386769838071888 1
0.17312853854927163 1
0.18274109941744124 1
0.19235366028561088 1
0.2019662211537805 1
0.2117017135286123 1
0.22664813588029203 1
0.22667203922880969 1
0.22669252781325339 1
0.22777500802469558 1
0.23703584819324833 1
0.24664840906141794 1
0.2562609699295876 1
0.26587353079775716 1
0.29134084126127724 1
0.2913647446097949 1
0.2913852331942386 1
0.2924677134056808 1
0.30172855357423356 1
0.3113411144424032 1
0.3209536753105728 1
0.34592925974744404 1
0.3459531630959617 1
0.3459736516804054 1
0.3470561318918476 1
0.35631697206040036 1
0.36592953292856994 1
0.39828442252924745 1
0.3983083258777651 1
0.3983288144622088 1
0.399411294673651 1
0.40867213484220377 1
0.41828469571037336 1
0.4280201880852052 1
0.44693456629081496 1
0.4469584696393326 1
0.4469789582237763 1
0.4480614384352185 1
0.4573222786037713 1
0.46693483947194087 1
0.4765474003401105 1
0.48628289271494235 1
0.5056753378909051 1
0.5056992412394228 1
0.5057197298238665 1
0.5068022100353087 1
0.5160630502038615 1
0.525675611072031 1
0.5352881719402006 1
0.5449007328083703 1
0.5546362251832021 1
0.5698421696045021 1
0.5698660729530197 1
0.5698865615374634 1
0.5709690417489056 1
0.5802298819174583 1
0.5898424427856279 1
0.5994550036537976 1
0.6090675645219672 1
0.6373383962902003 1
0.6373622996387179 1
0.6373827882231616 1
0.6384652684346038 1
0.6477261086031566 1
0.6573386694713262 1
0.6669512303394959 1
0.6944264220784986 1
0.6944503254270162 1
0.6944708140114599 1
0.6955532942229021 1
0.7048141343914549 1
0.7144266952596245 1
0.7389242127261427 1
0.7389481160746604 1
0.7389686046591041 1
0.7400510848705463 1
0.749311925039099 1
0.8037159462652725 1
0.8037398496137902 1
0.8037603381982339 1
0.8048428184096761 1
0.8142265900848911 1
0.8321848343497947 1
0.8322087376983124 1
0.8322292262827561 1
0.8333117064941983 1
0.842572546662751 1
0.8523080390375829 1
0.8707443502728397 1
0.8707682536213573 1
0.870788742205801 1
0.8718712224172432 1
0.8811320625857959 1
0.8907446234539655 1
0.9004801158287974 1
0.9142177116982988 1
0.9142416150468164 1
0.9142621036312601 1
0.9153445838427023 1
0.9246054240112551 1
0.9342179848794246 1
0.9568510411615662 1
0.9568749445100838 1
0.9568954330945275 1
0.9579779133059697 1
0.9672387534745225 1
