0.02456922751207119 1
0.034304719886903014 2
0.06312874343511607 3
0.07274130430328568 4
0.08247679667811751 5
0.11177888719668358 6
0.1213914480648532 7
0.13100400893302283 8
0.14073950130785465 9
0.17051965879677372 10
0.18013221966494336 11
0.18974478053311297 12
0.19935734140128258 13
0.2090928337761144 14
0.23442696844075042 15
0.24403952930892003 16
0.2536520901770897 17
0.26326465104525926 18
0.29911967382173565 19
0.3087322346899053 20
0.3183447955580749 21
0.35370809230790246 22
0.36332065317607204 23
0.40606325508970587 24
0.41567581595787545 25
0.4254113083327073 26
0.4547133988512734 27
0.46432595971944296 28
0.4739385205876126 29
0.48367401296244444 30
0.5134541704513635 31
0.5230667313195332 32
0.5326792921877027 33
0.5422918530558724 34
0.5520273454307042 35
0.5776210021649604 36
0.58723356303313 37
0.5968461239012997 38
0.6064586847694693 39
0.6451172288506587 40
0.6547297897188283 41
0.664342350586998 42
0.702205254638957 43
0.7118178155071266 44
0.7467030452866011 45
0.8116177103323932 46
0.8399636669102531 47
0.849699159285085 48
0.878523182833298 49
0.8881357437014676 50
0.8978712360762995 51
0.9219965442587572 52
0.9316091051269267 53
0.9646298737220246 54
