0.01148043681662034 0
0.013949311242086284 0
0.04961993675856935 0
0.052143447409218495 0
0.09785006453904099 0
0.10042821141487335 0
0.1561708201580353 0
0.15880360325905082 0
0.22049814578310784 0
0.2230762926589402 0
0.28561086714518896 0
0.28813437779583806 0
0.3406193016124516 0
0.3430881760379175 0
0.3925544484131591 0
0.39507795906380827 0
0.44078457619363076 0
0.4433627230694631 0
0.49910533181262506 0
0.5017381149136406 0
0.5636921795073179 0
0.5662703263831502 0
0.631608422174112 0
0.6341319328247611 0
0.6891164639435061 0
0.6915853383689721 0
0.7340342705722461 0
0.7364485087725289 0
0.7688614493624636 0
0.7712210513375631 0
0.7988260041113759 0
0.8012402423116587 0
0.8268748762148023 0
0.8293437506402682 0
0.8650143761567514 0
0.8675378868074005 0
0.9089077535633063 0
0.9113766279887723 0
0.9519610990076696 0
0.9543753372079523 0
0.9849169870853622 0
0.9872765890604618 0
