0.01671527014198589 0
0.018163130109340744 0
0.021567649891069025 0
0.0274786065030767 0
0.03130314226590085 0
0.037214098877908525 0
0.055274786065030765 0
0.056722646032385624 0
0.060127165814113905 0
0.06603812242612157 0
0.06973972668228352 0
0.0756506832942912 0
0.07947521905711534 0
0.08538617566912302 0
0.10392492982659828 0
0.10537278979395313 0
0.10877730957568142 0
0.1146882661876891 0
0.11838987044385103 0
0.12430082705585871 0
0.12800243131202066 0
0.13391338792402832 0
0.13773792368685248 0
0.14364888029886017 0
0.16266570142668843 0
0.1641135613940433 0
0.16751808117577158 0
0.17342903778777924 0
0.1771306420439412 0
0.18304159865594885 0
0.1867432029121108 0
0.1926541595241185 0
0.1963557637802804 0
0.2022667203922881 0
0.20609125615511226 0
0.21200221276711992 0
0.21481939312812878 0
0.22657301107066513 0
0.22802087103802 0
0.23142539081974825 0
0.23733634743175594 0
0.2410379516879179 0
0.24694890829992555 0
0.2506505125560875 0
0.2565614691680952 0
0.26026307342425714 0
0.2661740300362648 0
0.26945561831133086 0
0.2800277278842805 0
0.29126571645165034 0
0.2927135764190052 0
0.2961180962007335 0
0.30202905281274117 0
0.3057306570689031 0
0.3116416136809108 0
0.3153432179370727 0
0.3212541745490804 0
0.3245357628241465 0
0.33508396904857846 0
0.34585413493781714 0
0.347301994905172 0
0.3507065146869003 0
0.356617471298908 0
0.3603190755550699 0
0.36623003216707756 0
0.36951162044214364 0
0.39820929771962055 0
0.3996571576869754 0
0.4030616774687037 0
0.4089726340807114 0
0.4126742383368733 0
0.41858519494888097 0
0.4224097307117051 0
0.4283206873237128 0
0.44685944148118806 0
0.4483073014485429 0
0.4517118212302712 0
0.4576227778422789 0
0.46132438209844084 0
0.4672353387104485 0
0.47093694296661043 0
0.4768478995786181 0
0.4806724353414423 0
0.48658339195344996 0
0.5056002130812782 0
0.5070480730486331 0
0.5104525928303614 0
0.5163635494423691 0
0.520065153698531 0
0.5259761103105386 0
0.5296777145667005 0
0.5355886711787082 0
0.5392902754348702 0
0.5452012320468779 0
0.549025767809702 0
0.5549367244217097 0
0.5577539047827186 0
0.5697670447948752 0
0.57121490476223 0
0.5746194245439583 0
0.5805303811559659 0
0.5842319854121278 0
0.5901429420241355 0
0.5938445462802975 0
0.5997555028923052 0
0.6034571071484671 0
0.6093680637604748 0
0.6126496520355409 0
0.625717954146548 0
0.6372632714805734 0
0.6387111314479282 0
0.6421156512296565 0
0.6480266078416642 0
0.6517282120978262 0
0.6576391687098339 0
0.6613407729659958 0
0.6672517295780035 0
0.6705333178530696 0
0.683581131379633 0
0.6943512972688717 0
0.6957991572362265 0
0.6992036770179548 0
0.7051146336299625 0
0.7088162378861245 0
0.7147271944981322 0
0.7180087827731982 0
0.7285467447054083 0
0.7388490879165158 0
0.7402969478838707 0
0.743701467665599 0
0.7496124242776067 0
0.7528940125526727 0
0.763421730192661 0
0.7729147743182424 0
0.7758992781188747 0
0.8036408214556456 0
0.8050886814230005 0
0.808616132711391 0
0.8145270893233987 0
0.8321097095401678 0
0.8335575695075227 0
0.836962089289251 0
0.8428730459012587 0
0.8466975816640828 0
0.8526085382760905 0
0.8706692254632128 0
0.8721170854305677 0
0.8755216052122958 0
0.8814325618243035 0
0.8851341660804655 0
0.8910451226924732 0
0.8948696584552973 0
0.900780615067305 0
0.9035773068438702 0
0.9141425868886719 0
0.9155904468560268 0
0.918994966637755 0
0.9249059232497627 0
0.9286075275059246 0
0.9345184841179323 0
0.9378000723929983 0
0.9466784589852687 0
0.9567759163519393 0
0.9582237763192941 0
0.9616282961010224 0
0.9675392527130301 0
0.9708208409880962 0
0.9796821537599967 0
0.988970312041141 0
0.9919548158417735 0
