0.27135422713644713 1
0.27197571419790606 1
0.272597201259365 1
0.2732186883208239 1
0.27384017538228284 1
0.32642071259296696 1
0.32703878489035193 1
0.3276568571877369 1
0.3282749294851219 1
0.3288964165465808 1
0.37138632591874227 1
0.37200439821612724 1
0.3726224705135122 1
0.3732405428108972 1
0.3738620298723561 1
0.6145448460965832 1
0.6151629183939682 1
0.6157809906913532 1
0.6163990629887381 1
0.6170205500501971 1
0.617642037111656 1
0.6182635241731149 1
0.6188850112345738 1
0.67241826762189 1
0.673036339919275 1
0.67365441221666 1
0.674272484514045 1
0.67489055681143 1
0.6755086291088148 1
0.6761267014061998 1
0.6767481884676587 1
0.7198834882497969 1
0.7205015605471818 1
0.7211196328445668 1
0.7217377051419518 1
0.7223591922034107 1
0.7547584737370495 1
0.7553765460344345 1
0.7559946183318195 1
0.7566126906292044 1
0.7572341776906634 1
0.7777534950110296 1
0.7783715673084146 1
0.7789896396057996 1
0.7796077119031846 1
0.7802291989646435 1
0.9396781926336709 1
0.9402996796951298 1
0.9409211667565888 1
0.972685302172473 1
0.9733033744698579 1
0.9739248615313169 1
0.9938090327339284 1
0.9944271050313134 1
0.9950485920927723 1
