0.0004268455092437664 1
0.0018815350047465221 1
0.017340171967518764 2
0.03851853875415748 2
0.03997322824966023 2
0.05589968789056364 3
0.08670085983759382 3
0.08815554933309658 3
0.10454983165213115 4
0.1449738087595528 4
0.14642849825505555 4
0.1632906032522213 5
0.2141125369648211 6
0.227197912896198 7
0.2793208717209728 8
0.2918906182771832 9
0.3343771128852708 10
0.34647903676335 11
0.3814530504087473 11
0.38290773990425003 11
0.3988341995451534 12
0.4296353714921836 12
0.4310900609876864 12
0.44748434330672093 13
0.48790832041414256 13
0.4893630099096453 13
0.5062251149068111 14
0.5570470486194109 15
0.570391946620408 16
0.6250110979832403 17
0.6378881733061063 18
0.6828742752163253 19
0.6949761990944046 20
0.7278398885421006 21
0.7394739897420487 22
0.7627148740293533 23
0.7878202195010346 23
0.7892749089965374 23
0.8042657232811785 24
0.8158212849074258 24
0.8172759744029285 24
0.8327346113657007 25
0.8539129781523395 25
0.8553676676478422 25
0.8712941272887457 26
0.9028704506805625 27
0.9147674887142048 28
0.945971602821961 29
0.9574008181774721 30
0.978975297596689 31
