0.023193077590269288 1
0.023858956584689565 2
0.025170225989086414 3
0.025832690219432738 4
0.03292856996510111 5
0.033594448959521385 6
0.03490571836391824 7
0.035568182594264565 8
0.06175259351331416 9
0.06241847250773444 10
0.0637297419121313 11
0.06439220614247762 12
0.07136515438148379 13
0.07203103337590405 14
0.0733423027803009 15
0.07400476701064723 16
0.0811006467563156 17
0.08176652575073588 18
0.08307779515513274 19
0.08374025938547906 20
0.11040273727488167 21
0.11106861626930195 22
0.1123798856736988 23
0.11304234990404513 24
0.1200152981430513 25
0.12068117713747158 26
0.12199244654186842 27
0.12265491077221474 28
0.12962785901122093 29
0.1302937380056412 30
0.13160500741003803 31
0.13226747164038435 32
0.13936335138605274 33
0.14002923038047302 34
0.14134049978486987 35
0.1420029640152162 36
0.16914350887497182 37
0.1698093878693921 38
0.17112065727378895 39
0.17178312150413527 40
0.17875606974314145 41
0.17942194873756173 42
0.18073321814195858 43
0.18139568237230488 44
0.18836863061131107 45
0.18903450960573134 46
0.1903457790101282 47
0.19100824324047452 48
0.19798119147948068 49
0.19864707047390096 50
0.1999583398782978 51
0.20062080410864414 52
0.2077166838543125 53
0.20838256284873277 54
0.20969383225312963 55
0.21035629648347595 56
0.23305081851894852 57
0.2337166975133688 58
0.23502796691776565 59
0.23569043114811197 60
0.24266337938711816 61
0.24332925838153843 62
0.24464052778593526 63
0.24530299201628158 64
0.25227594025528777 65
0.25294181924970804 66
0.2542530886541049 67
0.2549155528844512 68
0.2618885011234574 69
0.26255438011787763 70
0.2638656495222745 71
0.2645281137526208 72
0.26784043490435244 72
0.29774352389993375 73
0.298409402894354 74
0.2997206722987509 75
0.3003831365290972 76
0.3073560847681034 77
0.30802196376252367 78
0.3093332331669205 79
0.30999569739726685 80
0.31696864563627297 81
0.31763452463069325 82
0.3189457940350901 83
0.31960825826543643 84
0.32292057941716806 84
0.35233194238610055 85
0.3529978213805208 86
0.3543090907849177 87
0.354971555015264 88
0.3619445032542702 89
0.3626103822486904 90
0.36392165165308726 91
0.3645841158834336 92
0.3678964370351652 92
0.40468710516790396 93
0.40535298416232424 94
0.4066642535667211 95
0.4073267177970674 96
0.41429966603607354 97
0.4149655450304938 98
0.4162768144348907 99
0.416939278665237 100
0.4240351584109054 101
0.42470103740532567 102
0.4260123068097225 103
0.42667477104006885 104
0.45333724892947147 105
0.45400312792389175 106
0.4553143973282886 107
0.4559768615586349 108
0.46294980979764105 109
0.46361568879206133 110
0.4649269581964582 111
0.4655894224268045 112
0.4725623706658107 113
0.47322824966023097 114
0.4745395190646278 115
0.47520198329497415 116
0.48229786304064254 117
0.4829637420350628 118
0.48427501143945967 119
0.484937475669806 120
0.5120780205295616 121
0.5127438995239819 122
0.5140551689283788 123
0.5147176331587251 124
0.5216905813977313 125
0.5223564603921516 126
0.5236677297965484 127
0.5243301940268947 128
0.5313031422659008 129
0.5319690212603211 130
0.5332802906647179 131
0.5339427548950643 132
0.5409157031340704 133
0.5415815821284907 134
0.5428928515328876 135
0.5435553157632339 136
0.5506511955089023 137
0.5513170745033226 138
0.5526283439077194 139
0.5532908081380657 140
0.5762448522431585 141
0.5769107312375787 142
0.5782220006419756 143
0.5788844648723219 144
0.5858574131113281 145
0.5865232921057484 146
0.5878345615101452 147
0.5884970257404916 148
0.5954699739794977 149
0.596135852973918 150
0.5974471223783149 151
0.5981095866086612 152
0.6050825348476674 153
0.6057484138420877 154
0.6070596832464845 155
0.6077221474768308 156
0.6110344686285625 156
0.6437410789288568 157
0.6444069579232771 158
0.6457182273276739 159
0.6463806915580202 160
0.6533536397970264 161
0.6540195187914467 162
0.6553307881958436 163
0.6559932524261899 164
0.6629662006651961 165
0.6636320796596163 166
0.6649433490640132 167
0.6656058132943595 168
0.6689181344460912 168
0.7008291047171551 169
0.7014949837115754 170
0.7028062531159722 171
0.7034687173463186 172
0.7104416655853247 173
0.711107544579745 174
0.7124188139841419 175
0.7130812782144882 176
0.7163935993662198 176
0.7453268953647992 177
0.7459927743592195 178
0.7473040437636164 179
0.7479665079939627 180
0.7512788291456943 180
0.7742840947118964 180
0.8102415604105913 181
0.8109074394050115 182
0.8122187088094084 183
0.8128811730397547 184
0.8385875169884512 185
0.8392533959828715 186
0.8405646653872684 187
0.8412271296176147 188
0.8483230093632831 189
0.8489888883577034 190
0.8503001577621002 191
0.8509626219924465 192
0.8771470329114961 193
0.8778129119059164 194
0.8791241813103132 195
0.8797866455406596 196
0.8867595937796657 197
0.887425472774086 198
0.8887367421784829 199
0.8893992064088292 200
0.8964950861544976 201
0.8971609651489179 202
0.8984722345533147 203
0.899134698783661 204
0.9206203943369553 205
0.9212862733313756 206
0.9225975427357724 207
0.9232600069661188 208
0.9302329552051248 209
0.9308988341995451 210
0.932210103603942 211
0.9328725678342883 212
0.9361848889860199 212
0.9632537238002227 213
0.963919602794643 214
0.9652308721990398 215
0.9658933364293861 216
0.9692056575811178 216
0.9903396324347951 216
