0.005313372899066403 1
0.005634360722017716 2
0.005955348544969028 3
0.006389023582360695 4
0.006710011405312007 5
0.01985343832594606 6
0.021277394944783264 7
0.029465999194115678 8
0.031012887319615087 9
0.04340506614398011 10
0.043726053966931425 11
0.04404704178988274 12
0.044480716827274405 13
0.04480170465022572 14
0.058412954248990935 15
0.05983691086782814 16
0.06802551511716055 17
0.06944947173599776 18
0.07763807598533018 19
0.07918496411082958 20
0.09158738722741645 21
0.09190837505036777 22
0.09222936287331908 23
0.09266303791071075 24
0.09298402573366206 25
0.10706309801055845 26
0.10848705462939566 27
0.11667565887872806 28
0.11809961549756527 29
0.1262882197468977 30
0.1277121763657349 31
0.1359007806150673 32
0.13744766874056671 33
0.14986033614937544 34
0.15018132397232675 35
0.15050231179527807 36
0.15093598683266973 37
0.15125697465562105 38
0.1658038696106486 39
0.16722782622948582 40
0.17541643047881822 41
0.17684038709765543 42
0.18502899134698783 43
0.18645294796582504 44
0.19464155221515744 45
0.19606550883399465 46
0.20425411308332708 47
0.2058010012088265 48
0.2297111792546253 49
0.23113513587346252 50
0.23932374012279492 51
0.24074769674163213 52
0.24893630099096453 53
0.25036025760980174 54
0.25854886185913417 55
0.2599728184779714 56
0.2944038846356105 57
0.2958278412544477 58
0.30401644550378015 59
0.30544040212261736 60
0.31362900637194974 61
0.31505296299078694 62
0.3489923031217773 63
0.3504162597406145 64
0.35860486398994695 65
0.36002882060878416 66
0.3863395777985699 67
0.38666056562152123 68
0.38698155344447255 69
0.3874152284818642 70
0.3877362163048155 71
0.4013474659035807 72
0.40277142252241793 73
0.41096002677175036 74
0.41238398339058757 75
0.42057258763991995 76
0.42211947576541936 77
0.43452189888200626 78
0.4348428867049576 79
0.4351638745279089 80
0.43559754956530056 81
0.43591853738825187 82
0.44999760966514823 83
0.45142156628398544 84
0.4596101705333179 85
0.4610341271521551 86
0.46922273140148746 87
0.47064668802032467 88
0.4788352922696571 89
0.4803821803951565 90
0.4927948478039652 91
0.4931158356269165 92
0.49343682344986783 93
0.4938704984872595 94
0.4941914863102108 95
0.5087383812652384 96
0.5101623378840756 97
0.518350942133408 98
0.5197748987522453 99
0.5279635030015776 100
0.5293874596204148 101
0.5375760638697472 102
0.5390000204885844 103
0.5471886247379169 104
0.5487355128634163 105
0.5729052129788353 106
0.5743291695976726 107
0.5825177738470049 108
0.5839417304658421 109
0.5921303347151745 110
0.5935542913340117 111
0.6017428955833442 112
0.6031668522021814 113
0.6404014396645336 114
0.6418253962833708 115
0.6500140005327032 116
0.6514379571515404 117
0.6596265614008728 118
0.66105051801971 119
0.6974894654528319 120
0.6989134220716691 121
0.7071020263210015 122
0.7085259829398387 123
0.741987256100476 124
0.7434112127193132 125
0.7927067468908573 126
0.7930277347138086 127
0.7933487225367599 128
0.7937823975741516 129
0.7941033853971029 130
0.8067789896396058 131
0.8083258777651052 132
0.8207078122972484 133
0.8210288001201997 134
0.821349787943151 135
0.8217834629805427 136
0.822104450803494 137
0.835247877724128 138
0.8366718343429652 139
0.8448604385922976 140
0.8464073267177971 141
0.8587995055421621 142
0.8591204933651134 143
0.8594414811880647 144
0.8598751562254564 145
0.8601961440484077 146
0.873807393647173 147
0.8752313502660101 148
0.8834199545153425 149
0.8848439111341797 150
0.8930325153835121 151
0.8945794035090116 152
0.9172807550726321 153
0.9187047116914693 154
0.9268933159408016 155
0.9283172725596388 156
0.9599140845358994 157
0.9613380411547366 158
