0.008973999986340945 1
0.009100346257077098 2
0.009438407900398162 3
0.021796439084023685 4
0.03153193145885551 5
0.04706569323125465 6
0.04719203950199081 7
0.04753010114531187 7
0.060355955007068564 8
0.06996851587523818 9
0.07970400825007 10
0.095248014314691 11
0.09537436058542716 12
0.09571242222874822 12
0.10900609876863608 13
0.11861865963680569 14
0.12823122050497532 15
0.13796671287980714 16
0.15352096323665 17
0.15364730950738614 18
0.1539853711507072 18
0.16774687036872624 19
0.17735943123689585 20
0.18697199210506546 21
0.19658455297323507 22
0.2063200453480669 23
0.21567649891069027 24
0.21669068384065346 25
0.21832635583207557 26
0.2316541800127029 27
0.24126674088087255 28
0.25087930174904216 29
0.2604918626172118 30
0.2712347103938589 30
0.2718561974553178 30
0.27247768451677673 30
0.27309917157823566 30
0.2737206586396946 30
0.2808677598464722 31
0.28187170048421356 32
0.2834971281834138 32
0.29634688539368814 33
0.3059594462618578 34
0.31557200713002737 35
0.32630461061445265 35
0.3269226829118376 35
0.3275407552092226 35
0.3281588275066076 35
0.32877689980399255 35
0.3359240010107702 36
0.33692794164851153 37
0.33855336934771174 37
0.35093530387985494 38
0.3605478647480246 39
0.37127022394022796 39
0.37188829623761294 39
0.3725063685349979 39
0.3731244408323829 39
0.37374251312976786 39
0.3900002048858444 40
0.39012655115658057 41
0.39046461279990163 41
0.40329046666165835 42
0.41290302752982794 43
0.4226385199046598 44
0.43818252596928076 45
0.4383088722400169 46
0.438646933883338 46
0.45194061042322586 47
0.4615531712913955 48
0.4711657321595651 49
0.48090122453439693 50
0.49645547489123976 51
0.4965818211619759 52
0.496919882805297 52
0.510681382023316 53
0.5202939428914857 54
0.5299065037596552 55
0.5395190646278248 56
0.5492545570026567 57
0.5585939367449103 58
0.5597515417659794 59
0.5615306338485074 59
0.574848213736913 60
0.5844607746050825 61
0.5940733354732521 62
0.6036858963414218 63
0.6144287441180689 63
0.6150468164154539 63
0.6156648887128389 63
0.6162829610102238 63
0.6169010333076088 63
0.6175225203690677 63
0.6181440074305267 63
0.6187654944919856 63
0.6265579861087397 64
0.6277155911298088 65
0.6294946832123368 65
0.6423444404226112 66
0.6519570012907808 67
0.6615695621589505 68
0.6723021656433757 68
0.6729202379407607 68
0.6735383102381457 68
0.6741563825355307 68
0.6747744548329156 68
0.6753925271303005 68
0.6760105994276855 68
0.6766286717250705 68
0.6844211633418247 69
0.685425103979566 70
0.6870505316787663 70
0.6994324662109095 71
0.7090450270790791 72
0.7197673862712826 72
0.7203854585686675 72
0.7210035308660525 72
0.7216216031634375 72
0.7222396754608225 72
0.7293867766676 73
0.7303907173053413 74
0.7320161450045416 74
0.7439302568585536 75
0.7546423717585352 75
0.7552604440559202 75
0.7558785163533052 75
0.7564965886506901 75
0.7571146609480751 75
0.7642617621548528 76
0.7652657027925941 77
0.7668911304917944 77
0.7776373930325153 77
0.7782554653299003 77
0.7788735376272853 77
0.7794916099246703 77
0.7801096822220552 77
0.7963673739781318 78
0.796493720248868 79
0.7968317818921891 79
0.8088449219043456 80
0.824368439384523 81
0.8244947856552591 82
0.8248328472985802 82
0.8371908784822056 83
0.8469263708570375 84
0.8624601326294367 85
0.8625864789001728 86
0.8629245405434939 86
0.8757503944052505 87
0.8853629552734201 88
0.895098447648252 89
0.9044173388060619 90
0.9053188365215847 91
0.9068418212985665 91
0.9192237558307097 92
0.9288363166988792 93
0.9395586758910827 93
0.9401801629525416 93
0.9408016500140005 93
0.9475184909474604 94
0.9484199886629833 95
0.949942973439965 95
0.9618570852939771 96
0.9725692001939586 96
0.9731872724913436 96
0.9738053447887286 96
0.9805221857221884 97
0.9814236834377112 98
0.982946668214693 98
0.9936929307554141 98
0.9943110030527991 98
0.994929075350184 98
