0.02324088428730459 1
0.023903348517650917 1
0.025214617922047766 2
0.02587708215239409 2
0.026314171953859707 2
0.03297637666213641 3
0.03363884089248274 3
0.03495011029687959 3
0.03561257452722592 3
0.03604966432869153 3
0.061800400210349465 4
0.06246286444069579 4
0.06377413384509265 4
0.06443659807543897 4
0.06487368787690459 4
0.07141296107851909 5
0.0720754253088654 5
0.07338669471326226 5
0.07404915894360858 5
0.0744862487450742 5
0.08114845345335091 6
0.08181091768369723 6
0.08312218708809409 6
0.08378465131844041 6
0.08422174111990603 6
0.11045054397191698 7
0.1111130082022633 7
0.11242427760666016 7
0.11308674183700648 7
0.1135238316384721 7
0.1200631048400866 8
0.12072556907043293 8
0.12203683847482977 8
0.1226993027051761 8
0.12313639250664171 8
0.12967566570825623 9
0.13033812993860255 9
0.13164939934299938 9
0.1323118635733457 9
0.13274895337481132 9
0.13941115808308804 10
0.14007362231343437 10
0.14138489171783122 10
0.14204735594817755 10
0.14248444574964317 10
0.16919131557200712 11
0.16985377980235344 11
0.1711650492067503 11
0.17182751343709662 11
0.17226460323856224 11
0.17880387644017676 12
0.17946634067052308 12
0.18077761007491994 12
0.18144007430526624 12
0.18187716410673185 12
0.18841643730834637 13
0.1890789015386927 13
0.19039017094308955 13
0.19105263517343588 13
0.1914897249749015 13
0.19802899817651598 14
0.1986914624068623 14
0.20000273181125916 14
0.2006651960416055 14
0.2011022858430711 14
0.2077644905513478 15
0.20842695478169412 15
0.20973822418609098 15
0.2104006884164373 15
0.21083777821790292 15
0.23309862521598382 16
0.23376108944633014 16
0.235072358850727 16
0.23573482308107332 16
0.23617191288253894 16
0.24271118608415346 17
0.24337365031449978 17
0.2446849197188966 17
0.24534738394924294 17
0.24578447375070855 17
0.25232374695232307 18
0.2529862111826694 18
0.25429748058706625 18
0.2549599448174126 18
0.2553970346188782 18
0.2619363078204927 19
0.262598772050839 19
0.26391004145523583 19
0.26457250568558216 19
0.2650095954870478 19
0.29779133059696905 20
0.2984537948273154 20
0.29976506423171223 20
0.30042752846205856 20
0.3008646182635242 20
0.3074038914651387 21
0.308066355695485 21
0.30937762509988187 21
0.3100400893302282 21
0.3104771791316938 21
0.3170164523333083 22
0.3176789165636546 22
0.31899018596805145 22
0.3196526501983978 22
0.3200897399998634 22
0.35237974908313585 23
0.3530422133134822 23
0.35435348271787903 23
0.35501594694822536 23
0.355453036749691 23
0.3619923099513055 24
0.36265477418165176 24
0.3639660435860486 24
0.36462850781639494 24
0.36506559761786056 24
0.40473491186493926 25
0.4053973760952856 25
0.40670864549968244 25
0.40737110973002877 25
0.4078081995314944 25
0.41434747273310885 26
0.4150099369634552 26
0.416321206367852 26
0.41698367059819835 26
0.41742076039966397 26
0.4240829651079407 27
0.424745429338287 27
0.42605669874268387 27
0.4267191629730302 27
0.4271562527744958 27
0.45338505562650677 28
0.4540475198568531 28
0.45535878926124995 28
0.4560212534915963 28
0.4564583432930619 28
0.46299761649467636 29
0.4636600807250227 29
0.46497135012941954 29
0.46563381435976586 29
0.4660709041612315 29
0.472610177362846 30
0.4732726415931923 30
0.4745839109975892 30
0.4752463752279355 30
0.4756834650294011 30
0.48234566973767784 31
0.48300813396802417 31
0.484319403372421 31
0.48498186760276735 31
0.48541895740423296 31
0.5121258272265969 32
0.5127882914569433 32
0.5140995608613401 32
0.5147620250916864 32
0.5151991148931521 32
0.5217383880947666 33
0.5224008523251129 33
0.5237121217295098 33
0.5243745859598561 33
0.5248116757613217 33
0.5313509489629361 34
0.5320134131932824 34
0.5333246825976793 34
0.5339871468280256 34
0.5344242366294912 34
0.5409635098311057 35
0.5416259740614521 35
0.5429372434658489 35
0.5435997076961953 35
0.5440367974976609 35
0.5506990022059376 36
0.5513614664362839 36
0.5526727358406808 36
0.5533352000710271 36
0.5537722898724927 36
0.5762926589401938 37
0.5769551231705401 37
0.578266392574937 37
0.5789288568052833 37
0.5793659466067489 37
0.5859052198083634 38
0.5865676840387097 38
0.5878789534431066 38
0.5885414176734529 38
0.5889785074749185 38
0.595517780676533 39
0.5961802449068794 39
0.5974915143112762 39
0.5981539785416226 39
0.5985910683430882 39
0.6051303415447027 40
0.605792805775049 40
0.6071040751794459 40
0.6077665394097922 40
0.6082036292112578 40
0.6437888856258921 41
0.6444513498562384 41
0.6457626192606353 41
0.6464250834909816 41
0.6468621732924472 41
0.6534014464940617 42
0.6540639107244081 42
0.6553751801288049 42
0.6560376443591512 42
0.6564747341606169 42
0.6630140073622314 43
0.6636764715925777 43
0.6649877409969746 43
0.6656502052273209 43
0.6660872950287865 43
0.7008769114141904 44
0.7015393756445367 44
0.7028506450489336 44
0.7035131092792799 44
0.7039501990807455 44
0.71048947228236 45
0.7111519365127064 45
0.7124632059171032 45
0.7131256701474495 45
0.7135627599489152 45
0.7453747020618345 46
0.7460371662921809 46
0.7473484356965777 46
0.748010899926924 46
0.7484479897283897 46
0.8102893671076266 47
0.8109518313379729 47
0.8122631007423697 47
0.8129255649727161 47
0.8133626547741817 47
0.8386353236854865 48
0.8392977879158329 48
0.8406090573202297 48
0.841271521550576 48
0.8417086113520417 48
0.8483708160603184 49
0.8490332802906647 49
0.8503445496950616 49
0.8510070139254079 49
0.8514441037268735 49
0.8771948396085314 50
0.8778573038388777 50
0.8791685732432746 50
0.8798310374736209 50
0.8802681272750865 50
0.886807400476701 51
0.8874698647070474 51
0.8887811341114442 51
0.8894435983417905 51
0.8898806881432562 51
0.8965428928515329 52
0.8972053570818792 52
0.8985166264862761 52
0.8991790907166224 52
0.899616180518088 52
0.9206682010339906 53
0.9213306652643369 53
0.9226419346687338 53
0.9233043988990801 53
0.9237414887005457 53
0.9302807619021601 54
0.9309432261325065 54
0.9322544955369033 54
0.9329169597672496 54
0.9333540495687153 54
0.963301530497258 55
0.9639639947276043 55
0.9652752641320012 55
0.9659377283623475 55
0.9663748181638131 55
