0.024459955061704786 1
0.03419544743653661 2
0.06301947098474966 3
0.07263203185291928 4
0.08236752422775111 5
0.11166961474631718 6
0.1212821756144868 7
0.13089473648265643 8
0.14063022885748824 9
0.17041038634640732 10
0.18002294721457696 11
0.18963550808274657 12
0.19924806895091618 13
0.208983561325748 14
0.23431769599038402 15
0.24393025685855363 16
0.25354281772672327 17
0.26315537859489285 18
0.29901040137136925 19
0.3086229622395389 20
0.3182355231077085 21
0.35359881985753605 22
0.36321138072570563 23
0.40595398263933946 24
0.41556654350750905 25
0.4253020358823409 26
0.45460412640090697 27
0.46421668726907656 28
0.4738292481372462 29
0.48356474051207804 30
0.5133448980009971 31
0.5229574588691668 32
0.5325700197373363 33
0.542182580605506 34
0.5519180729803378 35
0.577511729714594 36
0.5871242905827636 37
0.5967368514509332 38
0.6063494123191029 39
0.6450079564002923 40
0.6546205172684619 41
0.6642330781366316 42
0.7020959821885906 43
0.7117085430567602 44
0.7465937728362347 45
0.8115084378820268 46
0.8398543944598867 47
0.8495898868347186 48
0.8784139103829316 49
0.8880264712511012 50
0.8977619636259331 51
0.9218872718083908 52
0.9314998326765603 53
0.9645206012716582 54
