0.0011541902569951442 0
0.0026088797524979 0
0.03924588350190885 0
0.04070057299741161 0
0.0874282045853452 0
0.08888289408084796 0
0.14570115350730417 0
0.14715584300280693 0
0.214942324634791 0
0.2801506593909427 0
0.33520690055524066 0
0.38218039515649865 0
0.3836350846520014 0
0.430362716239935 0
0.43181740573543775 0
0.48863566516189394 0
0.4900903546573967 0
0.5578768362893808 0
0.6258408856532102 0
0.6837040628862951 0
0.7286696762120705 0
0.7635446616993232 0
0.788547564248786 0
0.7900022537442888 0
0.8165486296551772 0
0.8180033191506799 0
0.8546403229000908 0
0.8560950123955936 0
0.9037002383505324 0
0.9468013904919309 0
0.9798050852666589 0
