0.011166278521816928 0
0.013635152947282873 0
0.04930577846376594 0
0.05182928911441508 0
0.09753590624423758 0
0.10011405312006993 0
0.15585666186323188 0
0.1584894449642474 0
0.22018398748830442 0
0.22276213436413678 0
0.28529670885038555 0
0.28782021950103465 0
0.34030514331764816 0
0.3427740177431141 0
0.3922402901183557 0
0.39476380076900486 0
0.44047041789882735 0
0.4430485647746597 0
0.49879117351782165 0
0.5014239566188372 0
0.5633780212125145 0
0.5659561680883468 0
0.6312942638793085 0
0.6338177745299577 0
0.6888023056487027 0
0.6912711800741687 0
0.7337201122774427 0
0.7361343504777255 0
0.7685472910676602 0
0.7709068930427597 0
0.7985118458165725 0
0.8009260840168553 0
0.8265607179199989 0
0.8290295923454648 0
0.864700217861948 0
0.8672237285125971 0
0.9085935952685029 0
0.9110624696939689 0
0.9516469407128662 0
0.9540611789131489 0
0.9846028287905588 0
0.9869624307656584 0
