0.027533242728259903 0
0.03726873510309173 0
0.06609275865130478 0
0.0757053195194744 0
0.08544081189430622 0
0.1147429024128723 0
0.12435546328104191 0
0.13396802414921152 0
0.14370351652404337 0
0.17348367401296244 0
0.18309623488113205 0
0.1927087957493017 0
0.2023213566174713 0
0.21205684899230312 0
0.23739098365693914 0
0.24700354452510875 0
0.2566161053932784 0
0.266228666261448 0
0.3020836890379244 0
0.311696249906094 0
0.3213088107742636 0
0.3566721075240912 0
0.36628466839226076 0
0.4090272703058946 0
0.41863983117406417 0
0.428375323548896 0
0.4576774140674621 0
0.4672899749356317 0
0.4769025358038013 0
0.48663802817863316 0
0.5164181856675523 0
0.5260307465357218 0
0.5356433074038914 0
0.5452558682720611 0
0.5549913606468929 0
0.5805850173811491 0
0.5901975782493187 0
0.5998101391174884 0
0.609422699985658 0
0.6480812440668474 0
0.6576938049350171 0
0.6673063658031867 0
0.7051692698551457 0
0.7147818307233154 0
0.7496670605027899 0
0.8145817255485819 0
0.8429276821264419 0
0.8526631745012737 0
0.8814871980494867 0
0.8910997589176564 0
0.9008352512924882 0
0.9249605594749459 0
0.9345731203431155 0
0.9675938889382133 0
