0.016356719914221128 0
0.027017613353093436 0
0.036753105727925256 0
0.054916235837266 0
0.06557712927613832 0
0.07518969014430793 0
0.08492518251913975 0
0.10356637959883351 0
0.11422727303770583 0
0.12383983390587544 0
0.13345239477404505 0
0.1431878871488769 0
0.16230715119892367 0
0.17296804463779597 0
0.18258060550596558 0
0.19219316637413522 0
0.20180572724230483 0
0.21154121961713665 0
0.22621446084290037 0
0.23687535428177267 0
0.24648791514994228 0
0.2561004760181119 0
0.2657130368862815 0
0.29090716622388557 0
0.3015680596627579 0
0.31118062053092754 0
0.3207931813990971 0
0.3454955847100524 0
0.3561564781489247 0
0.3657690390170943 0
0.3978507474918558 0
0.4085116409307281 0
0.4181242017988977 0
0.42785969417372954 0
0.4465008912534233 0
0.4571617846922956 0
0.4667743455604652 0
0.47638690642863485 0
0.4861223988034667 0
0.5052416628535135 0
0.5159025562923858 0
0.5255151171605553 0
0.535127678028725 0
0.5447402388968946 0
0.5544757312717264 0
0.5694084945671104 0
0.5800693880059826 0
0.5896819488741523 0
0.5992945097423219 0
0.6089070706104915 0
0.6369047212528086 0
0.647565614691681 0
0.6571781755598506 0
0.6667907364280202 0
0.6939927470411069 0
0.7046536404799792 0
0.7142662013481489 0
0.7384905376887511 0
0.7491514311276234 0
0.8032822712278809 0
0.8140660961734154 0
0.8317511593124031 0
0.8424120527512754 0
0.8521475451261072 0
0.870310675235448 0
0.8809715686743202 0
0.8905841295424899 0
0.9003196219173217 0
0.9137840366609071 0
0.9244449300997795 0
0.934057490967949 0
0.9564173661241745 0
0.9670782595630468 0
