0.0182963059082248 1
0.02790886677639442 2
0.05685582183126968 2
0.06646838269943929 2
0.07608094356760892 3
0.10550596559283719 3
0.11511852646100681 3
0.12473108732917643 3
0.13434364819734604 4
0.16424673719292734 4
0.17385929806109696 4
0.18347185892926657 4
0.1930844197974362 4
0.20269698066560582 5
0.22815404683690405 5
0.23776660770507366 5
0.24737916857324327 5
0.2569917294414129 5
0.29284675221788925 5
0.3024593130860589 5
0.31207187395422853 5
0.34743517070405605 5
0.3570477315722257 5
0.39979033348585946 5
0.4094028943540291 5
0.4190154552221987 6
0.44844047724742697 6
0.4580530381155966 6
0.4676655989837662 6
0.47727815985193583 7
0.5071812488475171 7
0.5167938097156868 7
0.5264063705838563 7
0.536018931452026 7
0.5456314923201956 8
0.5713480805611141 8
0.5809606414292836 8
0.5905732022974532 8
0.6001857631656229 8
0.6388443072468123 8
0.6484568681149819 8
0.6580694289831516 8
0.6959323330351106 8
0.7055448939032802 8
0.7404301236827547 8
0.8052218572218846 9
0.8336907453064067 9
0.8433033061745764 10
0.8722502612294517 10
0.8818628220976212 10
0.8914753829657909 11
0.9157236226549108 11
0.9253361835230803 11
0.9583569521181782 11
