0.003687945199866141 0
0.018972429194866927 0
0.028584990063036546 0
0.04177963844477985 0
0.057531945117911806 0
0.06714450598608142 0
0.07675706685425104 0
0.0899619595282162 0
0.10618208887947932 0
0.11579464974764893 0
0.12540721061581855 0
0.13501977148398817 0
0.14823490845017517 0
0.16492286047956947 0
0.17453542134773908 0
0.1841479822159087 0
0.1937605430840783 0
0.20337310395224795 0
0.22883017012354617 0
0.23844273099171578 0
0.2480552918598854 0
0.25766785272805504 0
0.2935228755045314 0
0.303135436372701 0
0.3127479972408706 0
0.3481112939906982 0
0.3577238548588678 0
0.38471415009936966 0
0.4004664567725016 0
0.41007901764067123 0
0.4196915785088408 0
0.432896471182806 0
0.4491166005340691 0
0.45872916140223874 0
0.4683417222704083 0
0.47795428313857796 0
0.49116942010476494 0
0.5078573721341593 0
0.5174699330023289 0
0.5270824938704984 0
0.5366950547386681 0
0.5463076156068377 0
0.5720242038477562 0
0.5816367647159257 0
0.5912493255840954 0
0.600861886452265 0
0.6395204305334544 0
0.6491329914016241 0
0.6587455522697937 0
0.6966084563217527 0
0.7062210171899224 0
0.7411062469693969 0
0.791081319191657 0
0.8058979805085267 0
0.8190823845980482 0
0.8343668685930489 0
0.8439794294612185 0
0.8571740778429618 0
0.8729263845160938 0
0.8825389453842634 0
0.892151506252433 0
0.9163997459415529 0
0.9260123068097225 0
0.9590330754048203 0
