0.003035725261741666 1
0.010466251886657152 1
0.012935126312123095 1
0.018439725999330706 2
0.028052286867500324 3
0.041127418506655376 4
0.04860575182860616 4
0.05112926247925531 4
0.056999241922375585 5
0.0666118027905452 6
0.07622436365871482 7
0.08930973959009172 8
0.09683587960907782 8
0.09941402648491016 8
0.1056493856839431 9
0.11526194655211272 10
0.12487450742028233 11
0.13448706828845194 12
0.1475826885120507 13
0.1551566352280721 13
0.15778941832908763 13
0.16439015728403325 14
0.17400271815220286 15
0.18361527902037247 16
0.1932278398885421 17
0.20284040075671173 18
0.21948396085314464 18
0.222062107728977 18
0.22829746692800995 19
0.23791002779617956 20
0.24752258866434917 21
0.2571351495325188 22
0.28459668221522577 22
0.2871201928658749 22
0.29299017230899516 23
0.3026027331771648 24
0.31221529404533443 25
0.3396051166824884 25
0.34207399110795433 25
0.34757859079516196 26
0.3571911516633316 27
0.3840619301612452 28
0.3915402634831959 28
0.3940637741338451 28
0.39993375357696537 29
0.409546314445135 30
0.4191588753133046 31
0.4322442512446815 32
0.43977039126366757 32
0.4423485381394999 32
0.4485838973385329 33
0.4581964582067025 34
0.4678090190748721 35
0.47742157994304174 36
0.49051720016664047 37
0.4980911468826619 37
0.5007239299836774 37
0.507324668938623 38
0.5169372298067927 39
0.5265497906749622 40
0.5361623515431319 41
0.5457749124113015 42
0.5626779945773547 42
0.565256141453187 42
0.57149150065222 43
0.5811040615203895 44
0.5907166223885592 45
0.6003291832567288 46
0.6305942372441488 46
0.6331177478947979 46
0.6389877273379182 47
0.6486002882060878 48
0.6582128490742575 49
0.6881022790135429 49
0.6905711534390089 49
0.6960757531262165 50
0.7056883139943861 51
0.7330200856422829 51
0.7354343238425657 51
0.7405735437738606 52
0.7678472644325004 52
0.7702068664075999 52
0.7904290992535326 53
0.7978118191814128 53
0.8002260573816955 53
0.8053652773129905 54
0.8184301646599237 55
0.8258606912848391 55
0.828329565710305 55
0.8338341653975126 56
0.8434467262656823 57
0.8565218579048374 58
0.8640001912267882 58
0.8665237018774373 58
0.8723936813205576 59
0.8820062421887271 60
0.8916188030568968 61
0.9078935686333431 61
0.9103624430588091 61
0.9158670427460167 62
0.9254796036141862 63
0.9509469140777064 63
0.9533611522779891 63
0.9585003722092841 64
0.983902802155399 64
0.9862624041304986 64
