0.0030493843180374666 1
0.010479910942952952 1
0.012948785368418895 1
0.018453385055626506 2
0.028065945923796125 3
0.04114107756295118 4
0.04861941088490196 4
0.05114292153555111 4
0.057012900978671385 5
0.066625461846841 6
0.07623802271501062 7
0.08932339864638753 8
0.09684953866537362 8
0.09942768554120596 8
0.1056630447402389 9
0.11527560560840852 10
0.12488816647657813 11
0.13450072734474774 12
0.1475963475683465 13
0.1551702942843679 13
0.15780307738538343 13
0.16440381634032905 14
0.17401637720849866 15
0.18362893807666827 16
0.19324149894483791 17
0.20285405981300753 18
0.21949761990944044 18
0.2220757667852728 18
0.22831112598430575 19
0.23792368685247536 20
0.24753624772064498 21
0.2571488085888146 22
0.28461034127152157 22
0.2871338519221707 22
0.29300383136529096 23
0.3026163922334606 24
0.31222895310163024 25
0.3396187757387842 25
0.34208765016425013 25
0.34759224985145776 26
0.3572048107196274 27
0.384075589217541 28
0.39155392253949173 28
0.3940774331901409 28
0.39994741263326117 29
0.4095599735014308 30
0.4191725343696004 31
0.4322579103009773 32
0.43978405031996337 32
0.4423621971957957 32
0.4485975563948287 33
0.4582101172629983 34
0.4678226781311679 35
0.47743523899933754 36
0.49053085922293627 37
0.4981048059389577 37
0.5007375890399732 37
0.5073383279949188 38
0.5169508888630885 39
0.526563449731258 40
0.5361760105994277 41
0.5457885714675973 42
0.5626916536336505 42
0.5652698005094828 42
0.5715051597085158 43
0.5811177205766853 44
0.590730281444855 45
0.6003428423130246 46
0.6306078963004446 46
0.6331314069510937 46
0.639001386394214 47
0.6486139472623836 48
0.6582265081305533 49
0.6881159380698387 49
0.6905848124953047 49
0.6960894121825123 50
0.7057019730506819 51
0.7330337446985787 51
0.7354479828988615 51
0.7405872028301564 52
0.7678609234887962 52
0.7702205254638957 52
0.7904427583098284 53
0.7978254782377086 53
0.8002397164379913 53
0.8053789363692863 54
0.8184438237162195 55
0.8258743503411349 55
0.8283432247666008 55
0.8338478244538085 56
0.8434603853219781 57
0.8565355169611332 58
0.864013850283084 58
0.8665373609337331 58
0.8724073403768534 59
0.8820199012450229 60
0.8916324621131926 61
0.9079072276896389 61
0.9103761021151049 61
0.9158807018023125 62
0.925493262670482 63
0.9509605731340022 63
0.9533748113342849 63
0.9585140312655799 64
0.9839164612116948 64
0.9862760631867944 64
