0.024627278501328342 1
0.034362770876160166 2
0.06318679442437322 3
0.07279935529254283 4
0.08253484766737466 5
0.11183693818594073 6
0.12144949905411036 7
0.13106205992227998 8
0.1407975522971118 9
0.17057770978603087 10
0.1801902706542005 11
0.18980283152237012 12
0.19941539239053974 13
0.20915088476537155 14
0.23448501943000757 15
0.24409758029817719 16
0.2537101411663468 17
0.2633227020345164 18
0.2991777248109928 19
0.30879028567916245 20
0.31840284654733203 21
0.3537661432971596 22
0.3633787041653292 23
0.406121306078963 24
0.4157338669471326 25
0.42546935932196445 26
0.45477144984053053 27
0.4643840107087001 28
0.47399657157686975 29
0.4837320639517016 30
0.5135122214406207 31
0.5231247823087903 32
0.5327373431769599 33
0.5423499040451295 34
0.5520853964199613 35
0.5776790531542175 36
0.5872916140223872 37
0.5969041748905568 38
0.6065167357587264 39
0.6451752798399158 40
0.6547878407080855 41
0.6644004015762551 42
0.7022633056282142 43
0.7118758664963838 44
0.7467610962758583 45
0.8116757613216503 46
0.8400217178995103 47
0.8497572102743421 48
0.8785812338225552 49
0.8881937946907248 50
0.8979292870655566 51
0.9220545952480144 52
0.9316671561161839 53
0.9646879247112817 54
