0.024763869064286348 1
0.03449936143911817 2
0.06332338498733123 3
0.07293594585550084 4
0.08267143823033267 5
0.11197352874889874 6
0.12158608961706836 7
0.131198650485238 8
0.1409341428600698 9
0.17071430034898888 10
0.18032686121715852 11
0.18993942208532813 12
0.19955198295349774 13
0.20928747532832956 14
0.23462160999296558 15
0.2442341708611352 16
0.25384673172930483 17
0.2634592925974744 18
0.2993143153739508 19
0.30892687624212045 20
0.31853943711029004 21
0.3539027338601176 22
0.3635152947282872 23
0.406257896641921 24
0.4158704575100906 25
0.42560594988492245 26
0.45490804040348853 27
0.4645206012716581 28
0.47413316213982776 29
0.4838686545146596 30
0.5136488120035787 31
0.5232613728717483 32
0.5328739337399179 33
0.5424864946080875 34
0.5522219869829194 35
0.5778156437171755 36
0.5874282045853452 37
0.5970407654535148 38
0.6066533263216844 39
0.6453118704028739 40
0.6549244312710435 41
0.6645369921392131 42
0.7023998961911722 43
0.7120124570593418 44
0.7468976868388163 45
0.8118123518846083 46
0.8401583084624683 47
0.8498938008373002 48
0.8787178243855132 49
0.8883303852536828 50
0.8980658776285146 51
0.9221911858109724 52
0.9318037466791419 53
0.9648245152742397 54
