0.022834527362504523 1
0.0235004063569248 1
0.025474139991667977 1
0.0261366042220143 1
0.03257001973733635 2
0.03323589873175662 2
0.0352096323664998 2
0.03587209659684613 2
0.0613940432855494 3
0.062059922279969676 3
0.06403365591471286 3
0.06469612014505918 3
0.07100660415371902 4
0.0716724831481393 4
0.07364621678288247 4
0.0743086810132288 4
0.08074209652855084 5
0.08140797552297112 5
0.0833817091577143 5
0.08404417338806063 5
0.11004418704711691 6
0.11071006604153719 6
0.11268379967628037 6
0.11334626390662669 6
0.11965674791528653 7
0.12032262690970681 7
0.12229636054444998 7
0.1229588247747963 7
0.12926930878345616 8
0.12993518777787644 8
0.1319089214126196 8
0.13257138564296592 8
0.13900480115828798 9
0.13967068015270825 9
0.14164441378745143 9
0.14230687801779776 9
0.16878495864720705 10
0.16945083764162733 10
0.1714245712763705 10
0.17208703550671683 10
0.1783975195153767 11
0.17906339850979697 11
0.18103713214454015 11
0.18169959637488645 11
0.1880100803835463 12
0.18867595937796658 12
0.19064969301270976 12
0.19131215724305609 12
0.1976226412517159 13
0.1982885202461362 13
0.20026225388087937 13
0.2009247181112257 13
0.20735813362654773 14
0.208024012620968 14
0.2099977462557112 14
0.21066021048605751 14
0.23269226829118375 15
0.23335814728560403 15
0.2353318809203472 15
0.23599434515069354 15
0.2423048291593534 16
0.24297070815377367 16
0.24494444178851682 16
0.24560690601886315 16
0.251917390027523 17
0.2525832690219433 17
0.25455700265668646 17
0.2552194668870328 17
0.26152995089569264 18
0.2621958298901129 18
0.26416956352485604 18
0.26483202775520237 18
0.297384973672169 19
0.29805085266658926 19
0.30002458630133244 19
0.30068705053167877 19
0.3069975345403386 20
0.3076634135347589 20
0.3096371471695021 20
0.3102996113998484 20
0.3166100954085082 21
0.3172759744029285 21
0.31924970803767166 21
0.319912172268018 21
0.3519733921583358 22
0.35263927115275606 22
0.35461300478749924 22
0.35527546901784557 22
0.3615859530265054 23
0.3622518320209257 23
0.3642255656556688 23
0.36488802988601515 23
0.4043285549401392 24
0.4049944339345595 24
0.40696816756930265 24
0.407630631799649 24
0.4139411158083088 25
0.41460699480272906 25
0.41658072843747224 25
0.41724319266781856 25
0.4236766081831406 26
0.4243424871775609 26
0.4263162208123041 26
0.4269786850426504 26
0.4529786987017067 27
0.453644577696127 27
0.45561831133087016 27
0.4562807755612165 27
0.4625912595698763 28
0.46325713856429657 28
0.46523087219903975 28
0.4658933364293861 28
0.47220382043804593 29
0.4728696994324662 29
0.4748434330672094 29
0.4755058972975557 29
0.4819393128128778 30
0.48260519180729805 30
0.48457892544204123 30
0.48524138967238756 30
0.5117194703017969 31
0.5123853492962172 31
0.5143590829309603 31
0.5150215471613067 31
0.5213320311699665 32
0.5219979101643868 32
0.52397164379913 32
0.5246341080294763 32
0.530944592038136 33
0.5316104710325563 33
0.5335842046672995 33
0.5342466688976458 33
0.5405571529063057 34
0.541223031900726 34
0.5431967655354691 34
0.5438592297658155 34
0.5502926452811375 35
0.5509585242755578 35
0.552932257910301 35
0.5535947221406473 35
0.5758863020153937 36
0.576552181009814 36
0.5785259146445572 36
0.5791883788749035 36
0.5854988628835633 37
0.5861647418779836 37
0.5881384755127268 37
0.5888009397430731 37
0.595111423751733 38
0.5957773027461533 38
0.5977510363808964 38
0.5984135006112428 38
0.6047239846199026 39
0.6053898636143229 39
0.6073635972490661 39
0.6080260614794124 39
0.643382528701092 40
0.6440484076955123 40
0.6460221413302555 40
0.6466846055606018 40
0.6529950895692617 41
0.6536609685636819 41
0.6556347021984251 41
0.6562971664287715 41
0.6626076504374313 42
0.6632735294318516 42
0.6652472630665948 42
0.6659097272969411 42
0.7004705544893903 43
0.7011364334838106 43
0.7031101671185538 43
0.7037726313489001 43
0.71008311535756 44
0.7107489943519802 44
0.7127227279867234 44
0.7133851922170698 44
0.7449683451370345 45
0.7456342241314547 45
0.7476079577661979 45
0.7482704219965443 45
0.8098830101828265 46
0.8105488891772468 46
0.81252262281199 46
0.8131850870423363 46
0.8382289667606865 47
0.8388948457551068 47
0.8408685793898499 47
0.8415310436201963 47
0.8479644591355183 48
0.8486303381299386 48
0.8506040717646818 48
0.8512665359950281 48
0.8767884826837313 49
0.8774543616781516 49
0.8794280953128948 49
0.8800905595432411 49
0.886401043551901 50
0.8870669225463212 50
0.8890406561810644 50
0.8897031204114108 50
0.8961365359267328 51
0.8968024149211531 51
0.8987761485558963 51
0.8994386127862426 51
0.9202618441091905 52
0.9209277231036108 52
0.922901456738354 52
0.9235639209687003 52
0.9298744049773601 53
0.9305402839717803 53
0.9325140176065235 53
0.9331764818368699 53
0.9628951735724579 54
0.9635610525668782 54
0.9655347862016214 54
0.9661972504319677 54
