0.003295247331361876 1
0.01072577395627736 2
0.013194648381743305 2
0.018699248068950916 3
0.028311808937120535 3
0.04138694057627559 3
0.04886527389822637 3
0.05138878454887552 3
0.057258763991995795 3
0.06687132486016541 3
0.07648388572833503 3
0.08956926165971194 3
0.09709540167869801 3
0.09967354855453037 3
0.1059089077535633 3
0.11552146862173293 3
0.12513402948990254 3
0.13474659035807215 3
0.1478422105816709 3
0.15541615729769231 3
0.15804894039870784 3
0.16464967935365346 3
0.17426224022182307 3
0.18387480108999268 3
0.19348736195816232 3
0.20309992282633194 3
0.21974348292276485 3
0.2223216297985972 3
0.22855698899763016 3
0.23816954986579977 3
0.24778211073396939 3
0.257394671602139 3
0.284856204284846 3
0.28737971493549513 3
0.29324969437861537 3
0.302862255246785 3
0.31247481611495465 3
0.3398646387521086 3
0.34233351317757454 3
0.34783811286478217 3
0.3574506737329518 3
0.3843214522308654 3
0.39179978555281614 3
0.3943232962034653 3
0.4001932756465856 3
0.4098058365147552 3
0.4194183973829248 3
0.43250377331430173 3
0.4400299133332878 3
0.44260806020912014 3
0.4488434194081531 3
0.4584559802763227 3
0.4680685411444923 3
0.47768110201266195 3
0.4907767222362607 3
0.4983506689522821 3
0.5009834520532976 3
0.5075841910082433 3
0.5171967518764129 3
0.5268093127445824 3
0.5364218736127521 3
0.5460344344809217 3
0.5629375166469749 3
0.5655156635228072 3
0.5717510227218402 3
0.5813635835900097 3
0.5909761444581794 3
0.600588705326349 3
0.630853759313769 3
0.6333772699644181 3
0.6392472494075384 3
0.648859810275708 3
0.6584723711438777 3
0.6883618010831631 3
0.6908306755086291 3
0.6963352751958367 3
0.7059478360640064 3
0.7332796077119031 3
0.7356938459121859 3
0.7408330658434809 3
0.7681067865021206 3
0.7704663884772202 3
0.7906886213231528 3
0.798071341251033 3
0.8004855794513157 3
0.8056247993826107 3
0.8186896867295439 3
0.8261202133544593 3
0.8285890877799252 3
0.8340936874671329 3
0.8437062483353025 3
0.8567813799744576 3
0.8642597132964084 3
0.8667832239470575 3
0.8726532033901778 3
0.8822657642583474 3
0.891878325126517 3
0.9081530907029634 3
0.9106219651284293 3
0.9161265648156369 3
0.9257391256838065 3
0.9512064361473266 3
0.9536206743476093 3
0.9587598942789043 3
0.9841623242250193 3
0.9865219262001188 3
