0.011948259494751508 0
0.014417133920217453 0
0.019791972572614957 1
0.029404533440784576 2
0.029896259467433395 3
0.030500672708522567 4
0.05008775943670052 4
0.052611270087349664 4
0.05835148849565983 5
0.06796404936382945 6
0.07757661023199908 7
0.0780683362586479 8
0.07867274949973706 9
0.09831788721717216 9
0.10089603409300452 9
0.10700163225722735 10
0.11661419312539696 11
0.1262267539935666 12
0.1358393148617362 13
0.13633104088838502 14
0.1369354541294742 15
0.15663864283616644 15
0.159271425937182 15
0.1657424038573175 16
0.17535496472548712 17
0.18496752559365673 18
0.19458008646182634 19
0.20419264732999598 20
0.2046843733566448 21
0.20528878659773397 22
0.2154681983021793 23
0.220965968461239 23
0.22354411533707136 23
0.2296497135012942 24
0.23926227436946382 25
0.24887483523763343 26
0.25848739610580307 27
0.28065945923796126 28
0.28607868982332013 28
0.28860220047396923 28
0.2943424188822794 29
0.30395497975044905 30
0.31356754061861863 31
0.33571570040225923 32
0.34108712429058274 32
0.3435559987160487 32
0.3489308373684462 33
0.35854339823661585 34
0.3930222710912903 34
0.39554578174193944 34
0.4012860001502496 35
0.41089856101841926 36
0.42051112188658885 37
0.42100284791323767 38
0.42160726115432684 39
0.44125239887176193 39
0.4438305457475943 39
0.44993614391181713 40
0.45954870477998677 41
0.46916126564815636 42
0.478773826516326 43
0.4792655525429748 44
0.479869965784064 45
0.49957315449075623 45
0.5022059375917718 45
0.5086769155119073 46
0.5182894763800769 47
0.5279020372482465 48
0.5375145981164161 49
0.5471271589845857 50
0.5476188850112346 51
0.5482232982523237 52
0.5583856361363994 53
0.564160002185449 53
0.5667381490612814 53
0.5728437472255042 54
0.5824563080936738 55
0.5920688689618434 56
0.601681429830013 57
0.6263496855002287 58
0.6320762448522431 58
0.6345997555028923 58
0.6403399739112025 59
0.6499525347793721 60
0.6595650956475417 61
0.6842128627333137 62
0.6895842866216373 62
0.6920531610471032 62
0.6974279996995008 63
0.7070405605676704 64
0.729178476059089 65
0.7345020932503773 65
0.73691633145066 65
0.7419257903471449 66
0.7640534615463418 67
0.7693292720405948 67
0.7716888740156943 67
0.7992938267895071 67
0.8017080649897899 67
0.8067175238862747 68
0.8072092499129235 69
0.8078136631540127 70
0.8273426988929334 70
0.8298115733183994 70
0.8351864119707969 71
0.8447989728389665 72
0.8452906988656154 73
0.8458951121067045 74
0.8654821988348825 74
0.8680057094855317 74
0.8737459278938419 75
0.8833584887620114 76
0.892971049630181 77
0.8934627756568299 78
0.894067188897919 79
0.9042090381975509 80
0.9093755762414375 80
0.9118444506669034 80
0.917219289319301 81
0.9268318501874705 82
0.9473101903389495 83
0.9524289216858007 83
0.9548431598860835 83
0.9598526187825683 84
0.9803138851136775 85
0.9853848097634934 85
0.987744411738593 85
