0.00040635692480006554 0
0.000628316589606824 0
0.0008161286136740812 0
0.0018610464203028213 0
0.0020830060851095796 0
0.002270818109176837 0
0.0169952807960498 0
0.017319683383075064 0
0.017527983991586022 0
0.01772945507194908 0
0.03849805016971378 0
0.038720009834520536 0
0.03890782185858779 0
0.03995273966521653 0
0.04017469933002329 0
0.040362511354090545 0
0.055554796719094676 0
0.05587919930611994 0
0.0560874999146309 0
0.056288970994993956 0
0.08668037125315012 0
0.08690233091795688 0
0.08709014294202413 0
0.08813506074865288 0
0.08835702041345964 0
0.0885448324375269 0
0.10420494048066219 0
0.10452934306768745 0
0.10473764367619841 0
0.10493911475656147 0
0.1449533201751091 0
0.14517527983991585 0
0.1453630918639831 0
0.14640800967061185 0
0.1466299693354186 0
0.14681778135948587 0
0.16294571208075234 0
0.1632701146677776 0
0.16347841527628856 0
0.16367988635665162 0
0.21334080028410837 0
0.21357641900521093 0
0.2137642310292782 0
0.2140920483803774 0
0.21431400804518416 0
0.21450182006925142 0
0.22685302172472904 0
0.2271774243117543 0
0.22738572492026526 0
0.22758719600062832 0
0.26998490674279313 0
0.27036053079092764 0
0.2707190810186924 0
0.2759812324566496 0
0.2761929478292345 0
0.2764046632018194 0
0.27673589531699255 0
0.27694761068957746 0
0.27715932606216237 0
0.2776305635043675 0
0.2778422788769524 0
0.2780539942495373 0
0.2785491350402601 0
0.27878475376136264 0
0.2789725657854299 0
0.2793003831365291 0
0.27952234280133587 0
0.2797101548254031 0
0.29154572710571425 0
0.2918701296927395 0
0.29207843030125047 0
0.2922799013816135 0
0.32506505125560875 0
0.32544067530374327 0
0.32579922553150803 0
0.33103747362094754 0
0.33124918899353245 0
0.33146090436611736 0
0.3317921364812905 0
0.33200385185387543 0
0.33221556722646034 0
0.33268680466866546 0
0.33289852004125037 0
0.3331102354138353 0
0.33360537620455805 0
0.3338409949256606 0
0.33402880694972786 0
0.3343566243008271 0
0.33457858396563384 0
0.3347663959897011 0
0.34613414559188105 0
0.3464585481789063 0
0.34666684878741727 0
0.34686831986778033 0
0.3700409088736059 0
0.3704165329217404 0
0.3707750831495052 0
0.37600308694672285 0
0.37621480231930776 0
0.37642651769189267 0
0.37675774980706583 0
0.37696946517965074 0
0.37718118055223565 0
0.37765241799444077 0
0.3778641333670257 0
0.3780758487396106 0
0.3785470861818157 0
0.3787588015544006 0
0.3789466135784679 0
0.3792744309295671 0
0.379486146302152 0
0.37967395832621925 0
0.3801417810043504 0
0.38035349637693533 0
0.38056521174952024 0
0.38077692712210515 0
0.3809647391461724 0
0.3814325618243036 0
0.38165452148911033 0
0.3818423335131776 0
0.38288725131980633 0
0.3831092109846131 0
0.38329702300868035 0
0.39848930837368446 0
0.3988137109607097 0
0.3990220115692207 0
0.39922348264958374 0
0.4296148829077399 0
0.4298368425725467 0
0.43002465459661393 0
0.4310695724032427 0
0.43129153206804943 0
0.4314793440921167 0
0.44713945213525197 0
0.44746385472227723 0
0.4476721553307882 0
0.44787362641115125 0
0.48788783182969886 0
0.4881097914945056 0
0.4882976035185729 0
0.4893425213252016 0
0.4895644809900084 0
0.48975229301407563 0
0.5058802237353421 0
0.5062046263223674 0
0.5064129269308784 0
0.5066143980112414 0
0.5562753119386982 0
0.5565109306598007 0
0.556698742683868 0
0.5570265600349672 0
0.557248519699774 0
0.5574363317238412 0
0.5700470554489391 0
0.5703714580359643 0
0.5705797586444753 0
0.5707812297248384 0
0.6131789404670032 0
0.6135545645151377 0
0.6139131147429024 0
0.6216714587189172 0
0.6218831740915021 0
0.622094889464087 0
0.6224261215792601 0
0.622637836951845 0
0.62284955232443 0
0.6233207897666351 0
0.62353250513922 0
0.6237442205118049 0
0.6242393613025277 0
0.6244749800236302 0
0.6246627920476975 0
0.6249906093987967 0
0.6252125690636033 0
0.6254003810876706 0
0.6375432821346373 0
0.6378676847216626 0
0.6380759853301735 0
0.6382774564105366 0
0.6710626062845318 0
0.6714382303326664 0
0.6717967805604311 0
0.679534635952002 0
0.6797463513245869 0
0.6799580666971718 0
0.680289298812345 0
0.6805010141849299 0
0.6807127295575148 0
0.68118396699972 0
0.6813956823723049 0
0.6816073977448898 0
0.6821025385356125 0
0.6823381572567151 0
0.6825259692807824 0
0.6828537866318816 0
0.6830757462966883 0
0.6832635583207556 0
0.6946313079229356 0
0.6949557105099609 0
0.6951640111184718 0
0.6953654821988349 0
0.7185380712046605 0
0.718913695252795 0
0.7192722454805598 0
0.7245002492777775 0
0.7247119646503624 0
0.7249236800229473 0
0.7252549121381203 0
0.7254666275107052 0
0.7256783428832901 0
0.7261495803254953 0
0.7263612956980802 0
0.7265730110706651 0
0.7270681518613878 0
0.7273037705824904 0
0.7274915826065577 0
0.7278193999576569 0
0.7280413596224636 0
0.7282291716465309 0
0.7391290985705797 0
0.739453501157605 0
0.739661801766116 0
0.739863272846479 0
0.753423300984135 0
0.7537989250322695 0
0.7541574752600343 0
0.7593752347650301 0
0.759586950137615 0
0.7597986655101999 0
0.7601298976253731 0
0.760341612997958 0
0.7605533283705429 0
0.761024565812748 0
0.7612362811853329 0
0.7614479965579178 0
0.7619431373486406 0
0.7621787560697432 0
0.7623665680938104 0
0.7626943854449096 0
0.7629163451097164 0
0.7631041571337837 0
0.776428566550337 0
0.7768041905984715 0
0.7771627408262363 0
0.7823702560390102 0
0.7825819714115951 0
0.78279368678418 0
0.7831249188993532 0
0.7833366342719381 0
0.783548349644523 0
0.7840195870867281 0
0.784231302459313 0
0.784443017831898 0
0.7849142552741031 0
0.785125970646688 0
0.7853137826707552 0
0.7856416000218545 0
0.7858533153944394 0
0.7860411274185066 0
0.7865089500966378 0
0.7867206654692227 0
0.7869323808418076 0
0.7871440962143925 0
0.7873319082384598 0
0.787799730916591 0
0.7880216905813977 0
0.788209502605465 0
0.7892544204120937 0
0.7894763800769005 0
0.7896641921009677 0
0.8039208321097095 0
0.8042452346967348 0
0.8044535353052458 0
0.8046550063856088 0
0.8158007963229821 0
0.8160227559877888 0
0.8162105680118561 0
0.8172554858184848 0
0.8174774454832916 0
0.8176652575073589 0
0.8323897201942317 0
0.832714122781257 0
0.832922423389768 0
0.833123894470131 0
0.8538924895678958 0
0.8541144492327025 0
0.8543022612567698 0
0.8553471790633985 0
0.8555691387282053 0
0.8557569507522725 0
0.8709492361172767 0
0.871273638704302 0
0.8714819393128129 0
0.871683410393176 0
0.9020987139998498 0
0.9023343327209523 0
0.9025221447450196 0
0.9028499620961188 0
0.9030719217609255 0
0.9032597337849928 0
0.9144225975427358 0
0.9147470001297611 0
0.914955300738272 0
0.9151567718186351 0
0.9383293608244606 0
0.9387049848725951 0
0.9390635351003599 0
0.9426319635576378 0
0.9428436789302227 0
0.9430553943028076 0
0.9433866264179808 0
0.9435983417905657 0
0.9438100571631506 0
0.9442812946053557 0
0.9444930099779406 0
0.9447047253505255 0
0.9451998661412483 0
0.9454354848623509 0
0.9456232968864181 0
0.9459511142375173 0
0.9461730739023241 0
0.9463608859263913 0
0.9570559270060032 0
0.9573803295930284 0
0.9575886302015394 0
0.9577901012819025 0
0.9713501294195585 0
0.971725753467693 0
0.9720843036954577 0
0.9756356583323658 0
0.9758473737049507 0
0.9760590890775356 0
0.9763903211927087 0
0.9766020365652937 0
0.9768137519378786 0
0.9772849893800837 0
0.9774967047526686 0
0.9777084201252535 0
0.9782035609159763 0
0.9784391796370788 0
0.9786269916611461 0
0.9789548090122453 0
0.9791767686770521 0
0.9793645807011193 0
0.9924841042732357 0
0.9928597283213703 0
0.993218278549135 0
0.9967593888938213 0
0.9969711042664062 0
0.9971828196389911 0
0.9975140517541643 0
0.9977257671267492 0
0.9979374824993341 0
0.9984087199415392 0
0.9986204353141241 0
0.998832150686709 0
0.9993272914774318 0
0.9995390068500167 0
0.9997507222226016 0
0.9999385342466689 0
