0.009554509878912466 0
0.021878393421798488 0
0.03161388579663031 0
0.04764620312382618 0
0.06043790934484337 0
0.07005047021301299 0
0.0797859625878448 0
0.09582852420726252 0
0.10908805310641088 0
0.1187006139745805 0
0.12831317484275012 0
0.13804866721758194 0
0.1541014731292215 0
0.16782882470650104 0
0.17744138557467065 0
0.18705394644284026 0
0.19666650731100987 0
0.2064019996858417 0
0.21576528277661297 0
0.2167692234143543 0
0.21845270210281173 0
0.2317361343504777 0
0.24134869521864735 0
0.25096125608681696 0
0.2605738169549866 0
0.2809565437123949 0
0.2819502400579144 0
0.28361323016192813 0
0.29642883973146295 0
0.3060414005996326 0
0.31565396146780217 0
0.3360127848766929 0
0.3370064812222124 0
0.33866947132622605 0
0.35101725821762975 0
0.3606298190857994 0
0.39058071477841594 0
0.40337242099943316 0
0.41298498186760274 0
0.4227204742424346 0
0.4387630358618523 0
0.45202256476100067 0
0.4616351256291703 0
0.4712476864973399 0
0.48098317887217173 0
0.4970359847838113 0
0.5107633363610908 0
0.5203758972292605 0
0.52998845809743 0
0.5396010189655996 0
0.5493365113404315 0
0.558682720610833 0
0.5598300813396803 0
0.5616467358270217 0
0.5749301680746878 0
0.5845427289428573 0
0.5941552898110269 0
0.6037678506791966 0
0.6266467699746624 0
0.6277941307035096 0
0.6296107851908511 0
0.642426394760386 0
0.6520389556285556 0
0.6616515164967253 0
0.6845099472077474 0
0.6855036435532669 0
0.6871666336572806 0
0.6995144205486843 0
0.7091269814168539 0
0.7294755605335227 0
0.7304692568790422 0
0.7321322469830559 0
0.7440122111963284 0
0.7643505460207755 0
0.765344242366295 0
0.7670072324703087 0
0.7969478838707034 0
0.8089268762421205 0
0.8249489492770945 0
0.8372728328199804 0
0.8470083251948123 0
0.8630406425220082 0
0.8758323487430253 0
0.8854449096111949 0
0.8951804019860268 0
0.9045061226719846 0
0.9053973760952856 0
0.9069579232770808 0
0.9193057101684845 0
0.928918271036654 0
0.9476072748133831 0
0.9484985282366841 0
0.9500590754184793 0
0.9619390396317519 0
0.9806109695881111 0
0.9815022230114121 0
0.9830627701932073 0
