0.004616761027980577 1
0.005385082944619356 2
0.005706070767570668 3
0.006160234389406036 4
0.006460733627913647 5
0.00678172145086496 6
0.012153145339188515 6
0.01462201976465446 6
0.019918318843351112 7
0.0208983561325748 8
0.021338860698114366 9
0.02953087971152073 10
0.030633848507406622 11
0.03107435307294619 12
0.04270845427289428 13
0.043476776189533065 14
0.04379776401248438 15
0.044251927634319746 16
0.04455242687282736 17
0.04487341469577867 18
0.05029264528113753 18
0.05281615593178667 18
0.05847783476639599 19
0.05945787205561968 20
0.059898376621159245 21
0.0680903956345656 22
0.0690704329237893 23
0.06951093748932886 24
0.07770295650273523 25
0.07880592529862111 26
0.07924642986416068 27
0.09089077535633062 28
0.0916590972729694 29
0.09198008509592072 30
0.09243424871775609 31
0.0927347479562637 32
0.09305573577921501 33
0.09852277306160917 33
0.10110091993744152 33
0.1071279785279635 34
0.1081080158171872 35
0.10854852038272676 36
0.11674053939613312 37
0.1177205766853568 38
0.11816108125089637 39
0.12635310026430274 40
0.12733313755352643 41
0.127773642119066 42
0.13596566113247235 43
0.13706862992835825 44
0.13750913449389782 45
0.1491637242782896 46
0.1499320461949284 47
0.1502530340178797 48
0.15070719763971507 49
0.15100769687822269 50
0.151328684701174 51
0.15684352868060344 51
0.159476311781619 51
0.16586875012805366 52
0.16684878741727735 53
0.16728929198281692 54
0.17548131099622327 55
0.17646134828544696 56
0.17690185285098653 57
0.18509387186439288 58
0.18607390915361657 59
0.18651441371915614 60
0.1947064327325625 61
0.19568647002178619 62
0.19612697458732575 63
0.20431899360073214 64
0.20542196239661803 65
0.2058624669621576 66
0.221170854305676 66
0.22374900118150837 66
0.22977605977203036 67
0.23075609706125405 68
0.23119660162679362 69
0.23938862064019997 70
0.24036865792942366 71
0.24080916249496323 72
0.24900118150836958 73
0.24998121879759327 74
0.25042172336313284 75
0.2586137423765392 76
0.2595937796657629 77
0.2600342842313025 78
0.28628357566775714 78
0.28880708631840624 78
0.29446876515301557 79
0.29544880244223926 80
0.2958893070077788 81
0.3040813260211852 82
0.3050613633104089 83
0.30550186787594846 84
0.3136938868893548 85
0.3146739241785785 86
0.31511442874411805 87
0.34129201013501975 87
0.3437608845604857 87
0.34905718363918237 88
0.35003722092840606 89
0.3504777254939456 90
0.358669744507352 91
0.3596497817965757 92
0.36009028636211526 93
0.3856429659274841 94
0.3864112878441229 95
0.3867322756670742 96
0.38718643928890956 97
0.38748693852741717 98
0.3878079263503684 99
0.3932271569357273 99
0.39575066758637645 99
0.4014123464209858 100
0.40239238371020947 101
0.40283288827574903 102
0.4110249072891554 103
0.4120049445783791 104
0.4124454491439187 105
0.420637468157325 106
0.4217404369532109 107
0.42218094151875046 108
0.43382528701092044 109
0.4345936089275592 110
0.43491459675051053 111
0.4353687603723459 112
0.4356692596108535 113
0.4359902474338048 114
0.44145728471619894 114
0.4440354315920313 114
0.4500624901825533 115
0.451042527471777 116
0.45148303203731655 117
0.4596750510507229 118
0.4606550883399466 119
0.4610955929054862 120
0.4692876119188925 121
0.4702676492081162 122
0.47070815377365577 123
0.47890017278706215 124
0.48000314158294805 125
0.4804436461484876 126
0.4920982359328794 127
0.49286655784951816 128
0.4931875456724695 129
0.49364170929430484 130
0.49394220853281245 131
0.49426319635576377 132
0.49977804033519324 132
0.5024108234362088 132
0.5088032617826435 133
0.5097832990718671 134
0.5102238036374067 135
0.5184158226508131 136
0.5193958599400368 137
0.5198363645055764 138
0.5280283835189826 139
0.5290084208082063 140
0.5294489253737459 141
0.5376409443871523 142
0.538620981676376 143
0.5390614862419155 144
0.5472535052553219 145
0.5483564740512078 146
0.5487969786167474 147
0.564364888029886 147
0.5669430349057184 147
0.5729700934962404 148
0.5739501307854641 149
0.5743906353510037 150
0.5825826543644099 151
0.5835626916536336 152
0.5840031962191732 153
0.5921952152325796 154
0.5931752525218033 155
0.5936157570873428 156
0.6018077761007492 157
0.6027878133899729 158
0.6032283179555125 159
0.6322811306966801 159
0.6348046413473293 159
0.6404663201819386 160
0.6414463574711623 161
0.6418868620367019 162
0.6500788810501082 163
0.6510589183393319 164
0.6514994229048715 165
0.6596914419182779 166
0.6606714792075016 167
0.6611119837730411 168
0.6897891724660743 168
0.6922580468915402 168
0.6975543459702369 169
0.6985343832594606 170
0.6989748878250002 171
0.7071669068384066 172
0.7081469441276302 173
0.7085874486931698 174
0.7347069790948143 174
0.737121217295097 174
0.742052136617881 175
0.7430321739071047 176
0.7434726784726443 177
0.7695341578850318 177
0.7718937598601313 177
0.7920101350197715 178
0.7927784569364102 179
0.7930994447593616 180
0.7935536083811969 181
0.7938541076197045 182
0.7941750954426559 183
0.7994987126339441 183
0.8019129508342269 183
0.8068438701570109 184
0.8079468389528968 185
0.8083873435184363 186
0.8200112004261626 187
0.8207795223428014 188
0.8211005101657527 189
0.8215546737875881 190
0.8218551730260957 191
0.822176160849047 192
0.8275475847373704 192
0.8300164591628364 192
0.8353127582415331 193
0.8362927955307567 194
0.8367333000962963 195
0.8449253191097027 196
0.8460282879055886 197
0.8464687924711282 198
0.8581028936710763 199
0.8588712155877151 200
0.8591922034106664 201
0.8596463670325017 202
0.8599468662710094 203
0.8602678540939607 204
0.8656870846793195 204
0.8682105953299687 204
0.873872274164578 205
0.8748523114538017 206
0.8752928160193412 207
0.8834848350327476 208
0.8844648723219712 209
0.8849053768875108 210
0.8930973959009172 211
0.8942003646968031 212
0.8946408692623427 213
0.9095804620858745 213
0.9120493365113405 213
0.9173456355900371 214
0.9183256728792608 215
0.9187661774448004 216
0.9269581964582067 217
0.9279382337474303 218
0.9283787383129699 219
0.9526338075302377 219
0.9550480457305205 219
0.9599789650533045 220
0.9609590023425282 221
0.9613995069080677 222
0.9855896956079304 222
0.98794929758303 222
