0.022298409402894355 1
0.03203390177772618 2
0.060857925325939234 3
0.07047048619410885 4
0.08020597856894067 5
0.10950806908750674 6
0.11912062995567636 7
0.128733190823846 8
0.1384686831986778 9
0.1682488406875969 10
0.17786140155576652 11
0.18747396242393613 12
0.19708652329210574 13
0.20682201566693756 14
0.23215615033157358 15
0.24176871119974322 16
0.25138127206791283 17
0.26099383293608247 18
0.2968488557125588 19
0.30646141658072845 20
0.31607397744889804 21
0.3514372741987256 22
0.36104983506689525 23
0.403792436980529 24
0.4134049978486986 25
0.42314049022353045 26
0.45244258074209653 27
0.4620551416102662 28
0.47166770247843576 29
0.4814031948532676 30
0.5111833523421867 31
0.5207959132103563 32
0.5304084740785259 33
0.5400210349466955 34
0.5497565273215274 35
0.5753501840557835 36
0.5849627449239532 37
0.5945753057921228 38
0.6041878666602924 39
0.6428464107414819 40
0.6524589716096515 41
0.6620715324778211 42
0.6999344365297802 43
0.7095469973979498 44
0.7444322271774243 45
0.8093468922232163 46
0.8376928488010763 47
0.8474283411759082 48
0.8762523647241212 49
0.8858649255922908 50
0.8956004179671226 51
0.9197257261495804 52
0.9293382870177499 53
0.9623590556128477 54
