0.022855015946948224 0
0.0235208949413685 0
0.025494628576111678 0
0.026157092806458 0
0.03259050832178005 0
0.03325638731620032 0
0.0352301209509435 0
0.03589258518128983 0
0.0614145318699931 0
0.06208041086441338 0
0.06405414449915656 0
0.06471660872950288 0
0.07102709273816273 0
0.071692971732583 0
0.07366670536732617 0
0.0743291695976725 0
0.08076258511299454 0
0.08142846410741482 0
0.083402197742158 0
0.08406466197250433 0
0.11006467563156061 0
0.11073055462598089 0
0.11270428826072407 0
0.1133667524910704 0
0.11967723649973024 0
0.12034311549415051 0
0.12231684912889368 0
0.12297931335924 0
0.12928979736789986 0
0.12995567636232014 0
0.1319294099970633 0
0.13259187422740962 0
0.13902528974273168 0
0.13969116873715196 0
0.14166490237189514 0
0.14232736660224146 0
0.16880544723165075 0
0.16947132622607103 0
0.1714450598608142 0
0.17210752409116054 0
0.1784180080998204 0
0.17908388709424067 0
0.18105762072898385 0
0.18172008495933015 0
0.18803056896799 0
0.18869644796241028 0
0.19067018159715346 0
0.1913326458274998 0
0.19764312983615961 0
0.1983090088305799 0
0.20028274246532307 0
0.2009452066956694 0
0.20737862221099143 0
0.2080445012054117 0
0.2100182348401549 0
0.21068069907050122 0
0.23271275687562745 0
0.23337863587004773 0
0.2353523695047909 0
0.23601483373513724 0
0.2423253177437971 0
0.24299119673821737 0
0.24496493037296052 0
0.24562739460330685 0
0.2519378786119667 0
0.252603757606387 0
0.25457749124113016 0
0.2552399554714765 0
0.26155043948013634 0
0.2622163184745566 0
0.26419005210929974 0
0.26485251633964607 0
0.2974054622566127 0
0.29807134125103296 0
0.30004507488577614 0
0.30070753911612247 0
0.3070180231247823 0
0.3076839021192026 0
0.3096576357539458 0
0.3103200999842921 0
0.3166305839929519 0
0.3172964629873722 0
0.31927019662211537 0
0.3199326608524617 0
0.3519938807427795 0
0.35265975973719976 0
0.35463349337194294 0
0.35529595760228927 0
0.3616064416109491 0
0.3622723206053694 0
0.3642460542401125 0
0.36490851847045885 0
0.4043490435245829 0
0.4050149225190032 0
0.40698865615374635 0
0.4076511203840927 0
0.4139616043927525 0
0.41462748338717276 0
0.41660121702191594 0
0.41726368125226226 0
0.4236970967675843 0
0.4243629757620046 0
0.4263367093967478 0
0.4269991736270941 0
0.4529991872861504 0
0.4536650662805707 0
0.45563879991531386 0
0.4563012641456602 0
0.46261174815432 0
0.46327762714874027 0
0.46525136078348345 0
0.4659138250138298 0
0.47222430902248963 0
0.4728901880169099 0
0.4748639216516531 0
0.4755263858819994 0
0.4819598013973215 0
0.48262568039174175 0
0.48459941402648493 0
0.48526187825683126 0
0.5117399588862406 0
0.5124058378806609 0
0.514379571515404 0
0.5150420357457504 0
0.5213525197544102 0
0.5220183987488305 0
0.5239921323835737 0
0.52465459661392 0
0.5309650806225797 0
0.531630959617 0
0.5336046932517432 0
0.5342671574820895 0
0.5405776414907494 0
0.5412435204851697 0
0.5432172541199128 0
0.5438797183502592 0
0.5503131338655812 0
0.5509790128600015 0
0.5529527464947447 0
0.553615210725091 0
0.5759067905998374 0
0.5765726695942577 0
0.5785464032290009 0
0.5792088674593472 0
0.585519351468007 0
0.5861852304624273 0
0.5881589640971705 0
0.5888214283275168 0
0.5951319123361767 0
0.595797791330597 0
0.5977715249653401 0
0.5984339891956865 0
0.6047444732043463 0
0.6054103521987666 0
0.6073840858335098 0
0.6080465500638561 0
0.6434030172855357 0
0.644068896279956 0
0.6460426299146992 0
0.6467050941450455 0
0.6530155781537054 0
0.6536814571481256 0
0.6556551907828688 0
0.6563176550132152 0
0.662628139021875 0
0.6632940180162953 0
0.6652677516510385 0
0.6659302158813848 0
0.700491043073834 0
0.7011569220682543 0
0.7031306557029975 0
0.7037931199333438 0
0.7101036039420037 0
0.710769482936424 0
0.7127432165711671 0
0.7134056808015135 0
0.7449888337214782 0
0.7456547127158984 0
0.7476284463506416 0
0.748290910580988 0
0.8099034987672702 0
0.8105693777616905 0
0.8125431113964336 0
0.81320557562678 0
0.8382494553451302 0
0.8389153343395505 0
0.8408890679742936 0
0.84155153220464 0
0.847984947719962 0
0.8486508267143823 0
0.8506245603491255 0
0.8512870245794718 0
0.876808971268175 0
0.8774748502625953 0
0.8794485838973385 0
0.8801110481276848 0
0.8864215321363447 0
0.887087411130765 0
0.8890611447655081 0
0.8897236089958545 0
0.8961570245111765 0
0.8968229035055968 0
0.89879663714034 0
0.8994591013706863 0
0.9202823326936342 0
0.9209482116880545 0
0.9229219453227977 0
0.923584409553144 0
0.9298948935618038 0
0.930560772556224 0
0.9325345061909672 0
0.9331969704213136 0
0.9629156621569016 0
0.9635815411513219 0
0.9655552747860651 0
0.9662177390164114 0
