0.02032126100407723 0
0.029937236636320797 0
0.058880776927122104 0
0.06849333779529172 0
0.0781093134275353 0
0.10753092068868962 0
0.11714348155685923 0
0.12675604242502886 0
0.13637201805727242 0
0.16627169228877978 0
0.1758842531569494 0
0.185496814025119 0
0.1951093748932886 0
0.2047253505255322 0
0.23017900193275648 0
0.2397915628009261 0
0.2494041236690957 0
0.25901668453726534 0
0.2948717073137417 0
0.3044842681819113 0
0.3140968290500809 0
0.3494601257999085 0
0.3590726866680781 0
0.4018152885817119 0
0.41142784944988153 0
0.42104382508212507 0
0.4504654323432794 0
0.46007799321144904 0
0.4696905540796186 0
0.4793065297118622 0
0.5092062039433696 0
0.5188187648115392 0
0.5284313256797087 0
0.5380438865478784 0
0.547659862180122 0
0.5733730356569665 0
0.582985596525136 0
0.5925981573933057 0
0.6022107182614753 0
0.6408692623426647 0
0.6504818232108344 0
0.660094384079004 0
0.697957288130963 0
0.7075698489991327 0
0.7424550787786072 0
0.8072502270818109 0
0.8357157004022592 0
0.8453316760345028 0
0.8742752163253041 0
0.8838877771934737 0
0.8935037528257173 0
0.9177485777507632 0
0.9273611386189328 0
0.9603819072140306 0
