0.00028684018221181097 1
0.0005087998470185695 1
0.0007512480962690288 2
0.0017415296777145667 2
0.0019634893425213252 2
0.0022059375917717846 2
0.01647965142088333 3
0.016875764053461546 3
0.01725480286567001 3
0.01746310347418097 3
0.017664574554544028 3
0.027219084433456494 4
0.036954576808288314 5
0.037722898724927095 5
0.03837853342712552 5
0.03860049309193228 5
0.03884294134118274 5
0.039833222922628274 5
0.04005518258743503 5
0.04029763083668549 5
0.055039167343928205 5
0.05543527997650642 5
0.05581431878871489 5
0.056022619397225845 5
0.0562240904775889 5
0.06577860035650136 6
0.07539116122467099 7
0.0851266535995028 8
0.08589497551614159 8
0.08656085451056186 8
0.08678281417536862 8
0.08702526242461908 8
0.08801554400606462 8
0.08823750367087138 8
0.08847995192012184 8
0.10368931110549572 8
0.10408542373807393 8
0.1044644625502824 8
0.10467276315879336 8
0.10487423423915641 8
0.11442874411806889 9
0.1240413049862385 10
0.1336538658544081 11
0.14338935822923995 12
0.1441576801458787 12
0.14483380343252084 12
0.1450557630973276 12
0.14529821134657805 12
0.1462884929280236 12
0.14651045259283035 12
0.1467529008420808 12
0.16243008270558587 12
0.1628261953381641 12
0.16320523415037255 12
0.1634135347588835 12
0.16361500583924657 12
0.17316951571815903 13
0.18278207658632864 14
0.19239463745449828 15
0.2020071983226679 16
0.2117426906974997 17
0.2125110126141385 17
0.21322128354152012 17
0.21345690226262268 17
0.21369935051187314 17
0.21397253163778915 17
0.2141944913025959 17
0.21443693955184637 17
0.22633739234956257 17
0.2267335049821408 17
0.22711254379434925 17
0.2273208444028602 17
0.22752231548322327 17
0.23707682536213573 18
0.24668938623030534 19
0.256301947098475 20
0.26591450796664456 21
0.26668282988328335 21
0.2698653900002049 21
0.2702410140483394 21
0.27065420050128736 21
0.2758617157140613 21
0.2760734310866462 21
0.27628514645923113 21
0.2766163785744043 21
0.2768280939469892 21
0.2770398093195741 21
0.27751104676177923 22
0.27772276213436414 22
0.27793447750694905 22
0.2784296182976718 22
0.2786652370187744 22
0.27890768526802484 22
0.27918086639394085 22
0.2794028260587476 22
0.27964527430799807 22
0.2910300977305478 22
0.291426210363126 22
0.29180524917533446 22
0.2920135497838454 22
0.2922150208642085 22
0.30176953074312096 23
0.3113820916112906 24
0.3209946524794602 25
0.32176297439609897 25
0.3249455345130205 25
0.325321158561155 25
0.325734345014103 25
0.3309179568783593 25
0.3311296722509442 25
0.3313413876235291 25
0.33167261973870227 25
0.3318843351112872 25
0.3320960504838721 25
0.3325672879260772 25
0.3327790032986621 25
0.332990718671247 25
0.3334858594619698 25
0.33372147818307235 25
0.3339639264323228 25
0.3342371075582388 25
0.3344590672230456 25
0.33470151547229604 25
0.3456185162167146 25
0.3460146288492928 25
0.34639366766150126 25
0.3466019682700122 25
0.3468034393503753 25
0.35635794922928776 26
0.36597051009745735 27
0.3667388320140961 27
0.36992139213101766 27
0.37029701617915217 27
0.37071020263210014 27
0.3758835702041346 27
0.3760952855767195 27
0.3763070009493044 27
0.3766382330644776 27
0.3768499484370625 27
0.3770616638096474 27
0.3775329012518525 27
0.3777446166244374 27
0.37795633199702233 27
0.37842756943922745 27
0.37863928481181236 27
0.3788817330610628 27
0.37915491418697883 27
0.37936662955956374 27
0.3796090778088142 27
0.38002226426176217 27
0.3802339796343471 27
0.380445695006932 27
0.3806574103795169 27
0.38089985862876735 27
0.3813130450817153 27
0.3815350047465221 27
0.38177745299577254 27
0.3827677345772181 27
0.38298969424202484 27
0.3832321424912753 27
0.397973678998518 27
0.3983697916310962 27
0.39874883044330467 27
0.3989571310518156 27
0.3991586021321787 27
0.4087131120110912 28
0.41832567287926076 29
0.4280611652540926 30
0.4288294871707314 30
0.42949536616515166 30
0.4297173258299584 30
0.4299597740792089 30
0.4309500556606544 30
0.4311720153254612 30
0.43141446357471164 30
0.4466238227600855 30
0.4470199353926637 30
0.4473989742048722 30
0.44760727481338314 30
0.4478087458937462 30
0.4573632557726587 31
0.46697581664082827 32
0.4765883775089979 33
0.48632386988382975 34
0.48709219180046853 34
0.4877683150871106 34
0.48799027475191736 34
0.4882327230011678 34
0.48922300458261336 34
0.4894449642474201 34
0.4896874124966706 34
0.5053645943601757 34
0.5057607069927539 34
0.5061397458049623 34
0.5063480464134733 34
0.5065495174938364 34
0.5161040273727489 35
0.5257165882409184 36
0.535329149109088 37
0.5449417099772577 38
0.5546772023520895 39
0.5554455242687283 39
0.5561557951961099 39
0.5563914139172125 39
0.5566338621664629 39
0.556907043292379 39
0.5571290029571857 39
0.5573714512064362 39
0.5695314260737726 39
0.5699275387063508 39
0.5703065775185593 39
0.5705148781270702 39
0.5707163492074333 39
0.5802708590863457 40
0.5898834199545153 41
0.599495980822685 42
0.6091085416908546 43
0.6098768636074934 43
0.6130594237244149 43
0.6134350477725494 43
0.6138482342254974 43
0.6215519419763289 43
0.6217636573489138 43
0.6219753727214987 43
0.6223066048366719 43
0.6225183202092568 43
0.6227300355818417 43
0.6232012730240468 43
0.6234129883966317 43
0.6236247037692166 43
0.6241198445599394 43
0.624355463281042 43
0.6245979115302924 43
0.6248710926562084 43
0.6250930523210151 43
0.6253355005702655 43
0.6370276527594708 43
0.637423765392049 43
0.6378028042042575 43
0.6380111048127685 43
0.6382125758931315 43
0.647767085772044 44
0.6573796466402136 45
0.6669922075083833 46
0.6677605294250221 46
0.6709430895419436 46
0.6713187135900781 46
0.6717319000430261 46
0.6794151192094138 46
0.6796268345819987 46
0.6798385499545836 46
0.6801697820697568 46
0.6803814974423417 46
0.6805932128149266 46
0.6810644502571317 46
0.6812761656297166 46
0.6814878810023015 46
0.6819830217930243 46
0.6822186405141268 46
0.6824610887633773 46
0.6827342698892933 46
0.6829562295541001 46
0.6831986778033505 46
0.6941156785477691 46
0.6945117911803473 46
0.6948908299925558 46
0.6950991306010668 46
0.6953006016814298 46
0.7048551115603423 47
0.714467672428512 48
0.7152359943451507 48
0.7184185544620723 48
0.7187941785102068 48
0.7192073649631547 48
0.7243807325351892 48
0.7245924479077741 48
0.724804163280359 48
0.7251353953955321 48
0.725347110768117 48
0.7255588261407019 48
0.726030063582907 48
0.7262417789554919 48
0.7264534943280768 48
0.7269486351187996 48
0.7271842538399022 48
0.7274267020891526 48
0.7276998832150686 48
0.7279218428798754 48
0.7281642911291258 48
0.7386134691954133 48
0.7390095818279915 48
0.7393886206402 48
0.7395969212487109 48
0.739798392329074 48
0.7493529022079864 49
0.7501212241246252 49
0.7533037842415468 49
0.7536794082896813 49
0.7540925947426292 49
0.7592557180224419 49
0.7594674333950268 49
0.7596791487676117 49
0.7600103808827848 49
0.7602220962553697 49
0.7604338116279546 49
0.7609050490701598 49
0.7611167644427447 49
0.7613284798153296 49
0.7618236206060524 49
0.7620592393271549 49
0.7623016875764054 49
0.7625748687023214 49
0.7627968283671281 49
0.7630392766163786 49
0.7731264896908273 49
0.7763090498077487 49
0.7766846738558832 49
0.7770978603088312 49
0.782250739296422 49
0.7824624546690069 49
0.7826741700415918 49
0.783005402156765 49
0.7832171175293499 49
0.7834288329019348 49
0.7839000703441399 49
0.7841117857167248 49
0.7843235010893097 49
0.7847947385315148 49
0.7850064539040997 49
0.7852489021533502 49
0.7855220832792662 49
0.7857337986518511 49
0.7859762469011016 49
0.7863894333540495 49
0.7866011487266344 49
0.7868128640992194 49
0.7870245794718043 49
0.7872670277210547 49
0.7876802141740027 49
0.7879021738388094 49
0.7881446220880599 49
0.7891349036695054 49
0.7893568633343122 49
0.7895993115835627 49
0.8034052027345431 49
0.8038013153671213 49
0.8041803541793298 49
0.8043886547878407 49
0.8045901258682038 49
0.8142675672537785 50
0.8150358891704172 50
0.8156812795803938 50
0.8159032392452006 50
0.816145687494451 50
0.8171359690758966 50
0.8173579287407033 50
0.8176003769899538 50
0.8318740908190653 50
0.8322702034516435 50
0.832649242263852 50
0.8328575428723629 50
0.833059013952726 50
0.8426135238316385 51
0.8523490162064703 52
0.8531173381231091 52
0.8537729728253075 52
0.8539949324901143 52
0.8542373807393647 52
0.8552276623208103 52
0.855449621985617 52
0.8556920702348675 52
0.8704336067421102 52
0.8708297193746884 52
0.8712087581868969 52
0.8714170587954079 52
0.8716185298757709 52
0.8811730397546833 53
0.890785600622853 54
0.9005210929976848 55
0.9012894149143236 55
0.9019791972572615 55
0.9022148159783641 55
0.9024572642276145 55
0.9027304453535305 55
0.9029524050183373 55
0.9031948532675877 55
0.9139069681675693 55
0.9143030808001475 55
0.914682119612356 55
0.914890420220867 55
0.91509189130123 55
0.9246464011801425 56
0.934258962048312 57
0.9350272839649508 57
0.9382098440818724 57
0.9385854681300069 57
0.9389986545829548 57
0.9425124468150495 57
0.9427241621876344 57
0.9429358775602193 57
0.9432671096753925 57
0.9434788250479774 57
0.9436905404205623 57
0.9441617778627674 57
0.9443734932353524 57
0.9445852086079373 57
0.94508034939866 57
0.9453159681197626 57
0.945558416369013 57
0.9458315974949291 57
0.9460535571597358 57
0.9462960054089863 57
0.9565402976308367 57
0.9569364102634149 57
0.9573154490756234 57
0.9575237496841343 57
0.9577252207644974 57
0.9672797306434099 58
0.9680480525600487 58
0.9712306126769702 58
0.9716062367251047 58
0.9720194231780527 58
0.9755161415897775 58
0.9757278569623624 58
0.9759395723349473 58
0.9762708044501205 58
0.9764825198227054 58
0.9766942351952903 58
0.9771654726374954 58
0.9773771880100803 58
0.9775889033826652 58
0.978084044173388 58
0.9783196628944906 58
0.978562111143741 58
0.978835292269657 58
0.9790572519344638 58
0.9792997001837143 58
0.989182027413726 58
0.9923645875306475 58
0.992740211578782 58
0.99315339803173 58
0.9966398721512331 58
0.996851587523818 58
0.9970633028964029 58
0.997394535011576 58
0.997606250384161 58
0.9978179657567459 58
0.998289203198951 58
0.9985009185715359 58
0.9987126339441208 58
0.9992077747348436 58
0.9994194901074285 58
0.9996312054800134 58
0.9998736537292638 58
