0.0030425547898895663 1
0.010473081414805052 1
0.012941955840270995 1
0.018446555527478606 2
0.028059116395648225 3
0.04113424803480328 4
0.04861258135675406 4
0.05113609200740321 4
0.057006071450523485 5
0.0666186323186931 6
0.07623119318686272 7
0.08931656911823962 8
0.09684270913722572 8
0.09942085601305806 8
0.105656215212091 9
0.11526877608026062 10
0.12488133694843023 11
0.13449389781659984 12
0.1475895180401986 13
0.15516346475622 13
0.15779624785723553 13
0.16439698681218115 14
0.17400954768035076 15
0.18362210854852037 16
0.19323466941669 17
0.20284723028485963 18
0.21949079038129254 18
0.2220689372571249 18
0.22830429645615785 19
0.23791685732432746 20
0.24752941819249707 21
0.2571419790606667 22
0.28460351174337367 22
0.2871270223940228 22
0.29299700183714306 23
0.3026095627053127 24
0.31222212357348234 25
0.3396119462106363 25
0.34208082063610223 25
0.34758542032330986 26
0.3571979811914795 27
0.3840687596893931 28
0.3915470930113438 28
0.394070603661993 28
0.39994058310511327 29
0.4095531439732829 30
0.4191657048414525 31
0.4322510807728294 32
0.43977722079181547 32
0.4423553676676478 32
0.4485907268666808 33
0.4582032877348504 34
0.46781584860302 35
0.47742840947118964 36
0.49052402969478837 37
0.4980979764108098 37
0.5007307595118253 37
0.507331498466771 38
0.5169440593349406 39
0.5265566202031101 40
0.5361691810712798 41
0.5457817419394494 42
0.5626848241055026 42
0.5652629709813349 42
0.5714983301803679 43
0.5811108910485374 44
0.590723451916707 45
0.6003360127848767 46
0.6306010667722967 46
0.6331245774229458 46
0.6389945568660661 47
0.6486071177342357 48
0.6582196786024054 49
0.6881091085416908 49
0.6905779829671568 49
0.6960825826543644 50
0.705695143522534 51
0.7330269151704308 51
0.7354411533707136 51
0.7405803733020085 52
0.7678540939606483 52
0.7702136959357478 52
0.7904359287816805 53
0.7978186487095607 53
0.8002328869098434 53
0.8053721068411384 54
0.8184369941880716 55
0.825867520812987 55
0.8283363952384529 55
0.8338409949256606 56
0.8434535557938302 57
0.8565286874329853 58
0.8640070207549361 58
0.8665305314055852 58
0.8724005108487055 59
0.882013071716875 60
0.8916256325850447 61
0.907900398161491 61
0.910369272586957 61
0.9158738722741646 62
0.9254864331423341 63
0.9509537436058543 63
0.953367981806137 63
0.958507201737432 64
0.983909631683547 64
0.9862692336586465 64
