0.021728143802544682 1
0.027652759470848158 2
0.031463636177376506 3
0.03738825184567998 4
0.06028765972558956 5
0.06621227539389303 6
0.06990022059375918 7
0.07582483626206266 8
0.079635712968591 9
0.08556032863689447 10
0.10893780348715708 11
0.11486241915546055 12
0.11855036435532669 13
0.12447498002363017 14
0.12816292522349632 15
0.13408754089179978 16
0.13789841759832813 17
0.1438230332666316 18
0.16767857508724723 19
0.1736031907555507 20
0.17729113595541685 21
0.1832157516237203 22
0.18690369682358646 23
0.19282831249188995 24
0.19651625769175607 25
0.20244087336005956 26
0.20625175006658789 27
0.21217636573489138 28
0.2315858847312239 29
0.2375105003995274 30
0.24119844559939355 31
0.247123061267697 32
0.25081100646756316 33
0.25673562213586665 34
0.2604235673357328 35
0.26634818300403623 36
0.29627859011220914 37
0.30220320578051263 38
0.3058911509803788 39
0.31181576664868227 40
0.31550371184854836 41
0.32142832751685185 42
0.35086700859837594 43
0.35679162426667943 44
0.3604795694665456 45
0.366404185134849 46
0.40322217138017935 47
0.40914678704848284 48
0.41283473224834893 49
0.4187593479166524 50
0.4225702246231808 51
0.42849484029148427 52
0.45187231514174686 53
0.45779693081005035 54
0.4614848760099165 55
0.46740949167821993 56
0.4710974368780861 57
0.4770220525463896 58
0.48083292925291793 59
0.4867575449212214 60
0.510613086741837 61
0.5165377024101405 62
0.5202256476100067 63
0.52615026327831 64
0.5298382084781762 65
0.5357628241464797 66
0.5394507693463458 67
0.5453753850146493 68
0.5491862617211777 69
0.5551108773894812 70
0.574779918455434 71
0.5807045341237373 72
0.5843924793236035 73
0.590317094991907 74
0.5940050401917731 75
0.5999296558600766 76
0.6036176010599428 77
0.6095422167282463 78
0.6422761451411322 79
0.6482007608094357 80
0.6518887060093018 81
0.6578133216776053 82
0.6615012668774715 83
0.667425882545775 84
0.6993641709294305 85
0.705288786597734 86
0.7089767317976001 87
0.7149013474659036 88
0.7438619615770746 89
0.7497865772453781 90
0.8087766266228666 91
0.8147012422911701 92
0.8371225832007266 93
0.8430471988690301 94
0.8468580755755585 95
0.852782691243862 96
0.8756820991237715 97
0.881606714792075 98
0.8852946599919411 99
0.8912192756602446 100
0.895030152366773 101
0.9009547680350765 102
0.9191554605492307 103
0.9250800762175341 104
0.9287680214174002 105
0.9346926370857037 106
0.9617887900124981 107
0.9677134056808016 108
