0.0029845038006324144 1
0.0104150304255479 2
0.012883904851013844 2
0.041076197045546124 2
0.048554530367496906 2
0.05107804101814606 2
0.08925851812898247 2
0.09678465814796856 2
0.0993628050238009 2
0.14753146705094144 2
0.15510541376696285 2
0.15773819686797838 2
0.2194327393920354 2
0.22201088626786775 2
0.2845454607541165 2
0.28706897140476567 2
0.33955389522137913 2
0.3420227696468451 2
0.3840107087001359 2
0.3914890420220867 2
0.3940125526727358 2
0.43219302978357227 2
0.4397191698025583 2
0.4422973166783907 2
0.4904659787055312 2
0.4980399254215526 2
0.5006727085225682 2
0.5626267731162454 2
0.5652049199920778 2
0.6305430157830395 2
0.6330665264336887 2
0.6880510575524337 2
0.6905199319778996 2
0.7329688641811737 2
0.7353831023814564 2
0.7677960429713911 2
0.7701556449464907 2
0.7903778777924233 2
0.7977605977203035 2
0.8001748359205862 2
0.8183789431988144 2
0.8258094698237298 2
0.8282783442491958 2
0.8564706364437281 2
0.8639489697656789 2
0.8664724804163281 2
0.9078423471722339 2
0.9103112215976998 2
0.9508956926165971 2
0.9533099308168799 2
0.9838515806942898 2
0.9862111826693893 2
