0.009592072283725918 0
0.02191595582661194 0
0.03165144820144376 0
0.04768376552863963 0
0.06047547174965682 0
0.07008803261782644 0
0.07982352499265825 0
0.09586608661207598 0
0.10912561551122434 0
0.11873817637939395 0
0.12835073724756357 0
0.1380862296223954 0
0.15413903553403496 0
0.1678663871113145 0
0.1774789479794841 0
0.18709150884765371 0
0.19670406971582333 0
0.20643956209065514 0
0.21580284518142642 0
0.21680678581916776 0
0.21849026450762518 0
0.23177369675529116 0
0.2413862576234608 0
0.2509988184916304 0
0.26061137935980005 0
0.2809941061172084 0
0.28198780246272787 0
0.2836507925667416 0
0.2964664021362764 0
0.30607896300444604 0
0.3156915238726156 0
0.33605034728150635 0
0.33704404362702584 0
0.3387070337310395 0
0.3510548206224432 0
0.36066738149061284 0
0.3906182771832294 0
0.4034099834042466 0
0.4130225442724162 0
0.42275803664724804 0
0.43880059826666573 0
0.4520601271658141 0
0.46167268803398376 0
0.47128524890215334 0
0.4810207412769852 0
0.49707354718862473 0
0.5108008987659043 0
0.5204134596340739 0
0.5300260205022435 0
0.5396385813704131 0
0.5493740737452449 0
0.5587202830156465 0
0.5598676437444937 0
0.5616842982318352 0
0.5749677304795012 0
0.5845802913476708 0
0.5941928522158404 0
0.60380541308401 0
0.6266843323794759 0
0.6278316931083231 0
0.6296483475956646 0
0.6424639571651994 0
0.6520765180333691 0
0.6616890789015387 0
0.6845475096125608 0
0.6855412059580803 0
0.687204196062094 0
0.6995519829534977 0
0.7091645438216674 0
0.7295131229383361 0
0.7305068192838556 0
0.7321698093878694 0
0.7440497736011419 0
0.7643881084255889 0
0.7653818047711084 0
0.7670447948751221 0
0.7969854462755168 0
0.8089644386469339 0
0.824986511681908 0
0.8373103952247939 0
0.8470458875996257 0
0.8630782049268216 0
0.8758699111478387 0
0.8854824720160084 0
0.8952179643908402 0
0.904543685076798 0
0.905434938500099 0
0.9069954856818943 0
0.919343272573298 0
0.9289558334414675 0
0.9476448372181966 0
0.9485360906414976 0
0.9500966378232928 0
0.9619766020365653 0
0.9806485319929246 0
0.9815397854162256 0
0.9831003325980208 0
