0.0033225654439534773 1
0.003336224500249278 2
0.0033532983206190285 3
0.010753092068868961 3
0.010766751125164762 4
0.010783824945534513 5
0.013221966494334906 5
0.013235625550630707 5
0.013252699371000458 5
0.018726566181542517 5
0.018740225237838318 6
0.01875729905820807 7
0.028339127049712136 7
0.028352786106007936 7
0.028369859926377687 7
0.04141425868886719 7
0.04142791774516299 7
0.04144499156553274 7
0.04889259201081797 7
0.04890625106711377 7
0.04892332488748352 7
0.05141610266146712 7
0.05142976171776292 7
0.051446835538132674 7
0.057286082104587396 7
0.0572997411608832 7
0.05731681498125295 7
0.06689864297275701 7
0.06691230202905281 7
0.06692937584942256 7
0.07651120384092663 7
0.07652486289722243 7
0.07654193671759218 7
0.08959657977230354 7
0.08961023882859934 7
0.08962731264896909 7
0.09712271979128961 7
0.09713637884758541 7
0.09715345266795516 7
0.09970086666712197 7
0.09971452572341777 7
0.09973159954378752 7
0.1059362258661549 7
0.10594988492245071 7
0.10596695874282046 7
0.11554878673432453 7
0.11556244579062033 7
0.11557951961099008 7
0.12516134760249414 7
0.12517500665878994 7
0.1251920804791597 7
0.13477390847066376 7
0.13478756752695956 7
0.1348046413473293 7
0.1478695286942625 7
0.1478831877505583 7
0.14790026157092806 7
0.15544347541028392 7
0.15545713446657972 7
0.15547420828694947 7
0.15807625851129944 7
0.15808991756759525 7
0.158106991387965 7
0.16467699746624506 7
0.16469065652254086 7
0.1647077303429106 7
0.17428955833441467 7
0.17430321739071047 7
0.17432029121108022 7
0.18390211920258429 7
0.18391577825888009 7
0.18393285207924984 7
0.19351468007075392 7
0.19352833912704973 7
0.19354541294741948 7
0.20312724093892354 7
0.20314089999521934 7
0.2031579738155891 7
0.21977080103535646 7
0.21978446009165226 7
0.219801533912022 7
0.2223489479111888 7
0.2223626069674846 7
0.22237968078785436 7
0.22858430711022176 7
0.22859796616651756 7
0.22861503998688731 7
0.23819686797839137 7
0.23821052703468718 7
0.23822760085505693 7
0.247809428846561 7
0.2478230879028568 7
0.24784016172322654 7
0.2574219897147306 7
0.2574356487710264 7
0.2574527225913962 7
0.2848835223974376 7
0.2848971814537334 7
0.28491425527410313 7
0.28740703304808674 7
0.28742069210438254 7
0.2874377659247523 7
0.29327701249120697 7
0.29329067154750277 7
0.2933077453678725 7
0.3028895733593766 7
0.3029032324156724 7
0.30292030623604216 7
0.3125021342275462 7
0.312515793283842 7
0.31253286710421174 7
0.3398919568647002 7
0.339905615920996 7
0.33992268974136575 7
0.34236083129016615 7
0.34237449034646195 7
0.3423915641668317 7
0.34786543097737377 7
0.34787909003366957 7
0.3478961638540393 7
0.3574779918455434 7
0.3574916509018392 7
0.35750872472220896 7
0.384348770343457 7
0.3843624293997528 7
0.38437950322012254 7
0.39182710366540774 7
0.39184076272170354 7
0.3918578365420733 7
0.3943506143160569 7
0.3943642733723527 7
0.39438134719272244 7
0.4002205937591772 7
0.400234252815473 7
0.40025132663584273 7
0.4098331546273468 7
0.4098468136836426 7
0.40986388750401237 7
0.4194457154955164 7
0.4194593745518122 7
0.41947644837218195 7
0.43253109142689333 7
0.43254475048318913 7
0.4325618243035589 7
0.4400572314458794 7
0.4400708905021752 7
0.44008796432254493 7
0.44263537832171174 7
0.44264903737800754 7
0.4426661111983773 7
0.4488707375207447 7
0.4488843965770405 7
0.44890147039741024 7
0.45848329838891433 7
0.45849695744521013 7
0.4585140312655799 7
0.4680958592570839 7
0.4681095183133797 7
0.46812659213374946 7
0.47770842012525355 7
0.47772207918154935 7
0.4777391530019191 7
0.4908040403488523 7
0.4908176994051481 7
0.49083477322551783 7
0.4983779870648737 7
0.4983916461211695 7
0.49840871994153924 7
0.5010107701658892 7
0.501024429222185 7
0.5010415030425548 7
0.5076115091208349 7
0.5076251681771307 7
0.5076422419975004 7
0.5172240699890045 7
0.5172377290453003 7
0.51725480286567 7
0.526836630857174 7
0.5268502899134698 7
0.5268673637338396 7
0.5364491917253437 7
0.5364628507816395 7
0.5364799246020092 7
0.5460617525935133 7
0.5460754116498091 7
0.5460924854701789 7
0.5629648347595665 7
0.5629784938158623 7
0.562995567636232 7
0.5655429816353988 7
0.5655566406916946 7
0.5655737145120644 7
0.5717783408344318 7
0.5717919998907276 7
0.5718090737110973 7
0.5813909017026013 7
0.5814045607588971 7
0.5814216345792669 7
0.591003462570771 7
0.5910171216270668 7
0.5910341954474365 7
0.6006160234389406 7
0.6006296824952364 7
0.6006467563156062 7
0.6308810774263606 7
0.6308947364826564 7
0.6309118103030261 7
0.6334045880770097 7
0.6334182471333055 7
0.6334353209536753 7
0.63927456752013 7
0.6392882265764258 7
0.6393053003967956 7
0.6488871283882996 7
0.6489007874445955 7
0.6489178612649652 7
0.6584996892564693 7
0.6585133483127651 7
0.6585304221331348 7
0.6883891191957547 7
0.6884027782520505 7
0.6884198520724203 7
0.6908579936212207 7
0.6908716526775165 7
0.6908887264978862 7
0.6963625933084283 7
0.6963762523647241 7
0.6963933261850939 7
0.705975154176598 7
0.7059888132328938 7
0.7060058870532635 7
0.7333069258244947 7
0.7333205848807905 7
0.7333376587011603 7
0.7357211640247775 7
0.7357348230810733 7
0.735751896901443 7
0.7408603839560725 7
0.7408740430123683 7
0.740891116832738 7
0.7681341046147122 7
0.768147763671008 7
0.7681648374913778 7
0.7704937065898118 7
0.7705073656461076 7
0.7705244394664773 7
0.7907159394357444 7
0.7907295984920402 7
0.7907466723124099 7
0.7980986593636246 7
0.7981123184199204 7
0.7981293922402901 7
0.8005128975639073 7
0.8005265566202031 7
0.8005436304405729 7
0.8056521174952023 7
0.8056657765514981 7
0.8056828503718678 7
0.8187170048421355 7
0.8187306638984313 7
0.818747737718801 7
0.8261475314670509 7
0.8261611905233467 7
0.8261782643437164 7
0.8286164058925168 7
0.8286300649488126 7
0.8286471387691824 7
0.8341210055797245 7
0.8341346646360203 7
0.83415173845639 7
0.8437335664478941 7
0.8437472255041899 7
0.8437642993245597 7
0.8568086980870492 7
0.856822357143345 7
0.8568394309637147 7
0.864287031409 7
0.8643006904652958 7
0.8643177642856655 7
0.8668105420596491 7
0.8668242011159449 7
0.8668412749363147 7
0.8726805215027694 7
0.8726941805590652 7
0.872711254379435 7
0.882293082370939 7
0.8823067414272348 7
0.8823238152476045 7
0.8919056432391086 7
0.8919193022954044 7
0.8919363761157741 7
0.908180408815555 7
0.9081940678718508 7
0.9082111416922205 7
0.9106492832410209 7
0.9106629422973167 7
0.9106800161176865 7
0.9161538829282285 7
0.9161675419845243 7
0.9161846158048941 7
0.925766443796398 7
0.9257801028526939 7
0.9257971766730636 7
0.9512337542599182 7
0.951247413316214 7
0.9512644871365837 7
0.9536479924602009 7
0.9536616515164967 7
0.9536787253368665 7
0.9587872123914959 7
0.9588008714477917 7
0.9588179452681614 7
0.9841896423376109 7
0.9842033013939067 7
0.9842203752142764 7
0.9865492443127104 7
0.9865629033690062 7
0.986579977189376 7
