0.020266624778894026 1
0.020509073028144486 1
0.020751521277394946 1
0.02327161716397014 1
0.023934081394316468 1
0.024507761758740088 1
0.025252180326861218 2
0.02590781502905964 2
0.02634490483052526 2
0.029879185647063645 3
0.030125048660388055 3
0.030483598888152816 3
0.03300710953880196 3
0.03366957376914829 3
0.03424325413357191 3
0.03498767270169304 3
0.03564330740389147 3
0.03608039720535708 3
0.0588261407019389 4
0.05906858895118936 4
0.05931103720043982 4
0.06183113308701502 4
0.062493597317361343 4
0.06306727768178497 4
0.0638116962499061 4
0.06446733095210452 4
0.06490442075357014 4
0.06843870157010852 5
0.06868114981935898 5
0.06892359806860944 5
0.07144369395518464 5
0.07210615818553096 5
0.07267983854995458 5
0.07342425711807571 5
0.07407989182027414 5
0.07451698162173975 5
0.07805126243827815 6
0.07829712545160254 6
0.0786556756793673 6
0.08117918633001646 6
0.08184165056036279 6
0.08241533092478641 6
0.08315974949290754 6
0.08381538419510597 6
0.08425247399657158 6
0.10747628446350642 7
0.10771873271275688 7
0.10796118096200734 7
0.11048127684858253 7
0.11114374107892885 7
0.11171742144335248 7
0.11246184001147361 7
0.11311747471367203 7
0.11355456451513765 7
0.11708884533167603 8
0.11733129358092649 8
0.11757374183017695 8
0.12009383771675215 8
0.12075630194709848 8
0.1213299823115221 8
0.12207440087964322 8
0.12273003558184165 8
0.12316712538330726 8
0.12670140619984566 9
0.12694385444909612 9
0.12718630269834658 9
0.12970639858492178 9
0.1303688628152681 9
0.13094254317969173 9
0.13168696174781283 9
0.13234259645001126 9
0.13277968625147687 9
0.13631396706801527 10
0.13655983008133968 10
0.13691838030910444 10
0.1394418909597536 10
0.14010435519009992 10
0.14067803555452355 10
0.14142245412264468 10
0.1420780888248431 10
0.14251517862630872 10
0.16621705606359657 11
0.16645950431284703 11
0.1667019525620975 11
0.16922204844867267 11
0.169884512679019 11
0.17045819304344262 11
0.17120261161156375 11
0.17185824631376218 11
0.1722953361152278 11
0.17582961693176619 12
0.17607206518101665 12
0.1763145134302671 12
0.1788346093168423 12
0.17949707354718863 12
0.18007075391161226 12
0.1808151724797334 12
0.1814708071819318 12
0.1819078969833974 12
0.1854421777999358 13
0.18568462604918626 13
0.18592707429843672 13
0.18844717018501192 13
0.18910963441535825 13
0.18968331477978187 13
0.190427733347903 13
0.19108336805010143 13
0.19152045785156704 13
0.1950547386681054 14
0.19529718691735587 14
0.19553963516660633 14
0.19805973105318153 14
0.19872219528352786 14
0.19929587564795148 14
0.2000402942160726 14
0.20069592891827104 14
0.20113301871973666 14
0.20466729953627505 15
0.20491316254959946 15
0.20527171277736422 15
0.20779522342801335 15
0.20845768765835967 15
0.2090313680227833 15
0.20977578659090443 15
0.21043142129310285 15
0.21086851109456847 15
0.23012436570757328 16
0.23036681395682373 16
0.2306092622060742 16
0.23312935809264937 16
0.2337918223229957 16
0.23436550268741932 16
0.23510992125554045 16
0.23576555595773888 16
0.2362026457592045 16
0.2397369265757429 17
0.23997937482499335 17
0.2402218230742438 17
0.242741918960819 17
0.24340438319116534 17
0.24397806355558893 17
0.24472248212371006 17
0.2453781168259085 17
0.2458152066273741 17
0.2493494874439125 18
0.24959193569316296 18
0.24983438394241342 18
0.2523544798289886 18
0.25301694405933495 18
0.25359062442375857 18
0.2543350429918797 18
0.2549906776940781 18
0.25542776749554374 18
0.25896204831208214 19
0.2592044965613326 19
0.25944694481058306 19
0.26196704069715826 19
0.26262950492750453 19
0.26320318529192815 19
0.2639476038600493 19
0.2646032385622477 19
0.26504032836371333 19
0.2948170710885585 20
0.29505951933780894 20
0.2953019675870594 20
0.2978220634736346 20
0.29848452770398093 20
0.29905820806840455 20
0.2998026266365257 20
0.3004582613387241 20
0.3008953511401897 20
0.3044296319567281 21
0.3046720802059786 21
0.30491452845522904 21
0.30743462434180424 21
0.30809708857215057 21
0.3086707689365742 21
0.3094151875046953 21
0.31007082220689375 21
0.31050791200835937 21
0.3140421928248977 22
0.31428464107414816 22
0.3145270893233986 22
0.3170471852099738 22
0.31770964944032015 22
0.3182833298047438 22
0.3190277483728649 22
0.31968338307506333 22
0.32012047287652895 22
0.3494054895747253 23
0.34964793782397574 23
0.3498903860732262 23
0.3524104819598014 23
0.35307294619014773 23
0.35364662655457135 23
0.3543910451226925 23
0.3550466798248909 23
0.3554837696263565 23
0.3590180504428949 24
0.3592604986921454 24
0.35950294694139584 24
0.36202304282797104 24
0.3626855070583173 24
0.36325918742274094 24
0.36400360599086207 24
0.3646592406930605 24
0.3650963304945261 24
0.4017606523565287 25
0.40200310060577915 25
0.4022455488550296 25
0.4047656447416048 25
0.40542810897195114 25
0.40600178933637476 25
0.4067462079044959 25
0.4074018426066943 25
0.40783893240815994 25
0.41137321322469833 26
0.4116156614739488 26
0.41185810972319925 26
0.4143782056097744 26
0.4150406698401207 26
0.41561435020454435 26
0.4163587687726655 26
0.4170144034748639 26
0.4174514932763295 26
0.4209857740928679 27
0.4212316371061923 27
0.4215901873339571 27
0.42411369798460624 27
0.42477616221495257 27
0.4253498425793762 27
0.4260942611474973 27
0.42674989584969575 27
0.42718698565116137 27
0.4504107961180962 28
0.45065324436734666 28
0.4508956926165971 28
0.4534157885031723 28
0.45407825273351865 28
0.4546519330979423 28
0.4553963516660634 28
0.45605198636826183 28
0.45648907616972745 28
0.46002335698626584 29
0.4602658052355163 29
0.46050825348476676 29
0.4630283493713419 29
0.46369081360168823 29
0.46426449396611186 29
0.465008912534233 29
0.4656645472364314 29
0.46610163703789703 29
0.4696359178544354 30
0.4698783661036859 30
0.47012081435293634 30
0.47264091023951155 30
0.4733033744698579 30
0.4738770548342815 30
0.4746214734024026 30
0.47527710810460105 30
0.47571419790606667 30
0.47924847872260506 31
0.4794943417359295 31
0.47985289196369424 31
0.4823764026143434 31
0.4830388668446897 31
0.48361254720911334 31
0.48435696577723447 31
0.4850126004794329 31
0.4854496902808985 31
0.5091515677181864 32
0.5093940159674368 32
0.5096364642166873 32
0.5121565601032625 32
0.5128190243336088 32
0.5133927046980324 32
0.5141371232661536 32
0.514792757968352 32
0.5152298477698176 32
0.518764128586356 33
0.5190065768356065 33
0.5192490250848569 33
0.5217691209714321 33
0.5224315852017785 33
0.5230052655662021 33
0.5237496841343232 33
0.5244053188365216 33
0.5248424086379873 33
0.5283766894545255 34
0.528619137703776 34
0.5288615859530265 34
0.5313816818396017 34
0.532044146069948 34
0.5326178264343716 34
0.5333622450024927 34
0.5340178797046912 34
0.5344549695061568 34
0.5379892503226952 35
0.5382316985719456 35
0.5384741468211961 35
0.5409942427077713 35
0.5416567069381176 35
0.5422303873025413 35
0.5429748058706624 35
0.5436304405728608 35
0.5440675303743264 35
0.5476018111908648 36
0.5478476742041892 36
0.548206224431954 36
0.5507297350826031 36
0.5513921993129495 36
0.5519658796773731 36
0.5527102982454942 36
0.5533659329476927 36
0.5538030227491583 36
0.5733183994317833 37
0.5735608476810338 37
0.5738032959302842 37
0.5763233918168593 37
0.5769858560472056 37
0.5775595364116293 37
0.5783039549797504 37
0.5789595896819488 37
0.5793966794834144 37
0.5829309602999528 38
0.5831734085492033 38
0.5834158567984538 38
0.585935952685029 38
0.5865984169153753 38
0.5871720972797989 38
0.58791651584792 38
0.5885721505501185 38
0.5890092403515841 38
0.5925435211681225 39
0.5927859694173729 39
0.5930284176666234 39
0.5955485135531986 39
0.5962109777835449 39
0.5967846581479685 39
0.5975290767160897 39
0.5981847114182881 39
0.5986218012197537 39
0.6021560820362921 40
0.6023985302855426 40
0.602640978534793 40
0.6051610744213682 40
0.6058235386517146 40
0.6063972190161382 40
0.6071416375842593 40
0.6077972722864577 40
0.6082343620879234 40
0.6408146261174815 41
0.641057074366732 41
0.6412995226159824 41
0.6438196185025576 41
0.644482082732904 41
0.6450557630973276 41
0.6458001816654487 41
0.6464558163676472 41
0.6468929061691128 41
0.6504271869856512 42
0.6506696352349016 42
0.6509120834841521 42
0.6534321793707273 42
0.6540946436010736 42
0.6546683239654972 42
0.6554127425336184 42
0.6560683772358168 42
0.6565054670372824 42
0.6600397478538208 43
0.6602821961030713 43
0.6605246443523217 43
0.6630447402388969 43
0.6637072044692433 43
0.6642808848336669 43
0.665025303401788 43
0.6656809381039864 43
0.666118027905452 43
0.6979026519057798 44
0.6981451001550303 44
0.6983875484042807 44
0.700907644290856 44
0.7015701085212023 44
0.7021437888856259 44
0.702888207453747 44
0.7035438421559455 44
0.7039809319574111 44
0.7075152127739495 45
0.7077576610231999 45
0.7080001092724504 45
0.7105202051590256 45
0.7111826693893719 45
0.7117563497537955 45
0.7125007683219167 45
0.7131564030241151 45
0.7135934928255807 45
0.742400442553424 46
0.7426428908026744 46
0.7428853390519249 46
0.7454054349385001 46
0.7460678991688464 46
0.74664157953327 46
0.7473859981013912 46
0.7480416328035896 46
0.7484787226050552 46
0.8071921760925538 47
0.8074380391058782 47
0.807796589333643 47
0.8103200999842921 47
0.8109825642146384 47
0.8115562445790621 47
0.8123006631471832 47
0.8129562978493816 47
0.8133933876508472 47
0.835661064177076 48
0.8359035124263264 48
0.8361459606755769 48
0.8386660565621521 48
0.8393285207924984 48
0.839902201156922 48
0.8406466197250432 48
0.8413022544272416 48
0.8417393442287072 48
0.8452736250452456 49
0.84551948805857 49
0.8458780382863348 49
0.8484015489369839 49
0.8490640131673303 49
0.8496376935317539 49
0.850382112099875 49
0.8510377468020734 49
0.8514748366035391 49
0.8742205801001209 50
0.8744630283493714 50
0.8747054765986219 50
0.877225572485197 50
0.8778880367155433 50
0.8784617170799669 50
0.879206135648088 50
0.8798617703502865 50
0.8802988601517521 50
0.8838331409682905 51
0.8840755892175409 51
0.8843180374667914 51
0.8868381333533666 51
0.8875005975837129 51
0.8880742779481365 51
0.8888186965162577 51
0.8894743312184561 51
0.8899114210199217 51
0.8934457018364601 52
0.8936915648497845 52
0.8940501150775493 52
0.8965736257281984 52
0.8972360899585448 52
0.8978097703229684 52
0.8985541888910895 52
0.8992098235932879 52
0.8996469133947536 52
0.91769394152558 53
0.9179363897748305 53
0.918178838024081 53
0.9206989339106562 53
0.9213613981410025 53
0.9219350785054261 53
0.9226794970735472 53
0.9233351317757457 53
0.9237722215772113 53
0.9273065023937496 54
0.927548950643 54
0.9277913988922505 54
0.9303114947788257 54
0.930973959009172 54
0.9315476393735956 54
0.9322920579417168 54
0.9329476926439152 54
0.9333847824453808 54
0.9603272709888474 55
0.9605697192380979 55
0.9608121674873483 55
0.9633322633739235 55
0.9639947276042699 55
0.9645684079686935 55
0.9653128265368146 55
0.965968461239013 55
0.9664055510404786 55
