0.018992917779310628 1
0.028605478647480247 2
0.05755243370235551 3
0.06716499457052512 4
0.07677755543869474 5
0.10620257746392302 6
0.11581513833209263 7
0.12542769920026225 8
0.13504026006843187 9
0.16494334906401317 10
0.17455590993218278 11
0.1841684708003524 12
0.193781031668522 13
0.20339359253669165 14
0.22885065870798987 15
0.23846321957615949 16
0.2480757804443291 17
0.25768834131249874 18
0.2935433640889751 19
0.3031559249571447 20
0.3127684858253143 21
0.3481317825751419 22
0.3577443434433115 23
0.4004869453569453 24
0.41009950622511493 25
0.4197120670932845 26
0.4491370891185128 27
0.45874964998668244 28
0.468362210854852 29
0.47797477172302166 30
0.507877860718603 31
0.5174904215867726 32
0.5271029824549421 33
0.5367155433231118 34
0.5463281041912814 35
0.5720446924321999 36
0.5816572533003694 37
0.5912698141685391 38
0.6008823750367087 39
0.6395409191178981 40
0.6491534799860678 41
0.6587660408542374 42
0.6966289449061964 43
0.7062415057743661 44
0.7411267355538406 45
0.8059184690929704 46
0.8343873571774926 47
0.8439999180456622 48
0.8729468731005375 49
0.8825594339687071 50
0.8921719948368767 51
0.9164202345259966 52
0.9260327953941662 53
0.959053563989264 54
