0.003028895733593766 0
0.010459422358509251 0
0.012928296783975194 0
0.018432896471182805 0
0.028045457339352424 0
0.041120588978507476 0
0.04859892230045826 0
0.05112243295110741 0
0.056992412394227684 0
0.0666049732623973 0
0.07621753413056692 0
0.08930291006194382 0
0.09682905008092992 0
0.09940719695676226 0
0.1056425561557952 0
0.11525511702396482 0
0.12486767789213443 0
0.13448023876030404 0
0.1475758589839028 0
0.1551498056999242 0
0.15778258880093973 0
0.16438332775588535 0
0.17399588862405496 0
0.18360844949222457 0
0.1932210103603942 0
0.20283357122856382 0
0.21947713132499674 0
0.2220552782008291 0
0.22829063739986205 0
0.23790319826803166 0
0.24751575913620127 0
0.2571283200043709 0
0.28458985268707787 0
0.287113363337727 0
0.29298334278084726 0
0.3025959036490169 0
0.31220846451718653 0
0.3395982871543405 0
0.34206716157980643 0
0.34757176126701406 0
0.3571843221351837 0
0.3840551006330973 0
0.391533433955048 0
0.3940569446056972 0
0.39992692404881747 0
0.4095394849169871 0
0.4191520457851567 0
0.4322374217165336 0
0.43976356173551967 0
0.442341708611352 0
0.448577067810385 0
0.4581896286785546 0
0.4678021895467242 0
0.47741475041489384 0
0.49051037063849257 0
0.498084317354514 0
0.5007171004555295 0
0.5073178394104751 0
0.5169304002786448 0
0.5265429611468143 0
0.536155522014984 0
0.5457680828831536 0
0.5626711650492068 0
0.5652493119250391 0
0.5714846711240721 0
0.5810972319922416 0
0.5907097928604113 0
0.6003223537285809 0
0.6305874077160009 0
0.63311091836665 0
0.6389808978097703 0
0.6485934586779399 0
0.6582060195461096 0
0.688095449485395 0
0.690564323910861 0
0.6960689235980686 0
0.7056814844662382 0
0.733013256114135 0
0.7354274943144178 0
0.7405667142457127 0
0.7678404349043525 0
0.770200036879452 0
0.7904222697253847 0
0.7978049896532649 0
0.8002192278535476 0
0.8053584477848426 0
0.8184233351317758 0
0.8258538617566912 0
0.8283227361821571 0
0.8338273358693647 0
0.8434398967375344 0
0.8565150283766895 0
0.8639933616986403 0
0.8665168723492894 0
0.8723868517924097 0
0.8819994126605792 0
0.8916119735287489 0
0.9078867391051952 0
0.9103556135306612 0
0.9158602132178688 0
0.9254727740860383 0
0.9509400845495585 0
0.9533543227498412 0
0.9584935426811362 0
0.9838959726272511 0
0.9862555746023507 0
