0.02145154791255472 1
0.031187040287386544 2
0.0600110638355996 3
0.06962362470376922 4
0.07935911707860104 5
0.10866120759716712 6
0.11827376846533673 7
0.12788632933350635 8
0.13762182170833817 9
0.16740197919725727 10
0.17701454006542688 11
0.1866271009335965 12
0.1962396618017661 13
0.20597515417659795 14
0.23130928884123395 15
0.24092184970940358 16
0.2505344105775732 17
0.26014697144574284 18
0.2960019942222192 19
0.3056145550903888 20
0.3152271159585584 21
0.350590412708386 22
0.3602029735765556 23
0.4029455754901894 24
0.412558136358359 25
0.4222936287331908 26
0.4515957192517569 27
0.46120828011992654 28
0.4708208409880961 29
0.48055633336292797 30
0.5103364908518471 31
0.5199490517200167 32
0.5295616125881862 33
0.5391741734563559 34
0.5489096658311877 35
0.574503322565444 36
0.5841158834336135 37
0.5937284443017832 38
0.6033410051699528 39
0.6419995492511422 40
0.6516121101193119 41
0.6612246709874815 42
0.6990875750394405 43
0.7087001359076102 44
0.7435853656870847 45
0.8085000307328767 46
0.8368459873107367 47
0.8465814796855685 48
0.8754055032337815 49
0.8850180641019512 50
0.894753556476783 51
0.9188788646592407 52
0.9284914255274103 53
0.9615121941225081 54
