0.009571583699282217 0
0.02189546724216824 0
0.03163095961700006 0
0.04766327694419593 0
0.06045498316521312 0
0.07006754403338274 0
0.07980303640821455 0
0.09584559802763228 0
0.10910512692678064 0
0.11871768779495025 0
0.12833024866311987 0
0.1380657410379517 0
0.15411854694959126 0
0.1678458985268708 0
0.1774584593950404 0
0.18707102026321 0
0.19668358113137963 0
0.20641907350621144 0
0.21578235659698272 0
0.21678629723472406 0
0.21846977592318148 0
0.23175320817084746 0
0.2413657690390171 0
0.2509783299071867 0
0.26059089077535635 0
0.2809736175327647 0
0.28196731387828416 0
0.2836303039822979 0
0.2964459135518327 0
0.30605847442000234 0
0.3156710352881719 0
0.33602985869706264 0
0.33702355504258213 0
0.3386865451465958 0
0.3510343320379995 0
0.36064689290616914 0
0.3905977885987857 0
0.4033894948198029 0
0.4130020556879725 0
0.42273754806280434 0
0.43878010968222203 0
0.4520396385813704 0
0.46165219944954006 0
0.47126476031770964 0
0.4810002526925415 0
0.49705305860418103 0
0.5107804101814606 0
0.5203929710496302 0
0.5300055319177998 0
0.5396180927859694 0
0.5493535851608012 0
0.5586997944312028 0
0.55984715516005 0
0.5616638096473915 0
0.5749472418950575 0
0.584559802763227 0
0.5941723636313967 0
0.6037849244995663 0
0.6266638437950321 0
0.6278112045238794 0
0.6296278590112209 0
0.6424434685807557 0
0.6520560294489254 0
0.661668590317095 0
0.6845270210281171 0
0.6855207173736366 0
0.6871837074776503 0
0.699531494369054 0
0.7091440552372237 0
0.7294926343538924 0
0.7304863306994119 0
0.7321493208034257 0
0.7440292850166982 0
0.7643676198411452 0
0.7653613161866647 0
0.7670243062906784 0
0.7969649576910731 0
0.8089439500624902 0
0.8249660230974643 0
0.8372899066403502 0
0.847025399015182 0
0.8630577163423779 0
0.875849422563395 0
0.8854619834315647 0
0.8951974758063965 0
0.9045231964923544 0
0.9054144499156553 0
0.9069749970974506 0
0.9193227839888543 0
0.9289353448570238 0
0.9476243486337529 0
0.9485156020570539 0
0.9500761492388491 0
0.9619561134521216 0
0.9806280434084809 0
0.9815192968317819 0
0.9830798440135771 0
