0.009721833318536023 0
0.022059375917717845 0
0.03179486829254967 0
0.04781352656344973 0
0.060618891840762724 0
0.07023145270893234 0
0.07996694508376416 0
0.09599584764688608 0
0.10926903560233024 0
0.11888159647049985 0
0.12849415733866948 0
0.1382296497135013 0
0.15426879656884507 0
0.1680098072024204 0
0.17762236807059 0
0.18723492893875962 0
0.19684748980692923 0
0.20658298218176105 0
0.21695020591027367 0
0.2186268550705832 0
0.23191711684639707 0
0.2415296777145667 0
0.2511422385827363 0
0.26075479945090596 0
0.2714669143508875 0
0.2720884014123464 0
0.27270988847380534 0
0.27333137553526426 0
0.2739528625967232 0
0.28213122255383377 0
0.2837873831296996 0
0.2966098222273823 0
0.30622238309555194 0
0.3158349439637215 0
0.3265333998074073 0
0.3271514721047923 0
0.32776954440217726 0
0.32838761669956223 0
0.32900910376102116 0
0.33718746371813174 0
0.3388436242939975 0
0.3511982407135491 0
0.36081080158171874 0
0.3714990131331826 0
0.3721170854305676 0
0.37273515772795257 0
0.37335323002533755 0
0.37397471708679647 0
0.3907480382180395 0
0.4035534034953525 0
0.4131659643635221 0
0.42290145673835394 0
0.43893035930147584 0
0.45220354725692 0
0.46181610812508966 0
0.47142866899325925 0
0.4811641613680911 0
0.49720330822343484 0
0.5109443188570102 0
0.5205568797251798 0
0.5301694405933494 0
0.539782001461519 0
0.5495174938363508 0
0.5600110638355996 0
0.5618208887947932 0
0.575111150570607 0
0.5847237114387767 0
0.5943362723069463 0
0.6039488331751159 0
0.6146575333110236 0
0.6152756056084085 0
0.6158936779057935 0
0.6165117502031785 0
0.6171332372646374 0
0.6177547243260963 0
0.6183762113875553 0
0.6189976984490142 0
0.627975113199429 0
0.6297849381586226 0
0.6426073772563053 0
0.652219938124475 0
0.6618324989926446 0
0.6725309548363304 0
0.6731490271337154 0
0.6737670994311004 0
0.6743851717284853 0
0.6750032440258702 0
0.6756213163232552 0
0.6762393886206401 0
0.6768608756820991 0
0.6856846260491862 0
0.687340786625052 0
0.6996954030446036 0
0.7093079639127733 0
0.7199961754642372 0
0.7206142477616222 0
0.7212323200590072 0
0.7218503923563921 0
0.7224718794178511 0
0.7306502393749615 0
0.7323063999508274 0
0.7441931936922478 0
0.7548711609514899 0
0.7554892332488748 0
0.7561073055462598 0
0.7567253778436448 0
0.7573468649051037 0
0.7655252248622143 0
0.7671813854380801 0
0.77786618222547 0
0.778484254522855 0
0.7791023268202399 0
0.7797203991176249 0
0.7803418861790838 0
0.7971152073103269 0
0.8091078587380398 0
0.825116272716718 0
0.8374538153158998 0
0.8471893076907316 0
0.8632079659616317 0
0.8760133312389446 0
0.8856258921071143 0
0.8953613844819461 0
0.905578358591205 0
0.9071320762448523 0
0.9194866926644039 0
0.9290992535325734 0
0.9397908798481113 0
0.9404123669095702 0
0.9410338539710291 0
0.9486795107326035 0
0.9502332283862508 0
0.9621200221276712 0
0.9727979893869133 0
0.9734160616842983 0
0.9740375487457572 0
0.9816832055073315 0
0.9832369231609788 0
0.9939217199483688 0
0.9945397922457537 0
0.9951612793072127 0
