0.02263647104621542 0
0.03237196342104724 0
0.06119598696926029 0
0.07080854783742992 0
0.08054404021226173 0
0.1098461307308278 0
0.11945869159899743 0
0.12907125246716705 0
0.13880674484199887 0
0.16858690233091797 0
0.17819946319908758 0
0.1878120240672572 0
0.1974245849354268 0
0.20716007731025862 0
0.23249421197489464 0
0.24210677284306428 0
0.2517193337112339 0
0.26133189457940353 0
0.2971869173558799 0
0.3067994782240495 0
0.3164120390922191 0
0.3517753358420467 0
0.3613878967102163 0
0.4041304986238501 0
0.41374305949201967 0
0.4234785518668515 0
0.4527806423854176 0
0.46239320325358724 0
0.4720057641217568 0
0.48174125649658867 0
0.5115214139855078 0
0.5211339748536774 0
0.5307465357218469 0
0.5403590965900166 0
0.5500945889648484 0
0.5756882456991046 0
0.5853008065672742 0
0.5949133674354439 0
0.6045259283036135 0
0.6431844723848029 0
0.6527970332529726 0
0.6624095941211422 0
0.7002724981731012 0
0.7098850590412709 0
0.7447702888207454 0
0.8096849538665374 0
0.8380309104443974 0
0.8477664028192292 0
0.8765904263674422 0
0.8862029872356119 0
0.8959384796104437 0
0.9200637877929014 0
0.929676348661071 0
0.9626971172561688 0
