0.01701918414456745 0
0.017767017476762532 0
0.05557870006761233 0
0.05632653339980741 0
0.10422884382917984 0
0.10497667716137492 0
0.16296961542927 0
0.16371744876146507 0
0.2268769250732467 0
0.22762475840544177 0
0.26893657417209044 0
0.2915696304542319 0
0.292317463786427 0
0.32401671868490606 0
0.3461580489403987 0
0.3469058822725938 0
0.3689925763029032 0
0.3985132117222021 0
0.3992610450543972 0
0.4471633554837696 0
0.4479111888159647 0
0.5059041270838598 0
0.5066519604160549 0
0.5700709587974567 0
0.5708187921296518 0
0.6121306078963005 0
0.6375671854831549 0
0.63831501881535 0
0.6700142737138292 0
0.6946552112714532 0
0.6954030446036483 0
0.7174897386339578 0
0.7391530019190974 0
0.7399008352512925 0
0.7523749684134323 0
0.7753802339796343 0
0.8039447354582272 0
0.8046925687904223 0
0.8324136235427494 0
0.8331614568749445 0
0.8709731394657944 0
0.8717209727979894 0
0.9144465008912535 0
0.9151943342234485 0
0.9372810282537579 0
0.9570798303545208 0
0.9578276636867159 0
0.9703017968488558 0
0.991435771702533 0
