0.011323357669218635 0
0.013792232094684578 0
0.04946285761116764 0
0.05198636826181679 0
0.09769298539163929 0
0.10027113226747164 0
0.1560137410106336 0
0.15864652411164912 0
0.22034106663570613 0
0.22291921351153848 0
0.28545378799778726 0
0.28797729864843635 0
0.34046222246504987 0
0.3429310968905158 0
0.3923973692657574 0
0.39492087991640656 0
0.44062749704622906 0
0.4432056439220614 0
0.49894825266522336 0
0.5015810357662389 0
0.5635351003599162 0
0.5661132472357485 0
0.6314513430267102 0
0.6339748536773594 0
0.6889593847961044 0
0.6914282592215704 0
0.7338771914248444 0
0.7362914296251272 0
0.7687043702150619 0
0.7710639721901614 0
0.7986689249639742 0
0.801083163164257 0
0.8267177970674006 0
0.8291866714928665 0
0.8648572970093497 0
0.8673808076599988 0
0.9087506744159046 0
0.9112195488413706 0
0.9518040198602679 0
0.9542182580605506 0
0.9847599079379605 0
0.9871195099130601 0
