0.01645916283643963 0
0.02708932339864639 0
0.027902037248246518 1
0.03682481577347821 1
0.03763752962307834 2
0.037982420794547306 2
0.055018678759484504 2
0.06564883932169126 2
0.06646155317129139 3
0.07526140018986088 3
0.07607411403946102 4
0.0849968925646927 4
0.08580960641429283 5
0.08616474187798365 5
0.10366882252105201 5
0.11429898308325878 5
0.11511169693285891 6
0.1239115439514284 6
0.12472425780102853 7
0.133524104819598 7
0.13433681866919814 8
0.14325959719442985 8
0.14407231104402995 9
0.14443769079994262 9
0.16240959412114217 9
0.17303975468334892 9
0.17385246853294906 10
0.18265231555151853 10
0.18346502940111867 11
0.19226487641968817 11
0.1930775902692883 12
0.20187743728785779 12
0.20269015113745792 13
0.2116129296626896 13
0.21242564351228974 14
0.21280126756042425 14
0.22631690376511887 14
0.23694706432732562 14
0.23775977817692576 15
0.24655962519549524 15
0.24737233904509537 16
0.2561721860636649 16
0.256984899913265 17
0.26578474693183446 17
0.2665974607814346 18
0.27101616549312607 18
0.2910096091461041 18
0.30163976970831086 18
0.302452483557911 19
0.3112523305764805 19
0.31206504442608063 20
0.3208648914446501 20
0.3216776052942502 21
0.32608606571371984 21
0.3455980276322709 21
0.35622818819447766 21
0.3570409020440778 22
0.36584074906264724 22
0.3666534629122474 23
0.37105167903949515 23
0.3979531904140743 23
0.40858335097628107 23
0.4093960648258812 24
0.41819591184445065 24
0.4190086256940508 25
0.4279314042192825 25
0.42874411806888263 26
0.42909925353257344 26
0.4466033341756418 26
0.4572334947378486 26
0.4580462085874487 27
0.46684605560601816 27
0.4676587694556183 28
0.4764586164741878 28
0.47727133032378793 29
0.48619410884901965 29
0.4870068226986198 30
0.48737220245453244 30
0.505344105775732 30
0.5159742663379387 30
0.5167869801875389 31
0.5255868272061083 31
0.5263995410557084 32
0.5351993880742779 32
0.536012101923878 33
0.5448119489424476 33
0.5456246627920477 34
0.5545474413172794 34
0.5553601551668795 35
0.555735779215014 35
0.5695109374893289 35
0.5801410980515356 35
0.5809538119011357 36
0.5897536589197052 36
0.5905663727693053 37
0.5993662197878749 37
0.600178933637475 38
0.6089787806560445 38
0.6097914945056446 39
0.6142101992173361 39
0.6370071641750271 39
0.6476373247372339 39
0.648450038586834 40
0.6572498856054035 40
0.6580625994550037 41
0.6668624464735732 41
0.6676751603231733 42
0.6720836207426429 42
0.6940951899633254 42
0.7047253505255322 42
0.7055380643751323 43
0.7143379113937018 43
0.715150625243302 44
0.7195488413705498 44
0.7385929806109696 44
0.7492231411731763 44
0.7500358550227765 45
0.7544238268578024 45
0.7774188481317825 45
0.8033847141500994 45
0.8141378062189684 45
0.8149505200685685 46
0.8152851669478156 46
0.8318536022346216 46
0.8424837627968284 46
0.8432964766464285 47
0.8522192551716602 47
0.8530319690212603 48
0.8533768601927293 48
0.8704131181576665 48
0.8810432787198732 48
0.8818559925694733 49
0.8906558395880428 49
0.891468553437643 50
0.9003913319628747 50
0.9012040458124748 51
0.9015591812761656 51
0.9138864795831256 51
0.9245166401453324 51
0.9253293539949324 52
0.9341292010135019 52
0.9349419148631021 53
0.9393401309903499 53
0.956519809046393 53
0.9671499696085998 53
0.9679626834581999 54
0.9723506552932258 54
0.9934743858546813 54
