0.00966378232927887 0
0.021987665872164892 1
0.031723158246996716 2
0.04775547557419258 2
0.06054718179520977 3
0.07015974266337939 4
0.07989523503821121 5
0.09593779665762893 5
0.10919732555677729 6
0.1188098864249469 7
0.12842244729311653 8
0.13815793966794834 9
0.15421074557958792 9
0.16793809715686744 10
0.17755065802503706 11
0.18716321889320667 12
0.19677577976137628 13
0.2065112721362081 14
0.21586772569883148 15
0.21687849586472072 16
0.21856197455317813 16
0.23184540680084412 17
0.24145796766901376 18
0.25107052853718337 19
0.260683089405353 20
0.27140203383348244 20
0.27202352089494136 20
0.2726450079564003 20
0.2732664950178592 20
0.27388798207931814 20
0.28105898663461343 21
0.2820595125082808 22
0.28372250261229454 22
0.29653811218182935 23
0.306150673049999 24
0.3157632339181686 25
0.32646851929000226 25
0.32708659158738723 25
0.3277046638847722 25
0.3283227361821572 25
0.3289442232436161 25
0.3361152277989114 26
0.3371157536725788 27
0.33877874377659245 27
0.35112653066799615 28
0.3607390915361658 29
0.37143413261577757 29
0.37205220491316254 29
0.3726702772105475 29
0.3732883495079325 29
0.3739098365693914 29
0.39068998722878234 29
0.40348169344979956 30
0.41309425431796915 31
0.422829746692801 32
0.4388723083122187 32
0.45213183721136707 33
0.4617443980795367 34
0.4713569589477063 35
0.48109245132253814 36
0.4971452572341777 36
0.5108726088114572 37
0.5204851696796269 38
0.5300977305477964 39
0.539710291415966 40
0.5494457837907979 41
0.5587851635330515 42
0.5599393537900467 43
0.5617560082773881 43
0.5750394405250541 44
0.5846520013932237 45
0.5942645622613933 46
0.603877123129563 47
0.6145926527936185 47
0.6152107250910035 47
0.6158287973883885 47
0.6164468696857734 47
0.6170683567472324 47
0.6176898438086913 47
0.6183113308701502 47
0.6189328179316091 47
0.6267492128968809 48
0.627903403153876 49
0.6297200576412175 49
0.6425356672107524 50
0.652148228078922 51
0.6617607889470917 52
0.6724660743189254 52
0.6730841466163103 52
0.6737022189136953 52
0.6743202912110803 52
0.6749383635084653 52
0.6755564358058501 52
0.6761745081032351 52
0.676795995164694 52
0.6846123901299659 53
0.6856129160036333 54
0.687275906107647 54
0.6996236929990507 55
0.7092362538672203 56
0.7199312949468322 56
0.7205493672442171 56
0.7211674395416021 56
0.7217855118389871 56
0.722406998900446 56
0.7295780034557412 57
0.7305785293294086 58
0.7322415194334223 58
0.7441214836466948 59
0.7548062804340848 59
0.7554243527314698 59
0.7560424250288548 59
0.7566604973262397 59
0.7572819843876987 59
0.764452988942994 60
0.7654535148166614 61
0.7671165049206751 61
0.7778013017080649 61
0.7784193740054499 61
0.7790374463028349 61
0.7796555186002199 61
0.7802770056616788 61
0.7970571563210698 61
0.8090361486924869 62
0.8250582217274608 62
0.8373821052703468 63
0.8471175976451787 64
0.8631499149723746 65
0.8759416211933917 66
0.8855541820615613 67
0.8952896744363932 68
0.9046085655942031 69
0.905506648545652 70
0.9070671957274472 70
0.9194149826188509 71
0.9290275434870204 72
0.9397259993307062 72
0.9403474863921651 72
0.9409689734536241 72
0.9477097177356016 73
0.9486078006870505 74
0.9501683478688457 74
0.9620483120821183 75
0.9727331088695083 75
0.9733511811668932 75
0.9739726682283522 75
0.9807134125103296 76
0.9816114954617785 77
0.9831720426435737 78
0.9938568394309637 78
0.9944749117283487 78
0.9950963987898076 78
