0.023203321882491138 1
0.023865786112837465 2
0.025177055517234315 3
0.025839519747580638 4
0.03293881425732296 5
0.033601278487669285 6
0.03491254789206614 7
0.035575012122412465 8
0.061762837805536014 9
0.06242530203588234 10
0.0637365714402792 11
0.06439903567062552 12
0.07137539867370564 13
0.07203786290405195 14
0.0733491323084488 15
0.07401159653879513 16
0.08111089104853746 17
0.08177335527888378 18
0.08308462468328064 19
0.08374708891362696 20
0.11041298156710352 21
0.11107544579744985 22
0.1123867152018467 23
0.11304917943219303 24
0.12002554243527315 25
0.12068800666561948 26
0.12199927607001632 27
0.12266174030036264 28
0.12963810330344278 29
0.1303005675337891 30
0.13161183693818593 31
0.13227430116853225 32
0.1393735956782746 33
0.14003605990862092 34
0.14134732931301777 35
0.1420097935433641 36
0.16915375316719367 37
0.16981621739754 38
0.17112748680193685 39
0.17178995103228317 40
0.1787663140353633 41
0.17942877826570963 42
0.18074004767010649 43
0.18140251190045278 44
0.18837887490353292 45
0.18904133913387924 46
0.1903526085382761 47
0.19101507276862242 48
0.19799143577170253 49
0.19865390000204886 50
0.1999651694064457 51
0.20062763363679204 52
0.20772692814653435 53
0.20838939237688067 54
0.20970066178127753 55
0.21036312601162385 56
0.23306106281117037 57
0.2337235270415167 58
0.23503479644591355 59
0.23569726067625987 60
0.24267362367934 61
0.24333608790968633 62
0.24464735731408316 63
0.24530982154442948 64
0.2522861845475096 65
0.25294864877785594 66
0.2542599181822528 67
0.2549223824125991 68
0.26189874541567926 69
0.26256120964602553 70
0.2638724790504224 71
0.2645349432807687 72
0.2678506791965743 72
0.2977537681921556 73
0.2984162324225019 74
0.2997275018268988 75
0.3003899660572451 76
0.30736632906032524 77
0.30802879329067157 78
0.3093400626950684 79
0.31000252692541475 80
0.3169788899284948 81
0.31764135415884115 82
0.318952623563238 83
0.31961508779358433 84
0.3229308237093899 84
0.3523421866783224 85
0.3530046509086687 86
0.3543159203130656 87
0.3549783845434119 88
0.36195474754649204 89
0.3626172117768383 90
0.36392848118123516 91
0.3645909454115815 92
0.3679066813273871 92
0.4046973494601258 93
0.40535981369047214 94
0.406671083094869 95
0.4073335473252153 96
0.4143099103282954 97
0.4149723745586417 98
0.4162836439630386 99
0.4169461081933849 100
0.42404540270312724 101
0.42470786693347357 102
0.4260191363378704 103
0.42668160056821675 104
0.4533474932216933 105
0.45400995745203965 106
0.4553212268564365 107
0.4559836910867828 108
0.4629600540898629 109
0.46362251832020923 110
0.4649337877246061 111
0.4655962519549524 112
0.47257261495803254 113
0.47323507918837887 114
0.4745463485927757 115
0.47520881282312205 116
0.4823081073328644 117
0.4829705715632107 118
0.48428184096760757 119
0.4849443051979539 120
0.5120882648217835 121
0.5127507290521298 122
0.5140619984565267 123
0.514724462686873 124
0.5217008256899531 125
0.5223632899202995 126
0.5236745593246963 127
0.5243370235550426 128
0.5313133865581227 129
0.531975850788469 130
0.5332871201928658 131
0.5339495844232122 132
0.5409259474262923 133
0.5415884116566386 134
0.5428996810610355 135
0.5435621452913818 136
0.5506614398011241 137
0.5513239040314705 138
0.5526351734358673 139
0.5532976376662136 140
0.5762550965353803 141
0.5769175607657266 142
0.5782288301701235 143
0.5788912944004698 144
0.58586765740355 145
0.5865301216338963 146
0.5878413910382931 147
0.5885038552686395 148
0.5954802182717196 149
0.5961426825020659 150
0.5974539519064628 151
0.5981164161368091 152
0.6050927791398892 153
0.6057552433702356 154
0.6070665127746324 155
0.6077289770049787 156
0.6110447129207843 156
0.6437513232210786 157
0.644413787451425 158
0.6457250568558218 159
0.6463875210861681 160
0.6533638840892483 161
0.6540263483195946 162
0.6553376177239915 163
0.6560000819543378 164
0.6629764449574179 165
0.6636389091877642 166
0.6649501785921611 167
0.6656126428225074 168
0.668928378738313 168
0.7008393490093769 169
0.7015018132397233 170
0.7028130826441201 171
0.7034755468744665 172
0.7104519098775466 173
0.7111143741078929 174
0.7124256435122898 175
0.7130881077426361 176
0.7164038436584417 176
0.7453371396570211 177
0.7459996038873674 178
0.7473108732917643 179
0.7479733375221106 180
0.7512890734379162 180
0.7742943390041183 180
0.8102518047028131 181
0.8109142689331594 182
0.8122255383375563 183
0.8128880025679026 184
0.8385977612806731 185
0.8392602255110194 186
0.8405714949154163 187
0.8412339591457626 188
0.8483332536555049 189
0.8489957178858513 190
0.8503069872902481 191
0.8509694515205944 192
0.8771572772037179 193
0.8778197414340643 194
0.8791310108384611 195
0.8797934750688075 196
0.8867698380718876 197
0.8874323023022339 198
0.8887435717066308 199
0.8894060359369771 200
0.8965053304467194 201
0.8971677946770658 202
0.8984790640814626 203
0.8991415283118089 204
0.9206306386291772 205
0.9212931028595235 206
0.9226043722639203 207
0.9232668364942667 208
0.9302431994973467 209
0.930905663727693 210
0.9322169331320899 211
0.9328793973624362 212
0.9361951332782418 212
0.9632639680924445 213
0.9639264323227908 214
0.9652377017271877 215
0.965900165957534 216
0.9692159018733396 216
0.9903498767270169 216
