0.0004131864529479658 0
0.0006351461177547243 0
0.0008229581418219815 0
0.0018678759484507216 0
0.00208983561325748 0
0.002277647637324737 0
0.016592338635323684 0
0.0170021103241977 0
0.017326512911222964 0
0.017534813519733922 0
0.01773628460009698 0
0.027355674996414496 0
0.03709116737124632 0
0.03783558593936745 0
0.03850487969786168 0
0.038726839362668436 0
0.038914651386735694 0
0.03995956919336443 0
0.04018152885817119 0
0.040369340882238446 0
0.05515185455836856 0
0.055561626247242576 0
0.05588602883426784 0
0.0560943294427788 0
0.056295800523141856 0
0.06591519091945937 0
0.075527751787629 0
0.08526324416246081 0
0.08600766273058194 0
0.08668720078129802 0
0.08690916044610478 0
0.08709697247017203 0
0.08814189027680078 0
0.08836384994160754 0
0.0885516619656748 0
0.10380199831993607 0
0.10421177000881009 0
0.10453617259583535 0
0.10474447320434631 0
0.10494594428470937 0
0.11456533468102689 0
0.1241778955491965 0
0.13379045641736612 0
0.14352594879219796 0
0.14427036736031906 0
0.144960149703257 0
0.14518210936806375 0
0.145369921392131 0
0.14641483919875975 0
0.1466367988635665 0
0.14682461088763377 0
0.16254276992002623 0
0.16295254160890024 0
0.1632769441959255 0
0.16348524480443646 0
0.16368671588479952 0
0.17330610628111703 0
0.18291866714928665 0
0.19253122801745629 0
0.2021437888856259 0
0.2118792812604577 0
0.21262369982857884 0
0.21334762981225627 0
0.21358324853335883 0
0.2137710605574261 0
0.2140988779085253 0
0.21432083757333206 0
0.21450864959739932 0
0.22645007956400293 0
0.22685985125287694 0
0.2271842538399022 0
0.22739255444841316 0
0.22759402552877622 0
0.23721341592509373 0
0.24682597679326335 0
0.256438537661433 0
0.26605109852960257 0
0.2667955170977237 0
0.26999173627094103 0
0.27036736031907554 0
0.2707259105468403 0
0.2759880619847975 0
0.2761997773573824 0
0.2764114927299673 0
0.27674272484514045 0
0.27695444021772536 0
0.27716615559031027 0
0.2776373930325154 0
0.2778491084051003 0
0.2780608237776852 0
0.278555964568408 0
0.27879158328951054 0
0.2789793953135778 0
0.279307212664677 0
0.27952917232948377 0
0.279716984353551 0
0.29114278494498813 0
0.29155255663386215 0
0.2918769592208874 0
0.29208525982939837 0
0.2922867309097614 0
0.30190612130607897 0
0.3115186821742486 0
0.3211312430424182 0
0.3218756616105393 0
0.32507188078375665 0
0.32544750483189117 0
0.32580605505965593 0
0.33104430314909544 0
0.33125601852168035 0
0.33146773389426526 0
0.3317989660094384 0
0.33201068138202333 0
0.33222239675460824 0
0.33269363419681336 0
0.33290534956939827 0
0.3331170649419832 0
0.33361220573270595 0
0.3338478244538085 0
0.33403563647787576 0
0.334363453828975 0
0.33458541349378174 0
0.334773225517849 0
0.34573120343115493 0
0.34614097512002895 0
0.3464653777070542 0
0.34667367831556517 0
0.34687514939592823 0
0.35649453979224577 0
0.36610710066041535 0
0.3668515192285365 0
0.3700477384017538 0
0.3704233624498883 0
0.3707819126776531 0
0.37600991647487075 0
0.37622163184745566 0
0.37643334722004057 0
0.37676457933521373 0
0.37697629470779864 0
0.37718801008038355 0
0.37765924752258867 0
0.3778709628951736 0
0.3780826782677585 0
0.3785539157099636 0
0.3787656310825485 0
0.3789534431066158 0
0.379281260457715 0
0.3794929758302999 0
0.37968078785436715 0
0.3801486105324983 0
0.38036032590508323 0
0.38057204127766814 0
0.38078375665025305 0
0.3809715686743203 0
0.3814393913524515 0
0.38166135101725823 0
0.3818491630413255 0
0.38289408084795423 0
0.383116040512761 0
0.38330385253682825 0
0.39808636621295834 0
0.39849613790183236 0
0.3988205404888576 0
0.3990288410973686 0
0.39923031217773164 0
0.4088497025740492 0
0.41846226344221876 0
0.4281977558170506 0
0.42894217438517174 0
0.4296217124358878 0
0.4298436721006946 0
0.43003148412476183 0
0.4310764019313906 0
0.43129836159619733 0
0.4314861736202646 0
0.44673650997452585 0
0.44714628166339987 0
0.44747068425042513 0
0.4476789848589361 0
0.44788045593929915 0
0.4574998463356167 0
0.4671124072037863 0
0.4767249680719559 0
0.48646046044678776 0
0.4872048790149089 0
0.48789466135784676 0
0.4881166210226535 0
0.4883044330467208 0
0.4893493508533495 0
0.4895713105181563 0
0.48975912254222354 0
0.505477281574616 0
0.50588705326349 0
0.5062114558505153 0
0.5064197564590263 0
0.5066212275393893 0
0.5162406179357069 0
0.5258531788038764 0
0.535465739672046 0
0.5450783005402157 0
0.5548137929150475 0
0.5555582114831686 0
0.5562821414668461 0
0.5565177601879486 0
0.5567055722120159 0
0.5570333895631151 0
0.5572553492279219 0
0.5574431612519891 0
0.569644113288213 0
0.570053884977087 0
0.5703782875641122 0
0.5705865881726232 0
0.5707880592529863 0
0.5804074496493037 0
0.5900200105174733 0
0.599632571385643 0
0.6092451322538126 0
0.6099895508219337 0
0.6131857699951511 0
0.6135613940432856 0
0.6139199442710503 0
0.6216782882470651 0
0.62189000361965 0
0.6221017189922349 0
0.622432951107408 0
0.622644666479993 0
0.6228563818525779 0
0.623327619294783 0
0.6235393346673679 0
0.6237510500399528 0
0.6242461908306756 0
0.6244818095517781 0
0.6246696215758454 0
0.6249974389269446 0
0.6252193985917512 0
0.6254072106158185 0
0.6371403399739112 0
0.6375501116627852 0
0.6378745142498105 0
0.6380828148583214 0
0.6382842859386845 0
0.647903676335002 0
0.6575162372031716 0
0.6671287980713413 0
0.6678732166394624 0
0.6710694358126797 0
0.6714450598608143 0
0.671803610088579 0
0.6795414654801499 0
0.6797531808527348 0
0.6799648962253197 0
0.6802961283404929 0
0.6805078437130778 0
0.6807195590856627 0
0.6811907965278678 0
0.6814025119004528 0
0.6816142272730377 0
0.6821093680637604 0
0.682344986784863 0
0.6825327988089303 0
0.6828606161600295 0
0.6830825758248362 0
0.6832703878489035 0
0.6942283657622095 0
0.6946381374510835 0
0.6949625400381088 0
0.6951708406466197 0
0.6953723117269828 0
0.7049917021233003 0
0.71460426299147 0
0.7153486815595911 0
0.7185449007328084 0
0.7189205247809429 0
0.7192790750087077 0
0.7245070788059254 0
0.7247187941785103 0
0.7249305095510952 0
0.7252617416662682 0
0.7254734570388531 0
0.725685172411438 0
0.7261564098536432 0
0.7263681252262281 0
0.726579840598813 0
0.7270749813895357 0
0.7273106001106383 0
0.7274984121347056 0
0.7278262294858048 0
0.7280481891506115 0
0.7282360011746788 0
0.7387261564098536 0
0.7391359280987276 0
0.7394603306857529 0
0.7396686312942639 0
0.7398701023746269 0
0.7494894927709445 0
0.7502339113390656 0
0.7534301305122829 0
0.7538057545604174 0
0.7541643047881822 0
0.759382064293178 0
0.7595937796657629 0
0.7598054950383478 0
0.760136727153521 0
0.7603484425261059 0
0.7605601578986908 0
0.7610313953408959 0
0.7612431107134808 0
0.7614548260860657 0
0.7619499668767885 0
0.7621855855978911 0
0.7623733976219583 0
0.7627012149730575 0
0.7629231746378643 0
0.7631109866619316 0
0.7732391769052677 0
0.7764353960784849 0
0.7768110201266194 0
0.7771695703543842 0
0.7823770855671581 0
0.782588800939743 0
0.7828005163123279 0
0.7831317484275011 0
0.783343463800086 0
0.7835551791726709 0
0.784026416614876 0
0.784238131987461 0
0.7844498473600459 0
0.784921084802251 0
0.7851328001748359 0
0.7853206121989031 0
0.7856484295500024 0
0.7858601449225873 0
0.7860479569466545 0
0.7865157796247857 0
0.7867274949973706 0
0.7869392103699555 0
0.7871509257425404 0
0.7873387377666077 0
0.7878065604447388 0
0.7880285201095456 0
0.7882163321336129 0
0.7892612499402416 0
0.7894832096050484 0
0.7896710216291156 0
0.8035178899489834 0
0.8039276616378574 0
0.8042520642248827 0
0.8044603648333937 0
0.8046618359137567 0
0.8144041578167365 0
0.8151485763848576 0
0.81580762585113 0
0.8160295855159367 0
0.816217397540004 0
0.8172623153466327 0
0.8174842750114395 0
0.8176720870355068 0
0.8319867780335056 0
0.8323965497223796 0
0.8327209523094049 0
0.8329292529179159 0
0.8331307239982789 0
0.8427501143945965 0
0.8524856067694283 0
0.8532300253375494 0
0.8538993190960437 0
0.8541212787608504 0
0.8543090907849177 0
0.8553540085915464 0
0.8555759682563532 0
0.8557637802804204 0
0.8705462939565506 0
0.8709560656454246 0
0.8712804682324499 0
0.8714887688409608 0
0.8716902399213239 0
0.8813096303176413 0
0.890922191185811 0
0.9006576835606428 0
0.9014021021287639 0
0.9021055435279977 0
0.9023411622491002 0
0.9025289742731675 0
0.9028567916242667 0
0.9030787512890734 0
0.9032665633131407 0
0.9140196553820097 0
0.9144294270708837 0
0.914753829657909 0
0.9149621302664199 0
0.915163601346783 0
0.9247829917431005 0
0.93439555261127 0
0.9351399711793912 0
0.9383361903526085 0
0.938711814400743 0
0.9390703646285078 0
0.9426387930857857 0
0.9428505084583706 0
0.9430622238309555 0
0.9433934559461287 0
0.9436051713187136 0
0.9438168866912985 0
0.9442881241335036 0
0.9444998395060885 0
0.9447115548786734 0
0.9452066956693962 0
0.9454423143904988 0
0.945630126414566 0
0.9459579437656652 0
0.946179903430472 0
0.9463677154545392 0
0.956652984845277 0
0.9570627565341511 0
0.9573871591211763 0
0.9575954597296873 0
0.9577969308100504 0
0.9674163212063679 0
0.968160739774489 0
0.9713569589477064 0
0.9717325829958409 0
0.9720911332236056 0
0.9756424878605137 0
0.9758542032330986 0
0.9760659186056835 0
0.9763971507208566 0
0.9766088660934416 0
0.9768205814660265 0
0.9772918189082316 0
0.9775035342808165 0
0.9777152496534014 0
0.9782103904441242 0
0.9784460091652267 0
0.978633821189294 0
0.9789616385403932 0
0.9791835982052 0
0.9793714102292672 0
0.9892947146281663 0
0.9924909338013836 0
0.9928665578495182 0
0.9932251080772829 0
0.9967662184219692 0
0.9969779337945541 0
0.997189649167139 0
0.9975208812823122 0
0.9977325966548971 0
0.997944312027482 0
0.9984155494696871 0
0.998627264842272 0
0.998838980214857 0
0.9993341210055797 0
0.9995458363781646 0
0.9997575517507495 0
0.9999453637748168 0
