0.0037255076046795927 0
0.0037938028861585955 0
0.01097163696960177 0
0.013440511395067715 0
0.01902023589190223 0
0.019190974095599736 0
0.028632796760071848 0
0.028803534963769355 0
0.041817200849593304 0
0.04188549613107231 0
0.04911113691155078 0
0.051634647562199924 0
0.05757975181494711 0
0.057750490018644615 0
0.06719231268311672 0
0.06736305088681423 0
0.07680487355128635 0
0.07697561175498385 0
0.08999952193302965 0
0.09006781721450866 0
0.09734126469202242 0
0.09991941156785478 0
0.10622989557651462 0
0.10640063378021213 0
0.11584245644468423 0
0.11601319464838174 0
0.12545501731285386 0
0.12562575551655136 0
0.13506757818102347 0
0.13523831638472097 0
0.14827247085498862 0
0.14834076613646763 0
0.15566202031101672 0
0.15829480341203225 0
0.16497066717660477 0
0.16514140538030228 0
0.17458322804477439 0
0.1747539662484719 0
0.184195788912944 0
0.1843665271166415 0
0.1938083497811136 0
0.19397908798481112 0
0.20342091064928325 0
0.20359164885298076 0
0.21998934593608926 0
0.22256749281192162 0
0.22887797682058147 0
0.22904871502427898 0
0.2384905376887511 0
0.2386612758924486 0
0.2481030985569207 0
0.2482738367606182 0
0.25771565942509034 0
0.25788639762878784 0
0.2851020672981704 0
0.2876255779488195 0
0.2935706822015667 0
0.2937414204052642 0
0.3031832430697363 0
0.3033539812734338 0
0.3127958039379059 0
0.3129665421416034 0
0.340110501765433 0
0.34257937619089895 0
0.3481591006877335 0
0.348329838891431 0
0.3577716615559031 0
0.3579423997596006 0
0.3847517125041831 0
0.3848200077856621 0
0.39204564856614055 0
0.3945691592167897 0
0.4005142634695369 0
0.4006850016732344 0
0.41012682433770653 0
0.41029756254140404 0
0.4197393852058761 0
0.4199101234095736 0
0.43293403358761945 0
0.43300232886909845 0
0.4402757763466122 0
0.44285392322244455 0
0.4491644072311044 0
0.4493351454348019 0
0.45877696809927404 0
0.45894770630297155 0
0.4683895289674436 0
0.46856026717114113 0
0.47800208983561326 0
0.47817282803931077 0
0.4912069825095784 0
0.4912752777910574 0
0.4985965319656065 0
0.501229315066622 0
0.5079051788311946 0
0.5080759170348921 0
0.5175177396993642 0
0.5176884779030617 0
0.5271303005675337 0
0.5273010387712312 0
0.5367428614357034 0
0.5369135996394009 0
0.546355422303873 0
0.5465261605075705 0
0.5631833796602993 0
0.5657615265361317 0
0.5720720105447915 0
0.572242748748489 0
0.581684571412961 0
0.5818553096166585 0
0.5912971322811307 0
0.5914678704848282 0
0.6009096931493003 0
0.6010804313529978 0
0.6310996223270934 0
0.6336231329777425 0
0.6395682372304897 0
0.6397389754341872 0
0.6491807980986594 0
0.6493515363023569 0
0.658793358966829 0
0.6589640971705265 0
0.6886076640964875 0
0.6910765385219535 0
0.696656263018788 0
0.6968270012224855 0
0.7062688238869577 0
0.7064395620906552 0
0.7335254707252276 0
0.7359397089255103 0
0.7411540536664322 0
0.7413247918701297 0
0.768352649515445 0
0.7707122514905446 0
0.7911188815964705 0
0.7911871768779495 0
0.7983172042643574 0
0.8007314424646401 0
0.805945787205562 0
0.8061165254092595 0
0.8191199470028616 0
0.8191882422843406 0
0.8263660763677837 0
0.8288349507932496 0
0.8344146752900842 0
0.8345854134937817 0
0.8440272361582538 0
0.8441979743619513 0
0.8572116402477753 0
0.8572799355292543 0
0.8645055763097328 0
0.867029086960382 0
0.8729741912131291 0
0.8731449294168266 0
0.8825867520812987 0
0.8827574902849962 0
0.8921993129494683 0
0.8923700511531658 0
0.9083989537162878 0
0.9108678281417537 0
0.9164475526385882 0
0.9166182908422857 0
0.9260601135067578 0
0.9262308517104553 0
0.951452299160651 0
0.9538665373609337 0
0.9590808821018556 0
0.9592516203055531 0
0.9844081872383437 0
0.9867677892134432 0
