0.0009014977155228346 0
0.0023561872110255903 0
0.03899319096043655 0
0.0404478804559393 0
0.08717551204387289 0
0.08863020153937565 0
0.14544846096583186 0
0.14690315046133462 0
0.21458718917110017 0
0.2797955239272519 0
0.33485176509154985 0
0.38192770261502634 0
0.3833823921105291 0
0.4301100236984627 0
0.43156471319396544 0
0.48838297262042163 0
0.4898376621159244 0
0.55752170082569 0
0.6254857501895194 0
0.6833489274226043 0
0.7283145407483796 0
0.7631895262356324 0
0.7882948717073137 0
0.7897495612028165 0
0.8162959371137049 0
0.8177506266092076 0
0.8543876303586185 0
0.8558423198541213 0
0.9033451028868416 0
0.9464462550282401 0
0.9794499498029681 0
