0.02483216434576535 0
0.034567656720597174 0
0.06339168026881023 0
0.07300424113697984 0
0.08273973351181167 0
0.11204182403037774 0
0.12165438489854737 0
0.13126694576671696 0
0.1410024381415488 0
0.17078259563046788 0
0.18039515649863752 0
0.19000771736680713 0
0.19962027823497674 0
0.20935577060980856 0
0.23468990527444458 0
0.2443024661426142 0
0.25391502701078383 0
0.2635275878789534 0
0.2993826106554298 0
0.30899517152359945 0
0.31860773239176904 0
0.3539710291415966 0
0.3635835900097662 0
0.4063261919234 0
0.4159387527915696 0
0.42567424516640145 0
0.45497633568496754 0
0.4645888965531371 0
0.47420145742130676 0
0.4839369497961386 0
0.5137171072850577 0
0.5233296681532273 0
0.5329422290213969 0
0.5425547898895665 0
0.5522902822643984 0
0.5778839389986545 0
0.5874964998668242 0
0.5971090607349938 0
0.6067216216031635 0
0.6453801656843529 0
0.6549927265525225 0
0.6646052874206921 0
0.7024681914726512 0
0.7120807523408208 0
0.7469659821202953 0
0.8118806471660873 0
0.8402266037439473 0
0.8499620961187792 0
0.8787861196669922 0
0.8883986805351618 0
0.8981341729099936 0
0.9222594810924514 0
0.9318720419606209 0
0.9648928105557187 0
