0.027857645315285166 1
0.03759313769011699 2
0.0379209550412162 2
0.06641716123833004 3
0.07602972210649966 4
0.08576521448133148 5
0.0860930318324307 5
0.11506730499989756 6
0.12467986586806717 7
0.1342924267362368 8
0.1440279191110686 9
0.14435573646216782 9
0.1738080765999877 10
0.18342063746815732 11
0.19303319833632696 12
0.20264575920449657 13
0.21238125157932838 14
0.2127090689304276 14
0.2377153862439644 15
0.24732794711213402 16
0.25694050798030366 17
0.26655306884847324 18
0.26688088619957245 18
0.30240809162494964 19
0.3120206524931193 20
0.32163321336128886 21
0.3219610307123881 21
0.35699651011111644 22
0.366609070979286 23
0.36693688833038524 23
0.40935167289291985 24
0.41896423376108943 25
0.4286997261359213 26
0.4290275434870205 26
0.45800181665448736 27
0.46761437752265694 28
0.4772269383908266 29
0.4869624307656584 30
0.48729024811675764 30
0.5167425882545775 31
0.5263551491227471 32
0.5359677099909167 33
0.5455802708590863 34
0.5553157632339182 35
0.5556435805850174 35
0.5809094199681744 36
0.590521980836344 37
0.6001345417045136 38
0.6097471025726833 39
0.6100749199237825 39
0.6484056466538727 40
0.6580182075220423 41
0.667630768390212 42
0.6679585857413112 42
0.705493672442171 43
0.7151062333103406 44
0.7154340506614398 44
0.7499914630898151 45
0.7503192804409143 45
0.7733245460071164 45
0.8149061281356071 46
0.8152339454867064 46
0.8432520847134671 47
0.852987577088299 48
0.8533153944393982 48
0.881811600636512 49
0.8914241615046816 50
0.9011596538795135 51
0.9014874712306127 51
0.9252849620619711 52
0.9348975229301407 53
0.9352253402812399 53
0.9679182915252386 54
0.9682461088763378 54
0.9893800837300151 54
