0.016691366793468238 1
0.018139226760823093 1
0.021543746542551374 2
0.02745470315455905 3
0.0312792389173832 4
0.037190195529390874 5
0.055250882716513114 6
0.05669874268386797 6
0.060103262465596254 7
0.06601421907760392 8
0.06971582333376587 9
0.07562677994577355 10
0.07945131570859769 11
0.08536227232060536 12
0.10390102647808062 13
0.10534888644543548 13
0.10875340622716377 14
0.11466436283917145 15
0.11836596709533338 16
0.12427692370734106 17
0.127978527963503 18
0.13388948457551067 19
0.13771402033833482 20
0.14362497695034251 21
0.16264179807817078 22
0.16408965804552564 22
0.16749417782725393 23
0.1734051344392616 24
0.17710673869542354 25
0.1830176953074312 26
0.18671929956359315 27
0.19263025617560084 28
0.19633186043176276 29
0.20224281704377045 30
0.2060673528065946 31
0.21197830941860227 32
0.21479548977961113 33
0.22654910772214748 34
0.22799696768950234 34
0.2314014874712306 35
0.2373124440832383 36
0.24101404833940024 37
0.2469250049514079 38
0.25062660920756985 39
0.25653756581957754 40
0.2602391700757395 41
0.2661501266877471 42
0.2694317149628132 43
0.28000382453576284 44
0.2912418131031327 45
0.29268967307048754 45
0.29609419285221583 46
0.3020051494642235 47
0.30570675372038547 48
0.31161771033239316 49
0.31531931458855506 50
0.32123027120056274 51
0.3245118594756288 52
0.3350600657000608 53
0.3458302315892995 54
0.34727809155665434 54
0.35068261133838263 55
0.3565935679503903 56
0.36029517220655227 57
0.3662061288185599 58
0.369487717093626 59
0.3981853943711029 60
0.39963325433845776 60
0.40303777412018604 61
0.40894873073219373 62
0.4126503349883556 63
0.4185612916003633 64
0.42238582736318747 65
0.42829678397519516 66
0.4468355381326704 67
0.44828339810002527 67
0.45168791788175355 68
0.45759887449376124 69
0.4613004787499232 70
0.4672114353619308 71
0.4709130396180928 72
0.47682399623010047 73
0.4806485319929246 74
0.4865594886049323 75
0.5055763097327606 76
0.5070241697001154 76
0.5104286894818437 77
0.5163396460938514 78
0.5200412503500134 79
0.5259522069620209 80
0.5296538112181829 81
0.5355647678301906 82
0.5392663720863525 83
0.5451773286983602 84
0.5490018644611844 85
0.5549128210731921 86
0.5577300014342009 87
0.5697431414463575 88
0.5711910014137124 88
0.5745955211954407 89
0.5805064778074482 90
0.5842080820636102 91
0.5901190386756179 92
0.5938206429317798 93
0.5997315995437875 94
0.6034332037999495 95
0.6093441604119572 96
0.6126257486870232 97
0.6256940507980303 98
0.6372393681320557 99
0.6386872280994106 99
0.6420917478811389 100
0.6480027044931466 101
0.6517043087493085 102
0.6576152653613162 103
0.6613168696174782 104
0.6672278262294858 105
0.6705094145045519 106
0.6835572280311153 107
0.694327393920354 108
0.6957752538877089 108
0.6991797736694372 109
0.7050907302814449 110
0.7087923345376068 111
0.7147032911496145 112
0.7179848794246806 113
0.7285228413568906 114
0.7388251845679982 115
0.740273044535353 115
0.7436775643170813 116
0.749588520929089 117
0.7528701092041551 118
0.7633978268441434 119
0.7728908709697248 119
0.7758753747703571 120
0.803616918107128 121
0.8050647780744828 121
0.8085922293628733 122
0.814503185974881 123
0.8320858061916502 124
0.833533666159005 124
0.8369381859407333 125
0.842849142552741 126
0.8466736783155652 127
0.8525846349275729 128
0.8706453221146951 129
0.87209318208205 129
0.8754977018637782 130
0.8814086584757859 131
0.8851102627319478 132
0.8910212193439555 133
0.8948457551067797 134
0.9007567117187874 135
0.9035534034953525 136
0.9141186835401542 137
0.9155665435075091 137
0.9189710632892374 138
0.9248820199012451 139
0.9285836241574069 140
0.9344945807694146 141
0.9377761690444807 142
0.946654555636751 143
0.9567520130034216 144
0.9581998729707765 144
0.9616043927525048 145
0.9675153493645124 146
0.9707969376395785 147
0.979658250411479 148
0.9889464086926234 148
0.9919309124932558 149
