0.0033601278487669288 1
0.010790654473682413 2
0.013259528899148358 2
0.01876412858635597 3
0.028376689454525587 3
0.04145182109368064 3
0.04893015441563142 3
0.051453665066280574 3
0.05732364450940085 3
0.06693620537757046 3
0.07654876624574009 3
0.08963414217711699 3
0.09716028219610306 3
0.09973842907193542 3
0.10597378827096836 3
0.11558634913913798 3
0.1251989100073076 3
0.1348114708754772 3
0.14790709109907596 3
0.15548103781509737 3
0.1581138209161129 3
0.1647145598710585 3
0.17432712073922813 3
0.18393968160739774 3
0.19355224247556738 3
0.203164803343737 3
0.2198083634401699 3
0.22238651031600226 3
0.22862186951503521 3
0.23823443038320483 3
0.24784699125137444 3
0.2574595521195441 3
0.28492108480225103 3
0.2874445954529002 3
0.2933145748960204 3
0.30292713576419006 3
0.31253969663235964 3
0.33992951926951365 3
0.3423983936949796 3
0.3479029933821872 3
0.35751555425035686 3
0.38438633274827044 3
0.3918646660702212 3
0.39438817672087034 3
0.40025815616399063 3
0.40987071703216027 3
0.41948327790032985 3
0.4325686538317068 3
0.44009479385069283 3
0.4426729407265252 3
0.44890829992555814 3
0.4585208607937278 3
0.46813342166189736 3
0.477745982530067 3
0.49084160275366573 3
0.49841554946968714 3
0.5010483325707027 3
0.5076490715256483 3
0.517261632393818 3
0.5268741932619875 3
0.5364867541301571 3
0.5460993149983268 3
0.5630023971643799 3
0.5655805440402123 3
0.5718159032392452 3
0.5814284641074148 3
0.5910410249755844 3
0.6006535858437541 3
0.630918639831174 3
0.6334421504818232 3
0.6393121299249435 3
0.6489246907931131 3
0.6585372516612827 3
0.6884266816005682 3
0.6908955560260341 3
0.6964001557132418 3
0.7060127165814114 3
0.7333444882293082 3
0.735758726429591 3
0.7408979463608859 3
0.7681716670195257 3
0.7705312689946252 3
0.7907535018405578 3
0.798136221768438 3
0.8005504599687208 3
0.8056896799000157 3
0.818754567246949 3
0.8261850938718643 3
0.8286539682973303 3
0.8341585679845379 3
0.8437711288527076 3
0.8568462604918626 3
0.8643245938138134 3
0.8668481044644626 3
0.8727180839075829 3
0.8823306447757524 3
0.891943205643922 3
0.9082179712203684 3
0.9106868456458344 3
0.916191445333042 3
0.9258040062012115 3
0.9512713166647316 3
0.9536855548650144 3
0.9588247747963093 3
0.9842272047424243 3
0.9865868067175239 3
