0.01637379373459088 0
0.027034687173463186 0
0.03677017954829501 0
0.05493330965763575 0
0.06559420309650807 0
0.07520676396467768 0
0.0849422563395095 0
0.10358345341920326 0
0.11424434685807558 0
0.12385690772624519 0
0.1334694685944148 0
0.14320496096924665 0
0.16232422501929342 0
0.17298511845816572 0
0.18259767932633533 0
0.19221024019450497 0
0.20182280106267458 0
0.2115582934375064 0
0.22623153466327012 0
0.23689242810214242 0
0.24650498897031203 0
0.2561175498384817 0
0.26573011070665126 0
0.2909242400442553 0
0.30158513348312765 0
0.3111976943512973 0
0.3208102552194669 0
0.3455126585304221 0
0.35617355196929446 0
0.36578611283746404 0
0.39786782131222553 0
0.40852871475109787 0
0.41814127561926745 0
0.4278767679940993 0
0.44651796507379304 0
0.4571788585126654 0
0.46679141938083496 0
0.4764039802490046 0
0.48613947262383644 0
0.5052587366738832 0
0.5159196301127555 0
0.5255321909809251 0
0.5351447518490947 0
0.5447573127172644 0
0.5544928050920962 0
0.5694255683874802 0
0.5800864618263524 0
0.589699022694522 0
0.5993115835626917 0
0.6089241444308613 0
0.6369217950731784 0
0.6475826885120507 0
0.6571952493802203 0
0.66680781024839 0
0.6940098208614767 0
0.704670714300349 0
0.7142832751685186 0
0.7385076115091208 0
0.7491685049479931 0
0.8032993450482506 0
0.8140831699937852 0
0.8317682331327728 0
0.8424291265716451 0
0.852164618946477 0
0.8703277490558178 0
0.88098864249469 0
0.8906012033628596 0
0.9003366957376915 0
0.9138011104812769 0
0.9244620039201492 0
0.9340745647883187 0
0.9564344399445442 0
0.9670953333834166 0
