0.00039269786850426504 0
0.0006146575333110235 0
0.0008024695573782808 0
0.0018473873640070207 0
0.002069347028813779 0
0.0022571590528810363 0
0.016585509107175784 1
0.016981621739754 1
0.017306024326779263 1
0.01751432493529022 1
0.01771579601565328 1
0.027348845468266596 2
0.03708433784309842 3
0.03782875641121955 4
0.038484391113417976 4
0.038706350778224735 4
0.03889416280229199 4
0.03993908060892073 4
0.04016104027372749 4
0.040348852297794745 4
0.05514502503022066 5
0.055541137662798876 5
0.05586554024982414 5
0.0560738408583351 5
0.056275311938698155 5
0.06590836139131147 6
0.0755209222594811 7
0.08525641463431291 8
0.08600083320243404 8
0.08666671219685432 8
0.08688867186166108 8
0.08707648388572833 8
0.08812140169235708 8
0.08834336135716384 8
0.08853117338123109 8
0.10379516879178817 9
0.10419128142436639 9
0.10451568401139165 9
0.10472398461990261 9
0.10492545570026567 9
0.11455850515287899 10
0.1241710660210486 11
0.13378362688921822 12
0.14351911926405006 13
0.14426353783217116 13
0.1449396611188133 13
0.14516162078362005 13
0.1453494328076873 13
0.14639435061431605 13
0.1466163102791228 13
0.14680412230319007 13
0.16253594039187833 14
0.16293205302445654 14
0.1632564556114818 14
0.16346475621999276 14
0.16366622730035582 14
0.17329927675296913 15
0.18291183762113875 16
0.19252439848930838 17
0.202136959357478 18
0.2118724517323098 19
0.21261687030043094 19
0.21332714122781257 19
0.21356275994891513 19
0.2137505719729824 19
0.2140783893240816 19
0.21430034898888836 19
0.21448816101295562 19
0.22644325003585503 20
0.22683936266843324 20
0.2271637652554585 20
0.22737206586396946 20
0.22757353694433252 20
0.23720658639694583 21
0.24681914726511545 22
0.2564317081332851 23
0.26604426900145467 24
0.2667886875695758 24
0.26997124768649733 24
0.27034687173463184 24
0.2707054219623966 24
0.27596757340035377 24
0.2761792887729387 24
0.2763910041455236 24
0.27672223626069675 24
0.27693395163328166 24
0.27714566700586657 24
0.2776169044480717 24
0.2778286198206566 24
0.2780403351932415 24
0.2785354759839643 24
0.27877109470506684 24
0.2789589067291341 24
0.2792867240802333 24
0.27950868374504007 24
0.2796964957691073 24
0.29113595541684023 25
0.29153206804941845 25
0.2918564706364437 25
0.29206477124495467 25
0.2922662423253177 25
0.30189929177793107 26
0.3115118526461007 27
0.3211244135142703 28
0.3218688320823914 28
0.32505139219931295 28
0.32542701624744746 28
0.32578556647521223 28
0.33102381456465174 28
0.33123552993723665 28
0.33144724530982156 28
0.3317784774249947 28
0.33199019279757963 28
0.33220190817016454 28
0.33267314561236966 28
0.33288486098495457 28
0.3330965763575395 28
0.33359171714826225 28
0.3338273358693648 28
0.33401514789343206 28
0.3343429652445313 28
0.33456492490933804 28
0.3347527369334053 28
0.34572437390300703 29
0.34612048653558525 29
0.3464448891226105 29
0.34665318973112147 29
0.3468546608114845 29
0.35648771026409787 30
0.36610027113226745 31
0.3668446897003886 31
0.3700272498173101 31
0.3704028738654446 31
0.3707614240932094 31
0.37598942789042705 31
0.37620114326301196 31
0.37641285863559687 31
0.37674409075077003 31
0.37695580612335494 31
0.37716752149593985 31
0.37763875893814497 31
0.3778504743107299 31
0.3780621896833148 31
0.3785334271255199 31
0.3787451424981048 31
0.37893295452217207 31
0.3792607718732713 31
0.3794724872458562 31
0.37966029926992345 31
0.3801281219480546 31
0.38033983732063953 31
0.38055155269322444 31
0.38076326806580935 31
0.3809510800898766 31
0.3814189027680078 31
0.38164086243281453 31
0.3818286744568818 31
0.38287359226351053 31
0.3830955519283173 31
0.38328336395238455 31
0.39807953668481044 32
0.39847564931738866 32
0.3988000519044139 32
0.3990083525129249 32
0.39920982359328794 32
0.4088428730459013 33
0.41845543391407086 34
0.4281909262889027 35
0.42893534485702384 35
0.4296012238514441 35
0.4298231835162509 35
0.43001099554031813 35
0.4310559133469469 35
0.43127787301175363 35
0.4314656850358209 35
0.44672968044637795 36
0.44712579307895617 36
0.44745019566598143 36
0.4476584962744924 36
0.44785996735485545 36
0.4574930168074688 37
0.4671055776756384 38
0.476718138543808 39
0.48645363091863986 40
0.487198049486761 40
0.48787417277340306 40
0.4880961324382098 40
0.4882839444622771 40
0.4893288622689058 40
0.4895508219337126 40
0.48973863395777983 40
0.5054704520464681 41
0.5058665646790463 41
0.5061909672660716 41
0.5063992678745826 41
0.5066007389549456 41
0.516233788407559 42
0.5258463492757285 43
0.5354589101438981 44
0.5450714710120678 45
0.5548069633868996 46
0.5555513819550207 46
0.5562616528824024 46
0.5564972716035049 46
0.5566850836275722 46
0.5570129009786714 46
0.5572348606434782 46
0.5574226726675454 46
0.5696372837600651 47
0.5700333963926433 47
0.5703577989796685 47
0.5705660995881795 47
0.5707675706685426 47
0.5804006201211558 48
0.5900131809893254 49
0.5996257418574951 50
0.6092383027256647 51
0.6099827212937858 51
0.6131652814107074 51
0.6135409054588419 51
0.6138994556866066 51
0.6216577996626214 51
0.6218695150352063 51
0.6220812304077912 51
0.6224124625229643 51
0.6226241778955492 51
0.6228358932681342 51
0.6233071307103393 51
0.6235188460829242 51
0.6237305614555091 51
0.6242257022462319 51
0.6244613209673344 51
0.6246491329914017 51
0.6249769503425009 51
0.6251989100073075 51
0.6253867220313748 51
0.6371335104457633 52
0.6375296230783415 52
0.6378540256653668 52
0.6380623262738777 52
0.6382637973542408 52
0.6478968468068541 53
0.6575094076750237 54
0.6671219685431934 55
0.6678663871113145 55
0.671048947228236 55
0.6714245712763706 55
0.6717831215041353 55
0.6795209768957062 55
0.6797326922682911 55
0.679944407640876 55
0.6802756397560492 55
0.6804873551286341 55
0.680699070501219 55
0.6811703079434241 55
0.6813820233160091 55
0.681593738688594 55
0.6820888794793167 55
0.6823244982004193 55
0.6825123102244866 55
0.6828401275755858 55
0.6830620872403925 55
0.6832498992644598 55
0.6942215362340616 56
0.6946176488666398 56
0.694942051453665 56
0.695150352062176 56
0.6953518231425391 56
0.7049848725951524 57
0.714597433463322 58
0.7153418520314432 58
0.7185244121483647 58
0.7189000361964992 58
0.719258586424264 58
0.7244865902214817 58
0.7246983055940666 58
0.7249100209666515 58
0.7252412530818245 58
0.7254529684544094 58
0.7256646838269943 58
0.7261359212691995 58
0.7263476366417844 58
0.7265593520143693 58
0.727054492805092 58
0.7272901115261946 58
0.7274779235502619 58
0.7278057409013611 58
0.7280277005661678 58
0.7282155125902351 58
0.7387193268817057 59
0.7391154395142839 59
0.7394398421013092 59
0.7396481427098202 59
0.7398496137901832 59
0.7494826632427966 60
0.7502270818109177 60
0.7534096419278392 60
0.7537852659759737 60
0.7541438162037385 60
0.7593615757087343 60
0.7595732910813192 60
0.7597850064539041 60
0.7601162385690773 60
0.7603279539416622 60
0.7605396693142471 60
0.7610109067564522 60
0.7612226221290371 60
0.761434337501622 60
0.7619294782923448 60
0.7621650970134474 60
0.7623529090375146 60
0.7626807263886138 60
0.7629026860534206 60
0.7630904980774879 60
0.7732323473771198 60
0.7764149074940412 60
0.7767905315421757 60
0.7771490817699405 60
0.7823565969827144 60
0.7825683123552993 60
0.7827800277278842 60
0.7831112598430574 60
0.7833229752156423 60
0.7835346905882272 60
0.7840059280304323 60
0.7842176434030173 60
0.7844293587756022 60
0.7849005962178073 60
0.7851123115903922 60
0.7853001236144594 60
0.7856279409655587 60
0.7858396563381436 60
0.7860274683622108 60
0.786495291040342 60
0.7867070064129269 60
0.7869187217855118 60
0.7871304371580967 60
0.787318249182164 60
0.7877860718602951 60
0.7880080315251019 60
0.7881958435491692 60
0.7892407613557979 60
0.7894627210206047 60
0.7896505330446719 60
0.8035110604208355 61
0.8039071730534137 61
0.804231575640439 61
0.80443987624895 61
0.804641347329313 61
0.8143973282885886 62
0.8151417468567097 62
0.8157871372666863 62
0.816009096931493 62
0.8161969089555603 62
0.817241826762189 62
0.8174637864269958 62
0.817651598451063 62
0.8319799485053577 63
0.8323760611379359 63
0.8327004637249612 63
0.8329087643334722 63
0.8331102354138352 63
0.8427432848664486 64
0.8524787772412804 65
0.8532231958094015 65
0.8538788305116 65
0.8541007901764067 65
0.854288602200474 65
0.8553335200071027 65
0.8555554796719095 65
0.8557432916959767 65
0.8705394644284027 66
0.8709355770609809 66
0.8712599796480062 66
0.8714682802565171 66
0.8716697513368802 66
0.8813028007894934 67
0.890915361657663 68
0.9006508540324949 69
0.901395272600616 69
0.902085054943554 69
0.9023206736646565 69
0.9025084856887238 69
0.902836303039823 69
0.9030582627046297 69
0.903246074728697 69
0.9140128258538618 70
0.91440893848644 70
0.9147333410734653 70
0.9149416416819762 70
0.9151431127623393 70
0.9247761622149526 71
0.9343887230831222 72
0.9351331416512433 72
0.9383157017681648 72
0.9386913258162993 72
0.9390498760440641 72
0.942618304501342 72
0.9428300198739269 72
0.9430417352465118 72
0.943372967361685 72
0.9435846827342699 72
0.9437963981068548 72
0.9442676355490599 72
0.9444793509216448 72
0.9446910662942297 72
0.9451862070849525 72
0.945421825806055 72
0.9456096378301223 72
0.9459374551812215 72
0.9461594148460283 72
0.9463472268700955 72
0.9566461553171292 73
0.9570422679497074 73
0.9573666705367326 73
0.9575749711452436 73
0.9577764422256067 73
0.96740949167822 74
0.9681539102463411 74
0.9713364703632626 74
0.9717120944113972 74
0.9720706446391619 74
0.97562199927607 74
0.9758337146486549 74
0.9760454300212398 74
0.9763766621364129 74
0.9765883775089979 74
0.9768000928815828 74
0.9772713303237879 74
0.9774830456963728 74
0.9776947610689577 74
0.9781899018596805 74
0.978425520580783 74
0.9786133326048503 74
0.9789411499559495 74
0.9791631096207563 74
0.9793509216448235 74
0.9892878851000184 74
0.99247044521694 74
0.9928460692650745 74
0.9932046194928392 74
0.9967457298375255 74
0.9969574452101104 74
0.9971691605826953 74
0.9975003926978685 74
0.9977121080704534 74
0.9979238234430383 74
0.9983950608852434 74
0.9986067762578283 74
0.9988184916304133 74
0.999313632421136 74
0.9995253477937209 74
0.9997370631663058 74
0.9999248751903731 74
