0.01674600301865144 1
0.021598382767734577 2
0.027509339379742252 3
0.0313338751425664 4
0.037244831754574076 5
0.055305518941696316 6
0.060157898690779456 7
0.06606885530278712 8
0.06977045955894907 9
0.07568141617095675 10
0.07950595193378089 11
0.08541690854578857 12
0.10395566270326383 13
0.10880804245234697 14
0.11471899906435465 15
0.11842060332051658 16
0.12433155993252426 17
0.1280331641886862 18
0.13394412080069387 19
0.13776865656351803 20
0.14367961317552572 21
0.16269643430335398 22
0.16754881405243713 23
0.1734597706644448 24
0.17716137492060674 25
0.1830723315326144 26
0.18677393578877635 27
0.19268489240078404 28
0.19638649665694596 29
0.20229745326895365 30
0.2061219890317778 31
0.21203294564378547 32
0.21485012600479433 33
0.22660374394733068 34
0.2314561236964138 35
0.2373670803084215 36
0.24106868456458344 37
0.2469796411765911 38
0.25068124543275305 39
0.25659220204476074 40
0.2602938063009227 41
0.2662047629129303 42
0.2694863511879964 43
0.28005846076094604 44
0.2912964493283159 45
0.29614882907739903 46
0.3020597856894067 47
0.3057613899455687 48
0.31167234655757636 49
0.31537395081373826 50
0.32128490742574595 51
0.32456649570081203 52
0.335114701925244 53
0.3458848678144827 54
0.35073724756356583 55
0.3566482041755735 56
0.3603498084317355 57
0.3662607650437431 58
0.3695423533188092 59
0.3982400305962861 60
0.40309241034536925 61
0.40900336695737693 62
0.41270497121353883 63
0.4186159278255465 64
0.4224404635883707 65
0.42835142020037836 66
0.4468901743578536 67
0.45174255410693676 68
0.45765351071894445 69
0.4613551149751064 70
0.46726607158711403 71
0.470967675843276 72
0.47687863245528367 73
0.4807031682181078 74
0.4866141248301155 75
0.5056309459579438 76
0.5104833257070269 77
0.5163942823190346 78
0.5200958865751966 79
0.5260068431872041 80
0.5297084474433661 81
0.5356194040553738 82
0.5393210083115357 83
0.5452319649235434 84
0.5490565006863676 85
0.5549674572983753 86
0.5577846376593841 87
0.5697977776715407 88
0.5746501574206239 89
0.5805611140326314 90
0.5842627182887934 91
0.5901736749008011 92
0.593875279156963 93
0.5997862357689707 94
0.6034878400251327 95
0.6093987966371404 96
0.6126803849122064 97
0.6257486870232135 98
0.6372940043572389 99
0.6421463841063221 100
0.6480573407183298 101
0.6517589449744917 102
0.6576699015864994 103
0.6613715058426614 104
0.667282462454669 105
0.6705640507297351 106
0.6836118642562985 107
0.6943820301455372 108
0.6992344098946204 109
0.7051453665066281 110
0.70884697076279 111
0.7147579273747977 112
0.7180395156498638 113
0.7285774775820738 114
0.7388798207931814 115
0.7437322005422645 116
0.7496431571542722 117
0.7529247454293383 118
0.7634524630693266 119
0.7759300109955403 120
0.8036715543323112 121
0.8086468655880565 122
0.8145578222000642 123
0.8321404424168334 124
0.8369928221659165 125
0.8429037787779242 126
0.8467283145407484 127
0.8526392711527561 128
0.8706999583398783 129
0.8755523380889614 130
0.8814632947009691 131
0.885164898957131 132
0.8910758555691387 133
0.8949003913319629 134
0.9008113479439706 135
0.9036080397205357 136
0.9141733197653374 137
0.9190256995144206 138
0.9249366561264283 139
0.9286382603825901 140
0.9345492169945978 141
0.9378308052696639 142
0.9467091918619343 143
0.9568066492286048 144
0.961659028977688 145
0.9675699855896956 146
0.9708515738647617 147
0.9797128866366622 148
0.991985548718439 149
