0.027762031921214562 1
0.037497524296046386 2
0.06632154784425943 3
0.07593410871242906 4
0.08566960108726088 5
0.11497169160582696 6
0.12458425247399657 7
0.13419681334216618 8
0.143932305716998 9
0.1737124632059171 10
0.1833250240740867 11
0.19293758494225635 12
0.20255014581042596 13
0.21228563818525778 14
0.2376197728498938 15
0.2472323337180634 16
0.25684489458623305 17
0.26645745545440264 18
0.30231247823087903 19
0.3119250390990487 20
0.32153759996721826 21
0.35690089671704583 22
0.3665134575852154 23
0.40925605949884925 24
0.41886862036701883 25
0.4286041127418507 26
0.45790620326041676 27
0.46751876412858634 28
0.477131324996756 29
0.4868668173715878 30
0.5166469748605069 31
0.5262595357286765 32
0.5358720965968461 33
0.5454846574650157 34
0.5552201498398476 35
0.5808138065741038 36
0.5904263674422734 37
0.600038928310443 38
0.6096514891786127 39
0.6483100332598021 40
0.6579225941279717 41
0.6675351549961414 42
0.7053980590481004 43
0.71501061991627 44
0.7498958496957445 45
0.8148105147415365 46
0.8431564713193965 47
0.8528919636942284 48
0.8817159872424414 49
0.891328548110611 50
0.9010640404854429 51
0.9251893486679005 52
0.9348019095360701 53
0.967822678131168 54
