0.019477814277811548 1
0.029090375145981163 1
0.05803733020085642 1
0.06764989106902604 1
0.07726245193719566 1
0.10668747396242394 1
0.11630003483059355 1
0.12591259569876317 1
0.1355251565669328 1
0.1654282455625141 1
0.1750408064306837 1
0.18465336729885332 1
0.19426592816702293 1
0.20387848903519257 1
0.2293355552064908 1
0.2389481160746604 1
0.24856067694283002 1
0.25817323781099966 1
0.294028260587476 1
0.30364082145564564 1
0.3132533823238152 1
0.3486166790736428 1
0.35822923994181244 1
0.4009718418554462 1
0.41058440272361585 1
0.42019696359178543 1
0.4496219856170137 1
0.45923454648518336 1
0.46884710735335294 1
0.4784596682215226 1
0.5083627572171039 1
0.5179753180852735 1
0.5275878789534431 1
0.5372004398216127 1
0.5468130006897823 1
0.5725295889307008 1
0.5821421497988704 1
0.59175471066704 1
0.6013672715352096 1
0.640025815616399 1
0.6496383764845687 1
0.6592509373527383 1
0.6971138414046973 1
0.706726402272867 1
0.7416116320523415 1
0.8064033655914713 1
0.8348722536759935 1
0.8444848145441631 1
0.8734317695990385 1
0.883044330467208 1
0.8926568913353776 1
0.9169051310244976 1
0.9265176918926671 1
0.9595384604877649 1
