0.021601797531808527 1
0.03133728990664035 2
0.060161313454853406 3
0.06977387432302302 4
0.07950936669785484 5
0.10881145721642092 6
0.11842401808459053 7
0.12803657895276016 8
0.13777207132759198 9
0.16755222881651108 10
0.1771647896846807 11
0.1867773505528503 12
0.1963899114210199 13
0.20612540379585176 14
0.23145953846048775 15
0.2410720993286574 16
0.250684660196827 17
0.26029722106499664 18
0.296152243841473 19
0.3057648047096426 20
0.3153773655778122 21
0.3507406623276398 22
0.3603532231958094 23
0.4030958251094432 24
0.4127083859776128 25
0.4224438783524446 26
0.4517459688710107 27
0.46135852973918035 28
0.47097109060734993 29
0.4807065829821818 30
0.5104867404711009 31
0.5200993013392705 32
0.52971186220744 33
0.5393244230756097 34
0.5490599154504415 35
0.5746535721846978 36
0.5842661330528673 37
0.593878693921037 38
0.6034912547892066 39
0.642149798870396 40
0.6517623597385657 41
0.6613749206067353 42
0.6992378246586943 43
0.708850385526864 44
0.7437356153063385 45
0.8086502803521305 46
0.8369962369299905 47
0.8467317293048223 48
0.8755557528530353 49
0.885168313721205 50
0.8949038060960368 51
0.9190291142784945 52
0.9286416751466641 53
0.9616624437417619 54
