0.009674026621500721 1
0.021997910164386743 2
0.031733402539218566 3
0.04776571986641443 3
0.06055742608743162 4
0.07016998695560124 5
0.07990547933043306 6
0.09594804094985078 6
0.10920756984899914 7
0.11882013071716875 8
0.12843269158533838 9
0.1381681839601702 10
0.15422098987180977 10
0.1679483414490893 11
0.1775609023172589 12
0.18717346318542852 13
0.19678602405359813 14
0.20652151642842995 15
0.21587796999105333 16
0.21688874015694257 16
0.21857221884539998 16
0.23185565109306597 17
0.2414682119612356 18
0.2510807728294052 19
0.26069333369757486 20
0.2714122781257043 20
0.2720337651871632 20
0.27265525224862214 20
0.27327673931008106 20
0.27389822637154 20
0.2810692309268353 21
0.28206975680050267 21
0.2837327469045164 21
0.2965483564740512 22
0.30616091734222084 23
0.3157734782103904 24
0.3264787635822241 24
0.3270968358796091 24
0.32771490817699406 24
0.32833298047437903 24
0.32895446753583796 24
0.33612547209113325 25
0.33712599796480064 25
0.3387889880688143 25
0.351136774960218 26
0.36074933582838764 27
0.3714443769079994 27
0.3720624492053844 27
0.37268052150276937 27
0.37329859380015434 27
0.37392008086161327 27
0.3907002315210042 27
0.4034919377420214 28
0.413104498610191 29
0.42283999098502284 30
0.43888255260444053 30
0.4521420815035889 31
0.46175464237175856 32
0.47136720323992815 33
0.48110269561476 34
0.49715550152639953 34
0.5108828531036791 35
0.5204954139718487 36
0.5301079748400183 37
0.5397205357081879 38
0.5494560280830197 39
0.5587954078252734 40
0.5599495980822685 40
0.56176625256961 40
0.5750496848172759 41
0.5846622456854456 42
0.5942748065536152 43
0.6038873674217848 44
0.6146028970858404 44
0.6152209693832253 44
0.6158390416806103 44
0.6164571139779953 44
0.6170786010394542 44
0.6177000881009131 44
0.6183215751623721 44
0.618943062223831 44
0.6267594571891028 45
0.6279136474460979 45
0.6297303019334394 45
0.6425459115029742 46
0.6521584723711439 47
0.6617710332393135 48
0.6724763186111472 48
0.6730943909085322 48
0.6737124632059172 48
0.6743305355033021 48
0.6749486078006871 48
0.675566680098072 48
0.676184752395457 48
0.6768062394569159 48
0.6846226344221877 49
0.6856231602958551 49
0.6872861503998688 49
0.6996339372912725 50
0.7092464981594422 51
0.719941539239054 51
0.720559611536439 51
0.721177683833824 51
0.7217957561312089 51
0.7224172431926679 51
0.729588247747963 52
0.7305887736216304 52
0.7322517637256442 52
0.7441317279389167 53
0.7548165247263067 53
0.7554345970236916 53
0.7560526693210766 53
0.7566707416184616 53
0.7572922286799205 53
0.7644632332352158 54
0.7654637591088832 54
0.7671267492128969 54
0.7778115460002868 54
0.7784296182976718 54
0.7790476905950567 54
0.7796657628924417 54
0.7802872499539006 54
0.7970674006132916 54
0.8090463929847087 55
0.8250684660196826 55
0.8373923495625687 56
0.8471278419374005 57
0.8631601592645964 57
0.8759518654856135 58
0.8855644263537832 59
0.895299918728615 60
0.904618809886425 61
0.9055168928378738 61
0.9070774400196691 61
0.9194252269110728 62
0.9290377877792423 63
0.9397362436229281 63
0.940357730684387 63
0.9409792177458459 63
0.9477199620278235 64
0.9486180449792724 64
0.9501785921610676 64
0.9620585563743401 65
0.9727433531617301 65
0.9733614254591151 65
0.973982912520574 65
0.9807236568025515 66
0.9816217397540004 66
0.9831822869357956 66
0.9938670837231856 66
0.9944851560205705 66
0.9951066430820295 66
