0.018928037261905575 1
0.028540598130075194 1
0.057487553184950455 1
0.06710011405312007 1
0.07671267492128969 1
0.10613769694651796 1
0.11575025781468758 1
0.1253628186828572 1
0.13497537955102681 1
0.16487846854660812 1
0.17449102941477773 1
0.18410359028294734 1
0.19371615115111698 1
0.2033287120192866 1
0.22878577819058482 1
0.23839833905875443 1
0.24801089992692404 1
0.2576234607950937 1
0.29347848357157 1
0.30309104443973967 1
0.31270360530790925 1
0.3480669020577368 1
0.35767946292590647 1
0.40042206483954024 1
0.4100346257077099 1
0.41964718657587946 1
0.44907220860110775 1
0.4586847694692774 1
0.46829733033744697 1
0.4779098912056166 1
0.5078129802011979 1
0.5174255410693676 1
0.5270381019375371 1
0.5366506628057067 1
0.5462632236738764 1
0.5719798119147949 1
0.5815923727829644 1
0.591204933651134 1
0.6008174945193037 1
0.6394760386004931 1
0.6490885994686627 1
0.6587011603368323 1
0.6965640643887914 1
0.706176625256961 1
0.7410618550364355 1
0.8058535885755653 1
0.8343224766600875 1
0.8439350375282572 1
0.8728819925831325 1
0.882494553451302 1
0.8921071143194717 1
0.9163553540085916 1
0.9259679148767611 1
0.958988683471859 1
