0.009732077610757874 1
0.022069620209939696 2
0.03180511258477152 3
0.047823770855671584 3
0.060629136132984575 4
0.0702416970011542 5
0.07997718937598601 6
0.09600609193910793 6
0.10927927989455209 7
0.1188918407627217 8
0.12850440163089133 9
0.13823989400572315 10
0.15427904086106692 10
0.16802005149464225 11
0.17763261236281186 12
0.18724517323098147 13
0.19685773409915108 14
0.2065932264739829 15
0.21590528810364493 16
0.21696045020249552 16
0.21863709936280504 16
0.23192736113861892 17
0.24153992200678856 18
0.25115248287495817 19
0.2607650437431278 20
0.27147715864310934 20
0.27209864570456826 20
0.2727201327660272 20
0.2733416198274861 20
0.27396310688894504 20
0.2810965490394269 21
0.2821414668460556 21
0.28379762742192144 21
0.29662006651960415 22
0.3062326273877738 23
0.3158451882559434 24
0.32654364409962916 24
0.32716171639701414 24
0.3277797886943991 24
0.3283978609917841 24
0.329019348053243 24
0.33615279020372485 25
0.3371977080103536 25
0.33885386858621935 25
0.35120848500577095 26
0.3608210458739406 27
0.37150925742540447 27
0.37212732972278945 27
0.3727454020201744 27
0.3733634743175594 27
0.3739849613790183 27
0.39075828251026135 27
0.40356364778757436 28
0.41317620865574395 29
0.4229117010305758 30
0.4389406035936977 30
0.4522137915491419 31
0.4618263524173115 32
0.4714389132854811 33
0.48117440566031294 34
0.4972135525156567 34
0.510954563149232 35
0.5205671240174017 36
0.5301796848855712 37
0.5397922457537409 38
0.5495277381285727 39
0.558822725937865 40
0.5600213081278215 40
0.561831133087015 40
0.5751213948628289 41
0.5847339557309985 42
0.5943465165991682 43
0.6039590774673378 44
0.6146677776032454 44
0.6152858499006304 44
0.6159039221980154 44
0.6165219944954003 44
0.6171434815568593 44
0.6177649686183182 44
0.6183864556797771 44
0.619007942741236 44
0.6267867753016944 45
0.6279853574916509 45
0.6297951824508444 45
0.6426176215485272 46
0.6522301824166968 47
0.6618427432848665 48
0.6725411991285523 48
0.6731592714259372 48
0.6737773437233222 48
0.6743954160207072 48
0.675013488318092 48
0.675631560615477 48
0.676249632912862 48
0.6768711199743209 48
0.6846499525347793 49
0.6856948703414081 49
0.6873510309172739 49
0.6997056473368255 50
0.7093182082049951 51
0.7200064197564591 51
0.720624492053844 51
0.721242564351229 51
0.721860636648614 51
0.7224821237100729 51
0.7296155658605546 52
0.7306604836671834 52
0.7323166442430492 52
0.7442034379844696 53
0.7548814052437117 53
0.7554994775410967 53
0.7561175498384817 53
0.7567356221358666 53
0.7573571091973256 53
0.7644905513478074 54
0.7655354691544362 54
0.767191629730302 54
0.7778764265176918 54
0.7784944988150768 54
0.7791125711124618 54
0.7797306434098468 54
0.7803521304713057 54
0.7971254516025488 54
0.8091181030302617 55
0.8251265170089398 55
0.8374640596081216 56
0.8471995519829535 57
0.8632182102538536 57
0.8760235755311665 58
0.8856361363993361 59
0.895371628774168 60
0.9046461279990166 61
0.9055886028834268 61
0.9071423205370741 61
0.9194969369566257 62
0.9291094978247952 63
0.9398011241403331 63
0.940422611201792 63
0.941044098263251 63
0.9477472801404151 64
0.9486897550248253 64
0.9502434726784726 64
0.9621302664198931 65
0.9728082336791352 65
0.9734263059765201 65
0.9740477930379791 65
0.9807509749151431 66
0.9816934497995533 66
0.9832471674532006 66
0.9939319642405906 66
0.9945500365379756 66
0.9951715235994345 66
