0.01640111184718248 0
0.027062005286054788 0
0.03679749766088661 0
0.05496062777022735 0
0.06562152120909967 0
0.07523408207726928 0
0.0849695744521011 0
0.10361077153179486 0
0.11427166497066718 0
0.12388422583883679 0
0.1334967867070064 0
0.14323227908183825 0
0.16235154313188502 0
0.17301243657075732 0
0.18262499743892693 0
0.19223755830709657 0
0.20185011917526618 0
0.211585611550098 0
0.22625885277586172 0
0.23691974621473402 0
0.24653230708290363 0
0.2561448679510733 0
0.26575742881924286 0
0.2909515581568469 0
0.30161245159571926 0
0.3112250124638889 0
0.3208375733320585 0
0.3455399766430137 0
0.35620087008188606 0
0.36581343095005564 0
0.39789513942481713 0
0.40855603286368947 0
0.41816859373185905 0
0.4279040861066909 0
0.44654528318638465 0
0.457206176625257 0
0.46681873749342656 0
0.4764312983615962 0
0.48616679073642804 0
0.5052860547864748 0
0.5159469482253471 0
0.5255595090935167 0
0.5351720699616863 0
0.544784630829856 0
0.5545201232046878 0
0.5694528865000718 0
0.580113779938944 0
0.5897263408071136 0
0.5993389016752833 0
0.6089514625434529 0
0.63694911318577 0
0.6476100066246423 0
0.6572225674928119 0
0.6668351283609816 0
0.6940371389740683 0
0.7046980324129406 0
0.7143105932811102 0
0.7385349296217124 0
0.7491958230605847 0
0.8033266631608422 0
0.8141104881063768 0
0.8317955512453644 0
0.8424564446842367 0
0.8521919370590686 0
0.8703550671684094 0
0.8810159606072816 0
0.8906285214754512 0
0.9003640138502831 0
0.9138284285938685 0
0.9244893220327408 0
0.9341018829009103 0
0.9564617580571358 0
0.9671226514960082 0
