0.003319150679879527 1
0.0033328097361753277 2
0.0033498835565450784 3
0.010749677304795011 3
0.010763336361090812 4
0.010780410181460563 5
0.013218551730260956 5
0.013232210786556757 5
0.013249284606926507 5
0.018723151417468567 5
0.018736810473764368 6
0.01875388429413412 7
0.028335712285638186 7
0.028349371341933986 7
0.028366445162303737 7
0.04141084392479324 7
0.04142450298108904 7
0.04144157680145879 7
0.04888917724674402 7
0.04890283630303982 7
0.04891991012340957 7
0.05141268789739317 7
0.05142634695368897 7
0.051443420774058723 7
0.057282667340513446 7
0.05729632639680925 7
0.057313400217179 7
0.06689522820868306 7
0.06690888726497886 7
0.06692596108534861 7
0.07650778907685268 7
0.07652144813314848 7
0.07653852195351823 7
0.08959316500822959 7
0.08960682406452539 7
0.08962389788489514 7
0.09711930502721566 7
0.09713296408351146 7
0.09715003790388121 7
0.09969745190304802 7
0.09971111095934382 7
0.09972818477971357 7
0.10593281110208096 7
0.10594647015837676 7
0.10596354397874651 7
0.11554537197025058 7
0.11555903102654638 7
0.11557610484691613 7
0.1251579328384202 7
0.125171591894716 7
0.12518866571508575 7
0.1347704937065898 7
0.1347841527628856 7
0.13480122658325536 7
0.14786611393018856 7
0.14787977298648436 7
0.1478968468068541 7
0.15544006064620997 7
0.15545371970250577 7
0.15547079352287552 7
0.1580728437472255 7
0.1580865028035213 7
0.15810357662389105 7
0.1646735827021711 7
0.1646872417584669 7
0.16470431557883666 7
0.17428614357034072 7
0.17429980262663652 7
0.17431687644700627 7
0.18389870443851034 7
0.18391236349480614 7
0.1839294373151759 7
0.19351126530667997 7
0.19352492436297578 7
0.19354199818334553 7
0.2031238261748496 7
0.2031374852311454 7
0.20315455905151514 7
0.2197673862712825 7
0.2197810453275783 7
0.21979811914794806 7
0.22234553314711486 7
0.22235919220341066 7
0.2223762660237804 7
0.2285808923461478 7
0.2285945514024436 7
0.22861162522281336 7
0.23819345321431742 7
0.23820711227061322 7
0.23822418609098298 7
0.24780601408248704 7
0.24781967313878284 7
0.2478367469591526 7
0.2574185749506567 7
0.2574322340069525 7
0.2574493078273222 7
0.28488010763336363 7
0.28489376668965943 7
0.2849108405100292 7
0.2874036182840128 7
0.2874172773403086 7
0.28743435116067834 7
0.293273597727133 7
0.2932872567834288 7
0.29330433060379857 7
0.30288615859530266 7
0.30289981765159846 7
0.3029168914719682 7
0.3124987194634723 7
0.31251237851976804 7
0.3125294523401378 7
0.33988854210062625 7
0.33990220115692205 7
0.3399192749772918 7
0.3423574165260922 7
0.342371075582388 7
0.34238814940275775 7
0.3478620162132998 7
0.3478756752695956 7
0.34789274908996537 7
0.35747457708146946 7
0.35748823613776526 7
0.357505309958135 7
0.38434535557938304 7
0.38435901463567884 7
0.3843760884560486 7
0.3918236889013338 7
0.3918373479576296 7
0.39185442177799934 7
0.39434719955198294 7
0.39436085860827874 7
0.3943779324286485 7
0.40021717899510323 7
0.40023083805139903 7
0.4002479118717688 7
0.40982973986327287 7
0.40984339891956867 7
0.4098604727399384 7
0.41944230073144245 7
0.41945595978773825 7
0.419473033608108 7
0.4325276766628194 7
0.4325413357191152 7
0.43255840953948493 7
0.44005381668180543 7
0.44006747573810123 7
0.440084549558471 7
0.4426319635576378 7
0.4426456226139336 7
0.44266269643430334 7
0.44886732275667074 7
0.44888098181296654 7
0.4488980556333363 7
0.4584798836248404 7
0.4584935426811362 7
0.45851061650150593 7
0.46809244449300996 7
0.46810610354930576 7
0.4681231773696755 7
0.4777050053611796 7
0.4777186644174754 7
0.47773573823784515 7
0.4908006255847783 7
0.49081428464107413 7
0.4908313584614439 7
0.49837457230079973 7
0.49838823135709553 7
0.4984053051774653 7
0.5010073554018153 7
0.5010210144581111 7
0.5010380882784808 7
0.5076080943567609 7
0.5076217534130567 7
0.5076388272334265 7
0.5172206552249305 7
0.5172343142812263 7
0.5172513881015961 7
0.5268332160931001 7
0.5268468751493959 7
0.5268639489697656 7
0.5364457769612697 7
0.5364594360175655 7
0.5364765098379353 7
0.5460583378294394 7
0.5460719968857352 7
0.5460890707061049 7
0.5629614199954925 7
0.5629750790517883 7
0.5629921528721581 7
0.5655395668713249 7
0.5655532259276207 7
0.5655702997479904 7
0.5717749260703578 7
0.5717885851266536 7
0.5718056589470234 7
0.5813874869385274 7
0.5814011459948232 7
0.5814182198151929 7
0.591000047806697 7
0.5910137068629928 7
0.5910307806833626 7
0.6006126086748667 7
0.6006262677311625 7
0.6006433415515322 7
0.6308776626622866 7
0.6308913217185824 7
0.6309083955389522 7
0.6334011733129358 7
0.6334148323692316 7
0.6334319061896013 7
0.6392711527560561 7
0.6392848118123519 7
0.6393018856327216 7
0.6488837136242257 7
0.6488973726805215 7
0.6489144465008913 7
0.6584962744923953 7
0.6585099335486911 7
0.6585270073690609 7
0.6883857044316808 7
0.6883993634879766 7
0.6884164373083463 7
0.6908545788571467 7
0.6908682379134425 7
0.6908853117338123 7
0.6963591785443544 7
0.6963728376006502 7
0.6963899114210199 7
0.705971739412524 7
0.7059853984688198 7
0.7060024722891896 7
0.7333035110604208 7
0.7333171701167166 7
0.7333342439370863 7
0.7357177492607035 7
0.7357314083169993 7
0.7357484821373691 7
0.7408569691919985 7
0.7408706282482943 7
0.7408877020686641 7
0.7681306898506383 7
0.7681443489069341 7
0.7681614227273038 7
0.7704902918257378 7
0.7705039508820336 7
0.7705210247024034 7
0.7907125246716704 7
0.7907261837279662 7
0.790743257548336 7
0.7980952445995506 7
0.7981089036558464 7
0.7981259774762162 7
0.8005094827998334 7
0.8005231418561292 7
0.8005402156764989 7
0.8056487027311283 7
0.8056623617874241 7
0.8056794356077939 7
0.8187135900780615 7
0.8187272491343573 7
0.8187443229547271 7
0.8261441167029769 7
0.8261577757592727 7
0.8261748495796425 7
0.8286129911284429 7
0.8286266501847387 7
0.8286437240051084 7
0.8341175908156505 7
0.8341312498719463 7
0.8341483236923161 7
0.8437301516838202 7
0.843743810740116 7
0.8437608845604857 7
0.8568052833229752 7
0.856818942379271 7
0.8568360161996408 7
0.864283616644926 7
0.8642972757012218 7
0.8643143495215916 7
0.8668071272955752 7
0.866820786351871 7
0.8668378601722407 7
0.8726771067386955 7
0.8726907657949913 7
0.872707839615361 7
0.882289667606865 7
0.8823033266631608 7
0.8823204004835306 7
0.8919022284750346 7
0.8919158875313304 7
0.8919329613517002 7
0.908176994051481 7
0.9081906531077768 7
0.9082077269281466 7
0.910645868476947 7
0.9106595275332428 7
0.9106766013536125 7
0.9161504681641546 7
0.9161641272204504 7
0.9161812010408201 7
0.9257630290323241 7
0.9257766880886199 7
0.9257937619089897 7
0.9512303394958442 7
0.95124399855214 7
0.9512610723725098 7
0.953644577696127 7
0.9536582367524228 7
0.9536753105727925 7
0.9587837976274219 7
0.9587974566837177 7
0.9588145305040875 7
0.9841862275735369 7
0.9841998866298327 7
0.9842169604502025 7
0.9865458295486365 7
0.9865594886049323 7
0.986576562425302 7
