0.01197557760734311 0
0.014444452032809054 0
0.019819290685206558 0
0.020307601947781428 0
0.020550050197031888 0
0.020792498446282347 0
0.023316009096931493 1
0.02397847332727782 2
0.02455215369170144 3
0.02529998702389652 4
0.025952206962020993 5
0.02638588199941266 6
0.029431851553376177 6
0.029923577580024997 6
0.030166025829275456 6
0.030527990821114168 6
0.03305150147176331 7
0.03371396570210964 8
0.03428764606653326 9
0.03503547939872834 10
0.03568769933685282 11
0.03612137437424448 12
0.05011507754929212 12
0.052638588199941265 12
0.058378806608251434 12
0.058867117870826303 12
0.05910956612007676 12
0.05935201436932722 12
0.06187552501997637 13
0.0625379892503227 14
0.06311166961474632 15
0.0638595029469414 16
0.06451172288506588 17
0.06494539792245754 18
0.06799136747642105 18
0.06847967873899592 18
0.06872212698824638 18
0.06896457523749684 18
0.071488085888146 19
0.07215055011849231 20
0.07272423048291593 21
0.07347206381511101 22
0.07412428375323549 23
0.07455795879062715 24
0.07760392834459068 24
0.0780956543712395 24
0.07833810262048994 24
0.07870006761232866 24
0.08122357826297781 25
0.08188604249332414 26
0.08245972285774776 27
0.08320755618994284 28
0.08385977612806732 29
0.08429345116545899 30
0.09834520532976376 30
0.10092335220559612 30
0.10702895036981895 30
0.10751726163239382 30
0.10775970988164428 30
0.10800215813089474 30
0.11052566878154388 31
0.1111881330118902 32
0.11176181337631383 33
0.11250964670850891 34
0.11316186664663339 35
0.11359554168402505 36
0.11664151123798856 36
0.11712982250056343 36
0.11737227074981389 36
0.11761471899906435 36
0.1201382296497135 37
0.12080069388005983 38
0.12137437424448345 39
0.12212220757667852 40
0.122774427514803 41
0.12320810255219466 42
0.1262540721061582 42
0.12674238336873306 42
0.12698483161798352 42
0.12722727986723398 42
0.12975079051788313 43
0.13041325474822946 44
0.13098693511265308 45
0.13173476844484813 46
0.1323869883829726 47
0.13282066342036428 48
0.1358666329743278 48
0.13635835900097662 48
0.13660080725022708 48
0.1369627722420658 48
0.13948628289271495 49
0.14014874712306127 50
0.1407224274874849 51
0.14147026081967998 52
0.14212248075780445 53
0.14255615579519612 54
0.15666596094875804 54
0.1592987440497736 54
0.1657697219699091 54
0.16625803323248398 54
0.16650048148173444 54
0.1667429297309849 54
0.16926644038163402 55
0.16992890461198035 56
0.17050258497640397 57
0.17125041830859905 58
0.17190263824672353 59
0.1723363132841152 60
0.17538228283807872 60
0.1758705941006536 60
0.17611304234990405 60
0.1763554905991545 60
0.17887900124980366 61
0.17954146548015 62
0.1801151458445736 63
0.1808629791767687 64
0.18151519911489314 65
0.1819488741522848 66
0.18499484370624833 66
0.1854831549688232 66
0.18572560321807366 66
0.18596805146732412 66
0.18849156211797327 67
0.1891540263483196 68
0.18972770671274322 69
0.1904755400449383 70
0.19112775998306278 71
0.19156143502045445 72
0.19460740457441794 72
0.1950957158369928 72
0.19533816408624327 72
0.19558061233549373 72
0.19810412298614288 73
0.1987665872164892 74
0.19934026758091283 75
0.2000881009131079 76
0.2007403208512324 77
0.20117399588862406 78
0.20421996544258758 78
0.2047116914692364 78
0.20495413971848686 78
0.20531610471032558 78
0.2078396153609747 79
0.20850207959132103 80
0.20907575995574465 81
0.20982359328793973 82
0.2104758132260642 83
0.21090948826345587 84
0.2154955164147709 84
0.2209932865738306 84
0.22357143344966296 84
0.2296770316138858 84
0.23016534287646068 84
0.23040779112571114 84
0.2306502393749616 84
0.23317375002561072 85
0.23383621425595705 86
0.23440989462038067 87
0.23515772795257575 88
0.23580994789070023 89
0.2362436229280919 90
0.23928959248205542 90
0.2397779037446303 90
0.24002035199388075 90
0.2402628002431312 90
0.24278631089378036 91
0.2434487751241267 92
0.24402245548855028 93
0.24477028882074536 94
0.24542250875886984 95
0.2458561837962615 96
0.24890215335022503 96
0.2493904646127999 96
0.24963291286205036 96
0.24987536111130082 96
0.25239887176194997 97
0.2530613359922963 98
0.2536350163567199 99
0.254382849688915 100
0.2550350696270395 101
0.25546874466443115 102
0.25851471421839467 102
0.25900302548096954 102
0.25924547373022 102
0.25948792197947046 102
0.2620114326301196 103
0.2626738968604659 104
0.2632475772248895 105
0.2639954105570846 106
0.26464763049520906 107
0.26508130553260073 108
0.2679531221187928 108
0.28068677735055286 108
0.28610600793591173 108
0.28862951858656083 108
0.294369736994871 108
0.2948580482574459 108
0.29510049650669634 108
0.2953429447559468 108
0.29786645540659595 109
0.2985289196369423 110
0.2991026000013659 111
0.299850433333561 112
0.30050265327168546 113
0.30093632830907713 114
0.30398229786304065 114
0.3044706091256155 114
0.304713057374866 114
0.30495550562411644 114
0.3074790162747656 115
0.3081414805051119 116
0.30871516086953554 117
0.3094629942017306 118
0.3101152141398551 119
0.31054888917724677 120
0.31359485873121024 120
0.3140831699937851 120
0.31432561824303556 120
0.314568066492286 120
0.3170915771429352 121
0.3177540413732815 122
0.3183277217377051 123
0.3190755550699002 124
0.3197277750080247 125
0.32016145004541635 126
0.3230332666316084 126
0.33574301851485083 126
0.34111444240317434 126
0.3435833168286403 126
0.3489581554810378 126
0.3494464667436127 126
0.34968891499286314 126
0.3499313632421136 126
0.35245487389276275 127
0.3531173381231091 128
0.3536910184875327 129
0.3544388518197278 130
0.35509107175785226 131
0.35552474679524393 132
0.35857071634920745 132
0.3590590276117823 132
0.3593014758610328 132
0.35954392411028324 132
0.3620674347609324 133
0.36272989899127867 134
0.3633035793557023 135
0.36405141268789737 136
0.36470363262602185 137
0.3651373076634135 138
0.3680091242496056 138
0.3930495892038819 138
0.39557309985453104 138
0.4013133182628412 138
0.4018016295254161 138
0.40204407777466655 138
0.402286526023917 138
0.40481003667456616 139
0.4054725009049125 140
0.4060461812693361 141
0.4067940146015312 142
0.40744623453965567 143
0.40787990957704734 144
0.41092587913101086 144
0.41141419039358573 144
0.4116566386428362 144
0.41189908689208665 144
0.41442259754273575 145
0.4150850617730821 146
0.4156587421375057 147
0.4164065754697008 148
0.41705879540782526 149
0.4174924704452169 150
0.42053843999918045 150
0.42103016602582927 150
0.4212726142750797 150
0.42163457926691844 150
0.4241580899175676 151
0.4248205541479139 152
0.42539423451233754 153
0.4261420678445326 154
0.4267942877826571 155
0.42722796282004877 156
0.44127971698435353 156
0.4438578638601859 156
0.44996346202440873 156
0.4504517732869836 156
0.45069422153623406 156
0.4509366697854845 156
0.4534601804361337 157
0.45412264466648 158
0.4546963250309036 159
0.4554441583630987 160
0.4560963783012232 161
0.45653005333861485 162
0.4595760228925784 162
0.46006433415515324 162
0.4603067824044037 162
0.46054923065365416 162
0.46307274130430326 163
0.4637352055346496 164
0.4643088858990732 165
0.4650567192312683 166
0.46570893916939277 167
0.46614261420678443 168
0.46918858376074796 168
0.4696768950233228 168
0.4699193432725733 168
0.47016179152182375 168
0.4726853021724729 169
0.4733477664028192 170
0.47392144676724285 171
0.47466928009943793 172
0.4753215000375624 173
0.4757551750749541 174
0.4788011446289176 174
0.4792928706555664 174
0.4795353189048169 174
0.4798972838966556 174
0.48242079454730474 175
0.48308325877765107 176
0.4836569391420747 177
0.4844047724742698 178
0.48505699241239425 179
0.4854906674497859 180
0.49960047260334783 180
0.5022332557043634 180
0.5087042336244989 180
0.5091925448870738 180
0.5094349931363242 180
0.5096774413855747 180
0.5122009520362238 181
0.5128634162665702 182
0.5134370966309938 183
0.5141849299631889 184
0.5148371499013134 185
0.515270824938705 186
0.5183167944926685 186
0.5188051057552434 186
0.5190475540044939 186
0.5192900022537443 186
0.5218135129043935 187
0.5224759771347398 188
0.5230496574991634 189
0.5237974908313585 190
0.524449710769483 191
0.5248833858068747 192
0.5279293553608381 192
0.5284176666234129 192
0.5286601148726634 192
0.5289025631219139 192
0.531426073772563 193
0.5320885380029093 194
0.532662218367333 195
0.533410051699528 196
0.5340622716376525 197
0.5344959466750442 198
0.5375419162290077 198
0.5380302274915826 198
0.538272675740833 198
0.5385151239900835 198
0.5410386346407327 199
0.541701098871079 200
0.5422747792355026 201
0.5430226125676977 202
0.5436748325058222 203
0.5441085075432138 204
0.5471544770971773 204
0.5476462031238262 204
0.5478886513730766 204
0.5482506163649153 204
0.5507741270155645 205
0.5514365912459108 206
0.5520102716103344 207
0.5527581049425295 208
0.553410324880654 209
0.5538439999180457 210
0.558412954248991 210
0.5641873202980406 210
0.566765467173873 210
0.5728710653380958 210
0.5733593766006707 210
0.5736018248499212 210
0.5738442730991716 210
0.5763677837498207 211
0.577030247980167 212
0.5776039283445906 213
0.5783517616767857 214
0.5790039816149102 215
0.5794376566523018 216
0.5824836262062654 216
0.5829719374688402 216
0.5832143857180907 216
0.5834568339673412 216
0.5859803446179903 217
0.5866428088483366 218
0.5872164892127603 219
0.5879643225449553 220
0.5886165424830798 221
0.5890502175204715 222
0.592096187074435 222
0.5925844983370099 222
0.5928269465862603 222
0.5930693948355108 222
0.59559290548616 223
0.5962553697165063 224
0.5968290500809299 225
0.597576883413125 226
0.5982291033512495 227
0.5986627783886411 228
0.6017087479426046 228
0.6021970592051795 228
0.60243950745443 228
0.6026819557036804 228
0.6052054663543296 229
0.6058679305846759 230
0.6064416109490995 231
0.6071894442812946 232
0.6078416642194191 233
0.6082753392568108 234
0.6111471558430028 234
0.6263770036128203 234
0.6321035629648347 234
0.6346270736154839 234
0.640367292023794 234
0.6408556032863689 234
0.6410980515356194 234
0.6413404997848698 234
0.643864010435519 235
0.6445264746658653 236
0.645100155030289 237
0.645847988362484 238
0.6465002083006085 239
0.6469338833380002 240
0.6499798528919637 240
0.6504681641545386 240
0.650710612403789 240
0.6509530606530395 240
0.6534765713036886 241
0.654139035534035 242
0.6547127158984586 243
0.6554605492306537 244
0.6561127691687781 245
0.6565464442061698 246
0.6595924137601333 246
0.6600807250227082 246
0.6603231732719587 246
0.6605656215212091 246
0.6630891321718583 247
0.6637515964022046 248
0.6643252767666282 249
0.6650731100988233 250
0.6657253300369478 251
0.6661590050743394 252
0.6690308216605315 252
0.6842401808459053 252
0.6896116047342289 252
0.6920804791596948 252
0.6974553178120924 252
0.6979436290746672 252
0.6981860773239177 252
0.6984285255731681 252
0.7009520362238173 253
0.7016145004541636 254
0.7021881808185872 255
0.7029360141507823 256
0.7035882340889068 257
0.7040219091262985 258
0.707067878680262 258
0.7075561899428369 258
0.7077986381920873 258
0.7080410864413378 258
0.7105645970919869 259
0.7112270613223333 260
0.7118007416867569 261
0.712548575018952 262
0.7132007949570764 263
0.7136344699944681 264
0.7165062865806602 264
0.7292057941716806 264
0.7345294113629689 264
0.7369436495632516 264
0.7419531084597365 264
0.7424414197223114 264
0.7426838679715618 264
0.7429263162208123 264
0.7454498268714614 265
0.7461122911018078 266
0.7466859714662314 267
0.7474338047984265 268
0.748086024736551 269
0.7485196997739426 270
0.7513915163601347 270
0.7640807796589334 270
0.7693565901531864 270
0.7717161921282859 270
0.7743967819263368 270
0.7993211449020987 270
0.8017353831023815 270
0.8067448419988663 270
0.8072365680255151 270
0.8074790162747656 270
0.8078409812666043 270
0.8103644919172535 271
0.8110269561475998 272
0.8116006365120234 273
0.8123484698442185 274
0.813000689782343 275
0.8134343648197346 276
0.827370017005525 276
0.829838891430991 276
0.8352137300833885 276
0.8357020413459634 276
0.8359444895952138 276
0.8361869378444643 276
0.8387104484951134 277
0.8393729127254598 278
0.8399465930898834 279
0.8406944264220785 280
0.841346646360203 281
0.8417803213975946 282
0.8448262909515581 282
0.845318016978207 282
0.8455604652274574 282
0.8459224302192961 282
0.8484459408699453 283
0.8491084051002916 284
0.8496820854647152 285
0.8504299187969103 286
0.8510821387350348 287
0.8515158137724265 288
0.8655095169474741 288
0.8680330275981233 288
0.8737732460064335 288
0.8742615572690083 288
0.8745040055182588 288
0.8747464537675093 288
0.8772699644181583 289
0.8779324286485046 290
0.8785061090129282 291
0.8792539423451233 292
0.8799061622832478 293
0.8803398373206395 294
0.883385806874603 294
0.8838741181371779 294
0.8841165663864283 294
0.8843590146356788 294
0.8868825252863279 295
0.8875449895166743 296
0.8881186698810979 297
0.888866503213293 298
0.8895187231514174 299
0.8899523981888091 300
0.8929983677427726 300
0.8934900937694215 300
0.8937325420186719 300
0.8940945070105106 300
0.8966180176611598 301
0.8972804818915061 302
0.8978541622559297 303
0.8986019955881248 304
0.8992542155262493 305
0.899687890563641 306
0.9042363563101425 306
0.9094028943540291 306
0.911871768779495 306
0.9172466074318926 306
0.9177349186944674 306
0.9179773669437179 306
0.9182198151929684 306
0.9207433258436175 307
0.9214057900739638 308
0.9219794704383875 309
0.9227273037705825 310
0.923379523708707 311
0.9238131987460987 312
0.9268591683000621 312
0.927347479562637 312
0.9275899278118874 312
0.9278323760611379 312
0.930355886711787 313
0.9310183509421334 314
0.931592031306557 315
0.9323398646387521 316
0.9329920845768765 317
0.9334257596142682 318
0.9362975762004603 318
0.9473375084515411 318
0.9524562397983923 318
0.9548704779986751 318
0.9598799368951599 318
0.9603682481577348 318
0.9606106964069853 318
0.9608531446562357 318
0.9633766553068849 319
0.9640391195372312 320
0.9646127999016548 321
0.9653606332338499 322
0.9660128531719744 323
0.966446528209366 324
0.9693183447955581 324
0.980341203226269 324
0.985412127876085 324
0.9877717298511846 324
0.9904523196492354 324
