0.016226958879411023 0
0.02687419326198753 0
0.03660968563681935 0
0.054786474802455895 0
0.06543370918503241 0
0.07504627005320202 0
0.08478176242803384 0
0.1034366185640234 0
0.11408385294659992 0
0.12369641381476953 0
0.13330897468293915 0
0.143044467057771 0
0.16217739016411356 0
0.17282462454669006 0
0.18243718541485968 0
0.19204974628302932 0
0.20166230715119893 0
0.21139779952603074 0
0.22608469980809026 0
0.23673193419066677 0
0.24634449505883638 0
0.255957055927006 0
0.2655696167951756 0
0.29077740518907547 0
0.301424639571652 0
0.31103720043982164 0
0.3206497613079912 0
0.34536582367524227 0
0.3560130580578188 0
0.3656256189259884 0
0.3977209864570457 0
0.4083682208396222 0
0.4179807817077918 0
0.42771627408262364 0
0.4463711302186132 0
0.4570183646011897 0
0.4666309254693593 0
0.47624348633752894 0
0.4859789787123608 0
0.5051119018187034 0
0.5157591362012799 0
0.5253716970694494 0
0.5349842579376191 0
0.5445968188057887 0
0.5543323111806205 0
0.5692787335323003 0
0.5799259679148767 0
0.5895385287830464 0
0.599151089651216 0
0.6087636505193856 0
0.6367749602179985 0
0.647422194600575 0
0.6570347554687447 0
0.6666473163369143 0
0.6938629860062968 0
0.7045102203888733 0
0.714122781257043 0
0.738360776653941 0
0.7490080110365175 0
0.8031525101930708 0
0.8139226760823095 0
0.831621398277593 0
0.8422686326601695 0
0.8520041250350013 0
0.8701809142006379 0
0.8808281485832143 0
0.890440709451384 0
0.9001762018262158 0
0.913654275626097 0
0.9243015100086736 0
0.9339140708768431 0
0.9562876050893644 0
0.9669348394719409 0
