0.000020488584443700786 0
0.0014751780799464565 0
0.03811218182935741 0
0.03956687132486016 0
0.08629450291279375 0
0.08774919240829651 0
0.14456745183475272 0
0.14602214133025548 0
0.21293102859523436 0
0.2672189478428935 0
0.26831167234655756 0
0.2755953641162932 0
0.2772446951640111 0
0.27813936335138606 0
0.32229909235570914 0
0.3233918168593732 0
0.3306516052805912 0
0.3323009363283091 0
0.33319560451568403 0
0.3672749499737063 0
0.36836767447737034 0
0.3756172186063665 0
0.3772665496540844 0
0.37816121784145934 0
0.37975591266399406 0
0.3810466934839472 0
0.38250138297944997 0
0.42922901456738355 0
0.4306837040628863 0
0.4875019634893425 0
0.48895665298484525 0
0.5558655402498242 0
0.6104129815671036 0
0.6115057060707676 0
0.6212855903785608 0
0.6229349214262787 0
0.6238295896136536 0
0.6682966473846322 0
0.6693893718882963 0
0.6791487676116457 0
0.6807980986593636 0
0.6816927668467385 0
0.7157721123047609 0
0.7168648368084249 0
0.7241143809374211 0
0.7257637119851389 0
0.7266583801725138 0
0.7506573420842354 0
0.7517500665878994 0
0.7589893664246737 0
0.7606386974723917 0
0.7615333656597666 0
0.7736626076504375 0
0.7747553321541015 0
0.7819843876986539 0
0.7836337187463718 0
0.7845283869337467 0
0.7861230817562814 0
0.7874138625762346 0
0.7888685520717373 0
0.8154149279826257 0
0.8168696174781285 0
0.8535066212275394 0
0.8549613107230422 0
0.9016889423109757 0
0.935563401924561 0
0.936656126428225 0
0.9422460952172814 0
0.9438954262649993 0
0.9447900944523743 0
0.9685841705196588 0
0.9696768950233229 0
0.9752497899920094 0
0.9768991210397273 0
0.9777937892271023 0
0.9897181453733361 0
0.9908108698770002 0
0.996373520553465 0
0.9980228516011829 0
0.9989175197885578 0
