0.009588657519651968 0
0.02191254106253799 0
0.03164803343736981 0
0.04768035076456568 0
0.06047205698558287 0
0.07008461785375249 0
0.0798201102285843 0
0.09586267184800203 0
0.10912220074715039 0
0.11873476161532 0
0.12834732248348962 0
0.13808281485832144 0
0.154135620769961 0
0.16786297234724054 0
0.17747553321541015 0
0.18708809408357976 0
0.19670065495174938 0
0.2064361473265812 0
0.21579943041735247 0
0.2168033710550938 0
0.21848684974355123 0
0.23177028199121721 0
0.24138284285938685 0
0.25099540372755647 0
0.2606079645957261 0
0.2809906913531344 0
0.2819843876986539 0
0.28364737780266763 0
0.29646298737220245 0
0.3060755482403721 0
0.31568810910854167 0
0.3360469325174324 0
0.3370406288629519 0
0.33870361896696555 0
0.35105140585836925 0
0.3606639667265389 0
0.39061486241915544 0
0.40340656864017266 0
0.41301912950834224 0
0.4227546218831741 0
0.4387971835025918 0
0.45205671240174017 0
0.4616692732699098 0
0.4712818341380794 0
0.48101732651291124 0
0.4970701324245508 0
0.5107974840018303 0
0.52041004487 0
0.5300226057381695 0
0.5396351666063391 0
0.549370658981171 0
0.5587168682515725 0
0.5598642289804198 0
0.5616808834677612 0
0.5749643157154273 0
0.5845768765835968 0
0.5941894374517664 0
0.6038019983199361 0
0.6266809176154019 0
0.6278282783442491 0
0.6296449328315906 0
0.6424605424011255 0
0.6520731032692951 0
0.6616856641374648 0
0.6845440948484869 0
0.6855377911940064 0
0.6872007812980201 0
0.6995485681894238 0
0.7091611290575934 0
0.7295097081742622 0
0.7305034045197817 0
0.7321663946237954 0
0.7440463588370679 0
0.764384693661515 0
0.7653783900070344 0
0.7670413801110482 0
0.7969820315114429 0
0.80896102388286 0
0.824983096917834 0
0.8373069804607199 0
0.8470424728355518 0
0.8630747901627477 0
0.8758664963837648 0
0.8854790572519344 0
0.8952145496267663 0
0.9045402703127241 0
0.9054315237360251 0
0.9069920709178203 0
0.919339857809224 0
0.9289524186773935 0
0.9476414224541226 0
0.9485326758774236 0
0.9500932230592188 0
0.9619731872724914 0
0.9806451172288506 0
0.9815363706521516 0
0.9830969178339468 0
