0.024787772412804 1
0.03452326478763582 2
0.06334728833584888 3
0.07295984920401849 4
0.08269534157885032 5
0.11199743209741639 6
0.12160999296558601 7
0.13122255383375564 8
0.14095804620858746 9
0.17073820369750653 10
0.18035076456567617 11
0.18996332543384578 12
0.1995758863020154 13
0.2093113786768472 14
0.23464551334148323 15
0.24425807420965284 16
0.2538706350778225 17
0.26348319594599207 18
0.29933821872246846 19
0.3089507795906381 20
0.3185633404588077 21
0.35392663720863526 22
0.36353919807680485 23
0.4062817999904387 24
0.41589436085860826 25
0.4256298532334401 26
0.4549319437520062 27
0.46454450462017577 28
0.4741570654883454 29
0.48389255786317725 30
0.5136727153520964 31
0.523285276220266 32
0.5328978370884355 33
0.5425103979566052 34
0.552245890331437 35
0.5778395470656932 36
0.5874521079338628 37
0.5970646688020325 38
0.6066772296702021 39
0.6453357737513915 40
0.6549483346195611 41
0.6645608954877308 42
0.7024237995396898 43
0.7120363604078594 44
0.746921590187334 45
0.811836255233126 46
0.840182211810986 47
0.8499177041858178 48
0.8787417277340308 49
0.8883542886022004 50
0.8980897809770323 51
0.92221508915949 52
0.9318276500276595 53
0.9648484186227574 54
