0.012026799068452361 0
0.014495673493918304 0
0.05016629901040137 0
0.05268980966105052 0
0.09839642679087302 0
0.10097457366670537 0
0.1567171824098673 0
0.15934996551088285 0
0.22104450803493986 0
0.2236226549107722 0
0.286157229397021 0
0.2886807400476701 0
0.3411656638642836 0
0.34363453828974955 0
0.39310081066499114 0
0.3956243213156403 0
0.4413309384454628 0
0.44390908532129514 0
0.4996516940644571 0
0.5022844771654726 0
0.5642385417591499 0
0.5668166886349822 0
0.632154784425944 0
0.6346782950765931 0
0.6896628261953381 0
0.6921317006208041 0
0.7345806328240782 0
0.7369948710243609 0
0.7694078116142956 0
0.7717674135893952 0
0.799372366363208 0
0.8017866045634907 0
0.8274212384666343 0
0.8298901128921002 0
0.8655607384085834 0
0.8680842490592325 0
0.9094541158151384 0
0.9119229902406043 0
0.9525074612595016 0
0.9549216994597843 0
0.9854633493371943 0
0.9878229513122938 0
