0.023322838625079393 1
0.02398530285542572 2
0.025959036490168893 3
0.02639271152756056 4
0.03305833099991121 5
0.03372079523025754 6
0.03569452886500072 7
0.03612820390239238 8
0.06188235454812427 9
0.0625448187784706 10
0.06451855241321378 11
0.06495222745060544 12
0.0714949154162939 13
0.07215737964664021 14
0.07413111328138339 15
0.07456478831877505 16
0.08123040779112571 17
0.08189287202147204 18
0.08386660565621522 19
0.08430028069360689 20
0.11053249830969178 21
0.1111949625400381 22
0.11316869617478129 23
0.11360237121217295 24
0.1201450591778614 25
0.12080752340820773 26
0.1227812570429509 27
0.12321493208034257 28
0.12975762004603103 29
0.13042008427637736 30
0.1323938179111205 31
0.13282749294851218 32
0.13949311242086285 33
0.14015557665120917 34
0.14212931028595235 35
0.14256298532334402 36
0.16927326990978192 37
0.16993573414012825 38
0.17190946777487143 39
0.1723431428122631 40
0.17888583077795156 41
0.1795482950082979 42
0.18152202864304104 43
0.1819557036804327 44
0.18849839164612117 45
0.1891608558764675 46
0.19113458951121068 47
0.19156826454860235 48
0.19811095251429078 49
0.1987734167446371 50
0.2007471503793803 51
0.20118082541677196 52
0.2078464448891226 53
0.20850890911946893 54
0.2104826427542121 55
0.21091631779160377 56
0.23318057955375862 57
0.23384304378410495 58
0.23581677741884813 59
0.2362504524562398 60
0.24279314042192826 61
0.2434556046522746 62
0.24542933828701774 63
0.2458630133244094 64
0.2524057012900979 65
0.2530681655204442 66
0.2550418991551874 67
0.25547557419257905 68
0.2620182621582675 69
0.2626807263886138 70
0.26465446002335696 71
0.26508813506074863 72
0.29787328493474385 73
0.2985357491650902 74
0.30050948279983336 75
0.30094315783722503 76
0.3074858458029135 77
0.3081483100332598 78
0.310122043668003 79
0.31055571870539467 80
0.3170984066710831 81
0.3177608709014294 82
0.3197346045361726 83
0.32016827957356425 84
0.35246170342091065 85
0.353124167651257 86
0.35509790128600016 87
0.35553157632339183 88
0.3620742642890803 89
0.36273672851942657 90
0.36471046215416975 91
0.3651441371915614 92
0.40481686620271407 93
0.4054793304330604 94
0.40745306406780357 95
0.40788673910519524 96
0.41442942707088365 97
0.41509189130123 98
0.41706562493597316 99
0.4174992999733648 100
0.4241649194457155 101
0.4248273836760618 102
0.426801117310805 103
0.42723479234819667 104
0.4534670099642816 105
0.4541294741946279 106
0.4561032078293711 107
0.45653688286676275 108
0.46307957083245116 109
0.4637420350627975 110
0.46571576869754067 111
0.46614944373493233 112
0.4726921317006208 113
0.4733545959309671 114
0.4753283295657103 115
0.475762004603102 116
0.48242762407545264 117
0.48309008830579897 118
0.48506382194054215 119
0.4854974969779338 120
0.5122077815643717 121
0.5128702457947181 122
0.5148439794294613 123
0.5152776544668529 124
0.5218203424325414 125
0.5224828066628877 126
0.5244565402976309 127
0.5248902153350226 128
0.5314329033007109 129
0.5320953675310572 130
0.5340691011658004 131
0.5345027762031921 132
0.5410454641688806 133
0.5417079283992269 134
0.5436816620339701 135
0.5441153370713617 136
0.5507809565437124 137
0.5514434207740587 138
0.5534171544088019 139
0.5538508294461936 140
0.5763746132779686 141
0.5770370775083149 142
0.5790108111430581 143
0.5794444861804497 144
0.5859871741461382 145
0.5866496383764845 146
0.5886233720112277 147
0.5890570470486194 148
0.5955997350143079 149
0.5962621992446542 150
0.5982359328793974 151
0.598669607916789 152
0.6052122958824775 153
0.6058747601128238 154
0.607848493747567 155
0.6082821687849587 156
0.6438708399636669 157
0.6445333041940132 158
0.6465070378287564 159
0.6469407128661481 160
0.6534834008318365 161
0.6541458650621829 162
0.656119598696926 163
0.6565532737343177 164
0.6630959617000062 165
0.6637584259303525 166
0.6657321595650957 167
0.6661658346024874 168
0.7009588657519652 169
0.7016213299823115 170
0.7035950636170547 171
0.7040287386544464 172
0.7105714266201348 173
0.7112338908504812 174
0.7132076244852243 175
0.713641299522616 176
0.7454566563996093 177
0.7461191206299557 178
0.7480928542646988 179
0.7485265293020905 180
0.8103713214454014 181
0.8110337856757477 182
0.8130075193104909 183
0.8134411943478825 184
0.8387172780232613 185
0.8393797422536077 186
0.8413534758883509 187
0.8417871509257425 188
0.8484527703980932 189
0.8491152346284395 190
0.8510889682631827 191
0.8515226433005744 192
0.8772767939463062 193
0.8779392581766525 194
0.8799129918113957 195
0.8803466668487874 196
0.8868893548144758 197
0.8875518190448222 198
0.8895255526795653 199
0.889959227716957 200
0.8966248471893077 201
0.897287311419654 202
0.8992610450543972 203
0.8996947200917889 204
0.9207501553717654 205
0.9214126196021117 206
0.9233863532368549 207
0.9238200282742466 208
0.9303627162399349 209
0.9310251804702813 210
0.9329989141050244 211
0.9334325891424161 212
0.9633834848350328 213
0.9640459490653791 214
0.9660196827001223 215
0.966453357737514 216
