0.005245077617587401 0
0.007150515970851574 0
0.026546375910888317 0
0.03628186828572014 0
0.04333677086250111 0
0.045242209215765286 0
0.0651058918339332 0
0.07471845270210281 0
0.08445394507693463 0
0.09151909194593745 0
0.09342453029920163 0
0.11375603559550071 0
0.12336859646367032 0
0.13298115733183993 0
0.14271664970667178 0
0.14979204086789644 0
0.1516974792211606 0
0.17249680719559085 0
0.18210936806376046 0
0.1917219289319301 0
0.20133448980009971 0
0.21106998217493153 0
0.2178585331539444 0
0.23640411683956755 0
0.24601667770773716 0
0.2556292385759068 0
0.2652417994440764 0
0.28302930550528266 0
0.3010968222205528 0
0.3107093830887224 0
0.320321943956892 0
0.33808554666958057 0
0.3556852407067196 0
0.36529780157488917 0
0.3862712825170909 0
0.38817672087035504 0
0.408040403488523 0
0.4176529643566926 0
0.4273884567315244 0
0.43445360360052726 0
0.43635904195379144 0
0.4566905472500905 0
0.4663031081182601 0
0.47591566898642973 0
0.4856511613612616 0
0.4927265525224862 0
0.4946319908757504 0
0.5154313188501807 0
0.5250438797183502 0
0.5346564405865198 0
0.5442690014546895 0
0.5540044938295213 0
0.5610628111703763 0
0.5795981505637775 0
0.5892107114319471 0
0.5988232723001168 0
0.6084358331682864 0
0.6290268605342056 0
0.6470943772494758 0
0.6567069381176455 0
0.6663194989858151 0
0.6865827090006351 0
0.7041824030377741 0
0.7137949639059438 0
0.7315483223264104 0
0.7486801936854183 0
0.7664233078136632 0
0.7926384516093783 0
0.7945438899626425 0
0.8135948587312103 0
0.8206395170157694 0
0.8225449553690336 0
0.8419408153090703 0
0.8516763076839021 0
0.8587312102606831 0
0.8606366486139473 0
0.8805003312321151 0
0.8901128921002848 0
0.8998483844751166 0
0.9063739986204353 0
0.9239736926575743 0
0.9335862535257439 0
0.9494751507618339 0
0.9666070221208417 0
0.9824788455365618 0
