0.009680856149648621 0
0.022004739692534643 0
0.03174023206736647 0
0.04777254939456233 0
0.06056425561557952 0
0.07017681648374914 0
0.07991230885858096 0
0.09595487047799868 0
0.10921439937714704 0
0.11882696024531665 0
0.12843952111348628 0
0.1381750134883181 0
0.15422781939995767 0
0.1679551709772372 0
0.1775677318454068 0
0.18718029271357642 0
0.19679285358174603 0
0.20652834595657785 0
0.21588479951920123 1
0.21689556968509047 1
0.21857904837354789 1
0.23186248062121387 1
0.2414750414893835 1
0.2510876023575531 1
0.26070016322572276 1
0.2714191076538522 1
0.2720405947153111 1
0.27266208177677004 1
0.27328356883822896 1
0.2739050558996879 1
0.2810760604549832 2
0.28207658632865057 2
0.2837395764326643 2
0.2965551860021991 2
0.30616774687036874 2
0.3157803077385383 2
0.326485593110372 2
0.327103665407757 2
0.32772173770514196 2
0.32833981000252693 2
0.32896129706398586 2
0.33613230161928115 3
0.33713282749294854 3
0.3387958175969622 3
0.3511436044883659 3
0.36075616535653554 3
0.3714512064361473 3
0.3720692787335323 3
0.37268735103091727 3
0.37330542332830224 3
0.37392691038976117 3
0.3907070610491521 3
0.4034987672701693 3
0.4131113281383389 3
0.42284682051317074 3
0.43888938213258843 3
0.4521489110317368 3
0.46176147189990646 3
0.47137403276807605 3
0.4811095251429079 3
0.49716233105454744 3
0.510889682631827 3
0.5205022434999966 3
0.5301148043681662 3
0.5397273652363358 3
0.5494628576111676 3
0.5588022373534213 4
0.5599564276104164 4
0.5617730820977579 4
0.5750565143454238 4
0.5846690752135935 4
0.5942816360817631 4
0.6038941969499327 4
0.6146097266139883 4
0.6152277989113732 4
0.6158458712087582 4
0.6164639435061432 4
0.6170854305676021 4
0.617706917629061 4
0.61832840469052 4
0.6189498917519789 4
0.6267662867172507 5
0.6279204769742458 5
0.6297371314615873 5
0.6425527410311221 5
0.6521653018992918 5
0.6617778627674614 5
0.6724831481392951 5
0.6731012204366801 5
0.6737192927340651 5
0.67433736503145 5
0.674955437328835 5
0.6755735096262199 5
0.6761915819236048 5
0.6768130689850638 5
0.6846294639503356 6
0.685629989824003 6
0.6872929799280167 6
0.6996407668194204 6
0.7092533276875901 6
0.7199483687672019 6
0.7205664410645869 6
0.7211845133619719 6
0.7218025856593568 6
0.7224240727208158 6
0.729595077276111 7
0.7305956031497783 7
0.7322585932537921 7
0.7441385574670646 7
0.7548233542544546 7
0.7554414265518395 7
0.7560594988492245 7
0.7566775711466095 7
0.7572990582080684 7
0.7644700627633637 8
0.7654705886370311 8
0.7671335787410448 8
0.7778183755284347 8
0.7784364478258197 8
0.7790545201232046 8
0.7796725924205896 8
0.7802940794820485 8
0.7970742301414395 8
0.8090532225128566 8
0.8250752955478305 8
0.8373991790907166 8
0.8471346714655484 8
0.8631669887927443 8
0.8759586950137614 8
0.8855712558819311 8
0.8953067482567629 8
0.9046256394145729 9
0.9055237223660217 9
0.907084269547817 9
0.9194320564392207 9
0.9290446173073902 9
0.939743073151076 9
0.9403645602125349 9
0.9409860472739938 9
0.9477267915559714 10
0.9486248745074203 10
0.9501854216892155 10
0.962065385902488 10
0.972750182689878 10
0.973368254987263 10
0.9739897420487219 10
0.9807304863306994 11
0.9816285692821483 11
0.9831891164639435 11
0.9938739132513335 11
0.9944919855487184 11
0.9951134726101774 11
