0.005234833325365551 0
0.007140271678629724 1
0.026536131618666466 1
0.036271623993498286 1
0.04332652657027926 1
0.045231964923543436 2
0.06509564754171135 2
0.07470820840988096 2
0.08444370078471278 2
0.0915088476537156 2
0.09341428600697978 3
0.11374579130327886 3
0.12335835217144847 3
0.13297091303961808 3
0.14270640541444993 3
0.1497817965756746 3
0.15168723492893876 4
0.172486562903369 4
0.1820991237715386 4
0.19171168463970825 4
0.20132424550787786 4
0.21105973788270968 4
0.21784828886172256 4
0.2363938725473457 4
0.2460064334155153 4
0.25561899428368495 4
0.26523155515185454 4
0.2830190612130608 4
0.30108657792833093 4
0.3106991387965006 4
0.32031169966467016 4
0.3380753023773587 4
0.35567499641449773 4
0.3652875572826673 4
0.38626103822486907 4
0.3881664765781332 5
0.40803015919630115 5
0.41764272006447073 5
0.4273782124393026 5
0.4344433593083054 5
0.4363487976615696 6
0.45668030295786866 6
0.46629286382603824 6
0.4759054246942079 6
0.4856409170690397 6
0.49271630823026435 6
0.49462174658352853 7
0.5154210745579588 7
0.5250336354261284 7
0.534646196294298 7
0.5442587571624676 7
0.5539942495372995 7
0.5610525668781544 7
0.5795879062715557 7
0.5892004671397253 7
0.5988130280078949 7
0.6084255888760646 7
0.6290166162419838 7
0.647084132957254 7
0.6566966938254236 7
0.6663092546935933 7
0.6865724647084133 7
0.7041721587455523 7
0.7137847196137219 7
0.7315380780341886 7
0.7486699493931964 7
0.7664130635214413 7
0.7926282073171564 7
0.7945336456704206 8
0.8135846144389884 8
0.8206292727235476 8
0.8225347110768118 9
0.8419305710168484 9
0.8516660633916803 9
0.8587209659684613 9
0.8606264043217254 10
0.8804900869398933 10
0.8901026478080629 10
0.8998381401828948 10
0.9063637543282135 10
0.9239634483653525 10
0.933576009233522 10
0.949464906469612 10
0.9665967778286199 10
0.98246860124434 10
