0.0001229315066622047 1
0.0015776210021649605 1
0.010070139254078935 2
0.02246231807844396 3
0.032197810453275785 4
0.038214624751575915 4
0.03966931424707867 4
0.04816183249899265 4
0.061021834001488834 5
0.07063439486965846 6
0.08036988724449028 7
0.08639694583501226 7
0.08785163533051502 7
0.096344153582429 7
0.10967197776305634 8
0.11928453863122597 9
0.1288970994993956 10
0.1386325918742274 11
0.14466989475697123 11
0.146124584252474 11
0.15461710250438798 11
0.1684127493631465 12
0.17802531023131613 13
0.18763787109948574 14
0.19725043196765535 15
0.20698592434248717 16
0.21303347151745286 17
0.21380862296223954 18
0.2176536473095074 18
0.21899223482649582 19
0.2323200590071232 20
0.24193261987529283 21
0.25154518074346244 22
0.2611577416116321 23
0.267321390765112 24
0.26841411526877607 24
0.2756978070385117 25
0.2764524698988547 26
0.2773471380862296 27
0.27824180627360456 28
0.27901695771839125 29
0.28282441966084565 29
0.28415276288561225 29
0.2970127643881084 30
0.30662532525627806 31
0.31623788612444764 32
0.32240153527792764 33
0.3234942597815917 33
0.3307540482028097 33
0.33150871106315266 33
0.3324033792505276 33
0.33329804743790253 34
0.3340731988826892 35
0.33788066082514356 35
0.33920900404991017 35
0.3516011828742752 36
0.36121374374244486 37
0.3673773928959248 38
0.36847011739958885 38
0.375719661528585 38
0.37647432438892797 38
0.3773689925763029 38
0.37826366076367784 38
0.3789910055114292 38
0.37985835558621256 38
0.3811491364061657 38
0.38260382590166847 38
0.3910963441535824 38
0.40395634565607863 39
0.4135689065242482 40
0.42330439889908006 41
0.42933145748960205 41
0.4307861469851048 41
0.43927866523701875 41
0.45260648941764614 42
0.4622190502858158 43
0.47183161115398536 44
0.4815671035288172 45
0.487604406411561 45
0.48905909590706376 45
0.49755161415897775 45
0.5113472610177363 46
0.520959821885906 47
0.5305723827540755 48
0.5401849436222451 49
0.549920435997077 50
0.5559679831720427 51
0.5567431346168293 52
0.5608579253259393 52
0.5621862685507059 52
0.5755140927313331 53
0.5851266535995028 54
0.5947392144676724 55
0.6043517753358421 56
0.6105154244893221 57
0.6116081489929861 57
0.6213880333007793 57
0.6221426961611223 57
0.6230373643484972 57
0.6239320325358721 58
0.6247071839806588 59
0.6288219746897686 59
0.6301503179145352 59
0.6430103194170315 60
0.6526228802852011 61
0.6622354411533707 62
0.6683990903068507 63
0.6694918148105148 63
0.6792512105338642 63
0.6800058733942071 63
0.6809005415815821 63
0.681795209768957 64
0.6825703612137437 65
0.6863778231561981 65
0.6877061663809647 65
0.7000983452053298 66
0.7097109060734994 67
0.7158745552269794 68
0.7169672797306434 68
0.7242168238596396 68
0.7249714867199826 68
0.7258661549073574 68
0.7267608230947323 69
0.727535974539519 70
0.7313434364819734 70
0.73267177970674 70
0.7445961358529739 71
0.7507597850064539 72
0.751852509510118 72
0.7590918093468922 72
0.7598464722072352 72
0.7607411403946102 72
0.7616358085819851 73
0.7624109600267718 74
0.7662184219692262 74
0.7675467651939928 74
0.773765050572656 75
0.77485777507632 75
0.7820868306208724 75
0.7828414934812153 75
0.7837361616685903 75
0.7846308298559652 75
0.7853581746037166 75
0.7862255246784999 75
0.7875163054984531 75
0.7889709949939558 75
0.7974635132458698 75
0.8095108008987659 76
0.8155173709048442 76
0.816972060400347 76
0.8254645786522609 76
0.8378567574766259 77
0.8475922498514578 78
0.8536090641497579 78
0.8550637536452607 78
0.8635562718971747 78
0.8764162733996708 79
0.8860288342678404 80
0.8957643266426722 81
0.9017913852331942 82
0.9025665366779809 83
0.9061691127759983 83
0.9074974560007649 83
0.91988963482513 84
0.9295021956932995 85
0.9356658448467795 86
0.9367585693504435 86
0.9423485381394999 86
0.9431032009998429 86
0.9439978691872178 86
0.9448925373745928 87
0.9456676888193795 88
0.9492702649173969 88
0.9505986081421635 88
0.9625229642883973 89
0.9686866134418773 90
0.9697793379455414 90
0.9753522329142279 90
0.9761068957745709 90
0.9770015639619458 90
0.9778962321493208 91
0.9786713835941074 92
0.9822739596921248 92
0.9836023029168914 92
0.9898205882955546 93
0.9909133127992187 93
0.9964759634756835 93
0.9972306263360264 93
0.9981252945234014 93
0.9990199627107763 93
