0.0008468614903396325 1
0.002301550985842388 1
0.038938554735253345 1
0.0403932442307561 1
0.08712087581868969 1
0.08857556531419244 1
0.14539382474064866 1
0.14684851423615142 1
0.21453255294591697 2
0.2797408877020687 3
0.33479712886636664 4
0.38187306638984314 4
0.3833277558853459 4
0.4300553874732795 4
0.43151007696878224 4
0.4883283363952384 4
0.4897830258907412 4
0.5574670646005068 5
0.6254311139643361 6
0.6832942911974211 7
0.7282599045231964 8
0.7631348900104492 9
0.7882402354821305 9
0.7896949249776333 9
0.8162413008885216 9
0.8176959903840244 9
0.8543329941334353 9
0.8557876836289381 9
0.9032904666616584 10
0.9463916188030569 11
0.9793953135777849 12
