0.022312068459190156 1
0.03204756083402198 2
0.060871584382235035 3
0.07048414525040465 4
0.08021963762523647 5
0.10952172814380254 6
0.11913428901197216 7
0.1287468498801418 8
0.1384823422549736 9
0.1682624997438927 10
0.17787506061206232 11
0.18748762148023193 12
0.19710018234840154 13
0.20683567472323336 14
0.23216980938786938 15
0.24178237025603902 16
0.25139493112420863 17
0.26100749199237827 18
0.2968625147688546 19
0.30647507563702425 20
0.31608763650519384 21
0.3514509332550214 22
0.36106349412319105 23
0.4038060960368248 24
0.4134186569049944 25
0.42315414927982625 26
0.45245623979839233 27
0.462068800666562 28
0.47168136153473156 29
0.4814168539095634 30
0.5111970113984825 31
0.5208095722666521 32
0.5304221331348217 33
0.5400346940029913 34
0.5497701863778232 35
0.5753638431120793 36
0.584976403980249 37
0.5945889648484186 38
0.6042015257165883 39
0.6428600697977777 40
0.6524726306659473 41
0.6620851915341169 42
0.699948095586076 43
0.7095606564542456 44
0.7444458862337201 45
0.8093605512795121 46
0.8377065078573721 47
0.847442000232204 48
0.876266023780417 49
0.8858785846485866 50
0.8956140770234184 51
0.9197393852058762 52
0.9293519460740457 53
0.9623727146691435 54
