0.019122678814120733 1
0.028735239682290352 2
0.05768219473716561 2
0.06729475560533522 2
0.07690731647350485 3
0.10633233849873312 3
0.11594489936690273 3
0.12555746023507236 3
0.13517002110324197 4
0.16507311009882328 4
0.1746856709669929 4
0.1842982318351625 4
0.1939107927033321 4
0.20352335357150175 5
0.22898041974279998 5
0.2385929806109696 5
0.2482055414791392 5
0.25781810234730884 5
0.2936731251237852 5
0.3032856859919548 5
0.3128982468601244 5
0.348261543609952 5
0.3578741044781216 5
0.4006167063917554 5
0.41022926725992503 5
0.4198418281280946 6
0.4492668501533229 6
0.45887941102149254 6
0.46849197188966213 6
0.47810453275783177 7
0.5080076217534131 7
0.5176201826215827 7
0.5272327434897522 7
0.5368453043579219 7
0.5464578652260915 8
0.57217445346701 8
0.5817870143351795 8
0.5913995752033492 8
0.6010121360715188 8
0.6396706801527082 8
0.6492832410208779 8
0.6588958018890475 8
0.6967587059410065 8
0.7063712668091762 8
0.7412564965886507 8
0.8060482301277805 9
0.8345171182123027 9
0.8441296790804723 10
0.8730766341353476 10
0.8826891950035172 10
0.8923017558716868 11
0.9165499955608067 11
0.9261625564289763 11
0.9591833250240741 11
