0.0008980829514488844 0
0.00235277244695164 0
0.02428580209393333 0
0.03402129446876515 0
0.0389897761963626 0
0.04044446569186535 0
0.06284531801697821 0
0.07245787888514782 0
0.08219337125997965 0
0.08717209727979894 0
0.0886267867753017 0
0.11149546177854572 0
0.12110802264671534 0
0.13072058351488497 0
0.14045607588971679 0
0.1454450462017579 0
0.14689973569726067 0
0.17023623337863586 0
0.1798487942468055 0
0.1894613551149751 0
0.19907391598314472 0
0.20880940835797654 0
0.21458377440702622 0
0.23414354302261256 0
0.24375610389078217 0
0.2533686647589518 0
0.2629812256271214 0
0.2797921091631779 0
0.2988362484035978 0
0.30844880927176743 0
0.318061370139937 0
0.3348483503274759 0
0.3534246668897646 0
0.3630372277579342 0
0.3819242878509524 0
0.38337897734645515 0
0.405779829671568 0
0.4153923905397376 0
0.42512788291456943 0
0.43010660893438873 0
0.4315612984298915 0
0.4544299734331355 0
0.4640425343013051 0
0.47365509516947474 0
0.4833905875443066 0
0.4883795578563477 0
0.48983424735185044 0
0.5131707450332257 0
0.5227833059013953 0
0.5323958667695649 0
0.5420084276377345 0
0.5517439200125663 0
0.557518286061616 0
0.5773375767468225 0
0.5869501376149922 0
0.5965626984831618 0
0.6061752593513314 0
0.6254823354254454 0
0.6448338034325208 0
0.6544463643006905 0
0.6640589251688601 0
0.6833455126585304 0
0.7019218292208191 0
0.7115343900889888 0
0.7283111259843057 0
0.7464196198684633 0
0.7631861114715585 0
0.7882914569432398 0
0.7897461464387425 0
0.8113342849142553 0
0.8162925223496309 0
0.8177472118451337 0
0.8396802414921153 0
0.8494157338669471 0
0.8543842155945446 0
0.8558389050900473 0
0.8782397574151601 0
0.8878523182833298 0
0.8975878106581616 0
0.9033416881227676 0
0.9217131188406193 0
0.9313256797087889 0
0.9464428402641661 0
0.9643464483038867 0
0.9794465350388941 0
