0.024668255670215744 0
0.03440374804504757 0
0.06322777159326062 0
0.07284033246143023 0
0.08257582483626207 0
0.11187791535482813 0
0.12149047622299776 0
0.13110303709116738 0
0.1408385294659992 0
0.17061868695491827 0
0.18023124782308791 0
0.18984380869125753 0
0.19945636955942714 0
0.20919186193425895 0
0.23452599659889498 0
0.2441385574670646 0
0.2537511183352342 0
0.2633636792034038 0
0.2992187019798802 0
0.30883126284804985 0
0.31844382371621943 0
0.353807120466047 0
0.3634196813342166 0
0.4061622832478504 0
0.41577484411602 0
0.42551033649085185 0
0.45481242700941793 0
0.4644249878775875 0
0.47403754874575715 0
0.483773041120589 0
0.5135531986095081 0
0.5231657594776777 0
0.5327783203458473 0
0.5423908812140169 0
0.5521263735888488 0
0.5777200303231049 0
0.5873325911912746 0
0.5969451520594442 0
0.6065577129276138 0
0.6452162570088033 0
0.6548288178769729 0
0.6644413787451425 0
0.7023042827971016 0
0.7119168436652712 0
0.7468020734447457 0
0.8117167384905377 0
0.8400626950683977 0
0.8497981874432295 0
0.8786222109914426 0
0.8882347718596122 0
0.897970264234444 0
0.9220955724169018 0
0.9317081332850713 0
0.9647289018801691 0
