0.002970844744336614 1
0.010401371369252099 1
0.012870245794718044 1
0.018378260245999603 2
0.027990821114169222 3
0.041062537989250324 4
0.048540871311201106 4
0.05106438196185026 4
0.05693777616904448 5
0.0665503370372141 6
0.07616289790538372 7
0.08924485907268667 8
0.09677099909167276 8
0.0993491459675051 8
0.10558791993061199 9
0.11520048079878162 10
0.12481304166695123 11
0.13442560253512084 12
0.14751780799464564 13
0.15509175471066705 13
0.15772453781168258 13
0.16432869153070215 14
0.17394125239887176 15
0.18355381326704137 16
0.193166374135211 17
0.20277893500338062 18
0.2194190803357396 18
0.22199722721157195 18
0.22823600117467885 19
0.23784856204284846 20
0.24746112291101807 21
0.2570736837791877 22
0.2845318016978207 22
0.28705531234846987 22
0.29292870655566405 23
0.3025412674238337 24
0.31215382829200333 25
0.33954023616508333 25
0.3420091105905493 25
0.34751712504183085 26
0.3571296859100005 27
0.3839970496438401 28
0.3914753829657909 28
0.39399889361644 28
0.39987228782363426 29
0.4094848486918039 30
0.4190974095599735 31
0.43217937072727647 32
0.4397055107462625 32
0.4422836576220949 32
0.4485224315852018 33
0.4581349924533714 34
0.467747553321541 35
0.47736011418971064 36
0.4904523196492354 37
0.4980262663652568 37
0.5006590494662724 37
0.5072632031852919 38
0.5168757640534616 39
0.5264883249216311 40
0.5361008857898008 41
0.5457134466579704 42
0.5626131140599496 42
0.565191260935782 42
0.5714300348988889 43
0.5810425957670584 44
0.590655156635228 45
0.6002677175033977 46
0.6305293567267437 46
0.6330528673773929 46
0.6389262615845871 47
0.6485388224527567 48
0.6581513833209264 49
0.6880373984961379 49
0.6905062729216038 49
0.6960142873728854 50
0.705626848241055 51
0.7329552051248779 51
0.7353694433251606 51
0.7405120780205295 52
0.7677823839150953 52
0.7701419858901949 52
0.7903642187361275 53
0.7977469386640077 53
0.8001611768642904 53
0.8053038115596594 54
0.8183652841425186 55
0.825795810767434 55
0.8282646851929 55
0.8337726996441815 56
0.8433852605123512 57
0.8564569773874323 58
0.8639353107093831 58
0.8664588213600323 58
0.8723322155672265 59
0.881944776435396 60
0.8915573373035657 61
0.9078286881159381 61
0.910297562541404 61
0.9158055769926856 62
0.9254181378608551 63
0.9508820335603013 63
0.9532962717605841 63
0.958438906455953 64
0.983837921637994 64
0.9861975236130935 64
