0.023189662826195338 1
0.023855541820615615 1
0.025166811225012464 1
0.025829275455358788 1
0.03292515520102716 1
0.033591034195447435 1
0.03490230359984429 1
0.035564767830190615 1
0.06174917874924021 1
0.06241505774366049 1
0.06372632714805734 1
0.06438879137840367 1
0.07136173961740984 1
0.0720276186118301 1
0.07333888801622696 1
0.07400135224657328 1
0.08109723199224166 1
0.08176311098666193 1
0.08307438039105879 1
0.08373684462140511 1
0.11039932251080772 1
0.111065201505228 1
0.11237647090962485 1
0.11303893513997118 1
0.12001188337897735 1
0.12067776237339763 1
0.12198903177779447 1
0.12265149600814079 1
0.12962444424714697 1
0.13029032324156725 1
0.13160159264596408 1
0.1322640568763104 1
0.1393599366219788 1
0.14002581561639907 1
0.14133708502079592 1
0.14199954925114225 1
0.16914009411089787 1
0.16980597310531814 1
0.171117242509715 1
0.17177970674006132 1
0.1787526549790675 1
0.17941853397348778 1
0.18072980337788463 1
0.18139226760823093 1
0.18836521584723712 1
0.1890310948416574 1
0.19034236424605425 1
0.19100482847640057 1
0.19797777671540673 1
0.198643655709827 1
0.19995492511422386 1
0.20061738934457019 1
0.20771326909023854 1
0.20837914808465882 1
0.20969041748905567 1
0.210352881719402 1
0.23304740375487457 1
0.23371328274929484 1
0.2350245521536917 1
0.23568701638403802 1
0.2426599646230442 1
0.24332584361746448 1
0.2446371130218613 1
0.24529957725220763 1
0.2522725254912138 1
0.2529384044856341 1
0.25424967389003095 1
0.2549121381203773 1
0.26188508635938346 1
0.2625509653538037 1
0.26386223475820053 1
0.26452469898854686 1
0.2678370201402785 1
0.2977401091358598 1
0.2984059881302801 1
0.29971725753467693 1
0.30037972176502326 1
0.30735267000402944 1
0.3080185489984497 1
0.30932981840284657 1
0.3099922826331929 1
0.316965230872199 1
0.3176311098666193 1
0.31894237927101615 1
0.3196048435013625 1
0.3229171646530941 1
0.3523285276220266 1
0.3529944066164469 1
0.35430567602084373 1
0.35496814025119006 1
0.36194108849019624 1
0.36260696748461646 1
0.3639182368890133 1
0.36458070111935964 1
0.3678930222710913 1
0.40468369040383 1
0.4053495693982503 1
0.40666083880264714 1
0.40732330303299347 1
0.4142962512719996 1
0.41496213026641987 1
0.4162733996708167 1
0.41693586390116305 1
0.42403174364683144 1
0.4246976226412517 1
0.42600889204564857 1
0.4266713562759949 1
0.4533338341653975 1
0.4539997131598178 1
0.45531098256421465 1
0.455973446794561 1
0.4629463950335671 1
0.4636122740279874 1
0.46492354343238423 1
0.46558600766273056 1
0.47255895590173674 1
0.473224834896157 1
0.4745361043005539 1
0.4751985685309002 1
0.4822944482765686 1
0.48296032727098887 1
0.4842715966753857 1
0.48493406090573205 1
0.5120746057654877 1
0.512740484759908 1
0.5140517541643048 1
0.5147142183946511 1
0.5216871666336573 1
0.5223530456280776 1
0.5236643150324745 1
0.5243267792628208 1
0.5312997275018269 1
0.5319656064962471 1
0.533276875900644 1
0.5339393401309903 1
0.5409122883699965 1
0.5415781673644168 1
0.5428894367688136 1
0.54355190099916 1
0.5506477807448283 1
0.5513136597392486 1
0.5526249291436455 1
0.5532873933739918 1
0.5762414374790845 1
0.5769073164735048 1
0.5782185858779016 1
0.578881050108248 1
0.5858539983472542 1
0.5865198773416744 1
0.5878311467460713 1
0.5884936109764176 1
0.5954665592154238 1
0.5961324382098441 1
0.5974437076142409 1
0.5981061718445873 1
0.6050791200835934 1
0.6057449990780137 1
0.6070562684824106 1
0.6077187327127569 1
0.6110310538644885 1
0.6437376641647828 1
0.6444035431592031 1
0.6457148125636 1
0.6463772767939463 1
0.6533502250329525 1
0.6540161040273728 1
0.6553273734317696 1
0.6559898376621159 1
0.6629627859011221 1
0.6636286648955424 1
0.6649399342999393 1
0.6656023985302856 1
0.6689147196820172 1
0.7008256899530811 1
0.7014915689475014 1
0.7028028383518983 1
0.7034653025822446 1
0.7104382508212508 1
0.7111041298156711 1
0.7124153992200679 1
0.7130778634504142 1
0.7163901846021459 1
0.7453234806007253 1
0.7459893595951456 1
0.7473006289995424 1
0.7479630932298887 1
0.7512754143816204 1
0.7742806799478225 1
0.8102381456465173 1
0.8109040246409376 1
0.8122152940453344 1
0.8128777582756808 1
0.8385841022243773 1
0.8392499812187976 1
0.8405612506231944 1
0.8412237148535407 1
0.8483195945992091 1
0.8489854735936294 1
0.8502967429980263 1
0.8509592072283726 1
0.8771436181474221 1
0.8778094971418424 1
0.8791207665462393 1
0.8797832307765856 1
0.8867561790155918 1
0.8874220580100121 1
0.8887333274144089 1
0.8893957916447552 1
0.8964916713904236 1
0.8971575503848439 1
0.8984688197892408 1
0.8991312840195871 1
0.9206169795728814 1
0.9212828585673016 1
0.9225941279716985 1
0.9232565922020448 1
0.9302295404410509 1
0.9308954194354712 1
0.932206688839868 1
0.9328691530702143 1
0.936181474221946 1
0.9632503090361487 1
0.963916188030569 1
0.9652274574349659 1
0.9658899216653122 1
0.9692022428170438 1
0.9903362176707211 1
