0.003025480969519816 1
0.010456007594435301 1
0.012924882019901244 1
0.018429481707108855 2
0.028042042575278474 3
0.041117174214433526 4
0.04859550753638431 4
0.05111901818703346 4
0.056988997630153734 5
0.06660155849832335 6
0.07621411936649297 7
0.08929949529786987 8
0.09682563531685597 8
0.0994037821926883 8
0.10563914139172124 9
0.11525170225989087 10
0.12486426312806048 11
0.1344768239962301 12
0.14757244421982885 13
0.15514639093585025 13
0.15777917403686578 13
0.1643799129918114 14
0.173992473859981 15
0.18360503472815062 16
0.19321759559632026 17
0.20283015646448987 18
0.2194737165609228 18
0.22205186343675515 18
0.2282872226357881 19
0.2378997835039577 20
0.24751234437212732 21
0.25712490524029696 22
0.2845864379230039 22
0.2871099485736531 22
0.2929799280167733 23
0.30259248888494295 24
0.3122050497531126 25
0.33959487239026653 25
0.3420637468157325 25
0.3475683465029401 26
0.35718090737110975 27
0.38405168586902333 28
0.3915300191909741 28
0.39405352984162323 28
0.3999235092847435 29
0.40953607015291316 30
0.41914863102108274 31
0.43223400695245967 32
0.4397601469714457 32
0.4423382938472781 32
0.448573653046311 33
0.45818621391448067 34
0.46779877478265025 35
0.4774113356508199 36
0.4905069558744186 37
0.49808090259044 37
0.5007136856914556 37
0.5073144246464012 38
0.5169269855145708 39
0.5265395463827404 40
0.53615210725091 41
0.5457646681190796 42
0.5626677502851328 42
0.5652458971609652 42
0.5714812563599981 43
0.5810938172281677 44
0.5907063780963373 45
0.6003189389645069 46
0.6305839929519269 46
0.6331075036025761 46
0.6389774830456963 47
0.648590043913866 48
0.6582026047820356 49
0.6880920347213211 49
0.690560909146787 49
0.6960655088339947 50
0.7056780697021643 51
0.7330098413500611 51
0.7354240795503438 51
0.7405632994816388 52
0.7678370201402785 52
0.7701966221153781 52
0.7904188549613107 53
0.7978015748891909 53
0.8002158130894736 53
0.8053550330207686 54
0.8184199203677018 55
0.8258504469926172 55
0.8283193214180832 55
0.8338239211052908 56
0.8434364819734604 57
0.8565116136126155 58
0.8639899469345663 58
0.8665134575852155 58
0.8723834370283358 59
0.8819959978965053 60
0.8916085587646749 61
0.9078833243411213 61
0.9103521987665872 61
0.9158567984537949 62
0.9254693593219644 63
0.9509366697854845 63
0.9533509079857673 63
0.9584901279170622 64
0.9838925578631772 64
0.9862521598382767 64
