0.024623863737254392 1
0.034359356112086216 2
0.06318337966029927 3
0.07279594052846888 4
0.08253143290330071 5
0.11183352342186678 6
0.12144608429003641 7
0.13105864515820603 8
0.14079413753303785 9
0.17057429502195692 10
0.18018685589012656 11
0.18979941675829617 12
0.1994119776264658 13
0.2091474700012976 14
0.23448160466593362 15
0.24409416553410324 16
0.2537067264022729 17
0.26331928727044246 18
0.29917431004691886 19
0.3087868709150885 20
0.3183994317832581 21
0.35376272853308566 22
0.36337528940125524 23
0.40611789131488907 24
0.41573045218305865 25
0.4254659445578905 26
0.4547680350764566 27
0.46438059594462616 28
0.4739931568127958 29
0.48372864918762765 30
0.5135088066765467 31
0.5231213675447164 32
0.5327339284128859 33
0.5423464892810556 34
0.5520819816558874 35
0.5776756383901436 36
0.5872881992583132 37
0.5969007601264829 38
0.6065133209946525 39
0.6451718650758419 40
0.6547844259440115 41
0.6643969868121812 42
0.7022598908641402 43
0.7118724517323098 44
0.7467576815117843 45
0.8116723465575764 46
0.8400183031354364 47
0.8497537955102682 48
0.8785778190584812 49
0.8881903799266508 50
0.8979258723014827 51
0.9220511804839404 52
0.9316637413521099 53
0.9646845099472078 54
