0.002977674272484514 1
0.0104082008974 1
0.012877075322865944 1
0.018385089774147503 2
0.027997650642317122 3
0.041069367517398224 4
0.048547700839349006 4
0.05107121148999816 4
0.05694460569719238 5
0.066557166565362 6
0.07616972743353162 7
0.08925168860083457 8
0.09677782861982066 8
0.099355975495653 8
0.10559474945875989 9
0.11520731032692952 10
0.12481987119509913 11
0.13443243206326874 12
0.14752463752279354 13
0.15509858423881495 13
0.15773136733983048 13
0.16433552105885005 14
0.17394808192701966 15
0.18356064279518927 16
0.1931732036633589 17
0.20278576453152852 18
0.2194259098638875 18
0.22200405673971985 18
0.22824283070282675 19
0.23785539157099636 20
0.24746795243916597 21
0.2570805133073356 22
0.2845386312259686 22
0.28706214187661777 22
0.29293553608381195 23
0.3025480969519816 24
0.31216065782015123 25
0.33954706569323123 25
0.3420159401186972 25
0.34752395456997875 26
0.3571365154381484 27
0.384003879171988 28
0.3914822124939388 28
0.3940057231445879 28
0.39987911735178217 29
0.4094916782199518 30
0.4191042390881214 31
0.43218620025542437 32
0.4397123402744104 32
0.4422904871502428 32
0.4485292611133497 33
0.4581418219815193 34
0.4677543828496889 35
0.47736694371785854 36
0.4904591491773833 37
0.4980330958934047 37
0.5006658789944203 37
0.5072700327134398 38
0.5168825935816095 39
0.526495154449779 40
0.5361077153179487 41
0.5457202761861183 42
0.5626199435880975 42
0.5651980904639299 42
0.5714368644270368 43
0.5810494252952063 44
0.590661986163376 45
0.6002745470315456 46
0.6305361862548916 46
0.6330596969055408 46
0.638933091112735 47
0.6485456519809046 48
0.6581582128490743 49
0.6880442280242858 49
0.6905131024497517 49
0.6960211169010333 50
0.7056336777692029 51
0.7329620346530258 51
0.7353762728533085 51
0.7405189075486774 52
0.7677892134432432 52
0.7701488154183428 52
0.7903710482642754 53
0.7977537681921556 53
0.8001680063924383 53
0.8053106410878073 54
0.8183721136706665 55
0.8258026402955819 55
0.8282715147210479 55
0.8337795291723294 56
0.8433920900404991 57
0.8564638069155802 58
0.863942140237531 58
0.8664656508881802 58
0.8723390450953744 59
0.8819516059635439 60
0.8915641668317136 61
0.907835517644086 61
0.9103043920695519 61
0.9158124065208335 62
0.925424967389003 63
0.9508888630884492 63
0.953303101288732 63
0.9584457359841009 64
0.9838447511661419 64
0.9862043531412414 64
