0.01669478155754219 1
0.018142641524897044 1
0.021547161306625325 2
0.027458117918633 3
0.03128265368145715 4
0.037193610293464824 5
0.055254297480587064 6
0.05670215744794192 6
0.060106677229670204 7
0.06601763384167787 8
0.06971923809783982 9
0.0756301947098475 10
0.07945473047267164 11
0.08536568708467931 12
0.10390444124215457 13
0.10535230120950943 13
0.10875682099123772 14
0.1146677776032454 15
0.11836938185940733 16
0.12428033847141501 17
0.12798194272757696 18
0.13389289933958462 19
0.13771743510240878 20
0.14362839171441646 21
0.16264521284224473 22
0.1640930728095996 22
0.16749759259132788 23
0.17340854920333554 24
0.1771101534594975 25
0.18302111007150515 26
0.1867227143276671 27
0.1926336709396748 28
0.1963352751958367 29
0.2022462318078444 30
0.20607076757066856 31
0.21198172418267622 32
0.21479890454368508 33
0.22655252248622143 34
0.2280003824535763 34
0.23140490223530455 35
0.23731585884731224 36
0.2410174631034742 37
0.24692841971548185 38
0.2506300239716438 39
0.2565409805836515 40
0.26024258483981344 41
0.2661535414518211 42
0.26943512972688716 43
0.2800072392998368 44
0.29124522786720664 45
0.2926930878345615 45
0.2960976076162898 46
0.30200856422829747 47
0.3057101684844594 48
0.3116211250964671 49
0.315322729352629 50
0.3212336859646367 51
0.3245152742397028 52
0.33506348046413476 53
0.34583364635337344 54
0.3472815063207283 54
0.3506860261024566 55
0.3565969827144643 56
0.3602985869706262 57
0.36620954358263386 58
0.36949113185769994 59
0.39818880913517685 60
0.3996366691025317 60
0.40304118888426 61
0.4089521454962677 62
0.4126537497524296 63
0.41856470636443727 64
0.4223892421272614 65
0.4283001987392691 66
0.44683895289674436 67
0.4482868128640992 67
0.4516913326458275 68
0.4576022892578352 69
0.46130389351399714 70
0.4672148501260048 71
0.4709164543821667 72
0.4768274109941744 73
0.48065194675699857 74
0.48656290336900626 75
0.5055797244968345 76
0.5070275844641894 76
0.5104321042459177 77
0.5163430608579254 78
0.5200446651140873 79
0.5259556217260949 80
0.5296572259822568 81
0.5355681825942645 82
0.5392697868504265 83
0.5451807434624342 84
0.5490052792252583 85
0.554916235837266 86
0.5577334161982749 87
0.5697465562104315 88
0.5711944161777863 88
0.5745989359595146 89
0.5805098925715222 90
0.5842114968276841 91
0.5901224534396918 92
0.5938240576958538 93
0.5997350143078615 94
0.6034366185640234 95
0.6093475751760311 96
0.6126291634510972 97
0.6256974655621043 98
0.6372427828961297 99
0.6386906428634845 99
0.6420951626452128 100
0.6480061192572205 101
0.6517077235133825 102
0.6576186801253902 103
0.6613202843815521 104
0.6672312409935598 105
0.6705128292686259 106
0.6835606427951892 107
0.694330808684428 108
0.6957786686517828 108
0.6991831884335111 109
0.7050941450455188 110
0.7087957493016808 111
0.7147067059136885 112
0.7179882941887545 113
0.7285262561209646 114
0.7388285993320721 115
0.740276459299427 115
0.7436809790811553 116
0.749591935693163 117
0.752873523968229 118
0.7634012416082173 119
0.7728942857337987 119
0.775878789534431 120
0.8036203328712019 121
0.8050681928385568 121
0.8085956441269473 122
0.814506600738955 123
0.8320892209557241 124
0.833537080923079 124
0.8369416007048073 125
0.842852557316815 126
0.8466770930796391 127
0.8525880496916468 128
0.8706487368787691 129
0.872096596846124 129
0.8755011166278521 130
0.8814120732398598 131
0.8851136774960218 132
0.8910246341080295 133
0.8948491698708536 134
0.9007601264828613 135
0.9035568182594265 136
0.9141220983042282 137
0.915569958271583 137
0.9189744780533113 138
0.924885434665319 139
0.9285870389214809 140
0.9344979955334886 141
0.9377795838085546 142
0.946657970400825 143
0.9567554277674956 144
0.9582032877348504 144
0.9616078075165787 145
0.9675187641285864 146
0.9708003524036525 147
0.979661665175553 148
0.9889498234566974 148
0.9919343272573298 149
