0.000443919329613517 1
0.0006556347021984252 2
0.0018986088251162728 2
0.0021103241977011807 2
0.03853561257452723 2
0.03874732794711214 2
0.03999030207002998 2
0.04020201744261489 2
0.08671793365796357 2
0.08692964903054848 2
0.08817262315346633 2
0.08838433852605124 2
0.14499088257992254 2
0.14520259795250745 2
0.1464455720754253 2
0.1466572874480102 2
0.21336811839669997 3
0.21360373711780253 4
0.21412961078519085 4
0.21434132615777576 4
0.2760085505692412 4
0.2762202659418261 4
0.27676321342958415 4
0.27697492880216906 4
0.2776578816169591 4
0.277869596989544 4
0.2785764531528517 5
0.27881207187395424 6
0.27933794554134256 6
0.27954966091392747 6
0.33106479173353914 6
0.33127650710612405 6
0.3318194545938821 6
0.33203116996646703 6
0.33271412278125706 6
0.33292583815384197 6
0.33363269431714965 7
0.3338683130382522 8
0.33439418670564053 8
0.33460590207822544 8
0.37603040505931445 8
0.37624212043189936 8
0.37678506791965743 8
0.37699678329224234 8
0.37767973610703237 8
0.3778914514796173 8
0.3785744042944073 8
0.3787861196669922 8
0.3793017490421587 8
0.3795134644147436 8
0.380169099116942 8
0.38038081448952693 8
0.38059252986211184 9
0.38080424523469675 10
0.381470124229117 10
0.38168183960170193 10
0.3829248137246198 10
0.3831365290972047 10
0.42965244531255337 10
0.4298641606851383 10
0.4311071348080561 10
0.43131885018064103 10
0.4879253942345123 10
0.4881371096070972 10
0.48938008373001507 10
0.4895917991026 10
0.5563026300512898 11
0.5565382487723923 12
0.5570641224397807 12
0.5572758378123656 12
0.6216987768315088 12
0.6219104922040937 12
0.6224534396918517 12
0.6226651550644366 12
0.6233481078792267 12
0.6235598232518116 12
0.6242666794151193 13
0.6245022981362218 14
0.62502817180361 14
0.6252398871761949 14
0.6795619540645936 14
0.6797736694371785 14
0.6803166169249366 14
0.6805283322975215 14
0.6812112851123115 14
0.6814230004848965 14
0.6821298566482041 15
0.6823654753693067 16
0.682891349036695 16
0.6831030644092799 16
0.724527567390369 16
0.724739282762954 16
0.7252822302507119 16
0.7254939456232968 16
0.7261768984380869 16
0.7263886138106718 16
0.7270954699739794 17
0.727331088695082 18
0.7278569623624703 18
0.7280686777350552 18
0.7594025528776217 18
0.7596142682502066 18
0.7601572157379647 18
0.7603689311105496 18
0.7610518839253396 18
0.7612635992979245 18
0.7619704554612322 19
0.7622060741823348 20
0.7627319478497231 20
0.762943663222308 20
0.7823975741516018 20
0.7826092895241867 20
0.7831522370119448 20
0.7833639523845297 20
0.7840469051993197 20
0.7842586205719047 20
0.7849415733866947 20
0.7851532887592796 20
0.7856689181344461 20
0.785880633507031 20
0.7865362682092294 20
0.7867479835818143 20
0.7869596989543992 20
0.7871714143269841 20
0.7878372933214044 20
0.7880490086939893 20
0.7892919828169072 20
0.7895036981894921 20
0.8158383587277955 20
0.8160500741003804 20
0.8172930482232983 20
0.8175047635958832 20
0.8539300519727092 20
0.8541417673452941 20
0.855384741468212 20
0.8555964568407969 20
0.9021260321124414 21
0.9023616508335439 22
0.9028875245009322 22
0.9030992398735171 22
0.9426592816702294 22
0.9428709970428143 22
0.9434139445305724 22
0.9436256599031573 22
0.9443086127179473 22
0.9445203280905322 22
0.9452271842538399 23
0.9454628029749425 24
0.9459886766423308 24
0.9462003920149157 24
0.9756629764449574 24
0.9758746918175423 24
0.9764176393053003 24
0.9766293546778853 24
0.9773123074926753 24
0.9775240228652602 24
0.9782308790285679 25
0.9784664977496704 26
0.9789923714170587 26
0.9792040867896437 26
0.9967867070064129 26
0.9969984223789978 26
0.9975413698667559 26
0.9977530852393408 26
0.9984360380541308 26
0.9986477534267157 26
0.9993546095900234 27
0.9995663249626083 27
0.9997780403351932 27
