0.01252193985917513 0
0.014990814284641074 0
0.05066143980112414 0
0.05318495045177329 0
0.09889156758159579 0
0.10146971445742814 0
0.15721232320059006 0
0.15984510630160562 0
0.22153964882566263 0
0.22411779570149498 0
0.28665237018774375 0
0.28917588083839285 0
0.34166080465500637 0
0.3441296790804723 0
0.3935959514557139 0
0.39611946210636306 0
0.44182607923618555 0
0.4444042261120179 0
0.5001468348551799 0
0.5027796179561954 0
0.5647336825498727 0
0.567311829425705 0
0.6326499252166667 0
0.6351734358673159 0
0.6901579669860609 0
0.6926268414115269 0
0.7350757736148009 0
0.7374900118150837 0
0.7699029524050184 0
0.7722625543801179 0
0.7998675071539307 0
0.8022817453542135 0
0.8279163792573571 0
0.830385253682823 0
0.8660558791993062 0
0.8685793898499553 0
0.9099492566058611 0
0.9124181310313271 0
0.9530026020502244 0
0.9554168402505071 0
0.985958490127917 0
0.9883180921030166 0
