0.011958503786973359 0
0.014427378212439303 0
0.019802216864836807 1
0.020290528127411677 1
0.020532976376662137 1
0.020775424625912597 1
0.029414777733006426 2
0.029906503759655246 2
0.030148952008905706 2
0.030510917000744417 2
0.05009800372892237 2
0.052621514379571514 2
0.05836173278788168 3
0.05885004405045655 3
0.05909249229970701 3
0.05933494054895747 3
0.0679742936560513 4
0.06846260491862617 4
0.06870505316787663 4
0.06894750141712709 4
0.07758685452422093 5
0.07807858055086975 5
0.0783210288001202 5
0.07868299379195891 5
0.09832813150939401 5
0.10090627838522637 5
0.1070118765494492 6
0.10750018781202407 6
0.10774263606127453 6
0.10798508431052499 6
0.11662443741761881 7
0.11711274868019368 7
0.11735519692944414 7
0.1175976451786946 7
0.12623699828578844 8
0.1267253095483633 8
0.12696775779761377 8
0.12721020604686423 8
0.13584955915395805 9
0.13634128518060687 9
0.13658373342985733 9
0.13694569842169604 9
0.1566488871283883 9
0.15928167022940384 9
0.16575264814953936 10
0.16624095941211423 10
0.16648340766136469 10
0.16672585591061514 10
0.17536520901770897 11
0.17585352028028384 11
0.1760959685295343 11
0.17633841677878476 11
0.18497776988587858 12
0.18546608114845345 12
0.1857085293977039 12
0.18595097764695437 12
0.1945903307540482 13
0.19507864201662306 13
0.19532109026587352 13
0.19556353851512398 13
0.20420289162221783 14
0.20469461764886665 14
0.2049370658981171 14
0.20529903088995582 14
0.21547844259440116 14
0.22097621275346085 14
0.2235543596292932 14
0.22965995779351606 15
0.23014826905609093 15
0.23039071730534139 15
0.23063316555459185 15
0.23927251866168567 16
0.23976082992426054 16
0.240003278173511 16
0.24024572642276146 16
0.24888507952985528 17
0.24937339079243015 17
0.2496158390416806 17
0.24985828729093107 17
0.2584976403980249 18
0.2589859516605998 18
0.25922839990985025 18
0.2594708481591007 18
0.2806697035301831 18
0.286088934115542 18
0.2886124447661911 18
0.29435266317450126 19
0.29484097443707613 19
0.2950834226863266 19
0.29532587093557705 19
0.3039652240426709 20
0.30445353530524577 20
0.30469598355449623 20
0.3049384318037467 20
0.3135777849108405 21
0.31406609617341535 21
0.3143085444226658 21
0.3145509926719163 21
0.3357259446944811 21
0.3410973685828046 21
0.34356624300827054 21
0.34894108166066806 22
0.34942939292324293 22
0.3496718411724934 22
0.34991428942174385 22
0.3585536425288377 23
0.35904195379141257 23
0.35928440204066303 23
0.3595268502899135 23
0.39303251538351214 23
0.3955560260341613 23
0.4012962444424715 24
0.40178455570504634 24
0.4020270039542968 24
0.40226945220354726 24
0.4109088053106411 25
0.411397116573216 25
0.41163956482246644 25
0.4118820130717169 25
0.4205213661788107 26
0.4210130922054595 26
0.42125554045471 26
0.4216175054465487 26
0.4412626431639838 26
0.44384079003981614 26
0.449946388204039 27
0.45043469946661385 27
0.4506771477158643 27
0.4509195959651148 27
0.4595589490722086 28
0.4600472603347835 28
0.46028970858403395 28
0.4605321568332844 28
0.4691715099403782 29
0.4696598212029531 29
0.46990226945220354 29
0.470144717701454 29
0.47878407080854785 30
0.47927579683519667 30
0.4795182450844471 30
0.47988021007628584 30
0.4995833987829781 30
0.5022161818839936 30
0.5086871598041292 31
0.509175471066704 31
0.5094179193159545 31
0.5096603675652049 31
0.5182997206722988 32
0.5187880319348737 32
0.5190304801841241 32
0.5192729284333746 32
0.5279122815404683 33
0.5284005928030432 33
0.5286430410522936 33
0.5288854893015441 33
0.537524842408638 34
0.5380131536712128 34
0.5382556019204633 34
0.5384980501697137 34
0.5471374032768076 35
0.5476291293034564 35
0.5478715775527069 35
0.5482335425445456 35
0.5583958804286212 35
0.5641702464776709 35
0.5667483933535032 35
0.5728539915177261 36
0.573342302780301 36
0.5735847510295514 36
0.5738271992788019 36
0.5824665523858956 37
0.5829548636484705 37
0.583197311897721 37
0.5834397601469714 37
0.5920791132540653 38
0.5925674245166401 38
0.5928098727658906 38
0.593052321015141 38
0.6016916741222349 39
0.6021799853848098 39
0.6024224336340602 39
0.6026648818833107 39
0.6263599297924506 39
0.632086489144465 39
0.6346099997951141 39
0.6403502182034243 40
0.6408385294659992 40
0.6410809777152496 40
0.6413234259645001 40
0.6499627790715939 41
0.6504510903341688 41
0.6506935385834193 41
0.6509359868326697 41
0.6595753399397636 42
0.6600636512023385 42
0.6603060994515889 42
0.6605485477008394 42
0.6842231070255356 42
0.6895945309138591 42
0.6920634053393251 42
0.6974382439917226 43
0.6979265552542975 43
0.6981690035035479 43
0.6984114517527984 43
0.7070508048598922 44
0.7075391161224671 44
0.7077815643717176 44
0.708024012620968 44
0.7291887203513109 44
0.7345123375425991 44
0.7369265757428819 44
0.7419360346393667 45
0.7424243459019416 45
0.7426667941511921 45
0.7429092424004425 45
0.7640637058385636 45
0.7693395163328166 45
0.7716991183079162 45
0.799304071081729 45
0.8017183092820117 45
0.8067277681784966 46
0.8072194942051454 46
0.8074619424543958 46
0.8078239074462346 46
0.8273529431851553 46
0.8298218176106212 46
0.8351966562630188 47
0.8356849675255936 47
0.8359274157748441 47
0.8361698640240945 47
0.8448092171311884 48
0.8453009431578372 48
0.8455433914070877 48
0.8459053563989264 48
0.8654924431271044 48
0.8680159537777535 48
0.8737561721860637 49
0.8742444834486386 49
0.874486931697889 49
0.8747293799471395 49
0.8833687330542332 50
0.8838570443168081 50
0.8840994925660586 50
0.884341940815309 50
0.8929812939224029 51
0.8934730199490517 51
0.8937154681983022 51
0.8940774331901409 51
0.9042192824897728 51
0.9093858205336594 51
0.9118546949591253 51
0.9172295336115228 52
0.9177178448740977 52
0.9179602931233481 52
0.9182027413725986 52
0.9268420944796923 53
0.9273304057422672 53
0.9275728539915177 53
0.9278153022407681 53
0.9473204346311713 53
0.9524391659780226 53
0.9548534041783053 53
0.9598628630747902 54
0.960351174337365 54
0.9605936225866155 54
0.960836070835866 54
0.9803241294058993 54
0.9853950540557153 54
0.9877546560308148 54
