0.0010654063910724408 1
0.0025200958865751965 1
0.039157099635986146 1
0.040611789131488905 1
0.0873394207194225 1
0.08879411021492525 1
0.14561236964138147 1
0.14706705913688423 1
0.21485354076886828 2
0.26712674921289686 2
0.2682194737165609 2
0.28006187552502 3
0.3222068937257125 3
0.32329961822937653 3
0.33511811668931796 4
0.36718275134370965 4
0.3682754758473737 4
0.38209161129057595 4
0.3835463007860787 4
0.4302739323740123 4
0.43172862186951505 4
0.48854688129597124 4
0.490001570791474 4
0.5577880524234581 5
0.6103207829371069 5
0.6114135074407709 5
0.6257521017872875 6
0.6682044487546356 6
0.6692971732582996 6
0.6836152790203724 7
0.7156799136747642 7
0.7167726381784283 7
0.7285808923461478 8
0.7505651434542387 8
0.7516578679579028 8
0.7634558778334005 9
0.7735704090204408 9
0.7746631335241049 9
0.7884587803828633 9
0.7899134698783661 9
0.8164598457892545 9
0.8179145352847572 9
0.8545515390341681 9
0.8560062285296709 9
0.9036114544846097 10
0.9354712032945643 10
0.9365639277982284 10
0.9467126066260082 11
0.9684919718896622 11
0.9695846963933262 11
0.9797163014007362 12
0.9896259467433395 12
0.9907186712470035 12
