0.023292105748413842 1
0.02395456997876017 2
0.02452825034318379 3
0.02527608367537887 4
0.02592830361350334 5
0.03302759812324566 6
0.03369006235359199 7
0.03426374271801561 8
0.03501157605021069 9
0.03566379598833517 10
0.06185162167145872 11
0.06251408590180504 12
0.06308776626622867 13
0.06383559959842375 14
0.06448781953654822 15
0.07146418253962834 16
0.07212664676997466 17
0.07270032713439828 18
0.07344816046659336 19
0.07410038040471784 20
0.08119967491446016 21
0.08186213914480649 22
0.08243581950923011 23
0.08318365284142519 24
0.08383587277954967 25
0.11050176543302623 26
0.11116422966337255 27
0.11173791002779618 28
0.11248574335999126 29
0.11313796329811573 30
0.12011432630119585 31
0.12077679053154218 32
0.1213504708959658 33
0.12209830422816087 34
0.12275052416628535 35
0.12972688716936548 36
0.1303893513997118 37
0.13096303176413543 38
0.13171086509633048 39
0.13236308503445496 40
0.1394623795441973 41
0.14012484377454362 42
0.14069852413896725 43
0.14144635747116233 44
0.1420985774092868 45
0.16924253703311637 46
0.1699050012634627 47
0.17047868162788632 48
0.1712265149600814 49
0.17187873489820588 50
0.178855097901286 51
0.17951756213163234 52
0.18009124249605596 53
0.18083907582825104 54
0.1814912957663755 55
0.18846765876945562 56
0.18913012299980195 57
0.18970380336422557 58
0.19045163669642065 59
0.19110385663454513 60
0.19808021963762523 61
0.19874268386797156 62
0.19931636423239518 63
0.20006419756459026 64
0.20071641750271474 65
0.20781571201245705 66
0.20847817624280338 67
0.209051856607227 68
0.20979968993942208 69
0.21045190987754656 70
0.23314984667709307 71
0.2338123109074394 72
0.23438599127186302 73
0.2351338246040581 74
0.23578604454218258 75
0.2427624075452627 76
0.24342487177560904 77
0.24399855214003263 78
0.2447463854722277 79
0.2453986054103522 80
0.2523749684134323 81
0.25303743264377865 82
0.25361111300820227 83
0.25435894634039735 84
0.25501116627852183 85
0.26198752928160196 86
0.26264999351194823 87
0.26322367387637186 88
0.26397150720856694 89
0.2646237271466914 90
0.26792921877027515 90
0.2978425520580783 91
0.29850501628842463 92
0.29907869665284825 93
0.29982652998504333 94
0.3004787499231678 95
0.30745511292624794 96
0.30811757715659427 97
0.3086912575210179 98
0.309439090853213 99
0.31009131079133745 100
0.3170676737944175 101
0.31773013802476385 102
0.3183038183891875 103
0.31905165172138256 104
0.31970387165950703 105
0.32300936328309077 105
0.3524309705442451 106
0.35309343477459143 107
0.35366711513901505 108
0.35441494847121013 109
0.3550671684093346 110
0.36204353141241474 111
0.362705995642761 112
0.36327967600718464 113
0.3640275093393797 114
0.3646797292775042 115
0.36798522090108793 115
0.4047861333260485 116
0.40544859755639484 117
0.40602227792081846 118
0.40677011125301354 119
0.407422331191138 120
0.4143986941942181 121
0.4150611584245644 122
0.41563483878898805 123
0.41638267212118313 124
0.4170348920593076 125
0.42413418656904994 126
0.42479665079939627 127
0.4253703311638199 128
0.426118164496015 129
0.42677038443413945 130
0.453436277087616 131
0.45409874131796235 132
0.454672421682386 133
0.45542025501458105 134
0.45607247495270553 135
0.4630488379557856 136
0.46371130218613194 137
0.46428498255055556 138
0.46503281588275064 139
0.4656850358208751 140
0.47266139882395525 141
0.4733238630543016 142
0.4738975434187252 143
0.4746453767509203 144
0.47529759668904475 145
0.4823968911987871 146
0.4830593554291334 147
0.48363303579355704 148
0.4843808691257521 149
0.4850330890638766 150
0.5121770486877062 151
0.5128395129180525 152
0.5134131932824761 153
0.5141610266146712 154
0.5148132465527957 155
0.5217896095558758 156
0.5224520737862222 157
0.5230257541506458 158
0.5237735874828409 159
0.5244258074209653 160
0.5314021704240454 161
0.5320646346543917 162
0.5326383150188153 163
0.5333861483510104 164
0.5340383682891349 165
0.541014731292215 166
0.5416771955225613 167
0.542250875886985 168
0.54299870921918 169
0.5436509291573045 170
0.5507502236670468 171
0.5514126878973932 172
0.5519863682618168 173
0.5527342015940119 174
0.5533864215321364 175
0.576343880401303 176
0.5770063446316493 177
0.577580024996073 178
0.578327858328268 179
0.5789800782663925 180
0.5859564412694727 181
0.586618905499819 182
0.5871925858642426 183
0.5879404191964377 184
0.5885926391345622 185
0.5955690021376423 186
0.5962314663679886 187
0.5968051467324123 188
0.5975529800646073 189
0.5982052000027318 190
0.6051815630058119 191
0.6058440272361583 192
0.6064177076005819 193
0.607165540932777 194
0.6078177608709014 195
0.6111232524944852 195
0.6438401070870013 196
0.6445025713173477 197
0.6450762516817713 198
0.6458240850139664 199
0.6464763049520909 200
0.653452667955171 201
0.6541151321855173 202
0.6546888125499409 203
0.655436645882136 204
0.6560888658202605 205
0.6630652288233406 206
0.663727693053687 207
0.6643013734181106 208
0.6650492067503057 209
0.6657014266884301 210
0.6690069183120139 210
0.7009281328752996 211
0.701590597105646 212
0.7021642774700696 213
0.7029121108022647 214
0.7035643307403892 215
0.7105406937434693 216
0.7112031579738156 217
0.7117768383382392 218
0.7125246716704343 219
0.7131768916085588 220
0.7164823832321425 220
0.7454259235229438 221
0.7460883877532901 222
0.7466620681177137 223
0.7474099014499088 224
0.7480621213880333 225
0.751367613011617 225
0.7743728785778191 225
0.8103405885687358 226
0.8110030527990821 227
0.8115767331635058 228
0.8123245664957008 229
0.8129767864338253 230
0.8386865451465958 231
0.8393490093769421 232
0.8399226897413657 233
0.8406705230735608 234
0.8413227430116853 235
0.8484220375214276 236
0.849084501751774 237
0.8496581821161976 238
0.8504060154483927 239
0.8510582353865171 240
0.8772460610696406 241
0.877908525299987 242
0.8784822056644106 243
0.8792300389966057 244
0.8798822589347302 245
0.8868586219378103 246
0.8875210861681566 247
0.8880947665325802 248
0.8888425998647753 249
0.8894948198028998 250
0.8965941143126421 251
0.8972565785429885 252
0.8978302589074121 253
0.8985780922396072 254
0.8992303121777316 255
0.9207194224950999 256
0.9213818867254462 257
0.9219555670898698 258
0.9227034004220649 259
0.9233556203601894 260
0.9303319833632694 261
0.9309944475936157 262
0.9315681279580393 263
0.9323159612902344 264
0.9329681812283589 265
0.9362736728519426 265
0.9633527519583672 266
0.9640152161887136 267
0.9645888965531372 268
0.9653367298853323 269
0.9659889498234567 270
0.9692944414470405 270
0.9904284163007178 270
