0.005074339413889894 1
0.01251511033102723 1
0.014983984756493174 1
0.021239832539969812 2
0.030975324914801636 3
0.0431660326588036 4
0.05065461027297624 4
0.05317812092362539 4
0.05979934846301469 5
0.06941190933118431 6
0.07914740170601613 7
0.09134835374223994 8
0.09888473805344788 8
0.10146288492928024 8
0.10844949222458221 9
0.11806205309275182 10
0.12767461396092145 11
0.13741010633575326 12
0.14962130266419893 13
0.15720549367244216 13
0.15983827677345772 13
0.16719026382467236 14
0.17680282469284198 15
0.1864153855610116 16
0.1960279464291812 17
0.20576343880401304 18
0.22153281929751473 18
0.22411096617334708 18
0.23109757346864906 19
0.24071013433681868 20
0.2503226952049883 21
0.2599352560731579 22
0.28664554065959585 22
0.28916905131024495 22
0.29579027884963427 23
0.3054028397178039 24
0.3150154005859735 25
0.34165397512685847 25
0.3441228495523244 25
0.35037869733580107 26
0.3599912582039707 27
0.3861005443133934 28
0.393589121927566 28
0.39611263257821516 28
0.4027338601176045 29
0.4123464209857741 30
0.4220819133606059 31
0.43428286539682975 32
0.44181924970803765 32
0.44439739658387 32
0.451384003879172 33
0.46099656474734163 34
0.4706091256155112 35
0.48034461799034306 36
0.4925558143187887 37
0.500140005327032 37
0.5027727884280475 37
0.5101247754792622 38
0.5197373363474318 39
0.5293498972156013 40
0.538962458083771 41
0.5486979504586028 42
0.5647268530217248 42
0.5673049998975571 42
0.5742916071928591 43
0.5839041680610286 44
0.5935167289291983 45
0.6031292897973679 46
0.6326430956885188 46
0.635166606339168 46
0.6417878338785573 47
0.651400394746727 48
0.6610129556148966 49
0.690151137457913 49
0.692620011883379 49
0.6988758596668556 50
0.7084884205350253 51
0.735068944086653 51
0.7374831822869358 51
0.7433736503144998 52
0.7698961228768705 52
0.77225572485197 52
0.7924677134056808 53
0.7998606776257828 53
0.8022749158260656 53
0.8082883153602918 54
0.8204687788120719 55
0.8279095497292092 55
0.8303784241546751 55
0.8366342719381518 56
0.8463697643129836 57
0.8585604720569856 58
0.8660490496711583 58
0.8685725603218074 58
0.8751937878611966 59
0.8848063487293663 60
0.8945418411041981 61
0.9099424270777132 61
0.9124113015031792 61
0.9186671492866558 62
0.9282797101548254 63
0.9529957725220765 63
0.9554100107223592 63
0.9613004787499232 64
0.9859516605997691 64
0.9883112625748687 64
