0.0004405045655395669 1
0.0018951940610423227 1
0.03853219781045328 1
0.03998688730595603 1
0.08671451889388962 1
0.08816920838939238 1
0.1449874678158486 1
0.14644215731135135 1
0.2141261960211169 2
0.2793345307772686 3
0.3343907719415666 4
0.3814667094650431 4
0.38292139896054583 4
0.4296490305484794 4
0.4311037200439822 4
0.48792197947043836 4
0.4893766689659411 4
0.5570607076757067 5
0.6250247570395361 6
0.6828879342726211 7
0.7278535475983964 8
0.7627285330856491 9
0.7878338785573304 9
0.7892885680528332 9
0.8158349439637216 9
0.8172896334592243 9
0.8539266372086353 9
0.855381326704138 9
0.9028841097368583 10
0.9459852618782568 11
0.9789889566529848 12
