0.016220129351263123 0
0.02686736373383963 0
0.03660285610867145 0
0.054779645274307995 0
0.06542687965688451 0
0.07503944052505412 0
0.08477493289988594 0
0.1034297890358755 0
0.11407702341845202 0
0.12368958428662163 0
0.13330214515479125 0
0.1430376375296231 0
0.16217056063596566 0
0.17281779501854216 0
0.18243035588671178 0
0.19204291675488142 0
0.20165547762305103 0
0.21139096999788284 0
0.22607787027994236 0
0.23672510466251886 0
0.24633766553068848 0
0.2559502263988581 0
0.2655627872670277 0
0.29077057566092757 0
0.3014178100435041 0
0.31103037091167374 0
0.3206429317798433 0
0.34535899414709437 0
0.3560062285296709 0
0.3656187893978405 0
0.3977141569288978 0
0.4083613913114743 0
0.4179739521796439 0
0.42770944455447574 0
0.4463643006904653 0
0.4570115350730418 0
0.4666240959412114 0
0.47623665680938104 0
0.4859721491842129 0
0.5051050722905555 0
0.515752306673132 0
0.5253648675413015 0
0.5349774284094712 0
0.5445899892776408 0
0.5543254816524726 0
0.5692719040041524 0
0.5799191383867288 0
0.5895316992548985 0
0.5991442601230681 0
0.6087568209912377 0
0.6367681306898506 0
0.6474153650724271 0
0.6570279259405968 0
0.6666404868087664 0
0.6938561564781489 0
0.7045033908607254 0
0.7141159517288951 0
0.738353947125793 0
0.7490011815083696 0
0.8031456806649229 0
0.8139158465541616 0
0.8316145687494451 0
0.8422618031320216 0
0.8519972955068534 0
0.87017408467249 0
0.8808213190550664 0
0.8904338799232361 0
0.9001693722980679 0
0.9136474460979491 0
0.9242946804805257 0
0.9339072413486952 0
0.9562807755612165 0
0.966928009943793 0
