0.00025610730554625984 1
0.0004780669703530183 1
0.0007205152196034776 2
0.0017107968010490154 2
0.001932756465855774 2
0.0021752047151062334 2
0.01720016664048681 2
0.017408467248997767 2
0.017609938329360825 2
0.03834780055045997 2
0.03856976021526673 2
0.03881220846451719 2
0.03980249004596272 2
0.04002444971076948 2
0.04026689796001994 2
0.055759682563531685 2
0.05596798317204264 2
0.0561694542524057 2
0.08653012163389631 2
0.08675208129870307 2
0.08699452954795353 2
0.08798481112939907 2
0.08820677079420583 2
0.08844921904345629 2
0.1044098263250992 2
0.10461812693361015 2
0.10481959801397321 2
0.14480307055585528 2
0.14502503022066204 2
0.1452674784699125 2
0.14625776005135804 2
0.1464797197161648 2
0.14672216796541526 2
0.16315059792518935 2
0.1633588985337003 2
0.16356036961406337 2
0.21316664731633692 3
0.21340226603743948 3
0.21366861763520759 3
0.2139417987611236 3
0.21416375842593036 3
0.21440620667518082 3
0.22705790756916605 3
0.227266208177677 3
0.22746767925804007 3
0.2698346571235393 3
0.27021028117167384 3
0.2706234676246218 3
0.27583098283739577 3
0.2760426982099807 3
0.2762544135825656 3
0.27658564569773875 3
0.27679736107032366 3
0.27700907644290856 3
0.2774803138851137 4
0.2776920292576986 4
0.2779037446302835 4
0.2783749820724886 5
0.2786106007935912 5
0.2788769523913593 5
0.2791501335172753 5
0.27937209318208206 5
0.2796145414313325 5
0.29175061295015126 5
0.2919589135586622 5
0.2921603846390253 5
0.32491480163635494 5
0.32529042568448946 5
0.3257036121374374 5
0.33088722400169374 5
0.33109893937427864 5
0.33131065474686355 5
0.3316418868620367 5
0.3318536022346216 5
0.33206531760720653 5
0.33253655504941165 5
0.33274827042199656 5
0.33295998579458147 5
0.3334312232367866 6
0.33366684195788915 6
0.33393319355565726 6
0.33420637468157327 6
0.33442833434638003 6
0.3346707825956305 6
0.34633903143631806 6
0.346547332044829 6
0.3467488031251921 6
0.3698906592543521 6
0.3702662833024866 6
0.3706794697554346 6
0.37585283732746905 6
0.37606455270005396 6
0.37627626807263886 6
0.376607500187812 6
0.37681921556039694 6
0.37703093093298184 6
0.37750216837518696 6
0.3777138837477719 6
0.3779255991203568 6
0.3783968365625619 6
0.3786085519351468 6
0.37885100018439727 6
0.3791241813103133 6
0.3793358966828982 6
0.37957834493214865 6
0.3799915313850966 6
0.3802032467576815 6
0.38041496213026643 6
0.38062667750285134 6
0.3808691257521018 6
0.38128231220504977 6
0.3815042718698565 6
0.381746720119107 6
0.3827370017005525 6
0.3829589613653593 6
0.38320140961460974 6
0.39869419421812147 6
0.3989024948266324 6
0.3991039659069955 6
0.4294646332884861 6
0.42968659295329287 6
0.4299290412025433 6
0.43091932278398887 6
0.4311412824487956 6
0.4313837306980461 6
0.447344337979689 6
0.44755263858819994 6
0.447754109668563 6
0.48773758221044505 6
0.4879595418752518 6
0.48820199012450227 6
0.4891922717059478 6
0.48941423137075457 6
0.48965667962000503 6
0.5060851095797791 6
0.5062934101882901 6
0.5064948812686532 6
0.5561011589709267 7
0.5563367776920293 7
0.5566031292897974 7
0.5568763104157134 7
0.5570982700805202 7
0.5573407183297706 7
0.5702519412933761 7
0.570460241901887 7
0.5706617129822501 7
0.6130286908477494 7
0.6134043148958839 7
0.6138175013488318 7
0.6215212090996634 7
0.6217329244722483 7
0.6219446398448332 7
0.6222758719600063 7
0.6224875873325912 7
0.6226993027051761 7
0.6231705401473813 7
0.6233822555199662 7
0.6235939708925511 7
0.6240652083347562 8
0.6243008270558588 8
0.6245671786536269 8
0.6248403597795429 8
0.6250623194443495 8
0.6253047676936 8
0.6377481679790743 8
0.6379564685875853 8
0.6381579396679483 8
0.670912356665278 8
0.6712879807134126 8
0.6717011671663605 8
0.6793843863327482 8
0.6795961017053331 8
0.679807817077918 8
0.6801390491930912 8
0.6803507645656761 8
0.680562479938261 8
0.6810337173804661 8
0.681245432753051 8
0.681457148125636 8
0.6819283855678411 9
0.6821640042889436 9
0.6824303558867117 9
0.6827035370126278 9
0.6829254966774345 9
0.683167944926685 9
0.6948361937673726 9
0.6950444943758836 9
0.6952459654562466 9
0.7183878215854067 9
0.7187634456335412 9
0.7191766320864892 9
0.7243499996585236 9
0.7245617150311086 9
0.7247734304036935 9
0.7251046625188665 9
0.7253163778914514 9
0.7255280932640363 9
0.7259993307062415 9
0.7262110460788264 9
0.7264227614514113 9
0.7268939988936164 10
0.727129617614719 10
0.7273959692124871 10
0.7276691503384031 10
0.7278911100032098 10
0.7281335582524603 10
0.7393339844150167 10
0.7395422850235277 10
0.7397437561038908 10
0.7532730513648812 10
0.7536486754130157 10
0.7540618618659637 10
0.7592249851457763 10
0.7594367005183612 10
0.7596484158909461 10
0.7599796480061193 10
0.7601913633787042 10
0.7604030787512891 10
0.7608743161934942 10
0.7610860315660791 10
0.761297746938664 10
0.7617689843808692 11
0.7620046031019717 11
0.7622709546997398 11
0.7625441358256558 11
0.7627660954904626 11
0.763008543739713 11
0.7762783169310832 11
0.7766539409792177 11
0.7770671274321657 11
0.7822200064197564 11
0.7824317217923413 11
0.7826434371649262 11
0.7829746692800994 11
0.7831863846526843 11
0.7833981000252692 11
0.7838693374674743 11
0.7840810528400592 11
0.7842927682126442 11
0.7847640056548493 11
0.7849757210274342 11
0.7852181692766846 11
0.7854913504026007 11
0.7857030657751856 11
0.785945514024436 11
0.786358700477384 11
0.7865704158499689 11
0.7867821312225538 11
0.7869938465951387 11
0.7872362948443892 11
0.7876494812973371 11
0.7878714409621439 11
0.7881138892113944 11
0.7891041707928399 11
0.7893261304576467 11
0.7895685787068971 11
0.8041257179541466 11
0.8043340185626575 11
0.8045354896430206 11
0.8156505467037283 11
0.815872506368535 11
0.8161149546177855 11
0.817105236199231 11
0.8173271958640378 11
0.8175696441132883 11
0.8325946060386687 11
0.8328029066471797 11
0.8330043777275428 11
0.853742239948642 11
0.8539641996134487 11
0.8542066478626992 11
0.8551969294441447 11
0.8554188891089515 11
0.8556613373582019 11
0.8711541219617137 11
0.8713624225702247 11
0.8715638936505877 11
0.9019245610320783 12
0.9021601797531809 12
0.902426531350949 12
0.902699712476865 12
0.9029216721416717 12
0.9031641203909222 12
0.9146274833871728 12
0.9148357839956838 12
0.9150372550760468 12
0.9381791112052068 12
0.9385547352533413 12
0.9389679217062893 12
0.942481713938384 12
0.9426934293109689 12
0.9429051446835538 12
0.943236376798727 12
0.9434480921713119 12
0.9436598075438968 12
0.9441310449861019 12
0.9443427603586868 12
0.9445544757312717 12
0.9450257131734768 13
0.9452613318945794 13
0.9455276834923475 13
0.9458008646182635 13
0.9460228242830703 13
0.9462652725323207 13
0.9572608128504402 13
0.9574691134589511 13
0.9576705845393142 13
0.9711998798003046 13
0.9715755038484392 13
0.9719886903013871 13
0.975485408713112 13
0.9756971240856969 13
0.9759088394582818 13
0.9762400715734549 13
0.9764517869460398 13
0.9766635023186248 13
0.9771347397608299 13
0.9773464551334148 13
0.9775581705059997 13
0.9780294079482048 14
0.9782650266693074 14
0.9785313782670755 14
0.9788045593929915 14
0.9790265190577983 14
0.9792689673070487 14
0.9923338546539819 14
0.9927094787021165 14
0.9931226651550644 14
0.9966091392745675 14
0.9968208546471524 14
0.9970325700197373 14
0.9973638021349105 14
0.9975755175074954 14
0.9977872328800803 14
0.9982584703222854 14
0.9984701856948703 14
0.9986819010674552 14
0.9991531385096604 14
0.9993887572307629 14
0.9996004726033478 14
0.9998429208525983 14
