0.004654323432794028 0
0.005422645349432808 0
0.00574363317238412 0
0.006197796794219487 0
0.006498296032727099 0
0.006819283855678412 0
0.0076968782226835945 1
0.042746016677707735 1
0.043514338594346516 1
0.04383532641729783 1
0.0442894900391332 1
0.04458998927764081 1
0.04491097710059212 1
0.0457885714675973 2
0.09092833776114408 2
0.09169665967778286 2
0.09201764750073417 2
0.09247181112256954 2
0.09277231036107715 2
0.09309329818402846 2
0.09397089255103365 3
0.14920128668310306 3
0.14996960859974184 3
0.15029059642269316 3
0.15074476004452853 3
0.15104525928303614 3
0.15136624710598745 3
0.15224384147299264 4
0.38568052833229755 4
0.3864488502489363 4
0.38676983807188764 4
0.387224001693723 4
0.38752450093223056 4
0.3878454887551819 4
0.38872308312218706 5
0.4338628494157339 5
0.43463117133237267 5
0.434952159155324 5
0.43540632277715935 5
0.43570682201566696 5
0.4360278098386183 5
0.43690540420562346 6
0.49213579833769283 6
0.4929041202543316 6
0.4932251080772829 6
0.4936792716991183 6
0.4939797709376259 6
0.4943007587605772 6
0.4951783531275824 7
0.7920476974245849 7
0.7928160193412237 7
0.793137007164175 7
0.7935911707860104 7
0.793891670024518 7
0.7942126578474693 7
0.7950902522144745 8
0.820048762830976 8
0.8208170847476148 8
0.8211380725705661 8
0.8215922361924015 8
0.8218927354309091 8
0.8222137232538604 8
0.8230913176208656 9
0.8581404560758897 9
0.8589087779925285 9
0.8592297658154798 9
0.8596839294373152 9
0.8599844286758228 9
0.8603054164987741 9
0.8611830108657793 10
