0.01197899237141706 0
0.014447866796883004 0
0.019822705449280508 0
0.020311016711855378 0
0.020553464961105838 0
0.020795913210356298 0
0.029435266317450127 0
0.029926992344098947 0
0.030169440593349407 0
0.030531405585188118 0
0.05011849231336607 0
0.052642002964015215 0
0.058382221372325384 0
0.058870532634900254 0
0.05911298088415071 0
0.05935542913340117 0
0.067994782240495 0
0.06848309350306987 0
0.06872554175232033 0
0.06896799000157079 0
0.07760734310866463 0
0.07809906913531345 0
0.0783415173845639 0
0.07870348237640261 0
0.09834862009383771 0
0.10092676696967007 0
0.1070323651338929 0
0.10752067639646777 0
0.10776312464571823 0
0.10800557289496869 0
0.11664492600206251 0
0.11713323726463738 0
0.11737568551388784 0
0.1176181337631383 0
0.12625748687023214 0
0.126745798132807 0
0.12698824638205747 0
0.12723069463130793 0
0.13587004773840175 0
0.13636177376505057 0
0.13660422201430103 0
0.13696618700613974 0
0.156669375712832 0
0.15930215881384754 0
0.16577313673398306 0
0.16626144799655793 0
0.16650389624580839 0
0.16674634449505885 0
0.17538569760215267 0
0.17587400886472754 0
0.176116457113978 0
0.17635890536322846 0
0.18499825847032228 0
0.18548656973289715 0
0.1857290179821476 0
0.18597146623139807 0
0.1946108193384919 0
0.19509913060106676 0
0.19534157885031722 0
0.19558402709956768 0
0.20422338020666153 0
0.20471510623331035 0
0.2049575544825608 0
0.20531951947439953 0
0.21549893117884486 0
0.22099670133790456 0
0.2235748482137369 0
0.22968044637795976 0
0.23016875764053463 0
0.2304112058897851 0
0.23065365413903555 0
0.23929300724612937 0
0.23978131850870424 0
0.2400237667579547 0
0.24026621500720516 0
0.24890556811429898 0
0.24939387937687385 0
0.2496363276261243 0
0.24987877587537477 0
0.2585181289824686 0
0.2590064402450435 0
0.25924888849429395 0
0.2594913367435444 0
0.2806901921146268 0
0.2861094226999857 0
0.2886329333506348 0
0.29437315175894496 0
0.29486146302151983 0
0.2951039112707703 0
0.29534635952002075 0
0.3039857126271146 0
0.30447402388968947 0
0.30471647213893993 0
0.3049589203881904 0
0.3135982734952842 0
0.31408658475785906 0
0.3143290330071095 0
0.31457148125636 0
0.3357464332789248 0
0.3411178571672483 0
0.34358673159271425 0
0.34896157024511176 0
0.34944988150768663 0
0.3496923297569371 0
0.34993477800618755 0
0.3585741311132814 0
0.35906244237585627 0
0.35930489062510673 0
0.3595473388743572 0
0.39305300396795584 0
0.395576514618605 0
0.4013167330269152 0
0.40180504428949004 0
0.4020474925387405 0
0.40228994078799096 0
0.4109292938950848 0
0.4114176051576597 0
0.41166005340691014 0
0.4119025016561606 0
0.4205418547632544 0
0.4210335807899032 0
0.4212760290391537 0
0.4216379940309924 0
0.4412831317484275 0
0.44386127862425984 0
0.4499668767884827 0
0.45045518805105755 0
0.450697636300308 0
0.4509400845495585 0
0.4595794376566523 0
0.4600677489192272 0
0.46031019716847765 0
0.4605526454177281 0
0.4691919985248219 0
0.4696803097873968 0
0.46992275803664724 0
0.4701652062858977 0
0.47880455939299155 0
0.47929628541964037 0
0.4795387336688908 0
0.47990069866072954 0
0.4996038873674218 0
0.5022366704684373 0
0.5087076483885729 0
0.5091959596511477 0
0.5094384079003982 0
0.5096808561496486 0
0.5183202092567425 0
0.5188085205193174 0
0.5190509687685678 0
0.5192934170178183 0
0.527932770124912 0
0.5284210813874869 0
0.5286635296367374 0
0.5289059778859878 0
0.5375453309930817 0
0.5380336422556565 0
0.538276090504907 0
0.5385185387541574 0
0.5471578918612513 0
0.5476496178879001 0
0.5478920661371506 0
0.5482540311289893 0
0.5584163690130649 0
0.5641907350621146 0
0.5667688819379469 0
0.5728744801021698 0
0.5733627913647447 0
0.5736052396139951 0
0.5738476878632456 0
0.5824870409703393 0
0.5829753522329142 0
0.5832178004821646 0
0.5834602487314151 0
0.592099601838509 0
0.5925879131010838 0
0.5928303613503343 0
0.5930728095995847 0
0.6017121627066786 0
0.6022004739692535 0
0.6024429222185039 0
0.6026853704677544 0
0.6263804183768943 0
0.6321069777289087 0
0.6346304883795578 0
0.640370706787868 0
0.6408590180504429 0
0.6411014662996933 0
0.6413439145489438 0
0.6499832676560376 0
0.6504715789186125 0
0.650714027167863 0
0.6509564754171134 0
0.6595958285242073 0
0.6600841397867822 0
0.6603265880360326 0
0.6605690362852831 0
0.6842435956099793 0
0.6896150194983028 0
0.6920838939237688 0
0.6974587325761663 0
0.6979470438387412 0
0.6981894920879916 0
0.6984319403372421 0
0.707071293444336 0
0.7075596047069108 0
0.7078020529561613 0
0.7080445012054117 0
0.7292092089357546 0
0.7345328261270428 0
0.7369470643273256 0
0.7419565232238104 0
0.7424448344863853 0
0.7426872827356358 0
0.7429297309848862 0
0.7640841944230073 0
0.7693600049172603 0
0.7717196068923599 0
0.7993245596661727 0
0.8017387978664554 0
0.8067482567629403 0
0.8072399827895891 0
0.8074824310388395 0
0.8078443960306783 0
0.827373431769599 0
0.8298423061950649 0
0.8352171448474625 0
0.8357054561100373 0
0.8359479043592878 0
0.8361903526085382 0
0.8448297057156321 0
0.8453214317422809 0
0.8455638799915314 0
0.8459258449833701 0
0.8655129317115481 0
0.8680364423621972 0
0.8737766607705074 0
0.8742649720330823 0
0.8745074202823327 0
0.8747498685315832 0
0.883389221638677 0
0.8838775329012518 0
0.8841199811505023 0
0.8843624293997527 0
0.8930017825068466 0
0.8934935085334954 0
0.8937359567827459 0
0.8940979217745846 0
0.9042397710742165 0
0.909406309118103 0
0.911875183543569 0
0.9172500221959665 0
0.9177383334585414 0
0.9179807817077918 0
0.9182232299570423 0
0.926862583064136 0
0.9273508943267109 0
0.9275933425759614 0
0.9278357908252118 0
0.947340923215615 0
0.9524596545624663 0
0.954873892762749 0
0.9598833516592339 0
0.9603716629218088 0
0.9606141111710592 0
0.9608565594203097 0
0.980344617990343 0
0.985415542640159 0
0.9877751446152585 0
