0.0031654862965517713 1
0.004941163615005839 2
0.007591020536391141 3
0.00783005402156765 4
0.008219337125997964 5
0.008557398769319028 6
0.008895460412640091 7
0.010596012921467255 7
0.011278965736257283 7
0.011436044883658987 7
0.011593124031060694 7
0.011897038033642256 7
0.012392178824365024 7
0.0130648873469332 7
0.013747840161723226 7
0.013904919309124932 7
0.014061998456526639 7
0.014365912459108201 7
0.01486105324983097 7
0.01856948703414081 8
0.019740751111505705 9
0.021116901033307607 10
0.023107708488420534 11
0.02377358748284081 12
0.02508485688723766 13
0.025747321117583988 14
0.027625441358256557 15
0.02818204790231043 16
0.029353311979675323 17
0.030439206955191467 18
0.03085239340813943 19
0.032843200863252354 20
0.03350907985767263 21
0.034820349262069485 22
0.03548281349241581 23
0.03736093373308838 24
0.04125717954146548 25
0.04303285685991955 26
0.04568271378130485 27
0.04592174726648136 28
0.04631103037091167 29
0.046649092014232736 30
0.0469871536575538 31
0.048735512863416264 31
0.04941846567820629 31
0.049575544825608 31
0.049732623973009704 31
0.050036537975591266 31
0.05053167876631404 31
0.051259023514065416 31
0.05194197632885544 31
0.05209905547625714 31
0.05225613462365885 31
0.05256004862624041 31
0.05305518941696318 31
0.05712900295718569 32
0.05830026703455058 33
0.059676416956352486 34
0.06166722441146541 35
0.06233310340588569 36
0.06364437281028254 37
0.06430683704062887 38
0.06618495728130143 39
0.0667415638253553 40
0.0679128279027202 41
0.0692889778245221 42
0.07127978527963504 43
0.0719456642740553 44
0.07325693367845215 45
0.07391939790879848 46
0.07579751814947105 47
0.07635412469352493 48
0.07752538877088982 49
0.07861128374640595 50
0.07902447019935392 51
0.08101527765446685 52
0.08168115664888713 53
0.08299242605328398 54
0.08365489028363031 55
0.08553301052430287 56
0.08943950062490183 57
0.09121517794335589 58
0.0938650348647412 59
0.0941040683499177 60
0.09449335145434802 61
0.09483141309766908 62
0.09516947474099015 63
0.09696564064388791 63
0.09764859345867793 63
0.09780567260607964 63
0.09796275175348135 63
0.09826666575606291 63
0.09876180654678568 63
0.09954378751972026 63
0.10022674033451029 63
0.100383819481912 63
0.1005408986293137 63
0.10084481263189526 63
0.10133995342261803 63
0.1057791467187532 64
0.1069504107961181 65
0.10832656071792 66
0.11031736817303292 67
0.1109832471674532 68
0.11229451657185005 69
0.11295698080219638 70
0.11483510104286895 71
0.11539170758692283 72
0.11656297166428771 73
0.11793912158608962 74
0.11992992904120255 75
0.12059580803562282 76
0.12190707744001966 77
0.12256954167036599 78
0.12444766191103857 79
0.12500426845509244 80
0.12617553253245734 81
0.12755168245425924 82
0.12954248990937217 83
0.13020836890379245 84
0.13151963830818927 85
0.1321821025385356 86
0.13406022277920818 87
0.13461682932326205 88
0.13578809340062695 89
0.1368739883761431 90
0.13728717482909106 91
0.139277982284204 92
0.13994386127862427 93
0.14125513068302112 94
0.14191759491336745 95
0.14379571515404 96
0.1477124495468608 97
0.14948812686531487 98
0.15213798378670018 99
0.1523770172718767 100
0.152766300376307 101
0.15310436201962807 102
0.15344242366294913 103
0.1552863962628822 103
0.15596934907767224 103
0.15612642822507394 103
0.15628350737247562 103
0.15658742137505718 103
0.15708256216577995 103
0.15791917936389774 103
0.15860213217868777 103
0.15875921132608947 103
0.15891629047349118 103
0.15922020447607274 103
0.1597153452667955 103
0.16451991831884336 104
0.16569118239620825 105
0.16706733231801016 106
0.16905813977312306 107
0.16972401876754334 108
0.1710352881719402 109
0.17169775240228652 110
0.1735758726429591 111
0.17413247918701297 112
0.17530374326437786 113
0.17667989318617977 114
0.1786707006412927 115
0.17933657963571298 116
0.18064784904010983 117
0.18131031327045613 118
0.1831884335111287 119
0.18374504005518258 120
0.18491630413254748 121
0.18629245405434938 122
0.1882832615094623 123
0.1889491405038826 124
0.19026040990827944 125
0.19092287413862577 126
0.19280099437929835 127
0.19335760092335222 128
0.1945288650007171 129
0.195905014922519 130
0.19789582237763192 131
0.1985617013720522 132
0.19987297077644905 133
0.20053543500679538 134
0.20241355524746796 135
0.20297016179152183 136
0.20414142586888673 137
0.20522732084440287 138
0.20564050729735084 139
0.20763131475246374 140
0.20829719374688402 141
0.20960846315128087 142
0.2102709273816272 143
0.21214904762229977 144
0.21541697684107006 145
0.21660189997473075 146
0.21961372188795475 146
0.22029667470274478 146
0.22045375385014648 146
0.2206108329975482 146
0.22091474700012975 146
0.22140988779085252 146
0.2221918687637871 146
0.22287482157857713 146
0.22303190072597884 146
0.22318897987338054 146
0.2234928938759621 146
0.22398803466668488 146
0.22842722796282006 147
0.22959849204018495 148
0.23097464196198686 149
0.23296544941709976 150
0.23363132841152004 151
0.2349425978159169 152
0.23560506204626322 153
0.2374831822869358 154
0.23803978883098967 155
0.23921105290835457 156
0.24058720283015647 157
0.2425780102852694 158
0.24324388927968968 159
0.2445551586840865 160
0.24521762291443283 161
0.2470957431551054 162
0.24765234969915928 163
0.24882361377652418 164
0.2501997636983261 165
0.252190571153439 166
0.2528564501478593 167
0.25416771955225614 168
0.25483018378260247 169
0.25670830402327505 170
0.2572649105673289 171
0.2584361746446938 172
0.2598123245664957 173
0.26180313202160865 174
0.26246901101602893 175
0.26378028042042573 176
0.26444274465077205 177
0.26632086489144463 178
0.2677550658025037 178
0.280608237776852 179
0.28178291661829086 180
0.2847264432500359 180
0.2854093960648259 180
0.2855664752122276 180
0.2857235543596293 180
0.2860274683622109 180
0.28652260915293365 180
0.28724995390068503 180
0.287932906715475 180
0.2880899858628767 180
0.2882470650102784 180
0.28855097901286 180
0.28904611980358275 180
0.29311993334380526 181
0.29429119742117016 182
0.29566734734297206 183
0.297658154798085 184
0.29832403379250527 185
0.2996353031969021 186
0.30029776742724845 187
0.30217588766792103 188
0.3027324942119749 189
0.3039037582893398 190
0.3052799082111417 191
0.30727071566625463 192
0.3079365946606749 193
0.30924786406507176 194
0.3099103282954181 195
0.31178844853609067 196
0.31234505508014454 197
0.3135163191575094 198
0.3148924690793113 199
0.3168832765344242 200
0.3175491555288445 201
0.31886042493324135 202
0.3195228891635877 203
0.32140100940426025 204
0.3228352103153193 204
0.33566447894115 205
0.3368391577825888 206
0.3397348777172985 206
0.3404178305320885 206
0.3405749096794902 206
0.34073198882689193 206
0.3410359028294735 206
0.34153104362019626 206
0.34220375214276444 206
0.34288670495755447 206
0.3430437841049562 206
0.3432008632523579 206
0.34350477725493944 206
0.3439999180456622 206
0.34770835182997206 207
0.34887961590733696 208
0.35025576582913887 209
0.3522465732842518 210
0.3529124522786721 211
0.3542237216830689 212
0.35488618591341525 213
0.35676430615408783 214
0.3573209126981417 215
0.3584921767755066 216
0.3598683266973085 217
0.36185913415242144 218
0.36252501314684166 219
0.3638362825512385 220
0.36449874678158484 221
0.3663768670222574 222
0.36781106793331647 222
0.3841916911960553 223
0.38596736851450936 224
0.3886172254358946 225
0.3888562589210711 226
0.38924554202550143 227
0.3895836036688225 228
0.38992166531214356 229
0.39167002451800603 229
0.39235297733279606 229
0.39251005648019777 229
0.3926671356275995 229
0.39297104963018104 229
0.3934661904209038 229
0.3941935351686552 229
0.3948764879834452 229
0.3950335671308469 229
0.3951906462782486 229
0.3954945602808302 229
0.39598970107155296 229
0.4000635146117755 230
0.40123477868914037 231
0.4026109286109423 232
0.4046017360660552 233
0.4052676150604755 234
0.40657888446487234 235
0.40724134869521866 236
0.40911946893589124 237
0.4096760754799451 238
0.41084733955731 239
0.4122234894791119 240
0.4142142969342248 241
0.41488017592864507 242
0.4161914453330419 243
0.41685390956338825 244
0.4187320298040608 245
0.4192886363481147 246
0.4204599004254796 247
0.42154579540099574 248
0.4219589818539437 249
0.42394978930905663 250
0.4246156683034769 251
0.42592693770787377 252
0.4265894019382201 253
0.42846752217889267 254
0.4323740122794916 255
0.4341496895979457 256
0.436799546519331 257
0.4370385800045075 258
0.43742786310893783 259
0.43776592475225884 260
0.4381039863955799 261
0.4399001522984777 261
0.4405831051132677 261
0.4407401842606694 261
0.4408972634080711 261
0.4412011774106527 261
0.44169631820137545 261
0.44247829917431003 261
0.44316125198910006 261
0.44331833113650176 261
0.44347541028390347 261
0.44377932428648503 261
0.4442744650772078 261
0.448713658373343 262
0.4498849224507079 263
0.4512610723725098 264
0.4532518798276227 265
0.453917758822043 266
0.45522902822643985 267
0.4558914924567862 268
0.45776961269745875 269
0.4583262192415126 270
0.4594974833188775 271
0.4608736332406794 272
0.4628644406957923 273
0.4635303196902126 274
0.46484158909460943 275
0.46550405332495576 276
0.46738217356562833 277
0.4679387801096822 278
0.4691100441870471 279
0.470486194108849 280
0.47247700156396194 281
0.4731428805583822 282
0.47445414996277907 283
0.4751166141931254 284
0.476994734433798 285
0.47755134097785185 286
0.47872260505521674 287
0.4798085000307329 288
0.48022168648368085 289
0.4822124939387938 290
0.48287837293321406 291
0.4841896423376109 292
0.48485210656795724 293
0.4867302268086298 294
0.49064696120145057 295
0.49242263851990464 296
0.49507249544128995 297
0.49531152892646646 298
0.4957008120308968 299
0.49603887367421784 300
0.4963769353175389 301
0.498220907917472 301
0.498903860732262 301
0.4990609398796637 301
0.4992180190270654 301
0.499521933029647 301
0.5000170738203698 301
0.5008536910184875 301
0.5015366438332776 301
0.5016937229806793 301
0.501850802128081 301
0.5021547161306625 301
0.5026498569213853 301
0.5074544299734332 302
0.508625694050798 303
0.5100018439726 304
0.5119926514277129 305
0.5126585304221332 306
0.51396979982653 307
0.5146322640568763 308
0.5165103842975489 309
0.5170669908416028 310
0.5182382549189677 311
0.5196144048407696 312
0.5216052122958825 313
0.5222710912903028 314
0.5235823606946997 315
0.524244824925046 316
0.5261229451657184 317
0.5266795517097723 318
0.5278508157871372 319
0.5292269657089391 320
0.531217773164052 321
0.5318836521584723 322
0.5331949215628692 323
0.5338573857932155 324
0.5357355060338881 325
0.536292112577942 326
0.5374633766553069 327
0.5388395265771088 328
0.5408303340322217 329
0.541496213026642 330
0.5428074824310388 331
0.5434699466613852 332
0.5453480669020577 333
0.5459046734461116 334
0.5470759375234765 335
0.5481618324989926 336
0.5485750189519406 337
0.5505658264070535 338
0.5512317054014738 339
0.5525429748058707 340
0.553205439036217 341
0.5550835592768896 342
0.5583344146752901 343
0.5596627579000567 344
0.5628077556121648 344
0.5634907084269548 344
0.5636477875743565 344
0.5638048667217582 344
0.5641087807243398 344
0.5646039215150626 344
0.5653859024879971 344
0.5660688553027872 344
0.5662259344501889 344
0.5663830135975906 344
0.5666869276001721 344
0.5671820683908949 344
0.5716212616870301 345
0.572792525764395 346
0.5741686756861969 347
0.5761594831413097 348
0.57682536213573 349
0.5781366315401268 350
0.5787990957704732 351
0.5806772160111457 352
0.5812338225551996 353
0.5824050866325645 354
0.5837812365543664 355
0.5857720440094794 356
0.5864379230038996 357
0.5877491924082965 358
0.5884116566386428 359
0.5902897768793154 360
0.5908463834233693 361
0.5920176475007342 362
0.5933937974225361 363
0.595384604877649 364
0.5960504838720693 365
0.5973617532764661 366
0.5980242175068124 367
0.599902337747485 368
0.6004589442915389 369
0.6016302083689038 370
0.6030063582907057 371
0.6049971657458186 372
0.6056630447402389 373
0.6069743141446358 374
0.6076367783749821 375
0.6095148986156547 376
0.6109490995267137 376
0.6262984640391195 377
0.6276268072638861 378
0.6307239982789589 378
0.6314069510937489 378
0.6315640302411506 378
0.6317211093885523 378
0.6320250233911339 378
0.6325201641818566 378
0.633247508929608 378
0.633930461744398 378
0.6340875408917998 378
0.6342446200392015 378
0.634548534041783 378
0.6350436748325058 378
0.6391174883727283 379
0.6402887524500932 380
0.6416649023718951 381
0.643655709827008 382
0.6443215888214283 383
0.6456328582258252 384
0.6462953224561715 385
0.6481734426968441 386
0.6487300492408979 387
0.6499013133182628 388
0.6512774632400647 389
0.6532682706951777 390
0.653934149689598 391
0.6552454190939948 392
0.6559078833243411 393
0.6577860035650137 394
0.6583426101090676 395
0.6595138741864325 396
0.6608900241082344 397
0.6628808315633473 398
0.6635467105577676 399
0.6648579799621644 400
0.6655204441925108 401
0.6673985644331833 402
0.6688327653442424 402
0.6841616412722045 403
0.6853363201136433 404
0.688232040048353 404
0.6889149928631431 404
0.6890720720105448 404
0.6892291511579465 404
0.689533065160528 404
0.6900282059512508 404
0.690700914473819 404
0.691383867288609 404
0.6915409464360107 404
0.6916980255834124 404
0.692001939585994 404
0.6924970803767168 404
0.6962055141610266 405
0.6973767782383915 406
0.6987529281601934 407
0.7007437356153063 408
0.7014096146097266 409
0.7027208840141235 410
0.7033833482444698 411
0.7052614684851424 412
0.7058180750291962 413
0.7069893391065611 414
0.708365489028363 415
0.710356296483476 416
0.7110221754778963 417
0.7123334448822931 418
0.7129959091126394 419
0.714874029353312 420
0.7163082302643711 420
0.7291272545979798 421
0.7303019334394186 422
0.733149846677093 422
0.7338327994918831 422
0.7339898786392848 422
0.7341469577866865 422
0.734450871789268 422
0.7349460125799908 422
0.7355640848773758 422
0.7362470376921658 422
0.7364041168395675 422
0.7365611959869692 422
0.7368651099895508 422
0.7373602507802736 422
0.7407033048086707 423
0.7418745688860356 424
0.7432507188078376 425
0.7452415262629505 426
0.7459074052573708 427
0.7472186746617676 428
0.7478811388921139 429
0.7497592591327865 430
0.7511934600438456 430
0.7640022400852325 431
0.7651769189266714 432
0.7679770254673105 432
0.7686599782821005 432
0.7688170574295022 432
0.7689741365769039 432
0.7692780505794855 432
0.7697731913702083 432
0.77033662744241 432
0.7710195802572001 432
0.7711766594046018 432
0.7713337385520035 432
0.771637652554585 432
0.7721327933453078 432
0.7741987256100477 432
0.7905588602883427 433
0.7923345376067967 434
0.794984394528182 435
0.7952234280133585 436
0.7956127111177889 437
0.7959507727611099 438
0.796288834404431 439
0.7979415802162229 439
0.7986245330310129 439
0.7987816121784146 439
0.7989386913258163 439
0.7992426053283979 439
0.7997377461191206 439
0.8003558184165056 439
0.8010387712312956 439
0.8011958503786973 439
0.801352929526099 439
0.8016568435286806 439
0.8021519843194034 439
0.8054950383478006 440
0.8066663024251655 441
0.8077521974006816 442
0.8081653838536296 443
0.8101561913087425 444
0.8108220703031628 445
0.8121333397075596 446
0.812795803937906 447
0.8146739241785785 448
0.8185599256947338 449
0.8203356030131879 450
0.8229854599345732 451
0.8232244934197497 452
0.82361377652418 453
0.8239518381675011 454
0.8242898998108221 455
0.8259904523196492 455
0.8266734051344392 455
0.8268304842818409 455
0.8269875634292426 455
0.8272914774318242 455
0.827786618222547 455
0.8284593267451151 455
0.8291422795599052 455
0.8292993587073069 455
0.8294564378547086 455
0.8297603518572901 455
0.8302554926480129 455
0.8339639264323228 456
0.8351351905096877 457
0.8365113404314896 458
0.8385021478866025 459
0.8391680268810228 460
0.8404792962854196 461
0.841141760515766 462
0.8430198807564385 463
0.8435764873004924 464
0.8447477513778573 465
0.8458336463533734 466
0.8462468328063214 467
0.8482376402614343 468
0.8489035192558546 469
0.8502147886602515 470
0.8508772528905978 471
0.8527553731312704 472
0.8566516189396475 473
0.8584272962581015 474
0.8610771531794869 475
0.8613161866646634 476
0.8617054697690937 477
0.8620435314124147 478
0.8623815930557358 479
0.8641299522615983 479
0.8648129050763883 479
0.86496998422379 479
0.8651270633711917 479
0.8654309773737733 479
0.865926118164496 479
0.8666534629122474 479
0.8673364157270375 479
0.8674934948744392 479
0.8676505740218409 479
0.8679544880244224 479
0.8684496288151452 479
0.8725234423553677 480
0.8736947064327326 481
0.8750708563545344 482
0.8770616638096473 483
0.8777275428040676 484
0.8790388122084645 485
0.8797012764388108 486
0.8815793966794834 487
0.8821360032235372 488
0.8833072673009021 489
0.884683417222704 490
0.886674224677817 491
0.8873401036722373 492
0.8886513730766341 493
0.8893138373069804 494
0.891191957547653 495
0.8917485640917069 496
0.8929198281690718 497
0.8940057231445879 498
0.8944189095975359 499
0.8964097170526488 500
0.8970755960470691 501
0.898386865451466 502
0.8990493296818123 503
0.9009274499224849 504
0.9041578167364417 505
0.905230052655662 506
0.9080233296681532 506
0.9087062824829433 506
0.908863361630345 506
0.9090204407777467 506
0.9093243547803282 506
0.909819495571051 506
0.9104922040936192 506
0.9111751569084092 506
0.9113322360558109 506
0.9114893152032126 506
0.9117932292057942 506
0.912288369996517 506
0.9159968037808268 507
0.9171680678581917 508
0.9185442177799936 509
0.9205350252351066 510
0.9212009042295268 511
0.9225121736339237 512
0.92317463786427 513
0.9250527581049425 514
0.9256093646489963 515
0.9267806287263612 516
0.9281567786481631 517
0.9301475861032761 518
0.9308134650976964 519
0.9321247345020932 520
0.9327871987324395 521
0.9346653189731121 522
0.9360995198841712 522
0.9472589688778402 523
0.9483312047970606 524
0.9510766751125165 524
0.9517596279273065 524
0.9519167070747082 524
0.9520737862221099 524
0.9523777002246915 524
0.9528728410154143 524
0.9534909133127992 524
0.9541738661275893 524
0.954330945274991 524
0.9544880244223927 524
0.9547919384249742 524
0.955287079215697 524
0.9586301332440942 525
0.9598013973214591 526
0.961177547243261 527
0.9631683546983739 528
0.9638342336927942 529
0.965145503097191 530
0.9658079673275374 531
0.96768608756821 532
0.969120288479269 532
0.9802626636525682 533
0.9813348995717885 534
0.9840325631902092 534
0.9847155160049992 534
0.9848725951524009 534
0.9850296742998026 534
0.9853335883023842 534
0.9858287290931069 534
0.9863921651653087 534
0.9870751179800987 534
0.9872321971275004 534
0.9873892762749021 534
0.9876931902774837 534
0.9881883310682065 534
0.9902542633329463 534
