0.009557924642986416 0
0.021881808185872438 0
0.03161730056070426 0
0.04764961788790013 0
0.06044132410891732 0
0.07005388497708694 0
0.07978937735191875 0
0.09583193897133647 0
0.10909146787048483 0
0.11870402873865445 0
0.12831658960682407 0
0.1380520819816559 0
0.15410488789329546 0
0.167832239470575 0
0.1774448003387446 0
0.1870573612069142 0
0.19666992207508383 0
0.20640541444991564 0
0.21576869754068692 0
0.21677263817842826 0
0.21845611686688568 0
0.23173954911455166 0
0.2413521099827213 0
0.2509646708508909 0
0.26057723171906055 0
0.2809599584764689 0
0.28195365482198836 0
0.2836166449260021 0
0.2964322544955369 0
0.30604481536370653 0
0.3156573762318761 0
0.33601619964076684 0
0.33700989598628633 0
0.3386728860903 0
0.3510206729817037 0
0.36063323384987334 0
0.3905841295424899 0
0.4033758357635071 0
0.4129883966316767 0
0.42272388900650854 0
0.43876645062592623 0
0.4520259795250746 0
0.46163854039324426 0
0.47125110126141384 0
0.4809865936362457 0
0.49703939954788523 0
0.5107667511251648 0
0.5203793119933344 0
0.529991872861504 0
0.5396044337296736 0
0.5493399261045054 0
0.558686135374907 0
0.5598334961037542 0
0.5616501505910957 0
0.5749335828387617 0
0.5845461437069313 0
0.5941587045751009 0
0.6037712654432705 0
0.6266501847387363 0
0.6277975454675836 0
0.6296141999549251 0
0.6424298095244599 0
0.6520423703926296 0
0.6616549312607992 0
0.6845133619718213 0
0.6855070583173408 0
0.6871700484213545 0
0.6995178353127582 0
0.7091303961809279 0
0.7294789752975966 0
0.7304726716431161 0
0.7321356617471299 0
0.7440156259604024 0
0.7643539607848494 0
0.7653476571303689 0
0.7670106472343826 0
0.7969512986347773 0
0.8089302910061944 0
0.8249523640411685 0
0.8372762475840544 0
0.8470117399588862 0
0.8630440572860821 0
0.8758357635070992 0
0.8854483243752689 0
0.8951838167501007 0
0.9045095374360586 0
0.9054007908593595 0
0.9069613380411548 0
0.9193091249325585 0
0.928921685800728 0
0.9476106895774571 0
0.9485019430007581 0
0.9500624901825533 0
0.9619424543958258 0
0.9806143843521851 0
0.981505637775486 0
0.9830661849572813 0
