0.025262424619083068 1
0.03499791699391489 2
0.06382194054212795 3
0.07343450141029756 4
0.08316999378512939 5
0.11247208430369546 6
0.12208464517186507 7
0.13169720604003468 8
0.14143269841486653 9
0.1712128559037856 10
0.18082541677195524 11
0.19043797764012485 12
0.20005053850829446 13
0.20978603088312628 14
0.2351201655477623 15
0.2447327264159319 16
0.25434528728410155 17
0.26395784815227114 18
0.29981287092874753 19
0.30942543179691717 20
0.31903799266508676 21
0.35440128941491433 22
0.3640138502830839 23
0.40675645219671774 24
0.41636901306488733 25
0.4261045054397192 26
0.45540659595828525 27
0.46501915682645484 28
0.4746317176946245 29
0.4843672100694563 30
0.5141473675583754 31
0.5237599284265451 32
0.5333724892947146 33
0.5429850501628842 34
0.5527205425377161 35
0.5783141992719723 36
0.5879267601401419 37
0.5975393210083115 38
0.6071518818764812 39
0.6458104259576706 40
0.6554229868258402 41
0.6650355476940099 42
0.7028984517459689 43
0.7125110126141385 44
0.747396242393613 45
0.812310907439405 46
0.840656864017265 47
0.8503923563920969 48
0.8792163799403099 49
0.8888289408084795 50
0.8985644331833114 51
0.9226897413657691 52
0.9323023022339386 53
0.9653230708290365 54
