0.00037220928406056427 0
0.0005941689488673228 0
0.00182689877956332 0
0.0020488584443700787 0
0.016565020522732083 0
0.0169611331553103 0
0.0273283568838229 0
0.03706384925865472 0
0.03780826782677585 0
0.038463902528974275 0
0.038685862193781034 0
0.03991859202447703 0
0.040140551689283786 0
0.05512453644577696 0
0.055520649078355175 0
0.06588787280686777 0
0.07550043367503739 0
0.08523592604986921 0
0.08598034461799034 0
0.08664622361241062 0
0.08686818327721738 0
0.08810091310791338 0
0.08832287277272013 0
0.10377468020734447 0
0.10417079283992269 0
0.11453801656843529 0
0.1241505774366049 0
0.13376313830477451 0
0.14349863067960636 0
0.14424304924772746 0
0.1449191725343696 0
0.14514113219917635 0
0.14637386202987235 0
0.1465958216946791 0
0.16251545180743462 0
0.16291156444001284 0
0.17327878816852543 0
0.18289134903669504 0
0.19250390990486468 0
0.2021164707730343 0
0.2118519631478661 0
0.21259638171598724 0
0.21330665264336887 0
0.21354227136447143 0
0.2140579007396379 0
0.21427986040444466 0
0.22642276145141133 0
0.22681887408398954 0
0.23718609781250213 0
0.24679865868067175 0
0.2564112195488414 0
0.26602378041701097 0
0.2667681989851321 0
0.26995075910205363 0
0.27032638315018814 0
0.27594708481591007 0
0.276158800188495 0
0.2763705155610799 0
0.27670174767625305 0
0.27691346304883796 0
0.27712517842142287 0
0.277596415863628 0
0.2778081312362129 0
0.2780198466087978 0
0.2785149873995206 0
0.27875060612062313 0
0.2792662354957896 0
0.27948819516059636 0
0.29111546683239653 0
0.29151157946497475 0
0.30187880319348737 0
0.311491364061657 0
0.3211039249298266 0
0.3218483434979477 0
0.32503090361486925 0
0.32540652766300376 0
0.33100332598020804 0
0.33121504135279295 0
0.33142675672537786 0
0.331757988840551 0
0.33196970421313593 0
0.33218141958572084 0
0.33265265702792596 0
0.33286437240051087 0
0.3330760877730958 0
0.33357122856381854 0
0.3338068472849211 0
0.3343224766600876 0
0.33454443632489433 0
0.34570388531856333 0
0.34609999795114155 0
0.35646722167965417 0
0.36607978254782375 0
0.3668242011159449 0
0.3700067612328664 0
0.3703823852810009 0
0.37596893930598335 0
0.37618065467856826 0
0.37639237005115317 0
0.37672360216632633 0
0.37693531753891124 0
0.37714703291149615 0
0.37761827035370127 0
0.3778299857262862 0
0.3780417010988711 0
0.3785129385410762 0
0.3787246539136611 0
0.3792402832888276 0
0.3794519986614125 0
0.3801076333636109 0
0.38031934873619583 0
0.38053106410878074 0
0.38074277948136565 0
0.38139841418356407 0
0.38162037384837083 0
0.38285310367906683 0
0.3830750633438736 0
0.39805904810036674 0
0.39845516073294496 0
0.4088223844614576 0
0.41843494532962716 0
0.428170437704459 0
0.42891485627258014 0
0.4295807352670004 0
0.42980269493180717 0
0.43103542476250317 0
0.43125738442730993 0
0.44670919186193425 0
0.44710530449451247 0
0.4574725282230251 0
0.46708508909119467 0
0.4766976499593643 0
0.48643314233419616 0
0.4871775609023173 0
0.48785368418895936 0
0.4880756438537661 0
0.4893083736844621 0
0.4895303333492689 0
0.5054499634620244 0
0.5058460760946026 0
0.5162132998231153 0
0.5258258606912848 0
0.5354384215594544 0
0.5450509824276241 0
0.5547864748024559 0
0.555530893370577 0
0.5562411642979587 0
0.5564767830190612 0
0.5569924123942277 0
0.5572143720590345 0
0.5696167951756214 0
0.5700129078081996 0
0.5803801315367121 0
0.5899926924048817 0
0.5996052532730514 0
0.609217814141221 0
0.6099622327093421 0
0.6131447928262637 0
0.6135204168743982 0
0.6216373110781777 0
0.6218490264507626 0
0.6220607418233475 0
0.6223919739385206 0
0.6226036893111055 0
0.6228154046836905 0
0.6232866421258956 0
0.6234983574984805 0
0.6237100728710654 0
0.6242052136617882 0
0.6244408323828907 0
0.6249564617580572 0
0.6251784214228638 0
0.6371130218613196 0
0.6375091344938978 0
0.6478763582224104 0
0.65748891909058 0
0.6671014799587497 0
0.6678458985268708 0
0.6710284586437923 0
0.6714040826919269 0
0.6795004883112625 0
0.6797122036838474 0
0.6799239190564323 0
0.6802551511716055 0
0.6804668665441904 0
0.6806785819167753 0
0.6811498193589804 0
0.6813615347315654 0
0.6815732501041503 0
0.682068390894873 0
0.6823040096159756 0
0.6828196389911421 0
0.6830415986559488 0
0.6942010476496179 0
0.6945971602821961 0
0.7049643840107087 0
0.7145769448788784 0
0.7153213634469995 0
0.718503923563921 0
0.7188795476120555 0
0.724466101637038 0
0.7246778170096229 0
0.7248895323822078 0
0.7252207644973808 0
0.7254324798699657 0
0.7256441952425506 0
0.7261154326847558 0
0.7263271480573407 0
0.7265388634299256 0
0.7270340042206483 0
0.7272696229417509 0
0.7277852523169174 0
0.7280072119817241 0
0.738698838297262 0
0.7390949509298402 0
0.7494621746583529 0
0.750206593226474 0
0.7533891533433955 0
0.75376477739153 0
0.7593410871242906 0
0.7595528024968755 0
0.7597645178694604 0
0.7600957499846336 0
0.7603074653572185 0
0.7605191807298034 0
0.7609904181720085 0
0.7612021335445934 0
0.7614138489171783 0
0.7619089897079011 0
0.7621446084290037 0
0.7626602378041701 0
0.7628821974689769 0
0.7732118587926761 0
0.7763944189095975 0
0.776770042957732 0
0.7823361083982707 0
0.7825478237708556 0
0.7827595391434405 0
0.7830907712586137 0
0.7833024866311986 0
0.7835142020037835 0
0.7839854394459886 0
0.7841971548185735 0
0.7844088701911585 0
0.7848801076333636 0
0.7850918230059485 0
0.785607452381115 0
0.7858191677536999 0
0.7864748024558983 0
0.7866865178284832 0
0.7868982332010681 0
0.787109948573653 0
0.7877655832758514 0
0.7879875429406582 0
0.7892202727713542 0
0.789442232436161 0
0.8034905718363918 0
0.80388668446897 0
0.8143768397041449 0
0.815121258272266 0
0.8157666486822426 0
0.8159886083470493 0
0.8172213381777453 0
0.8174432978425521 0
0.831959459920914 0
0.8323555725534922 0
0.8427227962820049 0
0.8524582886568367 0
0.8532027072249578 0
0.8538583419271563 0
0.854080301591963 0
0.855313031422659 0
0.8555349910874658 0
0.870518975843959 0
0.8709150884765372 0
0.8812823122050497 0
0.8908948730732194 0
0.9006303654480512 0
0.9013747840161723 0
0.9020645663591103 0
0.9023001850802128 0
0.9028158144553793 0
0.903037774120186 0
0.9139923372694181 0
0.9143884499019963 0
0.9247556736305089 0
0.9343682344986785 0
0.9351126530667996 0
0.9382952131837211 0
0.9386708372318556 0
0.9425978159168983 0
0.9428095312894832 0
0.9430212466620681 0
0.9433524787772413 0
0.9435641941498262 0
0.9437759095224111 0
0.9442471469646162 0
0.9444588623372011 0
0.944670577709786 0
0.9451657185005088 0
0.9454013372216113 0
0.9459169665967778 0
0.9461389262615846 0
0.9566256667326855 0
0.9570217793652637 0
0.9673890030937763 0
0.9681334216618974 0
0.971315981778819 0
0.9716916058269535 0
0.9756015106916263 0
0.9758132260642112 0
0.9760249414367961 0
0.9763561735519692 0
0.9765678889245542 0
0.9767796042971391 0
0.9772508417393442 0
0.9774625571119291 0
0.977674272484514 0
0.9781694132752368 0
0.9784050319963393 0
0.9789206613715058 0
0.9791426210363126 0
0.9892673965155747 0
0.9924499566324962 0
0.9928255806806308 0
0.9967252412530818 0
0.9969369566256667 0
0.9971486719982516 0
0.9974799041134248 0
0.9976916194860097 0
0.9979033348585946 0
0.9983745723007997 0
0.9985862876733846 0
0.9987980030459696 0
0.9992931438366923 0
0.9995048592092772 0
0.9997165745818621 0
