0.009578413227430117 0
0.02190229677031614 0
0.03163778914514796 0
0.04767010647234383 0
0.06046181269336102 0
0.07007437356153064 0
0.07980986593636245 0
0.09585242755578018 0
0.10911195645492854 0
0.11872451732309815 0
0.12833707819126777 0
0.1380725705660996 0
0.15412537647773916 0
0.1678527280550187 0
0.1774652889231883 0
0.18707784979135791 0
0.19669041065952753 0
0.20642590303435934 0
0.21578918612513062 0
0.21847660545132938 0
0.23176003769899536 0
0.241372598567165 0
0.2509851594353346 0
0.26059772030350425 0
0.2809804470609126 0
0.2836371335104458 0
0.2964527430799806 0
0.30606530394815024 0
0.3156778648163198 0
0.33603668822521054 0
0.3386933746747437 0
0.3510411615661474 0
0.36065372243431704 0
0.3906046181269336 0
0.4033963243479508 0
0.4130088852161204 0
0.42274437759095224 0
0.43878693921036993 0
0.4520464681095183 0
0.46165902897768796 0
0.47127158984585754 0
0.4810070822206894 0
0.49705988813232893 0
0.5107872397096085 0
0.5203998005777781 0
0.5300123614459477 0
0.5396249223141173 0
0.5493604146889491 0
0.5587066239593507 0
0.5616706391755394 0
0.5749540714232054 0
0.584566632291375 0
0.5941791931595446 0
0.6037917540277142 0
0.62667067332318 0
0.6296346885393688 0
0.6424502981089036 0
0.6520628589770733 0
0.6616754198452429 0
0.684533850556265 0
0.6871905370057982 0
0.6995383238972019 0
0.7091508847653716 0
0.7294994638820403 0
0.7321561503315736 0
0.7440361145448461 0
0.7643744493692931 0
0.7670311358188263 0
0.796971787219221 0
0.8089507795906381 0
0.8249728526256122 0
0.8372967361684981 0
0.8470322285433299 0
0.8630645458705258 0
0.8758562520915429 0
0.8854688129597126 0
0.8952043053345444 0
0.9045300260205023 0
0.9069818266255985 0
0.9193296135170022 0
0.9289421743851717 0
0.9476311781619008 0
0.950082978766997 0
0.9619629429802695 0
0.9806348729366288 0
0.983086673541725 0
