0.0033737869050627293 1
0.010804313529978214 1
0.013273187955444158 1
0.04146548014997644 1
0.04894381347192722 1
0.051467324122576374 1
0.08964780123341279 1
0.09717394125239887 1
0.09975208812823122 1
0.14792075015537176 1
0.15549469687139317 1
0.1581274799724087 1
0.2198220224964657 1
0.22240016937229806 1
0.28493474385854684 1
0.287458254509196 1
0.33994317832580945 1
0.3424120527512754 1
0.38439999180456624 1
0.391878325126517 1
0.39440183577716614 1
0.4325823128880026 1
0.44010845290698863 1
0.442686599782821 1
0.49085526180996153 1
0.49842920852598294 1
0.5010619916269985 1
0.5630160562206757 1
0.5655942030965081 1
0.6309322988874698 1
0.633455809538119 1
0.688440340656864 1
0.6909092150823299 1
0.733358147285604 1
0.7357723854858867 1
0.7681853260758215 1
0.770544928050921 1
0.7907671608968536 1
0.7981498808247338 1
0.8005641190250166 1
0.8187682263032448 1
0.8261987529281601 1
0.8286676273536261 1
0.8568599195481584 1
0.8643382528701092 1
0.8668617635207584 1
0.9082316302766642 1
0.9107005047021302 1
0.9512849757210274 1
0.9536992139213102 1
0.9842408637987201 1
0.9866004657738197 1
