0.011910697089938057 0
0.014379571515404001 0
0.019754410167801505 1
0.020235891902228475 2
0.020478340151478935 2
0.020720788400729395 3
0.029366971035971124 4
0.029848452770398094 5
0.030094315783722504 5
0.030452866011487268 6
0.05005019703188707 6
0.05257370768253621 6
0.05831392609084638 7
0.05879540782527335 7
0.05903785607452381 7
0.05928030432377427 7
0.067926486959016 8
0.06840796869344297 8
0.06865041694269343 8
0.06889286519194389 8
0.07753904782718563 9
0.0780205295616126 10
0.07826639257493699 10
0.07862494280270176 11
0.09828032481235871 11
0.10085847168819106 11
0.1069640698524139 12
0.10744555158684087 12
0.10768799983609133 12
0.10793044808534179 12
0.11657663072058351 13
0.11705811245501048 13
0.11730056070426094 13
0.1175430089535114 13
0.12618919158875314 14
0.1266706733231801 14
0.12691312157243057 14
0.12715556982168102 14
0.13580175245692275 15
0.13628323419134972 16
0.13652909720467413 16
0.1368876474324389 17
0.15660108043135298 17
0.15923386353236854 17
0.16570484145250405 18
0.16618632318693102 18
0.16642877143618148 18
0.16667121968543194 18
0.17531740232067367 19
0.17579888405510063 19
0.1760413323043511 19
0.17628378055360155 19
0.18492996318884328 20
0.18541144492327025 20
0.1856538931725207 20
0.18589634142177117 20
0.1945425240570129 21
0.19502400579143986 21
0.19526645404069032 21
0.19550890228994078 21
0.20415508492518253 22
0.2046365666596095 23
0.2048824296729339 23
0.20524097990069867 24
0.21543063589736586 25
0.22092840605642555 25
0.2235065529322579 25
0.22961215109648075 26
0.23009363283090772 26
0.23033608108015818 26
0.23057852932940864 26
0.23922471196465037 27
0.23970619369907734 27
0.2399486419483278 27
0.24019109019757826 27
0.24883727283281998 28
0.24931875456724695 28
0.2495612028164974 28
0.24980365106574787 28
0.2584498337009896 29
0.2589313154354166 29
0.25917376368466705 29
0.2594162119339175 29
0.2806218968331478 30
0.2860411274185067 30
0.2885646380691558 30
0.29430485647746596 31
0.29478633821189293 31
0.2950287864611434 31
0.29527123471039385 31
0.3039174173456356 32
0.30439889908006257 32
0.30464134732931303 32
0.3048837955785635 32
0.3135299782138052 33
0.31401145994823215 33
0.3142539081974826 33
0.31449635644673307 33
0.3356781379974458 34
0.3410495618857693 34
0.34351843631123524 34
0.34889327496363276 35
0.34937475669805973 35
0.3496172049473102 35
0.34985965319656065 35
0.3585058358318024 36
0.35898731756622937 36
0.35922976581547983 36
0.3594722140647303 36
0.39298470868647684 36
0.395508219337126 36
0.40124843774543617 37
0.40172991947986314 37
0.4019723677291136 37
0.40221481597836406 37
0.4108609986136058 38
0.4113424803480328 38
0.41158492859728324 38
0.4118273768465337 38
0.4204735594817754 39
0.42095504121620236 40
0.4212009042295268 40
0.42155945445729154 41
0.4412148364669485 41
0.44379298334278083 41
0.4498985815070037 42
0.45038006324143065 42
0.4506225114906811 42
0.45086495973993157 42
0.4595111423751733 43
0.4599926241096003 43
0.46023507235885075 43
0.4604775206081012 43
0.4691237032433429 44
0.4696051849777699 44
0.46984763322702033 44
0.4700900814762708 44
0.47873626411151254 45
0.4792177458459395 46
0.4794636088592639 46
0.4798221590870287 47
0.4995355920859428 47
0.5021683751869583 47
0.5086393531070939 48
0.5091208348415208 48
0.5093632830907713 48
0.5096057313400217 48
0.5182519139752635 49
0.5187333957096905 49
0.5189758439589409 49
0.5192182922081914 49
0.527864474843433 50
0.52834595657786 50
0.5285884048271104 50
0.5288308530763609 50
0.5374770357116027 51
0.5379585174460296 51
0.5382009656952801 51
0.5384434139445305 51
0.5470895965797723 52
0.5475710783141993 53
0.5478169413275237 53
0.5481754915552884 54
0.5583480737315859 55
0.5641224397806356 55
0.5667005866564679 55
0.5728061848206908 56
0.5732876665551178 56
0.5735301148043682 56
0.5737725630536187 56
0.5824187456888603 57
0.5829002274232873 57
0.5831426756725377 57
0.5833851239217882 57
0.59203130655703 58
0.5925127882914569 58
0.5927552365407074 58
0.5929976847899578 58
0.6016438674251996 59
0.6021253491596266 59
0.602367797408877 59
0.6026102456581275 59
0.6263121230954153 60
0.6320386824474297 60
0.6345621930980788 60
0.640302411506389 61
0.640783893240816 61
0.6410263414900664 61
0.6412687897393169 61
0.6499149723745586 62
0.6503964541089856 62
0.6506389023582361 62
0.6508813506074865 62
0.6595275332427283 63
0.6600090149771553 63
0.6602514632264057 63
0.6604939114756562 63
0.6841753003285003 64
0.6895467242168238 64
0.6920155986422898 64
0.6973904372946873 65
0.6978719190291143 65
0.6981143672783647 65
0.6983568155276152 65
0.7070029981628569 66
0.7074844798972839 66
0.7077269281465344 66
0.7079693763957848 66
0.7291409136542756 67
0.7344645308455638 67
0.7368787690458466 67
0.7418882279423314 68
0.7423697096767584 68
0.7426121579260089 68
0.7428546061752593 68
0.7640158991415283 69
0.7692917096357813 69
0.7716513116108809 69
0.7992562643846937 69
0.8016705025849764 69
0.8066799614814613 70
0.8071614432158882 71
0.8074073062292126 71
0.8077658564569774 72
0.82730513648812 72
0.8297740109135859 72
0.8351488495659835 73
0.8356303313004104 73
0.8358727795496609 73
0.8361152277989113 73
0.8447614104341531 74
0.8452428921685801 75
0.8454887551819045 75
0.8458473054096692 76
0.8654446364300691 76
0.8679681470807182 76
0.8737083654890284 77
0.8741898472234554 77
0.8744322954727058 77
0.8746747437219563 77
0.8833209263571979 78
0.8838024080916249 78
0.8840448563408754 78
0.8842873045901258 78
0.8929334872253676 79
0.8934149689597946 80
0.893660831973119 80
0.8940193822008837 81
0.9041714757927375 82
0.909338013836624 82
0.91180688826209 82
0.9171817269144875 83
0.9176632086489145 83
0.917905656898165 83
0.9181481051474154 83
0.926794287782657 84
0.927275769517084 84
0.9275182177663345 84
0.9277606660155849 84
0.947272627934136 85
0.9523913592809873 85
0.95480559748127 85
0.9598150563777549 86
0.9602965381121819 86
0.9605389863614323 86
0.9607814346106828 86
0.980276322708864 87
0.98534724735868 87
0.9877068493337795 87
