0.0049548226713016395 1
0.00784371307786345 2
0.008232996182293765 3
0.008571057825614828 4
0.012405837880660825 4
0.01487471230612677 4
0.021130560089603408 5
0.02171448474624888 6
0.027639100414552357 7
0.03086605246443523 8
0.031449977121080705 9
0.03737459278938418 10
0.04304651591621535 11
0.04593540632277716 12
0.04632468942720747 13
0.04666275107052854 14
0.05054533782260984 14
0.05306884847325898 14
0.05969007601264829 15
0.06027400066929376 16
0.06619861633759723 17
0.0693026368808179 18
0.06988656153746338 19
0.07581117720576686 20
0.07903812925564972 21
0.0796220539122952 22
0.08554666958059867 23
0.09122883699965169 24
0.0941177274062135 25
0.09450701051064382 26
0.09484507215396488 27
0.09877546560308148 27
0.10135361247891383 27
0.1083402197742158 28
0.10892414443086128 29
0.11484876009916475 30
0.11795278064238542 31
0.11853670529903089 32
0.12446132096733437 33
0.12756534151055504 34
0.12814926616720052 35
0.13407388183550398 36
0.13730083388538686 37
0.13788475854203233 38
0.1438093742103358 39
0.14950178592161067 40
0.1523906763281725 41
0.1527799594326028 42
0.15311802107592387 43
0.15709622122207575 43
0.1597290043230913 43
0.16708099137430596 44
0.16766491603095143 45
0.1735895316992549 46
0.17669355224247557 47
0.17727747689912104 48
0.1832020925674245 49
0.18630611311064518 50
0.18689003776729066 51
0.19281465343559415 52
0.1959186739788148 53
0.19650259863546027 54
0.20242721430376376 55
0.20565416635364664 56
0.2062380910102921 57
0.21216270667859558 58
0.21661555903102656 59
0.22142354684714832 59
0.22400169372298068 59
0.23098830101828266 60
0.2315722256749281 61
0.2374968413432316 62
0.24060086188645227 63
0.24118478654309775 64
0.2471094022114012 65
0.2502134227546219 66
0.25079734741126736 67
0.25672196307957085 68
0.2598259836227915 69
0.260409908279437 70
0.26633452394774043 71
0.28179657567458666 72
0.28653626820922945 72
0.28905977885987855 72
0.29568100639926786 73
0.29626493105591334 74
0.30218954672421683 75
0.3052935672674375 76
0.305877491924083 77
0.31180210759238647 78
0.3149061281356071 79
0.31549005279225256 80
0.32141466846055605 81
0.33685281683888463 82
0.34154470267649206 82
0.344013577101958 82
0.35026942488543467 83
0.35085334954208014 84
0.35677796521038363 85
0.3598819857536043 86
0.3604659104102498 87
0.3663905260785532 88
0.38598102757080516 89
0.3888699179773669 90
0.38925920108179723 91
0.3895972627251183 92
0.3934798494771996 92
0.39600336012784876 92
0.4026245876672381 93
0.40320851232388355 94
0.40913312799218704 95
0.4122371485354077 96
0.41282107319205313 97
0.4187456888603566 98
0.4219726409102395 99
0.422556565566885 100
0.42848118123518847 101
0.4341633486542415 102
0.4370522390608033 103
0.43744152216523363 104
0.43777958380855464 105
0.44170997725767125 105
0.4442881241335036 105
0.4512747314288056 106
0.45185865608545106 107
0.45778327175375455 108
0.4608872922969752 109
0.4614712169536207 110
0.46739583262192413 111
0.4704998531651448 112
0.4710837778217903 113
0.4770083934900938 114
0.48023534553997665 115
0.48081927019662213 116
0.4867438858649256 117
0.49243629757620044 118
0.49532518798276226 119
0.4957144710871926 120
0.49605253273051364 121
0.5000307328766656 121
0.5026635159776811 121
0.5100155030288958 122
0.5105994276855412 123
0.5165240433538447 124
0.5196280638970654 125
0.5202119885537109 126
0.5261366042220142 127
0.5292406247652349 128
0.5298245494218804 129
0.5357491650901839 130
0.5388531856334046 131
0.53943711029005 132
0.5453617259583535 133
0.5485886780082364 134
0.5491726026648819 135
0.5550972183331854 136
0.5596764169563525 137
0.5646175805713584 137
0.5671957274471907 137
0.5741823347424927 138
0.5747662593991382 139
0.5806908750674415 140
0.5837948956106622 141
0.5843788202673077 142
0.5903034359356112 143
0.5934074564788319 144
0.5939913811354773 145
0.5999159968037808 146
0.6030200173470015 147
0.603603942003647 148
0.6095285576719505 149
0.6276404663201819 150
0.6325338232381524 150
0.6350573338888016 150
0.6416785614281909 151
0.6422624860848364 152
0.6481871017531399 153
0.6512911222963605 154
0.651875046953006 155
0.6577996626213095 156
0.6609036831645302 157
0.6614876078211757 158
0.6674122234894792 159
0.6853499791699391 160
0.6900418650075466 160
0.6925107394330126 160
0.6987665872164892 161
0.6993505118731347 162
0.7052751275414382 163
0.7083791480846588 164
0.7089630727413043 165
0.7148876884096078 166
0.7303155924957144 167
0.7349596716362866 167
0.7373739098365694 167
0.7432643778641334 168
0.7438483025207788 169
0.7497729181890823 170
0.7651905779829672 171
0.7697868504265041 171
0.7721464524016036 171
0.7923481966630925 172
0.7952370870696543 173
0.7956263701740847 174
0.7959644318174057 175
0.7997514051754164 175
0.8021656433756992 175
0.8081790429099254 176
0.8087629675665708 177
0.8146875832348743 178
0.8203492620694837 179
0.8232381524760455 180
0.8236274355804758 181
0.8239654972237969 182
0.8278002772788428 182
0.8302691517043087 182
0.8365249994877854 183
0.8371089241444308 184
0.8430335398127343 185
0.8462604918626172 186
0.8468444165192627 187
0.8527690321875662 188
0.8584409553143973 189
0.8613298457209592 190
0.8617191288253895 191
0.8620571904687105 192
0.8659397772207919 192
0.868463287871441 192
0.8750845154108302 193
0.8756684400674757 194
0.8815930557357792 195
0.8846970762789998 196
0.8852810009356453 197
0.8912056166039488 198
0.8944325686538317 199
0.8950164933104772 200
0.9009411089787807 201
0.9052437117119578 202
0.9098331546273468 202
0.9123020290528128 202
0.9185578768362894 203
0.9191418014929349 204
0.9250664171612383 205
0.928170437704459 206
0.9287543623611044 207
0.9346789780294079 208
0.9483448638533564 209
0.95288650007171 209
0.9553007382719928 209
0.9611912062995568 210
0.9617751309562023 211
0.9676997466245058 212
0.9813485586280843 213
0.9858423881494027 213
0.9882019901245023 213
