0.011695566953279198 0
0.014164441378745143 0
0.019539280031142647 0
0.02013686374408392 0
0.02037931199333438 0
0.02062176024258484 0
0.029151840899312265 0
0.02974942461225354 0
0.02999528762557795 0
0.03023773587482841 0
0.04983506689522821 0
0.052358577545877354 0
0.05809879595418752 0
0.0586963796671288 0
0.058938827916379256 0
0.059181276165629716 0
0.06771135682235714 0
0.06830894053529842 0
0.06855138878454888 0
0.06879383703379933 0
0.07732391769052677 0
0.07792150140346804 0
0.07816736441679244 0
0.0784098126660429 0
0.09806519467569985 0
0.1006433415515322 0
0.10674893971575504 0
0.10734652342869631 0
0.10758897167794677 0
0.10783141992719723 0
0.11636150058392465 0
0.11695908429686593 0
0.11720153254611639 0
0.11744398079536685 0
0.12597406145209428 0
0.12657164516503555 0
0.126814093414286 0
0.12705654166353647 0
0.1355866223202639 0
0.13618420603320516 0
0.13643006904652957 0
0.13667251729578003 0
0.15638595029469413 0
0.15901873339570968 0
0.1654897113158452 0
0.16608729502878647 0
0.16632974327803693 0
0.1665721915272874 0
0.1751022721840148 0
0.17569985589695608 0
0.17594230414620654 0
0.176184752395457 0
0.18471483305218442 0
0.1853124167651257 0
0.18555486501437615 0
0.1857973132636266 0
0.19432739392035403 0
0.1949249776332953 0
0.19516742588254576 0
0.19540987413179622 0
0.20393995478852367 0
0.20453753850146494 0
0.20478340151478935 0
0.2050258497640398 0
0.215215505760707 0
0.2207132759197667 0
0.22329142279559905 0
0.2293970209598219 0
0.22999460467276317 0
0.23023705292201363 0
0.2304795011712641 0
0.2390095818279915 0
0.23960716554093278 0
0.23984961379018324 0
0.2400920620394337 0
0.24862214269616112 0
0.2492197264091024 0
0.24946217465835285 0
0.2497046229076033 0
0.25823470356433076 0
0.25883228727727203 0
0.2590747355265225 0
0.25931718377577295 0
0.28040676669648895 0
0.2858259972818478 0
0.2883495079324969 0
0.2940897263408071 0
0.2946873100537484 0
0.29492975830299883 0
0.2951722065522493 0
0.30370228720897674 0
0.304299870921918 0
0.3045423191711685 0
0.30478476742041893 0
0.3133148480771463 0
0.3139124317900876 0
0.31415488003933806 0
0.3143973282885885 0
0.3354630078607869 0
0.34083443174911043 0
0.3433033061745764 0
0.3486781448269739 0
0.3492757285399152 0
0.34951817678916564 0
0.3497606250384161 0
0.35829070569514354 0
0.3588882894080848 0
0.3591307376573353 0
0.35937318590658573 0
0.392769578549818 0
0.39529308920046713 0
0.4010333076087773 0
0.4016308913217186 0
0.40187333957096905 0
0.4021157878202195 0
0.41064586847694695 0
0.4112434521898882 0
0.4114859004391387 0
0.41172834868838915 0
0.42025842934511654 0
0.4208560130580578 0
0.4211018760713822 0
0.4213443243206327 0
0.4409997063302896 0
0.443577853206122 0
0.4496834513703448 0
0.4502810350832861 0
0.45052348333253656 0
0.450765931581787 0
0.45929601223851446 0
0.45989359595145574 0
0.4601360442007062 0
0.46037849244995666 0
0.46890857310668405 0
0.4695061568196253 0
0.4697486050688758 0
0.46999105331812624 0
0.4785211339748537 0
0.47911871768779496 0
0.47936458070111937 0
0.47960702895036983 0
0.4993204619492839 0
0.5019532450502995 0
0.508424222970435 0
0.5090218066833763 0
0.5092642549326267 0
0.5095067031818772 0
0.5180367838386046 0
0.5186343675515459 0
0.5188768158007964 0
0.5191192640500468 0
0.5276493447067742 0
0.5282469284197154 0
0.5284893766689659 0
0.5287318249182164 0
0.5372619055749438 0
0.5378594892878851 0
0.5381019375371355 0
0.538344385786386 0
0.5468744664431134 0
0.5474720501560547 0
0.5477179131693791 0
0.5479603614186296 0
0.558132943594927 0
0.5639073096439767 0
0.5664854565198091 0
0.5725910546840319 0
0.5731886383969732 0
0.5734310866462237 0
0.5736735348954741 0
0.5822036155522015 0
0.5828011992651427 0
0.5830436475143932 0
0.5832860957636437 0
0.5918161764203711 0
0.5924137601333124 0
0.5926562083825628 0
0.5928986566318133 0
0.6014287372885407 0
0.602026321001482 0
0.6022687692507325 0
0.6025112174999829 0
0.6260969929587564 0
0.6318235523107708 0
0.63434706296142 0
0.6400872813697301 0
0.6406848650826714 0
0.6409273133319219 0
0.6411697615811723 0
0.6496998422378998 0
0.6502974259508411 0
0.6505398742000915 0
0.650782322449342 0
0.6593124031060694 0
0.6599099868190107 0
0.6601524350682612 0
0.6603948833175116 0
0.6839601701918414 0
0.689331594080165 0
0.6918004685056309 0
0.6971753071580284 0
0.6977728908709697 0
0.6980153391202202 0
0.6982577873694706 0
0.7067878680261981 0
0.7073854517391394 0
0.7076278999883898 0
0.7078703482376403 0
0.7289257835176167 0
0.734249400708905 0
0.7366636389091877 0
0.7416730978056726 0
0.7422706815186139 0
0.7425131297678643 0
0.7427555780171148 0
0.7638007690048695 0
0.7690765794991224 0
0.771436181474222 0
0.7990411342480348 0
0.8014553724483175 0
0.8064648313448024 0
0.8070624150577437 0
0.8073082780710681 0
0.8075507263203185 0
0.8270900063514611 0
0.8295588807769271 0
0.8349337194293246 0
0.8355313031422659 0
0.8357737513915163 0
0.8360161996407668 0
0.8445462802974942 0
0.8451438640104355 0
0.8453897270237599 0
0.8456321752730104 0
0.8652295062934102 0
0.8677530169440594 0
0.8734932353523696 0
0.8740908190653108 0
0.8743332673145613 0
0.8745757155638118 0
0.8831057962205391 0
0.8837033799334804 0
0.8839458281827308 0
0.8841882764319813 0
0.8927183570887087 0
0.89331594080165 0
0.8935618038149744 0
0.8938042520642249 0
0.9039563456560786 0
0.9091228836999652 0
0.9115917581254311 0
0.9169665967778287 0
0.9175641804907699 0
0.9178066287400204 0
0.9180490769892709 0
0.9265791576459982 0
0.9271767413589395 0
0.9274191896081899 0
0.9276616378574404 0
0.9470574977974772 0
0.9521762291443284 0
0.9545904673446112 0
0.959599926241096 0
0.9601975099540373 0
0.9604399582032878 0
0.9606824064525382 0
0.9800611925722051 0
0.9851321172220211 0
0.9874917191971206 0
