0.02300185080212808 0
0.023667729796548357 0
0.024978999200945207 0
0.025641463431291533 0
0.03273734317695991 0
0.03340322217138018 0
0.03471449157577703 0
0.03537695580612336 0
0.061561366725172956 0
0.06222724571959323 0
0.06353851512399009 0
0.06420097935433641 0
0.07117392759334258 0
0.07183980658776286 0
0.0731510759921597 0
0.07381354022250602 0
0.0809094199681744 0
0.08157529896259468 0
0.08288656836699153 0
0.08354903259733786 0
0.11021151048674047 0
0.11087738948116074 0
0.1121886588855576 0
0.11285112311590392 0
0.11982407135491009 0
0.12048995034933037 0
0.12180121975372722 0
0.12246368398407353 0
0.12943663222307972 0
0.1301025112175 0
0.13141378062189682 0
0.13207624485224315 0
0.13917212459791153 0
0.1398380035923318 0
0.14114927299672866 0
0.141811737227075 0
0.1689522820868306 0
0.16961816108125088 0
0.17092943048564774 0
0.17159189471599406 0
0.17856484295500025 0
0.17923072194942052 0
0.18054199135381738 0
0.1812044555841637 0
0.18817740382316986 0
0.18884328281759014 0
0.190154552221987 0
0.19081701645233332 0
0.19778996469133947 0
0.19845584368575975 0
0.1997671130901566 0
0.20042957732050293 0
0.2075254570661713 0
0.20819133606059156 0
0.20950260546498842 0
0.21016506969533474 0
0.2328595917308073 0
0.23352547072522759 0
0.23483674012962444 0
0.23549920435997077 0
0.24247215259897695 0
0.24313803159339722 0
0.24444930099779405 0
0.24511176522814038 0
0.25208471346714656 0
0.25275059246156684 0
0.2540618618659637 0
0.25472432609631 0
0.2616972743353162 0
0.2623631533297365 0
0.2636744227341333 0
0.2643368869644796 0
0.26764920811621123 0
0.29755229711179254 0
0.2982181761062128 0
0.29952944551060967 0
0.300191909740956 0
0.3071648579799622 0
0.30783073697438246 0
0.3091420063787793 0
0.30980447060912564 0
0.31677741884813176 0
0.31744329784255204 0
0.3187545672469489 0
0.3194170314772952 0
0.32272935262902686 0
0.35214071559795934 0
0.3528065945923796 0
0.35411786399677647 0
0.3547803282271228 0
0.361753276466129 0
0.36241915546054926 0
0.36373042486494606 0
0.3643928890952924 0
0.367705210247024 0
0.40449587837976275 0
0.40516175737418303 0
0.4064730267785799 0
0.4071354910089262 0
0.41410843924793234 0
0.4147743182423526 0
0.41608558764674947 0
0.4167480518770958 0
0.4238439316227642 0
0.42450981061718446 0
0.4258210800215813 0
0.42648354425192764 0
0.45314602214133026 0
0.45381190113575054 0
0.4551231705401474 0
0.4557856347704937 0
0.46275858300949985 0
0.4634244620039201 0
0.464735731408317 0
0.4653981956386633 0
0.4723711438776695 0
0.47303702287208976 0
0.4743482922764866 0
0.47501075650683294 0
0.48210663625250133 0
0.4827725152469216 0
0.48408378465131846 0
0.4847462488816648 0
0.5118867937414204 0
0.5125526727358407 0
0.5138639421402376 0
0.5145264063705839 0
0.5214993546095901 0
0.5221652336040103 0
0.5234765030084072 0
0.5241389672387535 0
0.5311119154777596 0
0.5317777944721799 0
0.5330890638765767 0
0.5337515281069231 0
0.5407244763459292 0
0.5413903553403495 0
0.5427016247447464 0
0.5433640889750927 0
0.5504599687207611 0
0.5511258477151814 0
0.5524371171195782 0
0.5530995813499245 0
0.5760536254550173 0
0.5767195044494375 0
0.5780307738538344 0
0.5786932380841807 0
0.5856661863231869 0
0.5863320653176072 0
0.587643334722004 0
0.5883057989523504 0
0.5952787471913565 0
0.5959446261857768 0
0.5972558955901737 0
0.59791835982052 0
0.6048913080595262 0
0.6055571870539465 0
0.6068684564583433 0
0.6075309206886896 0
0.6108432418404213 0
0.6435498521407156 0
0.6442157311351359 0
0.6455270005395327 0
0.646189464769879 0
0.6531624130088852 0
0.6538282920033055 0
0.6551395614077024 0
0.6558020256380487 0
0.6627749738770549 0
0.6634408528714751 0
0.664752122275872 0
0.6654145865062183 0
0.66872690765795 0
0.7006378779290139 0
0.7013037569234342 0
0.702615026327831 0
0.7032774905581773 0
0.7102504387971835 0
0.7109163177916038 0
0.7122275871960007 0
0.712890051426347 0
0.7162023725780786 0
0.745135668576658 0
0.7458015475710783 0
0.7471128169754752 0
0.7477752812058215 0
0.7510876023575531 0
0.7740928679237552 0
0.81005033362245 0
0.8107162126168703 0
0.8120274820212672 0
0.8126899462516135 0
0.83839629020031 0
0.8390621691947303 0
0.8403734385991272 0
0.8410359028294735 0
0.8481317825751419 0
0.8487976615695622 0
0.850108930973959 0
0.8507713952043053 0
0.8769558061233549 0
0.8776216851177752 0
0.878932954522172 0
0.8795954187525183 0
0.8865683669915245 0
0.8872342459859448 0
0.8885455153903417 0
0.889207979620688 0
0.8963038593663564 0
0.8969697383607766 0
0.8982810077651735 0
0.8989434719955198 0
0.9204291675488141 0
0.9210950465432344 0
0.9224063159476312 0
0.9230687801779776 0
0.9300417284169836 0
0.9307076074114039 0
0.9320188768158008 0
0.9326813410461471 0
0.9359936621978787 0
0.9630624970120815 0
0.9637283760065017 0
0.9650396454108986 0
0.9657021096412449 0
0.9690144307929766 0
0.9901484056466539 0
