0.009977940624082282 1
0.015359608804627688 1
0.015724988560540352 1
0.048069633868995994 1
0.0535537449717599 1
0.05391912472767257 1
0.05428450448358523 1
0.09625195495243234 1
0.10183850897741475 1
0.10220388873332742 1
0.10256926848924008 1
0.10293464824515275 1
0.15452490387439133 1
0.16021390082159223 1
0.1605792805775049 1
0.16094466033341756 1
0.16131004008933023 1
0.1616754198452429 1
0.2244865902214816 1
0.22485196997739426 1
0.22521734973330693 1
0.2255827294892196 1
0.28954467535837947 1
0.28991005511429213 1
0.2902754348702048 1
0.34449847360045893 1
0.3448638533563716 1
0.39100414552358576 1
0.3964882566263497 1
0.39685363638226234 1
0.397219016138175 1
0.4391864666070221 1
0.4447730206320045 1
0.4451384003879172 1
0.44550378014382985 1
0.4458691598997425 1
0.4974594155289811 1
0.503148412476182 1
0.5035137922320947 1
0.5038791719880074 1
0.50424455174392 1
0.5046099314998327 1
0.5676806239456916 1
0.5680460037016043 1
0.568411383457517 1
0.5687767632134296 1
0.6355422303873025 1
0.6359076101432152 1
0.6362729898991278 1
0.6929956359315135 1
0.6933610156874261 1
0.7378588063350703 1
0.7973713146158732 1
0.8026505398742001 1
0.8253723800222642 1
0.8307540482028096 1
0.8311194279587223 1
0.863464073267178 1
0.8689481843699419 1
0.8693135641258546 1
0.8696789438817673 1
0.9127869255513137 1
0.9131523053072264 1
0.9557856347704937 1
