0.00966036756520492 1
0.021984251108090942 2
0.031719743482922766 3
0.04775206081011863 3
0.06054376703113582 4
0.07015632789930544 5
0.07989182027413726 6
0.09593438189355498 6
0.10919391079270334 7
0.11880647166087295 8
0.12841903252904258 9
0.1381545249038744 10
0.15420733081551397 10
0.1679346823927935 11
0.1775472432609631 12
0.18715980412913272 13
0.19677236499730233 14
0.20650785737213415 15
0.21586431093475753 16
0.21687508110064677 17
0.21855855978910418 18
0.23184199203677017 19
0.2414545529049398 20
0.2510671137731094 21
0.26067967464127906 22
0.2713986190694085 22
0.2720201061308674 22
0.27264159319232634 22
0.27326308025378526 22
0.2738845673152442 22
0.2810555718705395 23
0.28205609774420687 24
0.2837190878482206 24
0.2965346974177554 25
0.30614725828592504 26
0.3157598191540946 27
0.3264651045259283 27
0.3270831768233133 27
0.32770124912069826 27
0.32831932141808323 27
0.32894080847954216 27
0.33611181303483745 28
0.33711233890850484 29
0.3387753290125185 29
0.3511231159039222 30
0.36073567677209184 31
0.3714307178517036 31
0.3720487901490886 31
0.37266686244647357 31
0.37328493474385854 31
0.37390642180531747 31
0.3906865724647084 31
0.4034782786857256 32
0.4130908395538952 33
0.42282633192872704 34
0.43886889354814473 34
0.4521284224472931 35
0.46174098331546276 36
0.47135354418363234 37
0.4810890365584642 38
0.49714184247010373 38
0.5108691940473833 39
0.5204817549155529 40
0.5300943157837225 41
0.5397068766518921 42
0.5494423690267239 43
0.5587817487689776 44
0.5599359390259727 45
0.5617525935133142 45
0.5750360257609801 46
0.5846485866291498 47
0.5942611474973194 48
0.603873708365489 49
0.6145892380295446 49
0.6152073103269295 49
0.6158253826243145 49
0.6164434549216995 49
0.6170649419831584 49
0.6176864290446173 49
0.6183079161060763 49
0.6189294031675352 49
0.626745798132807 50
0.6278999883898021 51
0.6297166428771436 51
0.6425322524466784 52
0.6521448133148481 53
0.6617573741830177 54
0.6724626595548514 54
0.6730807318522364 54
0.6736988041496214 54
0.6743168764470063 54
0.6749349487443913 54
0.6755530210417762 54
0.6761710933391611 54
0.6767925804006201 54
0.6846089753658919 55
0.6856095012395593 56
0.687272491343573 56
0.6996202782349767 57
0.7092328391031464 58
0.7199278801827582 58
0.7205459524801432 58
0.7211640247775282 58
0.7217820970749131 58
0.7224035841363721 58
0.7295745886916672 59
0.7305751145653346 60
0.7322381046693484 60
0.7441180688826209 61
0.7548028656700109 61
0.7554209379673958 61
0.7560390102647808 61
0.7566570825621658 61
0.7572785696236247 61
0.76444957417892 62
0.7654501000525874 63
0.7671130901566011 63
0.777797886943991 63
0.778415959241376 63
0.7790340315387609 63
0.7796521038361459 63
0.7802735908976048 63
0.7970537415569958 63
0.8090327339284129 64
0.8250548069633868 64
0.8373786905062729 65
0.8471141828811047 66
0.8631465002083006 66
0.8759382064293177 67
0.8855507672974874 68
0.8952862596723192 69
0.9046051508301292 70
0.905503233781578 71
0.9070637809633733 71
0.919411567854777 72
0.9290241287229465 73
0.9397225845666323 73
0.9403440716280912 73
0.9409655586895501 73
0.9477063029715277 74
0.9486043859229766 75
0.9501649331047718 75
0.9620448973180443 76
0.9727296941054343 76
0.9733477664028193 76
0.9739692534642782 76
0.9807099977462557 77
0.9816080806977046 78
0.9831686278794998 78
0.9938534246668898 78
0.9944714969642747 78
0.9950929840257337 78
