0.0013249284606926507 1
0.0013727351577279526 2
0.0027796179561954066 2
0.0028274246532307085 2
0.01019648552481509 2
0.01594353346127316 3
0.015991340158308463 4
0.018009465726012988 5
0.018234840154893697 5
0.020068568462604918 6
0.02241109661733471 7
0.022615982461771718 7
0.026464421573113513 7
0.026512228270148815 7
0.027823497674545665 7
0.029681129330774537 8
0.03214658899216653 9
0.03235147483660354 9
0.036199913947945334 9
0.036247720644980636 9
0.03755899004937749 9
0.037698995376409444 10
0.03941662170560636 10
0.03946442840264166 10
0.040871311201109116 10
0.04091911789814442 10
0.0482881787697288 10
0.05450304938431804 10
0.05455085608135334 10
0.05656898164905787 10
0.056794356077938576 10
0.058628084385649794 10
0.06097061254037958 11
0.06117549838481659 11
0.0650239374961584 11
0.0650717441931937 11
0.06638301359759054 11
0.06824064525381941 11
0.07058317340854921 12
0.07078805925298622 12
0.07463649836432801 12
0.07468430506136331 12
0.07599557446576016 12
0.07785320612198904 13
0.08031866578338102 14
0.08052355162781803 14
0.08437199073915984 14
0.08441979743619513 14
0.08573106684059198 14
0.08587107216762394 14
0.0875989427890427 14
0.08764674948607801 14
0.08905363228454546 14
0.08910143898158077 14
0.09647049985316515 14
0.10315319314588554 14
0.10320099984292085 14
0.10521912541062538 14
0.10544449983950609 14
0.10727822814721731 14
0.10962075630194709 15
0.1098256421463841 15
0.1136740812577259 15
0.11372188795476121 15
0.11503315735915806 15
0.11689078901538692 15
0.11923331717011672 16
0.11943820301455373 16
0.12328664212589552 16
0.12333444882293082 16
0.12464571822732767 16
0.12650334988355655 16
0.12884587803828634 17
0.12905076388272335 17
0.13289920299406513 17
0.13294700969110043 17
0.13425827909549728 17
0.13611591075172616 18
0.13858137041311816 19
0.13878625625755517 19
0.14263469536889697 19
0.14268250206593228 19
0.1439937714703291 19
0.14413377679736106 19
0.14587189171100168 19
0.14591969840803698 19
0.14732658120650444 19
0.14737438790353974 19
0.15474344877512414 19
0.1618939647459757 19
0.161941771443011 19
0.16395989701071553 19
0.16418527143959624 19
0.16601899974730747 19
0.16836152790203726 20
0.16856641374647427 20
0.17241485285781605 20
0.17246265955485135 20
0.1737739289592482 20
0.17563156061547708 20
0.17797408877020687 21
0.17817897461464388 21
0.18202741372598566 21
0.18207522042302096 21
0.18338648982741781 21
0.1852441214836467 21
0.18758664963837648 22
0.1877915354828135 22
0.1916399745941553 22
0.1916877812911906 22
0.19299905069558745 22
0.1948566823518163 22
0.1971992105065461 23
0.1974040963509831 23
0.2012525354623249 23
0.2013003421593602 23
0.20261161156375707 23
0.20446924321998594 24
0.2069347028813779 25
0.20713958872581492 25
0.21098802783715673 25
0.21103583453419203 25
0.21234710393858888 25
0.21248710926562084 25
0.2151130628384885 25
0.21911858109723198 25
0.2258012743899524 25
0.2258490810869877 25
0.22786720665469223 25
0.22809258108357294 25
0.22992630939128417 25
0.23226883754601393 26
0.23247372339045094 26
0.23632216250179275 26
0.23636996919882805 26
0.2376812386032249 26
0.23953887025945378 26
0.24188139841418357 27
0.24208628425862058 27
0.24593472336996236 27
0.24598253006699766 27
0.24729379947139452 27
0.2491514311276234 27
0.2514939592823532 28
0.2516988451267902 28
0.255547284238132 28
0.2555950909351673 28
0.25690636033956415 28
0.25876399199579303 28
0.2611065201505228 29
0.26131140599495983 29
0.2651598451063016 29
0.2652076518033369 29
0.26651892120773374 29
0.2666589265347657 29
0.2803213975946402 29
0.2842791091563484 29
0.2904939797709376 29
0.2905417864679729 29
0.29255991203567744 29
0.29278528646455815 29
0.29461901477226937 29
0.29696154292699917 30
0.2971664287714362 30
0.301014867882778 30
0.3010626745798133 30
0.30237394398421014 30
0.304231575640439 30
0.3065741037951688 31
0.3067789896396058 31
0.3106274287509476 31
0.3106752354479829 31
0.3119865048523798 31
0.3138441365086086 31
0.3161866646633384 32
0.3163915505077754 32
0.3202399896191172 32
0.3202877963161525 32
0.32159906572054936 32
0.3217390710475813 32
0.33537763875893817 32
0.3393353503206463 32
0.3450823982571044 32
0.3451302049541397 32
0.34714833052184424 32
0.34737370495072495 32
0.3492074332584362 32
0.35154996141316597 33
0.351754847257603 33
0.3556032863689448 33
0.3556510930659801 33
0.35696236247037694 33
0.3588199941266058 33
0.3611625222813356 34
0.3613674081257726 34
0.36521584723711437 34
0.36526365393414967 34
0.3665749233385465 34
0.3667149286655785 34
0.38235113336019616 34
0.38239894005723146 34
0.3838058228556989 34
0.3838536295527342 34
0.39122269042431856 34
0.3974375610389078 34
0.3974853677359431 34
0.39950349330364765 34
0.39972886773252836 34
0.4015625960402396 34
0.4039051241949694 35
0.4041100100394064 35
0.4079584491507482 35
0.4080062558477835 35
0.40931752525218035 35
0.4111751569084092 35
0.41351768506313896 36
0.41372257090757597 36
0.4175710100189178 36
0.4176188167159531 36
0.41893008612034993 36
0.4207877177765788 37
0.4232531774379708 38
0.4234580632824078 38
0.4273065023937496 38
0.4273543090907849 38
0.4286655784951818 38
0.42880558382221373 38
0.4305334544436325 38
0.4305812611406678 38
0.43198814393913526 38
0.43203595063617056 38
0.4394050115077549 38
0.4460877048004753 38
0.44613551149751063 38
0.44815363706521516 38
0.44837901149409587 38
0.4502127398018071 38
0.4525552679565369 39
0.4527601538009739 39
0.4566085929123157 39
0.456656399609351 39
0.45796766901374786 39
0.45982530066997673 39
0.46216782882470653 40
0.46237271466914354 40
0.4662211537804853 40
0.4662689604775206 40
0.46758022988191744 40
0.4694378615381463 40
0.4717803896928761 41
0.4719852755373131 41
0.4758337146486549 41
0.47588152134569023 41
0.4771927907500871 41
0.47905042240631596 42
0.48151588206770796 43
0.48172076791214496 43
0.48556920702348677 43
0.4856170137205221 43
0.4869282831249189 43
0.4870682884519509 43
0.48880640336559145 43
0.48885421006262675 43
0.4902610928610942 43
0.4903088995581295 43
0.4976779604297139 43
0.5048284764005655 43
0.5048762830976008 43
0.5068944086653053 43
0.507119783094186 43
0.5089535114018973 43
0.5112960395566271 44
0.5115009254010641 44
0.5153493645124059 44
0.5153971712094412 44
0.516708440613838 44
0.5185660722700669 44
0.5209086004247967 45
0.5211134862692337 45
0.5249619253805755 45
0.5250097320776107 45
0.5263210014820076 45
0.5281786331382364 45
0.5305211612929662 46
0.5307260471374032 46
0.534574486248745 46
0.5346222929457803 46
0.5359335623501772 46
0.5377911940064061 46
0.5401337221611359 47
0.5403386080055729 47
0.5441870471169147 47
0.54423485381395 47
0.5455461232183468 47
0.5474037548745757 48
0.5498692145359677 49
0.5500741003804047 49
0.5539225394917465 49
0.5539703461887818 49
0.5552816155931787 49
0.5554216209202106 49
0.5580475744930783 49
0.562312614821442 49
0.5689953081141624 49
0.5690431148111977 49
0.5710612403789023 49
0.571286614807783 49
0.5731203431154942 49
0.5754628712702239 50
0.5756677571146609 50
0.5795161962260027 50
0.579564002923038 50
0.5808752723274349 50
0.5827329039836637 50
0.5850754321383935 51
0.5852803179828305 51
0.5891287570941723 51
0.5891765637912076 51
0.5904878331956045 51
0.5923454648518334 51
0.5946879930065632 52
0.5948928788510002 52
0.598741317962342 52
0.5987891246593773 52
0.6001003940637741 52
0.601958025720003 52
0.6043005538747328 53
0.6045054397191698 53
0.6083538788305116 53
0.6084016855275469 53
0.6097129549319438 53
0.6098529602589757 53
0.6260116238569077 53
0.6302766641852714 53
0.6364915347998606 53
0.636539341496896 53
0.6385574670646005 53
0.6387828414934812 53
0.6406165698011924 53
0.6429590979559222 54
0.6431639838003592 54
0.647012422911701 54
0.6470602296087363 54
0.6483714990131332 54
0.650229130669362 54
0.6525716588240918 55
0.6527765446685289 55
0.6566249837798707 55
0.656672790476906 55
0.6579840598813028 55
0.6598416915375317 55
0.6621842196922615 56
0.6623891055366985 56
0.6662375446480403 56
0.6662853513450756 56
0.6675966207494725 56
0.6677366260765044 56
0.6838748010899927 56
0.6878325126517009 56
0.693579560588159 56
0.6936273672851943 56
0.6956454928528988 56
0.6958708672817795 56
0.6977045955894907 56
0.7000471237442205 57
0.7002520095886575 57
0.7041004486999993 57
0.7041482553970346 57
0.7054595248014315 57
0.7073171564576604 57
0.7096596846123902 58
0.7098645704568272 58
0.713713009568169 58
0.7137608162652043 58
0.7150720856696011 58
0.7152120909966331 58
0.728840414415768 58
0.7327981259774762 58
0.7380773512358031 58
0.7381251579328384 58
0.7401432835005429 58
0.7403686579294236 58
0.7422023862371349 58
0.7445449143918647 59
0.7447498002363017 59
0.7485982393476435 59
0.7486460460446788 59
0.7499573154490756 59
0.7500973207761076 59
0.7637153999030207 59
0.7676731114647289 59
0.7724401221119633 59
0.7724879288089986 59
0.7727611099349146 59
0.7729864843637954 59
0.7731025863423097 59
0.7887183024524835 59
0.7887661091495188 59
0.7901729919479863 59
0.7902207986450216 59
0.797589859516606 59
0.8028690847749329 59
0.8029168914719682 59
0.8049350170396727 59
0.8051603914685534 59
0.8069941197762647 60
0.8094595794376567 61
0.8096644652820937 61
0.8135129043934355 61
0.8135607110904708 61
0.8148719804948676 61
0.8150119858218996 61
0.8167193678588747 61
0.81676717455591 61
0.8181740573543774 61
0.8182218640514127 61
0.825590924922997 61
0.8313379728594551 61
0.8313857795564904 61
0.8334039051241949 61
0.8336292795530756 61
0.8354630078607869 61
0.8378055360155167 62
0.8380104218599537 62
0.8418588609712955 62
0.8419066676683308 62
0.8432179370727276 62
0.8450755687289565 63
0.8475410283903485 64
0.8477459142347855 64
0.8515943533461273 64
0.8516421600431626 64
0.8529534294475595 64
0.8530934347745914 64
0.8548110611037883 64
0.8548588678008237 64
0.8562657505992911 64
0.8563135572963264 64
0.8636826181679108 64
0.8698974887825001 64
0.8699452954795354 64
0.8719634210472399 64
0.8721887954761206 64
0.8740225237838318 64
0.8763650519385615 65
0.8765699377829985 65
0.8804183768943403 65
0.8804661835913756 65
0.8817774529957725 65
0.8836350846520014 65
0.8859776128067312 66
0.8861824986511682 66
0.89003093776251 66
0.8900787444595453 66
0.8913900138639421 66
0.893247645520171 67
0.895713105181563 68
0.895917991026 68
0.8997664301373418 68
0.8998142368343771 68
0.901125506238774 68
0.9012655115658059 68
0.9038709765542299 68
0.9076238022715011 68
0.9133708502079592 68
0.9134186569049945 68
0.915436782472699 68
0.9156621569015797 68
0.9174958852092909 68
0.9198384133640207 69
0.9200432992084577 69
0.9238917383197995 69
0.9239395450168348 69
0.9252508144212316 69
0.9271084460774605 69
0.9294509742321903 70
0.9296558600766273 70
0.9335042991879691 70
0.9335521058850044 70
0.9348633752894012 70
0.9350033806164332 70
0.9469721286956284 70
0.9507249544128996 70
0.9560041796712265 70
0.9560519863682618 70
0.9580701119359664 70
0.9582954863648471 70
0.9601292146725583 70
0.9624717428272881 71
0.9626766286717251 71
0.9665250677830669 71
0.9665728744801022 71
0.9678841438844991 71
0.968024149211531 71
0.9799758234703564 71
0.9837286491876276 71
0.988495659834862 71
0.9885434665318973 71
0.9888166476578133 71
0.989042022086694 71
0.9891581240652083 71
