0.02323063999508274 1
0.023893104225429066 2
0.025204373629825916 3
0.02586683786017224 4
0.026303927661637857 4
0.03296613236991456 5
0.033628596600260886 6
0.03493986600465774 7
0.035602330235004066 8
0.03603942003646968 8
0.061790155918127615 9
0.06245262014847394 10
0.0637638895528708 11
0.06442635378321712 12
0.06486344358468274 12
0.07140271678629724 13
0.07206518101664355 14
0.0733764504210404 15
0.07403891465138673 16
0.07447600445285235 16
0.08113820916112906 17
0.08180067339147538 18
0.08311194279587224 19
0.08377440702621856 20
0.08421149682768418 20
0.11044029967969513 21
0.11110276391004145 22
0.1124140333144383 23
0.11307649754478463 24
0.11351358734625025 24
0.12005286054786475 25
0.12071532477821108 26
0.12202659418260792 27
0.12268905841295424 28
0.12312614821441986 28
0.12966542141603438 29
0.1303278856463807 30
0.13163915505077753 31
0.13230161928112386 32
0.13273870908258947 32
0.1394009137908662 33
0.14006337802121252 34
0.14137464742560937 35
0.1420371116559557 36
0.14247420145742132 36
0.16918107127978527 37
0.1698435355101316 38
0.17115480491452845 39
0.17181726914487477 40
0.1722543589463404 40
0.1787936321479549 41
0.17945609637830123 42
0.1807673657826981 43
0.18142983001304439 44
0.18186691981451 44
0.18840619301612452 45
0.18906865724647084 46
0.1903799266508677 47
0.19104239088121402 48
0.19147948068267964 48
0.19801875388429413 49
0.19868121811464046 50
0.1999924875190373 51
0.20065495174938364 52
0.20109204155084925 52
0.20775424625912595 53
0.20841671048947227 54
0.20972797989386913 55
0.21039044412421545 56
0.21082753392568107 56
0.23308838092376197 57
0.2337508451541083 58
0.23506211455850515 59
0.23572457878885147 60
0.2361616685903171 60
0.2427009417919316 61
0.24336340602227793 62
0.24467467542667476 63
0.24533713965702109 64
0.2457742294584867 64
0.2523135026601012 65
0.25297596689044755 66
0.2542872362948444 67
0.2549497005251907 68
0.25538679032665634 68
0.26192606352827086 69
0.26258852775861713 70
0.263899797163014 71
0.2645622613933603 72
0.2649993511948259 72
0.2678779973091659 72
0.2977810863047472 73
0.2984435505350935 74
0.2997548199394904 75
0.3004172841698367 76
0.3008543739713023 76
0.30739364717291684 77
0.30805611140326317 78
0.30936738080766 79
0.31002984503800635 80
0.31046693483947196 80
0.3170062080410864 81
0.31766867227143275 82
0.3189799416758296 83
0.31964240590617593 84
0.32007949570764155 84
0.3229581418219815 84
0.352369504790914 85
0.35303196902126033 86
0.3543432384256572 87
0.3550057026560035 88
0.3554427924574691 88
0.36198206565908364 89
0.3626445298894299 90
0.36395579929382676 91
0.3646182635241731 92
0.3650553533256387 92
0.3679339994399787 92
0.4047246675727174 93
0.40538713180306374 94
0.4066984012074606 95
0.4073608654378069 96
0.40779795523927254 96
0.414337228440887 97
0.4149996926712333 98
0.4163109620756302 99
0.4169734263059765 100
0.4174105161074421 100
0.42407272081571884 101
0.42473518504606517 102
0.426046454450462 103
0.42670891868080835 104
0.42714600848227396 104
0.4533748113342849 105
0.45403727556463125 106
0.4553485449690281 107
0.45601100919937443 108
0.45644809900084005 108
0.4629873722024545 109
0.46364983643280083 110
0.4649611058371977 111
0.465623570067544 112
0.46606065986900963 112
0.47259993307062415 113
0.47326239730097047 114
0.4745736667053673 115
0.47523613093571365 116
0.47567322073717927 116
0.482335425445456 117
0.4829978896758023 118
0.48430915908019917 119
0.4849716233105455 120
0.4854087131120111 120
0.5121155829343751 121
0.5127780471647214 122
0.5140893165691183 123
0.5147517807994646 124
0.5151888706009302 124
0.5217281438025447 125
0.5223906080328911 126
0.5237018774372879 127
0.5243643416676342 128
0.5248014314690999 128
0.5313407046707143 129
0.5320031689010606 130
0.5333144383054574 131
0.5339769025358038 132
0.5344139923372694 132
0.5409532655388839 133
0.5416157297692302 134
0.5429269991736271 135
0.5435894634039734 136
0.544026553205439 136
0.5506887579137157 137
0.5513512221440621 138
0.5526624915484589 139
0.5533249557788052 140
0.5537620455802709 140
0.5762824146479719 141
0.5769448788783182 142
0.5782561482827151 143
0.5789186125130614 144
0.579355702314527 144
0.5858949755161416 145
0.5865574397464879 146
0.5878687091508847 147
0.5885311733812311 148
0.5889682631826967 148
0.5955075363843112 149
0.5961700006146575 150
0.5974812700190544 151
0.5981437342494007 152
0.5985808240508663 152
0.6051200972524808 153
0.6057825614828272 154
0.607093830887224 155
0.6077562951175703 156
0.608193384919036 156
0.6110720310333759 156
0.6437786413336702 157
0.6444411055640166 158
0.6457523749684134 159
0.6464148391987597 160
0.6468519290002254 160
0.6533912022018399 161
0.6540536664321862 162
0.6553649358365831 163
0.6560274000669294 164
0.656464489868395 164
0.6630037630700095 165
0.6636662273003558 166
0.6649774967047527 167
0.665639960935099 168
0.6660770507365646 168
0.6689556968509046 168
0.7008666671219685 169
0.7015291313523149 170
0.7028404007567117 171
0.703502864987058 172
0.7039399547885237 172
0.7104792279901382 173
0.7111416922204845 174
0.7124529616248814 175
0.7131154258552277 176
0.7135525156566933 176
0.7164311617710333 176
0.7453644577696127 177
0.746026921999959 178
0.7473381914043559 179
0.7480006556347022 180
0.7484377454361678 180
0.7513163915505078 180
0.7743216571167099 180
0.8102791228154047 181
0.810941587045751 182
0.8122528564501479 183
0.8129153206804942 184
0.8133524104819598 184
0.8386250793932647 185
0.839287543623611 186
0.8405988130280079 187
0.8412612772583542 188
0.8416983670598198 188
0.8483605717680965 189
0.8490230359984429 190
0.8503343054028397 191
0.850996769633186 192
0.8514338594346517 192
0.8771845953163095 193
0.8778470595466559 194
0.8791583289510527 195
0.879820793181399 196
0.8802578829828647 196
0.8867971561844792 197
0.8874596204148255 198
0.8887708898192224 199
0.8894333540495687 200
0.8898704438510343 200
0.896532648559311 201
0.8971951127896574 202
0.8985063821940542 203
0.8991688464244005 204
0.8996059362258662 204
0.9206579567417688 205
0.9213204209721151 206
0.9226316903765119 207
0.9232941546068583 208
0.9237312444083239 208
0.9302705176099383 209
0.9309329818402846 210
0.9322442512446815 211
0.9329067154750278 212
0.9333438052764934 212
0.9362224513908334 212
0.9632912862050361 213
0.9639537504353825 214
0.9652650198397793 215
0.9659274840701256 216
0.9663645738715912 216
0.9692432199859312 216
0.9903771948396085 216
