0.2686429044617307 1
0.2686770521024702 2
0.2687111997432097 3
0.26874534738394923 4
0.26877949502468873 5
0.26881364266542823 6
0.26884779030616773 7
0.26888193794690723 8
0.26891608558764674 9
0.32372304897454635 10
0.32375719661528585 11
0.32379134425602535 11
0.32382549189676485 11
0.32385963953750435 11
0.32389378717824385 11
0.32392793481898335 11
0.32396208245972286 11
0.32399623010046236 11
0.3686989065925435 12
0.368733054233283 13
0.3687672018740225 13
0.368801349514762 13
0.3688354971555015 13
0.368869644796241 13
0.3689037924369805 13
0.36893794007772 13
0.3689720877184595 13
0.6118369381859408 14
0.6118710858266803 15
0.6119052334674198 15
0.6119393811081593 15
0.6119735287488988 15
0.6120076763896383 15
0.6120418240303778 15
0.6120759716711173 15
0.6121101193118568 15
0.6697206040034694 16
0.669754751644209 17
0.6697888992849484 17
0.669823046925688 17
0.6698571945664274 17
0.669891342207167 17
0.6699254898479065 17
0.669959637488646 17
0.6699937851293855 17
0.7171960689235981 18
0.7172302165643376 19
0.7172643642050771 19
0.7172985118458166 19
0.7173326594865561 19
0.7173668071272956 19
0.7174009547680351 19
0.7174351024087746 19
0.7174692500495141 19
0.7520812987030726 20
0.7521154463438121 21
0.7521495939845516 21
0.7521837416252911 21
0.7522178892660306 21
0.7522520369067701 21
0.7522861845475096 21
0.7523203321882491 21
0.7523544798289886 21
0.7750865642692746 22
0.7751207119100141 23
0.7751548595507536 23
0.7751890071914931 23
0.7752231548322326 23
0.7752573024729721 23
0.7752914501137116 23
0.7753255977544511 23
0.7753597453951906 23
0.9369873585433982 24
0.9370215061841377 25
0.9370556538248772 25
0.9370898014656167 25
0.9371239491063562 25
0.9371580967470957 25
0.9371922443878352 25
0.9372263920285747 25
0.9372605396693142 25
0.970008127138496 26
0.9700422747792355 27
0.970076422419975 27
0.9701105700607145 27
0.970144717701454 27
0.9701788653421936 27
0.970213012982933 27
0.9702471606236726 27
0.9702813082644121 27
0.9911421019921733 28
0.9911762496329128 29
0.9912103972736523 29
0.9912445449143918 29
0.9912786925551313 29
0.9913128401958708 29
0.9913469878366103 29
0.9913811354773499 29
0.9914152831180894 29
