0.02299843603805413 1
0.023664315032474407 2
0.024975584436871257 3
0.025638048667217583 4
0.03273392841288596 5
0.03339980740730623 6
0.03471107681170308 7
0.03537354104204941 8
0.061557951961099006 9
0.06222383095551928 10
0.06353510035991614 11
0.06419756459026246 12
0.07117051282926863 13
0.07183639182368891 14
0.07314766122808575 15
0.07381012545843207 16
0.08090600520410045 17
0.08157188419852072 18
0.08288315360291758 19
0.0835456178332639 20
0.11020809572266652 21
0.11087397471708679 22
0.11218524412148365 23
0.11284770835182997 24
0.11982065659083614 25
0.12048653558525642 26
0.12179780498965327 27
0.12246026921999958 28
0.12943321745900577 29
0.13009909645342604 30
0.13141036585782287 31
0.1320728300881692 32
0.13916870983383758 33
0.13983458882825786 34
0.14114585823265471 35
0.14180832246300104 36
0.16894886732275666 37
0.16961474631717693 38
0.1709260157215738 39
0.17158847995192011 40
0.1785614281909263 41
0.17922730718534657 42
0.18053857658974343 43
0.18120104082008975 44
0.1881739890590959 45
0.18883986805351619 46
0.19015113745791304 47
0.19081360168825937 48
0.19778654992726552 49
0.1984524289216858 50
0.19976369832608265 51
0.20042616255642898 52
0.20752204230209734 53
0.20818792129651761 54
0.20949919070091447 55
0.2101616549312608 56
0.23285617696673336 57
0.23352205596115364 58
0.2348333253655505 59
0.23549578959589682 60
0.242468737834903 61
0.24313461682932327 62
0.2444458862337201 63
0.24510835046406643 64
0.2520812987030726 65
0.2527471776974929 66
0.25405844710188974 67
0.25472091133223607 68
0.26169385957124225 69
0.2623597385656625 70
0.2636710079700593 71
0.26433347220040565 72
0.2676457933521373 72
0.2975488823477186 73
0.29821476134213887 74
0.2995260307465357 75
0.30018849497688205 76
0.30716144321588823 77
0.3078273222103085 78
0.30913859161470536 79
0.3098010558450517 80
0.3167740040840578 81
0.3174398830784781 82
0.31875115248287494 83
0.31941361671322127 84
0.3227259378649529 84
0.3521373008338854 85
0.35280317982830567 86
0.3541144492327025 87
0.35477691346304885 88
0.36174986170205503 89
0.3624157406964753 90
0.3637270101008721 91
0.36438947433121843 92
0.36770179548295007 92
0.4044924636156888 93
0.4051583426101091 94
0.40646961201450593 95
0.40713207624485226 96
0.4141050244838584 97
0.41477090347827866 98
0.4160821728826755 99
0.41674463711302184 100
0.42384051685869023 101
0.4245063958531105 102
0.42581766525750736 103
0.4264801294878537 104
0.4531426073772563 105
0.4538084863716766 106
0.45511975577607344 107
0.45578222000641977 108
0.4627551682454259 109
0.4634210472398462 110
0.464732316644243 111
0.46539478087458935 112
0.47236772911359554 113
0.4730336081080158 114
0.47434487751241267 115
0.475007341742759 116
0.4821032214884274 117
0.48276910048284766 118
0.4840803698872445 119
0.48474283411759084 120
0.5118833789773465 121
0.5125492579717668 122
0.5138605273761636 123
0.5145229916065099 124
0.5214959398455161 125
0.5221618188399364 126
0.5234730882443333 127
0.5241355524746796 128
0.5311085007136856 129
0.5317743797081059 130
0.5330856491125028 131
0.5337481133428491 132
0.5407210615818553 133
0.5413869405762756 134
0.5426982099806724 135
0.5433606742110187 136
0.5504565539566871 137
0.5511224329511074 138
0.5524337023555043 139
0.5530961665858506 140
0.5760502106909433 141
0.5767160896853636 142
0.5780273590897604 143
0.5786898233201068 144
0.585662771559113 145
0.5863286505535332 146
0.5876399199579301 147
0.5883023841882764 148
0.5952753324272826 149
0.5959412114217029 150
0.5972524808260997 151
0.597914945056446 152
0.6048878932954522 153
0.6055537722898725 154
0.6068650416942694 155
0.6075275059246157 156
0.6108398270763473 156
0.6435464373766416 157
0.6442123163710619 158
0.6455235857754588 159
0.6461860500058051 160
0.6531589982448113 161
0.6538248772392315 162
0.6551361466436284 163
0.6557986108739747 164
0.6627715591129809 165
0.6634374381074012 166
0.664748707511798 167
0.6654111717421444 168
0.668723492893876 168
0.7006344631649399 169
0.7013003421593602 170
0.7026116115637571 171
0.7032740757941034 172
0.7102470240331096 173
0.7109129030275299 174
0.7122241724319267 175
0.712886636662273 176
0.7161989578140047 176
0.7451322538125841 177
0.7457981328070044 178
0.7471094022114012 179
0.7477718664417475 180
0.7510841875934792 180
0.7740894531596813 180
0.8100469188583761 181
0.8107127978527964 182
0.8120240672571932 183
0.8126865314875396 184
0.8383928754362361 185
0.8390587544306564 186
0.8403700238350532 187
0.8410324880653995 188
0.8481283678110679 189
0.8487942468054882 190
0.8501055162098851 191
0.8507679804402314 192
0.8769523913592809 193
0.8776182703537012 194
0.8789295397580981 195
0.8795920039884444 196
0.8865649522274506 197
0.8872308312218709 198
0.8885421006262677 199
0.889204564856614 200
0.8963004446022824 201
0.8969663235967027 202
0.8982775930010996 203
0.8989400572314459 204
0.9204257527847401 205
0.9210916317791604 206
0.9224029011835573 207
0.9230653654139036 208
0.9300383136529097 209
0.93070419264733 210
0.9320154620517268 211
0.9326779262820731 212
0.9359902474338048 212
0.9630590822480075 213
0.9637249612424278 214
0.9650362306468246 215
0.965698694877171 216
0.9690110160289026 216
0.9901449908825799 216
