0.000365379755912664 0
0.0005873394207194225 0
0.0018200692514154196 0
0.0020420289162221784 0
0.016558190994584183 0
0.0169543036271624 0
0.027321527355674998 0
0.03705701973050682 0
0.03780143829862795 0
0.038457073000826375 0
0.038679032665633134 0
0.03991176249632913 0
0.040133722161135886 0
0.05511770691762906 0
0.055513819550207275 0
0.06588104327871987 0
0.07549360414688949 0
0.08522909652172131 0
0.08597351508984244 0
0.08663939408426272 0
0.08686135374906948 0
0.08809408357976548 0
0.08831604324457223 0
0.10376785067919657 0
0.10416396331177478 0
0.11453118704028739 0
0.124143747908457 0
0.13375630877662661 0
0.14349180115145846 0
0.14423621971957956 0
0.1449123430062217 0
0.14513430267102845 0
0.14636703250172445 0
0.1465889921665312 0
0.16250862227928672 0
0.16290473491186494 0
0.17327195864037753 0
0.18288451950854714 0
0.19249708037671678 0
0.2021096412448864 0
0.2118451336197182 0
0.21258955218783934 0
0.21329982311522097 0
0.21353544183632353 0
0.21405107121149 0
0.21427303087629676 0
0.22641593192326342 0
0.22681204455584164 0
0.23717926828435423 0
0.24679182915252385 0
0.2564043900206935 0
0.26601695088886307 0
0.2667613694569842 0
0.2699439295739057 0
0.27031955362204024 0
0.27594025528776217 0
0.2761519706603471 0
0.276363686032932 0
0.27669491814810515 0
0.27690663352069006 0
0.27711834889327497 0
0.2775895863354801 0
0.277801301708065 0
0.2780130170806499 0
0.2785081578713727 0
0.27874377659247523 0
0.2792594059676417 0
0.27948136563244846 0
0.29110863730424863 0
0.29150474993682685 0
0.30187197366533947 0
0.3114845345335091 0
0.3210970954016787 0
0.3218415139697998 0
0.32502407408672135 0
0.32539969813485586 0
0.33099649645206014 0
0.33120821182464505 0
0.33141992719722996 0
0.3317511593124031 0
0.33196287468498803 0
0.33217459005757294 0
0.33264582749977806 0
0.33285754287236297 0
0.3330692582449479 0
0.33356439903567064 0
0.3338000177567732 0
0.3343156471319397 0
0.33453760679674643 0
0.34569705579041543 0
0.34609316842299365 0
0.35646039215150627 0
0.36607295301967585 0
0.366817371587797 0
0.3699999317047185 0
0.370375555752853 0
0.37596210977783545 0
0.37617382515042036 0
0.37638554052300527 0
0.37671677263817843 0
0.37692848801076334 0
0.37714020338334825 0
0.37761144082555337 0
0.3778231561981383 0
0.3780348715707232 0
0.3785061090129283 0
0.3787178243855132 0
0.3792334537606797 0
0.3794451691332646 0
0.380100803835463 0
0.38031251920804793 0
0.38052423458063284 0
0.38073594995321774 0
0.38139158465541617 0
0.38161354432022293 0
0.38284627415091893 0
0.3830682338157257 0
0.39805221857221884 0
0.39844833120479706 0
0.4088155549333097 0
0.41842811580147926 0
0.4281636081763111 0
0.42890802674443224 0
0.4295739057388525 0
0.42979586540365927 0
0.43102859523435527 0
0.43125055489916203 0
0.44670236233378635 0
0.44709847496636457 0
0.4574656986948772 0
0.46707825956304677 0
0.4766908204312164 0
0.48642631280604826 0
0.4871707313741694 0
0.48784685466081146 0
0.4880688143256182 0
0.4893015441563142 0
0.489523503821121 0
0.5054431339338765 0
0.5058392465664547 0
0.5162064702949674 0
0.5258190311631369 0
0.5354315920313065 0
0.5450441528994762 0
0.554779645274308 0
0.5555240638424291 0
0.5562343347698108 0
0.5564699534909133 0
0.5569855828660798 0
0.5572075425308866 0
0.5696099656474735 0
0.5700060782800517 0
0.5803733020085642 0
0.5899858628767338 0
0.5995984237449035 0
0.6092109846130731 0
0.6099554031811942 0
0.6131379632981158 0
0.6135135873462503 0
0.6216304815500298 0
0.6218421969226147 0
0.6220539122951996 0
0.6223851444103727 0
0.6225968597829576 0
0.6228085751555426 0
0.6232798125977477 0
0.6234915279703326 0
0.6237032433429175 0
0.6241983841336403 0
0.6244340028547428 0
0.6249496322299093 0
0.6251715918947159 0
0.6371061923331717 0
0.6375023049657499 0
0.6478695286942625 0
0.6574820895624321 0
0.6670946504306018 0
0.6678390689987229 0
0.6710216291156444 0
0.671397253163779 0
0.6794936587831146 0
0.6797053741556995 0
0.6799170895282844 0
0.6802483216434576 0
0.6804600370160425 0
0.6806717523886274 0
0.6811429898308325 0
0.6813547052034175 0
0.6815664205760024 0
0.6820615613667251 0
0.6822971800878277 0
0.6828128094629942 0
0.6830347691278009 0
0.69419421812147 0
0.6945903307540482 0
0.7049575544825608 0
0.7145701153507305 0
0.7153145339188516 0
0.7184970940357731 0
0.7188727180839076 0
0.72445927210889 0
0.724670987481475 0
0.7248827028540599 0
0.7252139349692329 0
0.7254256503418178 0
0.7256373657144027 0
0.7261086031566079 0
0.7263203185291928 0
0.7265320339017777 0
0.7270271746925004 0
0.727262793413603 0
0.7277784227887695 0
0.7280003824535762 0
0.7386920087691141 0
0.7390881214016923 0
0.749455345130205 0
0.7501997636983261 0
0.7533823238152476 0
0.7537579478633821 0
0.7593342575961427 0
0.7595459729687276 0
0.7597576883413125 0
0.7600889204564857 0
0.7603006358290706 0
0.7605123512016555 0
0.7609835886438606 0
0.7611953040164455 0
0.7614070193890304 0
0.7619021601797532 0
0.7621377789008558 0
0.7626534082760222 0
0.762875367940829 0
0.7732050292645282 0
0.7763875893814496 0
0.7767632134295841 0
0.7823292788701228 0
0.7825409942427077 0
0.7827527096152926 0
0.7830839417304658 0
0.7832956571030507 0
0.7835073724756356 0
0.7839786099178407 0
0.7841903252904256 0
0.7844020406630106 0
0.7848732781052157 0
0.7850849934778006 0
0.7856006228529671 0
0.785812338225552 0
0.7864679729277504 0
0.7866796883003353 0
0.7868914036729202 0
0.7871031190455051 0
0.7877587537477035 0
0.7879807134125103 0
0.7892134432432063 0
0.7894354029080131 0
0.8034837423082439 0
0.8038798549408221 0
0.814370010175997 0
0.8151144287441181 0
0.8157598191540947 0
0.8159817788189014 0
0.8172145086495974 0
0.8174364683144042 0
0.8319526303927661 0
0.8323487430253443 0
0.842715966753857 0
0.8524514591286888 0
0.8531958776968099 0
0.8538515123990084 0
0.8540734720638151 0
0.8553062018945111 0
0.8555281615593179 0
0.8705121463158111 0
0.8709082589483893 0
0.8812754826769018 0
0.8908880435450715 0
0.9006235359199033 0
0.9013679544880244 0
0.9020577368309624 0
0.9022933555520649 0
0.9028089849272314 0
0.9030309445920381 0
0.9139855077412702 0
0.9143816203738484 0
0.924748844102361 0
0.9343614049705306 0
0.9351058235386517 0
0.9382883836555732 0
0.9386640077037077 0
0.9425909863887504 0
0.9428027017613353 0
0.9430144171339202 0
0.9433456492490934 0
0.9435573646216783 0
0.9437690799942632 0
0.9442403174364683 0
0.9444520328090532 0
0.9446637481816381 0
0.9451588889723609 0
0.9453945076934634 0
0.9459101370686299 0
0.9461320967334367 0
0.9566188372045376 0
0.9570149498371158 0
0.9673821735656284 0
0.9681265921337495 0
0.971309152250671 0
0.9716847762988056 0
0.9755946811634784 0
0.9758063965360633 0
0.9760181119086482 0
0.9763493440238213 0
0.9765610593964063 0
0.9767727747689912 0
0.9772440122111963 0
0.9774557275837812 0
0.9776674429563661 0
0.9781625837470889 0
0.9783982024681914 0
0.9789138318433579 0
0.9791357915081647 0
0.9892605669874268 0
0.9924431271043483 0
0.9928187511524829 0
0.9967184117249339 0
0.9969301270975188 0
0.9971418424701037 0
0.9974730745852769 0
0.9976847899578618 0
0.9978965053304467 0
0.9983677427726518 0
0.9985794581452367 0
0.9987911735178217 0
0.9992863143085444 0
0.9994980296811293 0
0.9997097450537142 0
