0.01615866359793202 0
0.026819557036804328 0
0.03655504941163615 0
0.05471817952097689 0
0.06537907295984921 0
0.07499163382801882 0
0.08472712620285064 0
0.1033683232825444 0
0.11402921672141672 0
0.12364177758958633 0
0.13325433845775594 0
0.1429898308325878 0
0.16210909488263456 0
0.17276998832150686 0
0.18238254918967647 0
0.1919951100578461 0
0.20160767092601573 0
0.21134316330084754 0
0.22601640452661126 0
0.23667729796548356 0
0.24628985883365317 0
0.2559024197018228 0
0.2655149805699924 0
0.29070910990759646 0
0.3013700033464688 0
0.31098256421463844 0
0.320595125082808 0
0.34529752839376326 0
0.3559584218326356 0
0.3655709827008052 0
0.3976526911755667 0
0.408313584614439 0
0.4179261454826086 0
0.42766163785744044 0
0.4463028349371342 0
0.4569637283760065 0
0.4665762892441761 0
0.47618885011234574 0
0.4859243424871776 0
0.5050436065372244 0
0.5157044999760967 0
0.5253170608442662 0
0.5349296217124359 0
0.5445421825806055 0
0.5542776749554373 0
0.5692104382508213 0
0.5798713316896935 0
0.5894838925578632 0
0.5990964534260328 0
0.6087090142942024 0
0.6367066649365195 0
0.6473675583753918 0
0.6569801192435615 0
0.6665926801117311 0
0.6937946907248178 0
0.7044555841636901 0
0.7140681450318598 0
0.738292481372462 0
0.7489533748113343 0
0.8030842149115918 0
0.8138680398571263 0
0.831553102996114 0
0.8422139964349863 0
0.8519494888098181 0
0.8701126189191589 0
0.8807735123580311 0
0.8903860732262008 0
0.9001215656010326 0
0.913585980344618 0
0.9242468737834904 0
0.9338594346516599 0
0.9562193098078854 0
0.9668802032467577 0
