0.01673575872642959 1
0.018183618693784445 1
0.021588138475512726 2
0.027499095087520402 3
0.03132363085034455 4
0.037234587462352225 5
0.055295274649474466 6
0.056743134616829324 6
0.060147654398557605 7
0.06605861101056527 8
0.06976021526672722 9
0.0756711718787349 10
0.07949570764155904 11
0.08540666425356672 12
0.10394541841104198 13
0.10539327837839683 13
0.10879779816012512 14
0.1147087547721328 15
0.11841035902829473 16
0.12432131564030241 17
0.12802291989646436 18
0.13393387650847202 19
0.13775841227129618 20
0.14366936888330387 21
0.16268619001113213 22
0.164134049978487 22
0.16753856976021528 23
0.17344952637222294 24
0.1771511306283849 25
0.18306208724039255 26
0.1867636914965545 27
0.1926746481085622 28
0.1963762523647241 29
0.2022872089767318 30
0.20611174473955596 31
0.21202270135156362 32
0.21483988171257248 33
0.22659349965510883 34
0.2280413596224637 34
0.23144587940419195 35
0.23735683601619964 36
0.2410584402723616 37
0.24696939688436925 38
0.2506710011405312 39
0.2565819577525389 40
0.26028356200870084 41
0.2661945186207085 42
0.26947610689577456 43
0.2800482164687242 44
0.29128620503609404 45
0.2927340650034489 45
0.2961385847851772 46
0.3020495413971849 47
0.3057511456533468 48
0.3116621022653545 49
0.3153637065215164 50
0.3212746631335241 51
0.3245562514085902 52
0.33510445763302216 53
0.34587462352226084 54
0.3473224834896157 54
0.350727003271344 55
0.3566379598833517 56
0.3603395641395136 57
0.36625052075152126 58
0.36953210902658734 59
0.39822978630406425 60
0.3996776462714191 60
0.4030821660531474 61
0.4089931226651551 62
0.412694726921317 63
0.41860568353332467 64
0.4224302192961488 65
0.4283411759081565 66
0.44687993006563176 67
0.4483277900329866 67
0.4517323098147149 68
0.4576432664267226 69
0.46134487068288454 70
0.4672558272948922 71
0.47095743155105413 72
0.4768683881630618 73
0.480692923925886 74
0.48660388053789366 75
0.5056207016657219 76
0.5070685616330768 76
0.5104730814148051 77
0.5163840380268128 78
0.5200856422829747 79
0.5259965988949823 80
0.5296982031511442 81
0.5356091597631519 82
0.5393107640193139 83
0.5452217206313216 84
0.5490462563941457 85
0.5549572130061534 86
0.5577743933671623 87
0.5697875333793189 88
0.5712353933466737 88
0.574639913128402 89
0.5805508697404096 90
0.5842524739965715 91
0.5901634306085792 92
0.5938650348647412 93
0.5997759914767489 94
0.6034775957329108 95
0.6093885523449185 96
0.6126701406199846 97
0.6257384427309917 98
0.6372837600650171 99
0.6387316200323719 99
0.6421361398141002 100
0.6480470964261079 101
0.6517487006822699 102
0.6576596572942776 103
0.6613612615504395 104
0.6672722181624472 105
0.6705538064375133 106
0.6836016199640766 107
0.6943717858533154 108
0.6958196458206702 108
0.6992241656023985 109
0.7051351222144062 110
0.7088367264705682 111
0.7147476830825759 112
0.7180292713576419 113
0.728567233289852 114
0.7388695765009595 115
0.7403174364683144 115
0.7437219562500427 116
0.7496329128620504 117
0.7529145011371164 118
0.7634422187771047 119
0.7729352629026861 119
0.7759197667033184 120
0.8036613100400893 121
0.8051091700074442 121
0.8086366212958347 122
0.8145475779078424 123
0.8321301981246115 124
0.8335780580919664 124
0.8369825778736947 125
0.8428935344857024 126
0.8467180702485265 127
0.8526290268605342 128
0.8706897140476565 129
0.8721375740150114 129
0.8755420937967395 130
0.8814530504087472 131
0.8851546546649092 132
0.8910656112769169 133
0.894890147039741 134
0.9008011036517487 135
0.9035977954283139 136
0.9141630754731156 137
0.9156109354404705 137
0.9190154552221987 138
0.9249264118342064 139
0.9286280160903683 140
0.934538972702376 141
0.937820560977442 142
0.9466989475697124 143
0.956796404936383 144
0.9582442649037378 144
0.9616487846854661 145
0.9675597412974738 146
0.9708413295725399 147
0.9797026423444404 148
0.9889908006255848 148
0.9919753044262172 149
