0.003247440634326574 0
0.010677967259242058 0
0.013146841684708003 0
0.018651441371915614 0
0.028264002240085233 0
0.041339133879240285 0
0.04881746720119107 0
0.05134097785184022 0
0.05721095729496049 0
0.0668235181631301 0
0.07643607903129973 0
0.08952145496267663 0
0.09704759498166271 0
0.09962574185749506 0
0.105861101056528 0
0.11547366192469763 0
0.12508622279286724 0
0.13469878366103685 0
0.1477944038846356 0
0.155368350600657 0
0.15800113370167254 0
0.16460187265661816 0
0.17421443352478777 0
0.18382699439295738 0
0.19343955526112702 0
0.20305211612929663 0
0.21969567622572955 0
0.2222738231015619 0
0.22850918230059486 0
0.23812174316876447 0
0.24773430403693408 0
0.2573468649051037 0
0.2848083975878107 0
0.28733190823845983 0
0.29320188768158006 0
0.3028144485497497 0
0.31242700941791934 0
0.3398168320550733 0
0.34228570648053924 0
0.34779030616774687 0
0.3574028670359165 0
0.3842736455338301 0
0.39175197885578084 0
0.39427548950643 0
0.4001454689495503 0
0.4097580298177199 0
0.4193705906858895 0
0.43245596661726643 0
0.4399821066362525 0
0.44256025351208483 0
0.4487956127111178 0
0.4584081735792874 0
0.468020734447457 0
0.47763329531562665 0
0.4907289155392254 0
0.4983028622552468 0
0.5009356453562623 0
0.507536384311208 0
0.5171489451793776 0
0.5267615060475471 0
0.5363740669157168 0
0.5459866277838864 0
0.5628897099499396 0
0.5654678568257719 0
0.5717032160248049 0
0.5813157768929744 0
0.5909283377611441 0
0.6005408986293137 0
0.6308059526167337 0
0.6333294632673828 0
0.6391994427105031 0
0.6488120035786727 0
0.6584245644468424 0
0.6883139943861278 0
0.6907828688115938 0
0.6962874684988014 0
0.705900029366971 0
0.7332318010148678 0
0.7356460392151506 0
0.7407852591464456 0
0.7680589798050853 0
0.7704185817801849 0
0.7906408146261175 0
0.7980235345539977 0
0.8004377727542804 0
0.8055769926855754 0
0.8186418800325086 0
0.826072406657424 0
0.8285412810828899 0
0.8340458807700976 0
0.8436584416382672 0
0.8567335732774223 0
0.8642119065993731 0
0.8667354172500222 0
0.8726053966931425 0
0.882217957561312 0
0.8918305184294817 0
0.908105284005928 0
0.910574158431394 0
0.9160787581186016 0
0.9256913189867712 0
0.9511586294502913 0
0.953572867650574 0
0.958712087581869 0
0.984114517527984 0
0.9864741195030835 0
