0.01197557760734311 0
0.014444452032809054 0
0.019819290685206558 1
0.020307601947781428 1
0.020550050197031888 1
0.020792498446282347 1
0.023316009096931493 2
0.02397847332727782 3
0.02455215369170144 4
0.02529998702389652 5
0.025952206962020993 6
0.02638588199941266 7
0.029431851553376177 8
0.029923577580024997 8
0.030166025829275456 8
0.030527990821114168 8
0.03305150147176331 9
0.03371396570210964 10
0.03428764606653326 11
0.03503547939872834 12
0.03568769933685282 13
0.03612137437424448 14
0.05011507754929212 14
0.052638588199941265 14
0.058378806608251434 15
0.058867117870826303 15
0.05910956612007676 15
0.05935201436932722 15
0.06187552501997637 16
0.0625379892503227 17
0.06311166961474632 18
0.0638595029469414 19
0.06451172288506588 20
0.06494539792245754 21
0.06799136747642105 22
0.06847967873899592 22
0.06872212698824638 22
0.06896457523749684 22
0.071488085888146 23
0.07215055011849231 24
0.07272423048291593 25
0.07347206381511101 26
0.07412428375323549 27
0.07455795879062715 28
0.07760392834459068 29
0.0780956543712395 29
0.07833810262048994 29
0.07870006761232866 29
0.08122357826297781 30
0.08188604249332414 31
0.08245972285774776 32
0.08320755618994284 33
0.08385977612806732 34
0.08429345116545899 35
0.09834520532976376 35
0.10092335220559612 35
0.10702895036981895 36
0.10751726163239382 36
0.10775970988164428 36
0.10800215813089474 36
0.11052566878154388 37
0.1111881330118902 38
0.11176181337631383 39
0.11250964670850891 40
0.11316186664663339 41
0.11359554168402505 42
0.11664151123798856 43
0.11712982250056343 43
0.11737227074981389 43
0.11761471899906435 43
0.1201382296497135 44
0.12080069388005983 45
0.12137437424448345 46
0.12212220757667852 47
0.122774427514803 48
0.12320810255219466 49
0.1262540721061582 50
0.12674238336873306 50
0.12698483161798352 50
0.12722727986723398 50
0.12975079051788313 51
0.13041325474822946 52
0.13098693511265308 53
0.13173476844484813 54
0.1323869883829726 55
0.13282066342036428 56
0.1358666329743278 57
0.13635835900097662 57
0.13660080725022708 57
0.1369627722420658 57
0.13948628289271495 58
0.14014874712306127 59
0.1407224274874849 60
0.14147026081967998 61
0.14212248075780445 62
0.14255615579519612 63
0.15666596094875804 63
0.1592987440497736 63
0.1657697219699091 64
0.16625803323248398 64
0.16650048148173444 64
0.1667429297309849 64
0.16926644038163402 65
0.16992890461198035 66
0.17050258497640397 67
0.17125041830859905 68
0.17190263824672353 69
0.1723363132841152 70
0.17538228283807872 71
0.1758705941006536 71
0.17611304234990405 71
0.1763554905991545 71
0.17887900124980366 72
0.17954146548015 73
0.1801151458445736 74
0.1808629791767687 75
0.18151519911489314 76
0.1819488741522848 77
0.18499484370624833 78
0.1854831549688232 78
0.18572560321807366 78
0.18596805146732412 78
0.18849156211797327 79
0.1891540263483196 80
0.18972770671274322 81
0.1904755400449383 82
0.19112775998306278 83
0.19156143502045445 84
0.19460740457441794 85
0.1950957158369928 85
0.19533816408624327 85
0.19558061233549373 85
0.19810412298614288 86
0.1987665872164892 87
0.19934026758091283 88
0.2000881009131079 89
0.2007403208512324 90
0.20117399588862406 91
0.20421996544258758 92
0.2047116914692364 92
0.20495413971848686 92
0.20531610471032558 92
0.2078396153609747 93
0.20850207959132103 94
0.20907575995574465 95
0.20982359328793973 96
0.2104758132260642 97
0.21090948826345587 98
0.2154955164147709 98
0.2209932865738306 98
0.22357143344966296 98
0.2296770316138858 99
0.23016534287646068 99
0.23040779112571114 99
0.2306502393749616 99
0.23317375002561072 100
0.23383621425595705 101
0.23440989462038067 102
0.23515772795257575 103
0.23580994789070023 104
0.2362436229280919 105
0.23928959248205542 106
0.2397779037446303 106
0.24002035199388075 106
0.2402628002431312 106
0.24278631089378036 107
0.2434487751241267 108
0.24402245548855028 109
0.24477028882074536 110
0.24542250875886984 111
0.2458561837962615 112
0.24890215335022503 113
0.2493904646127999 113
0.24963291286205036 113
0.24987536111130082 113
0.25239887176194997 114
0.2530613359922963 115
0.2536350163567199 116
0.254382849688915 117
0.2550350696270395 118
0.25546874466443115 119
0.25851471421839467 120
0.25900302548096954 120
0.25924547373022 120
0.25948792197947046 120
0.2620114326301196 121
0.2626738968604659 122
0.2632475772248895 123
0.2639954105570846 124
0.26464763049520906 125
0.26508130553260073 126
0.2679531221187928 126
0.28068677735055286 126
0.28610600793591173 126
0.28862951858656083 126
0.294369736994871 127
0.2948580482574459 127
0.29510049650669634 127
0.2953429447559468 127
0.29786645540659595 128
0.2985289196369423 129
0.2991026000013659 130
0.299850433333561 131
0.30050265327168546 132
0.30093632830907713 133
0.30398229786304065 134
0.3044706091256155 134
0.304713057374866 134
0.30495550562411644 134
0.3074790162747656 135
0.3081414805051119 136
0.30871516086953554 137
0.3094629942017306 138
0.3101152141398551 139
0.31054888917724677 140
0.31359485873121024 141
0.3140831699937851 141
0.31432561824303556 141
0.314568066492286 141
0.3170915771429352 142
0.3177540413732815 143
0.3183277217377051 144
0.3190755550699002 145
0.3197277750080247 146
0.32016145004541635 147
0.3230332666316084 147
0.33574301851485083 147
0.34111444240317434 147
0.3435833168286403 147
0.3489581554810378 148
0.3494464667436127 148
0.34968891499286314 148
0.3499313632421136 148
0.35245487389276275 149
0.3531173381231091 150
0.3536910184875327 151
0.3544388518197278 152
0.35509107175785226 153
0.35552474679524393 154
0.35857071634920745 155
0.3590590276117823 155
0.3593014758610328 155
0.35954392411028324 155
0.3620674347609324 156
0.36272989899127867 157
0.3633035793557023 158
0.36405141268789737 159
0.36470363262602185 160
0.3651373076634135 161
0.3680091242496056 161
0.3930495892038819 161
0.39557309985453104 161
0.4013133182628412 162
0.4018016295254161 162
0.40204407777466655 162
0.402286526023917 162
0.40481003667456616 163
0.4054725009049125 164
0.4060461812693361 165
0.4067940146015312 166
0.40744623453965567 167
0.40787990957704734 168
0.41092587913101086 169
0.41141419039358573 169
0.4116566386428362 169
0.41189908689208665 169
0.41442259754273575 170
0.4150850617730821 171
0.4156587421375057 172
0.4164065754697008 173
0.41705879540782526 174
0.4174924704452169 175
0.42053843999918045 176
0.42103016602582927 176
0.4212726142750797 176
0.42163457926691844 176
0.4241580899175676 177
0.4248205541479139 178
0.42539423451233754 179
0.4261420678445326 180
0.4267942877826571 181
0.42722796282004877 182
0.44127971698435353 182
0.4438578638601859 182
0.44996346202440873 183
0.4504517732869836 183
0.45069422153623406 183
0.4509366697854845 183
0.4534601804361337 184
0.45412264466648 185
0.4546963250309036 186
0.4554441583630987 187
0.4560963783012232 188
0.45653005333861485 189
0.4595760228925784 190
0.46006433415515324 190
0.4603067824044037 190
0.46054923065365416 190
0.46307274130430326 191
0.4637352055346496 192
0.4643088858990732 193
0.4650567192312683 194
0.46570893916939277 195
0.46614261420678443 196
0.46918858376074796 197
0.4696768950233228 197
0.4699193432725733 197
0.47016179152182375 197
0.4726853021724729 198
0.4733477664028192 199
0.47392144676724285 200
0.47466928009943793 201
0.4753215000375624 202
0.4757551750749541 203
0.4788011446289176 204
0.4792928706555664 204
0.4795353189048169 204
0.4798972838966556 204
0.48242079454730474 205
0.48308325877765107 206
0.4836569391420747 207
0.4844047724742698 208
0.48505699241239425 209
0.4854906674497859 210
0.49960047260334783 210
0.5022332557043634 210
0.5087042336244989 211
0.5091925448870738 211
0.5094349931363242 211
0.5096774413855747 211
0.5122009520362238 212
0.5128634162665702 213
0.5134370966309938 214
0.5141849299631889 215
0.5148371499013134 216
0.515270824938705 217
0.5183167944926685 218
0.5188051057552434 218
0.5190475540044939 218
0.5192900022537443 218
0.5218135129043935 219
0.5224759771347398 220
0.5230496574991634 221
0.5237974908313585 222
0.524449710769483 223
0.5248833858068747 224
0.5279293553608381 225
0.5284176666234129 225
0.5286601148726634 225
0.5289025631219139 225
0.531426073772563 226
0.5320885380029093 227
0.532662218367333 228
0.533410051699528 229
0.5340622716376525 230
0.5344959466750442 231
0.5375419162290077 232
0.5380302274915826 232
0.538272675740833 232
0.5385151239900835 232
0.5410386346407327 233
0.541701098871079 234
0.5422747792355026 235
0.5430226125676977 236
0.5436748325058222 237
0.5441085075432138 238
0.5471544770971773 239
0.5476462031238262 239
0.5478886513730766 239
0.5482506163649153 239
0.5507741270155645 240
0.5514365912459108 241
0.5520102716103344 242
0.5527581049425295 243
0.553410324880654 244
0.5538439999180457 245
0.558412954248991 245
0.5641873202980406 245
0.566765467173873 245
0.5728710653380958 246
0.5733593766006707 246
0.5736018248499212 246
0.5738442730991716 246
0.5763677837498207 247
0.577030247980167 248
0.5776039283445906 249
0.5783517616767857 250
0.5790039816149102 251
0.5794376566523018 252
0.5824836262062654 253
0.5829719374688402 253
0.5832143857180907 253
0.5834568339673412 253
0.5859803446179903 254
0.5866428088483366 255
0.5872164892127603 256
0.5879643225449553 257
0.5886165424830798 258
0.5890502175204715 259
0.592096187074435 260
0.5925844983370099 260
0.5928269465862603 260
0.5930693948355108 260
0.59559290548616 261
0.5962553697165063 262
0.5968290500809299 263
0.597576883413125 264
0.5982291033512495 265
0.5986627783886411 266
0.6017087479426046 267
0.6021970592051795 267
0.60243950745443 267
0.6026819557036804 267
0.6052054663543296 268
0.6058679305846759 269
0.6064416109490995 270
0.6071894442812946 271
0.6078416642194191 272
0.6082753392568108 273
0.6111471558430028 273
0.6263770036128203 273
0.6321035629648347 273
0.6346270736154839 273
0.640367292023794 274
0.6408556032863689 274
0.6410980515356194 274
0.6413404997848698 274
0.643864010435519 275
0.6445264746658653 276
0.645100155030289 277
0.645847988362484 278
0.6465002083006085 279
0.6469338833380002 280
0.6499798528919637 281
0.6504681641545386 281
0.650710612403789 281
0.6509530606530395 281
0.6534765713036886 282
0.654139035534035 283
0.6547127158984586 284
0.6554605492306537 285
0.6561127691687781 286
0.6565464442061698 287
0.6595924137601333 288
0.6600807250227082 288
0.6603231732719587 288
0.6605656215212091 288
0.6630891321718583 289
0.6637515964022046 290
0.6643252767666282 291
0.6650731100988233 292
0.6657253300369478 293
0.6661590050743394 294
0.6690308216605315 294
0.6842401808459053 294
0.6896116047342289 294
0.6920804791596948 294
0.6974553178120924 295
0.6979436290746672 295
0.6981860773239177 295
0.6984285255731681 295
0.7009520362238173 296
0.7016145004541636 297
0.7021881808185872 298
0.7029360141507823 299
0.7035882340889068 300
0.7040219091262985 301
0.707067878680262 302
0.7075561899428369 302
0.7077986381920873 302
0.7080410864413378 302
0.7105645970919869 303
0.7112270613223333 304
0.7118007416867569 305
0.712548575018952 306
0.7132007949570764 307
0.7136344699944681 308
0.7165062865806602 308
0.7292057941716806 308
0.7345294113629689 308
0.7369436495632516 308
0.7419531084597365 309
0.7424414197223114 309
0.7426838679715618 309
0.7429263162208123 309
0.7454498268714614 310
0.7461122911018078 311
0.7466859714662314 312
0.7474338047984265 313
0.748086024736551 314
0.7485196997739426 315
0.7513915163601347 315
0.7640807796589334 315
0.7693565901531864 315
0.7717161921282859 315
0.7743967819263368 315
0.7993211449020987 315
0.8017353831023815 315
0.8067448419988663 316
0.8072365680255151 316
0.8074790162747656 316
0.8078409812666043 316
0.8103644919172535 317
0.8110269561475998 318
0.8116006365120234 319
0.8123484698442185 320
0.813000689782343 321
0.8134343648197346 322
0.827370017005525 322
0.829838891430991 322
0.8352137300833885 323
0.8357020413459634 323
0.8359444895952138 323
0.8361869378444643 323
0.8387104484951134 324
0.8393729127254598 325
0.8399465930898834 326
0.8406944264220785 327
0.841346646360203 328
0.8417803213975946 329
0.8448262909515581 330
0.845318016978207 330
0.8455604652274574 330
0.8459224302192961 330
0.8484459408699453 331
0.8491084051002916 332
0.8496820854647152 333
0.8504299187969103 334
0.8510821387350348 335
0.8515158137724265 336
0.8655095169474741 336
0.8680330275981233 336
0.8737732460064335 337
0.8742615572690083 337
0.8745040055182588 337
0.8747464537675093 337
0.8772699644181583 338
0.8779324286485046 339
0.8785061090129282 340
0.8792539423451233 341
0.8799061622832478 342
0.8803398373206395 343
0.883385806874603 344
0.8838741181371779 344
0.8841165663864283 344
0.8843590146356788 344
0.8868825252863279 345
0.8875449895166743 346
0.8881186698810979 347
0.888866503213293 348
0.8895187231514174 349
0.8899523981888091 350
0.8929983677427726 351
0.8934900937694215 351
0.8937325420186719 351
0.8940945070105106 351
0.8966180176611598 352
0.8972804818915061 353
0.8978541622559297 354
0.8986019955881248 355
0.8992542155262493 356
0.899687890563641 357
0.9042363563101425 357
0.9094028943540291 357
0.911871768779495 357
0.9172466074318926 358
0.9177349186944674 358
0.9179773669437179 358
0.9182198151929684 358
0.9207433258436175 359
0.9214057900739638 360
0.9219794704383875 361
0.9227273037705825 362
0.923379523708707 363
0.9238131987460987 364
0.9268591683000621 365
0.927347479562637 365
0.9275899278118874 365
0.9278323760611379 365
0.930355886711787 366
0.9310183509421334 367
0.931592031306557 368
0.9323398646387521 369
0.9329920845768765 370
0.9334257596142682 371
0.9362975762004603 371
0.9473375084515411 371
0.9524562397983923 371
0.9548704779986751 371
0.9598799368951599 372
0.9603682481577348 372
0.9606106964069853 372
0.9608531446562357 372
0.9633766553068849 373
0.9640391195372312 374
0.9646127999016548 375
0.9653606332338499 376
0.9660128531719744 377
0.966446528209366 378
0.9693183447955581 378
0.980341203226269 378
0.985412127876085 378
0.9877717298511846 378
0.9904523196492354 378
