0.00003073287666555118 0
0.00036879451998661413 0
0.0005907541847933726 0
0.001485422372168307 0
0.0018234840154893698 0
0.0020454436802961285 0
0.016561605758658133 0
0.01695771839123635 0
0.027324942119748948 0
0.03706043449458077 0
0.0378048530627019 0
0.03812242612157926 0
0.038460487764900325 0
0.038682447429707084 0
0.039577115617082013 0
0.03991517726040308 0
0.040137136925209836 0
0.05512112168170301 0
0.055517234314281225 0
0.06588445804279382 0
0.07549701891096344 0
0.08523251128579526 0
0.08597692985391639 0
0.0863047472050156 0
0.08664280884833667 0
0.08686476851314343 0
0.08775943670051836 0
0.08809749834383943 0
0.08831945800864618 0
0.10377126544327052 0
0.10416737807584873 0
0.11453460180436134 0
0.12414716267253095 0
0.13375972354070056 0
0.1434952159155324 0
0.1442396344836535 0
0.14457769612697458 0
0.14491575777029564 0
0.1451377174351024 0
0.14603238562247733 0
0.1463704472657984 0
0.14659240693060516 0
0.16251203704336067 0
0.1629081496759389 0
0.17327537340445148 0
0.1828879342726211 0
0.19250049514079073 0
0.20211305600896035 0
0.21184854838379216 0
0.2125929669519133 0
0.2129412728874562 0
0.21330323787929492 0
0.21353885660039748 0
0.21405448597556395 0
0.2142764456403707 0
0.22641934668733738 0
0.2268154593199156 0
0.23718268304842818 0
0.2467952439165978 0
0.25640780478476743 0
0.266020365652937 0
0.26676478422105815 0
0.26722919213511537 0
0.2699473443379797 0
0.2703229683861142 0
0.27560560840851506 0
0.2759436700518361 0
0.27615538542442103 0
0.27636710079700594 0
0.2766983329121791 0
0.276910048284764 0
0.2771217636573489 0
0.277254939456233 0
0.27759300109955404 0
0.27780471647213895 0
0.27801643184472385 0
0.2781496076436079 0
0.2785115726354466 0
0.2787471913565492 0
0.27926282073171566 0
0.2794847803965224 0
0.2911120520683226 0
0.2915081647009008 0
0.3018753884294134 0
0.31148794929758306 0
0.32110051016575264 0
0.32184492873387377 0
0.322309336647931 0
0.3250274888507953 0
0.3254031128989298 0
0.330661849572813 0
0.3309999112161341 0
0.331211626588719 0
0.3314233419613039 0
0.33175457407647707 0
0.331966289449062 0
0.3321780048216469 0
0.33231118062053094 0
0.332649242263852 0
0.3328609576364369 0
0.3330726730090218 0
0.3332058488079059 0
0.3335678137997446 0
0.33380343252084715 0
0.3343190618960136 0
0.3345410215608204 0
0.3457004705544894 0
0.3460965831870676 0
0.3564638069155802 0
0.3660763677837498 0
0.36682078635187093 0
0.36728519426592815 0
0.37000334646879246 0
0.370378970516927 0
0.37562746289858834 0
0.3759655245419094 0
0.3761772399144943 0
0.3763889552870792 0
0.3767201874022524 0
0.3769319027748373 0
0.3771436181474222 0
0.37727679394630625 0
0.3776148555896273 0
0.3778265709622122 0
0.37803828633479714 0
0.3781714621336812 0
0.37850952377700225 0
0.37872123914958716 0
0.37923686852475363 0
0.37944858389733854 0
0.3797661569562159 0
0.38010421859953697 0
0.3803159339721219 0
0.3805276493447068 0
0.3807393647172917 0
0.38105693777616906 0
0.3813949994194901 0
0.3816169590842969 0
0.3825116272716718 0
0.3828496889149929 0
0.38307164857979964 0
0.3980556333362928 0
0.398451745968871 0
0.4088189696973836 0
0.4184315305655532 0
0.42816702294038506 0
0.4289114415085062 0
0.4292392588596054 0
0.42957732050292646 0
0.4297992801677332 0
0.43069394835510816 0
0.4310320099984292 0
0.431253969663236 0
0.4467057770978603 0
0.4471018897304385 0
0.45746911345895114 0
0.4670816743271207 0
0.47669423519529036 0
0.4864297275701222 0
0.48717414613824334 0
0.48751220778156434 0
0.4878502694248854 0
0.48807222908969217 0
0.4889668972770671 0
0.48930495892038817 0
0.4895269185851949 0
0.5054465486979505 0
0.5058426613305287 0
0.5162098850590413 0
0.5258224459272108 0
0.5354350067953805 0
0.5450475676635501 0
0.554783060038382 0
0.5555274786065031 0
0.555875784542046 0
0.5562377495338847 0
0.5564733682549873 0
0.5569889976301537 0
0.5572109572949605 0
0.5696133804115474 0
0.5700094930441256 0
0.5803767167726381 0
0.5899892776408078 0
0.5996018385089774 0
0.609214399377147 0
0.6099588179452682 0
0.6104232258593254 0
0.6131413780621897 0
0.6135170021103242 0
0.6212958346707826 0
0.6216338963141037 0
0.6218456116866886 0
0.6220573270592735 0
0.6223885591744467 0
0.6226002745470316 0
0.6228119899196165 0
0.6229451657185006 0
0.6232832273618216 0
0.6234949427344065 0
0.6237066581069914 0
0.6238398339058755 0
0.6242017988977142 0
0.6244374176188168 0
0.6249530469939832 0
0.6251750066587899 0
0.6371096070972456 0
0.6375057197298238 0
0.6478729434583365 0
0.6574855043265061 0
0.6670980651946757 0
0.6678424837627969 0
0.6683068916768541 0
0.6710250438797184 0
0.6714006679278529 0
0.6791590119038675 0
0.6794970735471886 0
0.6797087889197735 0
0.6799205042923584 0
0.6802517364075316 0
0.6804634517801165 0
0.6806751671527014 0
0.6808083429515854 0
0.6811464045949065 0
0.6813581199674914 0
0.6815698353400763 0
0.6817030111389604 0
0.6820649761307991 0
0.6823005948519016 0
0.6828162242270681 0
0.6830381838918749 0
0.6941976328855439 0
0.6945937455181221 0
0.7049609692466348 0
0.7145735301148044 0
0.7153179486829255 0
0.7157823565969827 0
0.7185005087998471 0
0.7188761328479816 0
0.7241246252296429 0
0.724462686872964 0
0.7246744022455489 0
0.7248861176181338 0
0.7252173497333069 0
0.7254290651058918 0
0.7256407804784767 0
0.7257739562773607 0
0.7261120179206818 0
0.7263237332932667 0
0.7265354486658516 0
0.7266686244647357 0
0.7270305894565744 0
0.727266208177677 0
0.7277818375528434 0
0.7280037972176502 0
0.7386954235331881 0
0.7390915361657663 0
0.7494587598942789 0
0.7502031784624 0
0.7506675863764573 0
0.7533857385793216 0
0.7537613626274561 0
0.7589996107168956 0
0.7593376723602167 0
0.7595493877328016 0
0.7597611031053865 0
0.7600923352205596 0
0.7603040505931445 0
0.7605157659657295 0
0.7606489417646135 0
0.7609870034079346 0
0.7611987187805195 0
0.7614104341531044 0
0.7615436099519884 0
0.7619055749438272 0
0.7621411936649297 0
0.7626568230400962 0
0.762878782704903 0
0.7732084440286021 0
0.7736728519426593 0
0.7763910041455235 0
0.776766628193658 0
0.7819946319908757 0
0.7823326936341968 0
0.7825444090067817 0
0.7827561243793666 0
0.7830873564945398 0
0.7832990718671247 0
0.7835107872397096 0
0.7836439630385936 0
0.7839820246819147 0
0.7841937400544996 0
0.7844054554270845 0
0.7845386312259686 0
0.7848766928692896 0
0.7850884082418745 0
0.785604037617041 0
0.7858157529896259 0
0.7861333260485033 0
0.7864713876918243 0
0.7866831030644093 0
0.7868948184369942 0
0.7871065338095791 0
0.7874241068684564 0
0.7877621685117775 0
0.7879841281765843 0
0.7888787963639592 0
0.7892168580072803 0
0.789438817672087 0
0.8034871570723179 0
0.8038832697048961 0
0.8143734249400709 0
0.815117843508192 0
0.8154251722748476 0
0.8157632339181686 0
0.8159851935829754 0
0.8168798617703503 0
0.8172179234136714 0
0.8174398830784781 0
0.8319560451568401 0
0.8323521577894183 0
0.8427193815179309 0
0.8524548738927628 0
0.8531992924608839 0
0.8535168655197612 0
0.8538549271630823 0
0.8540768868278891 0
0.854971555015264 0
0.8553096166585851 0
0.8555315763233918 0
0.870515561079885 0
0.8709116737124633 0
0.8812788974409758 0
0.8908914583091454 0
0.9006269506839772 0
0.9013713692520984 0
0.9016991866031976 0
0.9020611515950363 0
0.9022967703161389 0
0.9028123996913053 0
0.9030343593561121 0
0.9139889225053441 0
0.9143850351379224 0
0.924752258866435 0
0.9343648197346045 0
0.9351092383027256 0
0.9355736462167829 0
0.9382917984196472 0
0.9386674224677817 0
0.9422563395095033 0
0.9425944011528243 0
0.9428061165254092 0
0.9430178318979942 0
0.9433490640131673 0
0.9435607793857522 0
0.9437724947583371 0
0.9439056705572212 0
0.9442437322005423 0
0.9444554475731272 0
0.9446671629457121 0
0.9448003387445961 0
0.9451623037364348 0
0.9453979224575374 0
0.9459135518327039 0
0.9461355114975106 0
0.9566222519686115 0
0.9570183646011897 0
0.9673855883297023 0
0.9681300068978235 0
0.9685944148118807 0
0.971312567014745 0
0.9716881910628795 0
0.9752600342842312 0
0.9755980959275523 0
0.9758098113001372 0
0.9760215266727221 0
0.9763527587878953 0
0.9765644741604802 0
0.9767761895330651 0
0.9769093653319492 0
0.9772474269752702 0
0.9774591423478551 0
0.97767085772044 0
0.9778040335193241 0
0.9781659985111628 0
0.9784016172322654 0
0.9789172466074318 0
0.9791392062722386 0
0.9892639817515008 0
0.989728389665558 0
0.9924465418684223 0
0.9928221659165568 0
0.9963837648456868 0
0.9967218264890079 0
0.9969335418615928 0
0.9971452572341777 0
0.9974764893493508 0
0.9976882047219358 0
0.9978999200945207 0
0.9980330958934047 0
0.9983711575367258 0
0.9985828729093107 0
0.9987945882818956 0
0.9989277640807797 0
0.9992897290726184 0
0.9995014444452033 0
0.9997131598177882 0
