0.017070405605676704 0
0.017818238937871784 0
0.05562992152872158 0
0.05637775486091666 0
0.10428006529028909 0
0.10502789862248417 0
0.16302083689037924 0
0.16376867022257433 0
0.22692814653435595 0
0.22767597986655103 0
0.2689877956331997 0
0.29162085191534115 0
0.29236868524753623 0
0.3240679401460153 0
0.34620927040150795 0
0.34695710373370303 0
0.36904379776401247 0
0.39856443318331136 0
0.39931226651550644 0
0.44721457694487887 0
0.44796241027707395 0
0.505955348544969 0
0.5067031818771641 0
0.570122180258566 0
0.5708700135907611 0
0.6121818293574097 0
0.6376184069442642 0
0.6383662402764593 0
0.6700654951749384 0
0.6947064327325625 0
0.6954542660647576 0
0.7175409600950671 0
0.7392042233802066 0
0.7399520567124017 0
0.7524261898745416 0
0.7754314554407435 0
0.8039959569193365 0
0.8047437902515315 0
0.8324648450038586 0
0.8332126783360537 0
0.8710243609269036 0
0.8717721942590987 0
0.9144977223523627 0
0.9152455556845578 0
0.9373322497148672 0
0.9571310518156301 0
0.9578788851478252 0
0.970353018309965 0
0.9914869931636423 0
