0.0001775677318454068 0
0.0016322572273481625 0
0.03826926097675912 0
0.03972395047226187 0
0.08645158206019546 0
0.08790627155569822 0
0.14472453098215443 0
0.1461792204776572 0
0.21308810774263606 0
0.21386325918742274 0
0.2757524432636949 0
0.2765071061240379 0
0.27740177431141283 0
0.27829644249878777 0
0.27907159394357445 0
0.3308086844279929 0
0.33156334728833586 0
0.3324580154757108 0
0.33335268366308574 0
0.3341278351078724 0
0.3757742977537682 0
0.3765289606141112 0
0.3774236288014861 0
0.37831829698886105 0
0.3790456417366124 0
0.37991299181139576 0
0.3812037726313489 0
0.3826584621268517 0
0.42938609371478526 0
0.430840783210288 0
0.4876590426367442 0
0.48911373213224696 0
0.5560226193972259 0
0.5567977708420125 0
0.6214426695259625 0
0.6221973323863055 0
0.6230920005736804 0
0.6239866687610554 0
0.624761820205842 0
0.6793058467590474 0
0.6800605096193904 0
0.6809551778067653 0
0.6818498459941402 0
0.6826249974389269 0
0.7242714600848228 0
0.7250261229451657 0
0.7259207911325406 0
0.7268154593199155 0
0.7275906107647022 0
0.7591464455720754 0
0.7599011084324184 0
0.7607957766197934 0
0.7616904448071683 0
0.762465596251955 0
0.7821414668460556 0
0.7828961297063985 0
0.7837907978937735 0
0.7846854660811484 0
0.7854128108288998 0
0.7862801609036831 0
0.7875709417236363 0
0.789025631219139 0
0.8155720071300274 0
0.8170266966255302 0
0.8536637003749411 0
0.8551183898704439 0
0.9018460214583774 0
0.9026211729031641 0
0.9424031743646831 0
0.9431578372250261 0
0.944052505412401 0
0.944947173599776 0
0.9457223250445627 0
0.9754068691394111 0
0.9761615319997541 0
0.977056200187129 0
0.977950868374504 0
0.9787260198192906 0
0.9965305997008667 0
0.9972852625612096 0
0.9981799307485846 0
0.9990745989359595 0
