0.011931185674381757 1
0.014400060099847702 1
0.019774898752245206 2
0.020263210014820076 3
0.020505658264070536 3
0.020748106513320996 3
0.02326820239989619 4
0.023930666630242518 5
0.024504346994666137 6
0.025248765562787268 7
0.02590440026498569 8
0.02634149006645131 9
0.029387459620414825 9
0.029875770882989695 9
0.030121633896314105 9
0.030480184124078866 9
0.03300369477472801 9
0.03366615900507434 9
0.03423983936949796 9
0.03498425793761909 9
0.03563989263981752 9
0.03607698244128313 9
0.05007068561633077 9
0.05259419626697991 9
0.05833441467529008 9
0.05882272593786495 9
0.05906517418711541 9
0.05930762243636587 9
0.061827718322941067 9
0.06249018255328739 9
0.06306386291771102 9
0.06380828148583215 9
0.06446391618803057 9
0.06490100598949619 9
0.0679469755434597 9
0.06843528680603457 9
0.06867773505528503 9
0.06892018330453549 9
0.07144027919111069 9
0.072102743421457 9
0.07267642378588063 9
0.07342084235400176 9
0.07407647705620019 9
0.0745135668576658 9
0.07755953641162933 9
0.0780478476742042 9
0.07829371068752859 9
0.07865226091529336 9
0.08117577156594251 9
0.08183823579628884 9
0.08241191616071246 9
0.08315633472883359 9
0.08381196943103202 9
0.08424905923249763 9
0.09830081339680241 9
0.10087896027263477 9
0.1069845584368576 9
0.10747286969943247 9
0.10771531794868293 9
0.10795776619793339 9
0.11047786208450858 9
0.1111403263148549 9
0.11171400667927853 9
0.11245842524739966 9
0.11311405994959808 9
0.1135511497510637 9
0.11659711930502721 9
0.11708543056760208 9
0.11732787881685254 9
0.117570327066103 9
0.1200904229526782 9
0.12075288718302453 9
0.12132656754744815 9
0.12207098611556927 9
0.1227266208177677 9
0.12316371061923331 9
0.12620968017319684 9
0.1266979914357717 9
0.12694043968502217 9
0.12718288793427263 9
0.12970298382084783 9
0.13036544805119415 9
0.13093912841561778 9
0.13168354698373888 9
0.1323391816859373 9
0.13277627148740292 9
0.13582224104136645 9
0.13631055230394132 9
0.13655641531726573 9
0.1369149655450305 9
0.13943847619567964 9
0.14010094042602597 9
0.1406746207904496 9
0.14141903935857073 9
0.14207467406076915 9
0.14251176386223477 9
0.15662156901579669 9
0.15925435211681224 9
0.16572533003694775 9
0.16621364129952262 9
0.16645608954877308 9
0.16669853779802354 9
0.16921863368459872 9
0.16988109791494505 9
0.17045477827936867 9
0.1711991968474898 9
0.17185483154968823 9
0.17229192135115384 9
0.17533789090511737 9
0.17582620216769224 9
0.1760686504169427 9
0.17631109866619316 9
0.17883119455276836 9
0.17949365878311468 9
0.1800673391475383 9
0.18081175771565944 9
0.18146739241785784 9
0.18190448221932345 9
0.18495045177328698 9
0.18543876303586185 9
0.1856812112851123 9
0.18592365953436277 9
0.18844375542093797 9
0.1891062196512843 9
0.18967990001570792 9
0.19042431858382905 9
0.19107995328602748 9
0.1915170430874931 9
0.1945630126414566 9
0.19505132390403146 9
0.19529377215328192 9
0.19553622040253238 9
0.19805631628910758 9
0.1987187805194539 9
0.19929246088387753 9
0.20003687945199866 9
0.2006925141541971 9
0.2011296039556627 9
0.20417557350962623 9
0.2046638847722011 9
0.2049097477855255 9
0.20526829801329027 9
0.2077918086639394 9
0.20845427289428572 9
0.20902795325870935 9
0.20977237182683048 9
0.2104280065290289 9
0.21086509633049452 9
0.21545112448180956 9
0.22094889464086925 9
0.2235270415167016 9
0.22963263968092446 9
0.23012095094349933 9
0.23036339919274978 9
0.23060584744200024 9
0.23312594332857542 9
0.23378840755892175 9
0.23436208792334537 9
0.2351065064914665 9
0.23576214119366493 9
0.23619923099513054 9
0.23924520054909407 9
0.23973351181166894 9
0.2399759600609194 9
0.24021840831016986 9
0.24273850419674506 9
0.24340096842709139 9
0.24397464879151498 9
0.2447190673596361 9
0.24537470206183454 9
0.24581179186330016 9
0.24885776141726368 9
0.24934607267983855 9
0.249588520929089 9
0.24983096917833947 9
0.25235106506491467 9
0.253013529295261 9
0.2535872096596846 9
0.25433162822780575 9
0.2549872629300042 9
0.2554243527314698 9
0.2584703222854333 9
0.2589586335480082 9
0.25920108179725865 9
0.2594435300465091 9
0.2619636259330843 9
0.2626260901634306 9
0.2631997705278542 9
0.26394418909597533 9
0.26459982379817376 9
0.2650369135996394 9
0.26790873018583145 10
0.2806423854175915 10
0.2860616160029504 10
0.2885851266535995 10
0.29432534506190966 10
0.29481365632448453 10
0.295056104573735 10
0.29529855282298545 10
0.29781864870956065 10
0.298481112939907 10
0.2990547933043306 10
0.29979921187245173 10
0.30045484657465016 10
0.3008919363761158 10
0.3039379059300793 10
0.30442621719265417 10
0.30466866544190463 10
0.3049111136911551 10
0.3074312095777303 10
0.3080936738080766 10
0.30866735417250024 10
0.30941177274062137 10
0.3100674074428198 10
0.3105044972442854 10
0.3135504667982489 10
0.31403877806082375 10
0.3142812263100742 10
0.3145236745593247 10
0.3170437704458999 10
0.3177062346762462 10
0.3182799150406698 10
0.31902433360879096 10
0.3196799683109894 10
0.320117058112455 10
0.32298887469864707 10
0.3356986265818895 10
0.341070050470213 10
0.34353892489567894 10
0.34891376354807646 10
0.34940207481065133 10
0.3496445230599018 10
0.34988697130915225 10
0.35240706719572745 10
0.3530695314260738 10
0.3536432117904974 10
0.35438763035861853 10
0.35504326506081696 10
0.3554803548622826 10
0.3585263244162461 10
0.35901463567882097 10
0.35925708392807143 10
0.3594995321773219 10
0.3620196280638971 10
0.36268209229424336 10
0.363255772658667 10
0.3640001912267881 10
0.36465582592898654 10
0.36509291573045216 10
0.3679647323166442 10
0.39300519727092054 10
0.3955287079215697 10
0.40126892632987987 10
0.40175723759245474 10
0.4019996858417052 10
0.40224213409095566 10
0.40476222997753086 10
0.4054246942078772 10
0.4059983745723008 10
0.40674279314042194 10
0.40739842784262037 10
0.407835517644086 10
0.4108814871980495 10
0.4113697984606244 10
0.41161224670987484 10
0.4118546949591253 10
0.41437479084570045 10
0.4150372550760468 10
0.4156109354404704 10
0.4163553540085915 10
0.41701098871078995 10
0.41744807851225557 10
0.4204940480662191 10
0.42098235932879396 10
0.4212282223421184 10
0.42158677256988314 10
0.4241102832205323 10
0.4247727474508786 10
0.42534642781530224 10
0.42609084638342337 10
0.4267464810856218 10
0.4271835708870874 10
0.4412353250513922 10
0.44381347192722453 10
0.4499190700914474 10
0.45040738135402225 10
0.4506498296032727 10
0.45089227785252317 10
0.4534123737390984 10
0.4540748379694447 10
0.4546485183338683 10
0.45539293690198945 10
0.4560485716041879 10
0.4564856614056535 10
0.459531630959617 10
0.4600199422221919 10
0.46026239047144235 10
0.4605048387206928 10
0.46302493460726796 10
0.4636873988376143 10
0.4642610792020379 10
0.46500549777015904 10
0.46566113247235746 10
0.4660982222738231 10
0.4691441918277866 10
0.4696325030903615 10
0.46987495133961193 10
0.4701173995888624 10
0.4726374954754376 10
0.4732999597057839 10
0.47387364007020755 10
0.4746180586383287 10
0.4752736933405271 10
0.4757107831419927 10
0.47875675269595624 10
0.4792450639585311 10
0.4794909269718555 10
0.4798494771996203 10
0.48237298785026944 10
0.48303545208061577 10
0.4836091324450394 10
0.4843535510131605 10
0.48500918571535895 10
0.48544627551682457 10
0.4995560806703865 10
0.502188863771402 10
0.5086598416915376 10
0.5091481529541124 10
0.5093906012033629 10
0.5096330494526133 10
0.5121531453391885 10
0.5128156095695349 10
0.5133892899339585 10
0.5141337085020796 10
0.514789343204278 10
0.5152264330057437 10
0.5182724025597072 10
0.5187607138222821 10
0.5190031620715325 10
0.519245610320783 10
0.5217657062073582 10
0.5224281704377045 10
0.5230018508021281 10
0.5237462693702493 10
0.5244019040724477 10
0.5248389938739133 10
0.5278849634278767 10
0.5283732746904516 10
0.528615722939702 10
0.5288581711889525 10
0.5313782670755277 10
0.532040731305874 10
0.5326144116702977 10
0.5333588302384188 10
0.5340144649406172 10
0.5344515547420828 10
0.5374975242960464 10
0.5379858355586212 10
0.5382282838078717 10
0.5384707320571221 10
0.5409908279436973 10
0.5416532921740437 10
0.5422269725384673 10
0.5429713911065884 10
0.5436270258087869 10
0.5440641156102525 10
0.547110085164216 10
0.5475983964267909 10
0.5478442594401153 10
0.54820280966788 10
0.5507263203185292 10
0.5513887845488755 10
0.5519624649132991 10
0.5527068834814203 10
0.5533625181836187 10
0.5537996079850843 10
0.5583685623160296 10
0.5641429283650793 10
0.5667210752409116 10
0.5728266734051345 10
0.5733149846677094 10
0.5735574329169598 10
0.5737998811662103 10
0.5763199770527854 10
0.5769824412831317 10
0.5775561216475553 10
0.5783005402156765 10
0.5789561749178749 10
0.5793932647193405 10
0.582439234273304 10
0.5829275455358789 10
0.5831699937851293 10
0.5834124420343798 10
0.585932537920955 10
0.5865950021513013 10
0.587168682515725 10
0.5879131010838461 10
0.5885687357860445 10
0.5890058255875101 10
0.5920517951414737 10
0.5925401064040485 10
0.592782554653299 10
0.5930250029025494 10
0.5955450987891246 10
0.596207563019471 10
0.5967812433838946 10
0.5975256619520157 10
0.5981812966542142 10
0.5986183864556798 10
0.6016643560096433 10
0.6021526672722182 10
0.6023951155214686 10
0.6026375637707191 10
0.6051576596572943 10
0.6058201238876406 10
0.6063938042520642 10
0.6071382228201854 10
0.6077938575223838 10
0.6082309473238494 10
0.6111027639100415 10
0.626332611679859 10
0.6320591710318734 10
0.6345826816825225 10
0.6403229000908327 10
0.6408112113534076 10
0.641053659602658 10
0.6412961078519085 10
0.6438162037384837 10
0.64447866796883 10
0.6450523483332536 10
0.6457967669013748 10
0.6464524016035732 10
0.6468894914050388 10
0.6499354609590023 10
0.6504237722215772 10
0.6506662204708277 10
0.6509086687200781 10
0.6534287646066533 10
0.6540912288369997 10
0.6546649092014233 10
0.6554093277695444 10
0.6560649624717428 10
0.6565020522732085 10
0.659548021827172 10
0.6600363330897469 10
0.6602787813389973 10
0.6605212295882478 10
0.663041325474823 10
0.6637037897051693 10
0.6642774700695929 10
0.665021888637714 10
0.6656775233399125 10
0.6661146131413781 10
0.6689864297275702 10
0.684195788912944 10
0.6895672128012675 10
0.6920360872267335 10
0.697410925879131 10
0.6978992371417059 10
0.6981416853909563 10
0.6983841336402068 10
0.700904229526782 10
0.7015666937571283 10
0.702140374121552 10
0.7028847926896731 10
0.7035404273918715 10
0.7039775171933371 10
0.7070234867473006 10
0.7075117980098755 10
0.707754246259126 10
0.7079966945083764 10
0.7105167903949516 10
0.711179254625298 10
0.7117529349897216 10
0.7124973535578427 10
0.7131529882600411 10
0.7135900780615068 10
0.7164618946476988 10
0.7291614022387193 10
0.7344850194300075 10
0.7368992576302903 10
0.7419087165267751 10
0.74239702778935 10
0.7426394760386005 10
0.7428819242878509 10
0.7454020201744261 10
0.7460644844047725 10
0.7466381647691961 10
0.7473825833373172 10
0.7480382180395156 10
0.7484753078409813 10
0.7513471244271733 10
0.764036387725972 10
0.769312198220225 10
0.7716718001953246 10
0.7743523899933754 10
0.7992767529691374 10
0.8016909911694201 10
0.806700450065905 10
0.8071887613284798 10
0.8074346243418042 10
0.807793174569569 10
0.8103166852202182 10
0.8109791494505645 10
0.8115528298149881 10
0.8122972483831092 10
0.8129528830853077 10
0.8133899728867733 10
0.8273256250725637 10
0.8297944994980296 10
0.8351693381504272 10
0.835657649413002 10
0.8359000976622525 10
0.8361425459115029 10
0.8386626417980781 10
0.8393251060284245 10
0.8398987863928481 10
0.8406432049609692 10
0.8412988396631677 10
0.8417359294646333 10
0.8447818990185968 10
0.8452702102811717 10
0.8455160732944961 10
0.8458746235222608 10
0.84839813417291 10
0.8490605984032563 10
0.8496342787676799 10
0.8503786973358011 10
0.8510343320379995 10
0.8514714218394651 10
0.8654651250145128 10
0.8679886356651619 10
0.8737288540734721 10
0.874217165336047 10
0.8744596135852974 10
0.8747020618345479 10
0.877222157721123 10
0.8778846219514693 10
0.878458302315893 10
0.8792027208840141 10
0.8798583555862125 10
0.8802954453876781 10
0.8833414149416416 10
0.8838297262042165 10
0.884072174453467 10
0.8843146227027174 10
0.8868347185892926 10
0.887497182819639 10
0.8880708631840626 10
0.8888152817521837 10
0.8894709164543821 10
0.8899080062558478 10
0.8929539758098113 10
0.8934422870723862 10
0.8936881500857106 10
0.8940467003134753 10
0.8965702109641245 10
0.8972326751944708 10
0.8978063555588944 10
0.8985507741270156 10
0.899206408829214 10
0.8996434986306796 10
0.9041919643771812 10
0.9093585024210677 10
0.9118273768465337 10
0.9172022154989312 10
0.9176905267615061 10
0.9179329750107565 10
0.918175423260007 10
0.9206955191465822 10
0.9213579833769285 10
0.9219316637413522 10
0.9226760823094733 10
0.9233317170116717 10
0.9237688068131373 10
0.9268147763671007 10
0.9273030876296756 10
0.9275455358789261 10
0.9277879841281765 10
0.9303080800147517 10
0.9309705442450981 10
0.9315442246095217 10
0.9322886431776428 10
0.9329442778798412 10
0.9333813676813069 10
0.9362531842674989 10
0.9472931165185797 10
0.952411847865431 10
0.9548260860657137 10
0.9598355449621986 10
0.9603238562247735 10
0.9605663044740239 10
0.9608087527232744 10
0.9633288486098496 10
0.9639913128401959 10
0.9645649932046195 10
0.9653094117727407 10
0.9659650464749391 10
0.9664021362764047 10
0.9692739528625968 10
0.9802968112933077 10
0.9853677359431237 10
0.9877273379182232 10
0.9904079277162741 10
