0.004558710038723424 1
0.005327031955362204 2
0.005648019778313517 3
0.005969007601264829 4
0.0064026826386564956 5
0.006723670461607808 6
0.012101923878079264 6
0.014570798303545207 6
0.01986709738224186 7
0.02084713467146555 8
0.021291054001079064 9
0.02947965825041148 10
0.03058262704629737 11
0.031026546375910888 12
0.04265040328363713 13
0.04341872520027591 14
0.043739713023227225 15
0.04406070084617854 16
0.044494375883570206 17
0.04481536370652152 18
0.050241423820028275 18
0.05276493447067742 18
0.058426613305286736 19
0.059406650594510425 20
0.05985056992412394 21
0.06803917417345635 22
0.06901921146268004 23
0.06946313079229356 24
0.07765173504162598 25
0.07875470383751186 26
0.07919862316712538 27
0.09083272436707347 28
0.09160104628371225 29
0.09192203410666357 30
0.09224302192961488 31
0.09267669696700655 32
0.09299768478995786 33
0.09847155160049992 33
0.10104969847633227 33
0.10707675706685425 34
0.10805679435607794 35
0.10850071368569146 36
0.11668931793502386 37
0.11766935522424755 38
0.11811327455386107 39
0.1263018788031935 40
0.12728191609241718 41
0.1277258354220307 42
0.1359144396713631 43
0.137017408467249 44
0.13746132779686251 45
0.14910567328903246 46
0.14987399520567124 47
0.15019498302862255 48
0.15051597085157387 49
0.15094964588896553 50
0.15127063371191685 51
0.1567923072194942 51
0.15942509032050975 51
0.1658175286669444 52
0.1667975659561681 53
0.16724148528578162 54
0.17543008953511402 55
0.1764101268243377 56
0.17685404615395123 57
0.18504265040328363 58
0.18602268769250732 59
0.18646660702212084 60
0.19465521127145324 61
0.19563524856067693 62
0.19607916789029045 63
0.20426777213962288 64
0.20537074093550878 65
0.2058146602651223 66
0.22111963284456676 66
0.22369777972039911 66
0.2297248383109211 67
0.2307048756001448 68
0.23114879492975832 69
0.23933739917909072 70
0.2403174364683144 71
0.24076135579792793 72
0.24894996004726033 73
0.24992999733648402 74
0.25037391666609754 75
0.25856252091542997 76
0.25954255820465366 77
0.2599864775342672 78
0.2862323542066479 78
0.288755864857297 78
0.2944175436919063 79
0.29539758098113 80
0.2958415003107435 81
0.30403010456007595 82
0.30501014184929964 83
0.30545406117891316 84
0.31364266542824554 85
0.3146227027174692 86
0.31506662204708274 87
0.3412407886739105 87
0.34370966309937645 87
0.3490059621780731 88
0.3499859994672968 89
0.3504299187969103 90
0.35861852304624275 91
0.35959856033546644 92
0.36004247966507996 93
0.38558491493822694 94
0.3863532368548657 95
0.38667422467781704 96
0.38699521250076835 97
0.38742888753816 98
0.3877498753611113 99
0.39317593547461804 99
0.3956994461252672 99
0.4013611249598765 100
0.4023411622491002 101
0.40278508157871373 102
0.41097368582804616 103
0.41195372311726985 104
0.4123976424468834 105
0.42058624669621575 106
0.42168921549210164 107
0.42213313482171516 108
0.4337672360216633 109
0.43453555793830206 110
0.4348565457612534 111
0.4351775335842047 112
0.43561120862159636 113
0.43593219644454767 114
0.4414060632550897 114
0.44398421013092204 114
0.45001126872144404 115
0.4509913060106677 116
0.45143522534028124 117
0.4596238295896137 118
0.46060386687883736 119
0.4610477862084509 120
0.46923639045778326 121
0.47021642774700695 122
0.47066034707662047 123
0.4788489513259529 124
0.4799519201218388 125
0.4803958394514523 126
0.4920401849436222 127
0.492808506860261 128
0.4931294946832123 129
0.49345048250616363 130
0.4938841575435553 131
0.4942051453665066 132
0.499726818874084 132
0.5023596019750995 132
0.5087520403215342 133
0.5097320776107579 134
0.5101759969403714 135
0.5183646011897038 136
0.5193446384789275 137
0.519788557808541 138
0.5279771620578734 139
0.5289571993470971 140
0.5294011186767106 141
0.537589722926043 142
0.5385697602152667 143
0.5390136795448802 144
0.5472022837942127 145
0.5483052525900985 146
0.5487491719197121 147
0.5643136665687768 147
0.5668918134446091 147
0.5729188720351311 148
0.5738989093243548 149
0.5743428286539684 150
0.5825314329033007 151
0.5835114701925244 152
0.5839553895221379 153
0.5921439937714703 154
0.593124031060694 155
0.5935679503903075 156
0.60175655463964 157
0.6027365919288636 158
0.6031805112584772 159
0.6322299092355709 159
0.63475341988622 159
0.6404150987208294 160
0.641395136010053 161
0.6418390553396666 162
0.650027659588999 163
0.6510076968782227 164
0.6514516162078362 165
0.6596402204571686 166
0.6606202577463923 167
0.6610641770760058 168
0.689737951004965 168
0.692206825430431 168
0.6975031245091277 169
0.6984831617983513 170
0.6989270811279649 171
0.7071156853772973 172
0.708095722666521 173
0.7085396419961345 174
0.734655757633705 174
0.7370699958339878 174
0.7420009151567718 175
0.7429809524459955 176
0.743424871775609 177
0.7694829364239225 177
0.7718425383990221 177
0.7919520840305143 178
0.7927204059471531 179
0.7930413937701044 180
0.7933623815930557 181
0.7937960566304474 182
0.7941170444533987 183
0.7994474911728349 183
0.8018617293731176 183
0.8067926486959016 184
0.8078956174917875 185
0.808339536821401 186
0.8199531494369054 187
0.8207214713535442 188
0.8210424591764955 189
0.8213634469994469 190
0.8217971220368385 191
0.8221181098597898 192
0.8274963632762612 192
0.8299652377017271 192
0.8352615367804238 193
0.8362415740696475 194
0.836685493399261 195
0.8448740976485934 196
0.8459770664444793 197
0.8464209857740929 198
0.8580448426818191 199
0.8588131645984579 200
0.8591341524214092 201
0.8594551402443605 202
0.8598888152817522 203
0.8602098031047035 204
0.8656358632182103 204
0.8681593738688594 204
0.8738210527034688 205
0.8748010899926925 206
0.8752450093223059 207
0.8834336135716383 208
0.884413650860862 209
0.8848575701904755 210
0.8930461744398079 211
0.8941491432356938 212
0.8945930625653074 213
0.9095292406247653 213
0.9119981150502312 213
0.9172944141289279 214
0.9182744514181516 215
0.9187183707477651 216
0.9269069749970974 217
0.9278870122863211 218
0.9283309316159346 219
0.9525825860691285 219
0.9549968242694112 219
0.9599277435921952 220
0.9609077808814189 221
0.9613517002110324 222
0.9855384741468212 222
0.9878980761219207 222
