0.00757053195194744 1
0.0075773614800953406 1
0.00887497182819639 1
0.00888180135634429 1
0.011258477151813582 1
0.011265306679961482 1
0.011309698612922834 2
0.011415556299215287 2
0.011422385827363187 2
0.011466777760324539 3
0.011572635446616993 3
0.011579464974764893 3
0.011623856907726245 4
0.011876549449198555 4
0.011883378977346455 4
0.013727351577279525 4
0.013734181105427425 4
0.013778573038388777 4
0.013884430724681231 4
0.013891260252829132 4
0.013935652185790483 4
0.014041509872082938 4
0.014048339400230838 4
0.01409273133319219 4
0.0143454238746645 4
0.0143522534028124 4
0.019720262527062004 5
0.019727092055209904 5
0.023090634668050784 6
0.023097464196198684 6
0.023158929949529786 7
0.02375651366247106 7
0.02376334319061896 7
0.023824808943950063 8
0.02506778306686791 8
0.02507461259501581 8
0.025136078348346913 9
0.025730247297214237 9
0.025737076825362137 9
0.025798542578693236 10
0.029332823395231623 11
0.029339652923379523 11
0.030418718370747767 11
0.030425547898895667 11
0.032826127042882604 11
0.032832956571030504 11
0.03289442232436161 12
0.03349200603730288 12
0.03349883556545078 12
0.033560301318781884 13
0.034803275441699734 13
0.034810104969847634 13
0.03487157072317874 14
0.03546573967204606 14
0.03547256920019396 14
0.035534034953525064 15
0.045662225196861146 16
0.045669054725009046 16
0.0469666650731101 16
0.046973494601258 16
0.04939797709376259 16
0.04940480662191049 16
0.04944919855487184 16
0.0495550562411643 16
0.0495618857693122 16
0.04960627770227355 16
0.049712135388566 16
0.049718964916713904 16
0.049763356849675255 16
0.050016049391147566 16
0.050022878919295466 16
0.051921487744411736 16
0.051928317272559636 16
0.05197270920552099 16
0.05207856689181344 16
0.05208539641996134 16
0.052129788352922694 16
0.05223564603921515 16
0.05224247556736305 16
0.0522868675003244 16
0.05253956004179671 16
0.05254638956994461 16
0.05827977845010688 17
0.05828660797825478 17
0.06165015059109566 17
0.06165698011924356 17
0.06171844587257466 18
0.062316029585515936 18
0.06232285911366384 18
0.06238432486699494 19
0.06362729898991279 19
0.06363412851806069 19
0.06369559427139179 20
0.06428976322025912 20
0.06429659274840702 20
0.06435805850173812 21
0.0678923393182765 22
0.0678991688464244 22
0.07126271145926528 22
0.07126954098741319 22
0.07133100674074429 23
0.07192859045368555 23
0.07193541998183345 23
0.07199688573516455 24
0.0732398598580824 24
0.0732466893862303 24
0.0733081551395614 25
0.07390232408842873 25
0.07390915361657663 25
0.07397061936990773 26
0.07750490018644612 27
0.07751172971459402 27
0.07859079516196225 27
0.07859762469011015 27
0.0809982038340971 27
0.081005033362245 27
0.0810664991155761 28
0.08166408282851738 28
0.08167091235666528 28
0.08173237810999638 29
0.08297535223291423 29
0.08298218176106213 29
0.08304364751439323 30
0.08363781646326056 30
0.08364464599140846 30
0.08370611174473956 31
0.0938445462802975 32
0.0938513758084454 32
0.09514898615654645 32
0.09515581568469435 32
0.09762810487423423 32
0.09763493440238213 32
0.09767932633534349 32
0.09778518402163594 32
0.09779201354978384 32
0.09783640548274519 32
0.09794226316903765 32
0.09794909269718555 32
0.0979934846301469 32
0.09824617717161921 32
0.09825300669976711 32
0.10020625175006659 32
0.10021308127821449 32
0.10025747321117584 32
0.1003633308974683 32
0.1003701604256162 32
0.10041455235857755 32
0.10052041004487 32
0.1005272395730179 32
0.10057163150597925 32
0.10082432404745156 32
0.10083115357559946 32
0.1069299222116744 33
0.1069367517398223 33
0.11030029435266317 33
0.11030712388081107 33
0.11036858963414217 34
0.11096617334708345 34
0.11097300287523135 34
0.11103446862856245 35
0.1122774427514803 35
0.1122842722796282 35
0.1123457380329593 36
0.11293990698182663 36
0.11294673650997453 36
0.11300820226330563 37
0.11654248307984401 38
0.11654931260799191 38
0.1199128552208328 38
0.1199196847489807 38
0.1199811505023118 39
0.12057873421525307 39
0.12058556374340097 39
0.12064702949673207 40
0.12189000361964991 40
0.12189683314779781 40
0.12195829890112891 41
0.12255246784999624 41
0.12255929737814414 41
0.12262076313147524 42
0.12615504394801363 43
0.12616187347616153 43
0.12952541608900242 43
0.12953224561715032 43
0.12959371137048142 44
0.1301912950834227 44
0.1301981246115706 44
0.1302595903649017 45
0.13150256448781952 45
0.13150939401596742 45
0.13157085976929853 46
0.13216502871816585 46
0.13217185824631375 46
0.13223332399964485 47
0.13576760481618325 48
0.13577443434433115 48
0.1368534997916994 48
0.1368603293198473 48
0.13926090846383424 48
0.13926773799198214 48
0.13932920374531324 49
0.13992678745825451 49
0.13993361698640241 49
0.13999508273973352 50
0.14123805686265137 50
0.14124488639079927 50
0.14130635214413037 51
0.1419005210929977 51
0.1419073506211456 51
0.1419688163744767 52
0.15211749520225648 53
0.15212432473040438 53
0.15342193507850543 53
0.15342876460665333 53
0.15594886049322854 53
0.15595569002137644 53
0.1560000819543378 53
0.15610593964063024 53
0.15611276916877814 53
0.1561571611017395 53
0.15626301878803192 53
0.15626984831617982 53
0.15631424024914117 53
0.15656693279061348 53
0.15657376231876138 53
0.15858164359424406 53
0.15858847312239197 53
0.15863286505535332 53
0.15873872274164577 53
0.15874555226979367 53
0.15878994420275502 53
0.15889580188904748 53
0.15890263141719538 53
0.15894702335015673 53
0.15919971589162904 53
0.15920654541977694 53
0.16567069381176455 54
0.16567752333991245 54
0.1690410659527533 54
0.1690478954809012 54
0.1691093612342323 55
0.1697069449471736 55
0.1697137744753215 55
0.1697752402286526 56
0.17101821435157044 56
0.17102504387971834 56
0.17108650963304944 57
0.17168067858191677 57
0.17168750811006467 57
0.17174897386339577 58
0.17528325467993416 59
0.17529008420808206 59
0.17865362682092295 59
0.17866045634907085 59
0.17872192210240195 60
0.17931950581534323 60
0.17932633534349113 60
0.17938780109682223 61
0.18063077521974008 61
0.18063760474788798 61
0.18069907050121908 62
0.18129323945008638 62
0.18130006897823428 62
0.18136153473156538 63
0.18489581554810378 64
0.18490264507625168 64
0.18826618768909256 64
0.18827301721724046 64
0.18833448297057157 65
0.18893206668351284 65
0.18893889621166074 65
0.18900036196499184 66
0.1902433360879097 66
0.1902501656160576 66
0.1903116313693887 67
0.19090580031825602 67
0.19091262984640392 67
0.19097409559973502 68
0.1945083764162734 69
0.1945152059444213 69
0.19787874855726217 69
0.19788557808541007 69
0.19794704383874118 70
0.19854462755168245 70
0.19855145707983035 70
0.19861292283316145 71
0.1998558969560793 71
0.1998627264842272 71
0.1999241922375583 72
0.20051836118642563 72
0.20052519071457353 72
0.20058665646790463 73
0.20412093728444303 74
0.20412776681259093 74
0.20520683225995917 74
0.20521366178810707 74
0.207614240932094 74
0.2076210704602419 74
0.207682536213573 75
0.20828011992651427 75
0.20828694945466217 75
0.20834841520799327 76
0.20959138933091112 76
0.20959821885905902 76
0.20965968461239012 77
0.21025385356125745 77
0.21026068308940535 77
0.21032214884273645 78
0.21539648825662636 79
0.21540331778477426 79
0.21563893650587682 80
0.22027618611830108 80
0.22028301564644898 80
0.22032740757941033 80
0.22043326526570278 80
0.22044009479385068 80
0.22048448672681203 80
0.2205903444131045 80
0.2205971739412524 80
0.22064156587421374 80
0.22089425841568605 80
0.22090108794383395 80
0.22285433299413343 80
0.22286116252228133 80
0.22290555445524268 80
0.22301141214153514 80
0.22301824166968304 80
0.2230626336026444 80
0.22316849128893684 80
0.22317532081708474 80
0.2232197127500461 80
0.2234724052915184 80
0.2234792348196663 80
0.22957800345574125 81
0.22958483298388915 81
0.23294837559673 81
0.2329552051248779 81
0.23301667087820901 82
0.2336142545911503 82
0.2336210841192982 82
0.2336825498726293 83
0.23492552399554714 83
0.23493235352369504 83
0.23499381927702614 84
0.23558798822589347 84
0.23559481775404137 84
0.23565628350737247 85
0.23919056432391086 86
0.23919739385205877 86
0.24256093646489965 86
0.24256776599304755 86
0.24262923174637865 87
0.24322681545931993 87
0.24323364498746783 87
0.24329511074079893 88
0.24453808486371675 88
0.24454491439186465 88
0.24460638014519576 89
0.24520054909406308 89
0.24520737862221098 89
0.24526884437554208 90
0.24880312519208048 91
0.24880995472022838 91
0.25217349733306926 91
0.25218032686121716 91
0.25224179261454827 92
0.25283937632748954 92
0.25284620585563744 92
0.25290767160896854 93
0.2541506457318864 93
0.2541574752600343 93
0.2542189410133654 94
0.2548131099622327 94
0.2548199394903806 94
0.2548814052437117 95
0.2584156860602501 96
0.258422515588398 96
0.2617860582012389 96
0.2617928877293868 96
0.2618543534827179 97
0.2624519371956592 97
0.2624587667238071 97
0.2625202324771381 98
0.263763206600056 98
0.2637700361282039 98
0.263831501881535 99
0.2644256708304023 99
0.2644325003585502 99
0.2644939661118813 100
0.26773799198213394 100
0.26774482151028184 100
0.26780628726361294 100
0.2805877491924083 100
0.2805945787205562 100
0.28083019744165877 100
0.2853889074803822 100
0.2853957370085301 100
0.28544012894149146 100
0.2855459866277839 100
0.2855528161559318 100
0.28559720808889316 100
0.2857030657751856 100
0.2857098953033335 100
0.28575428723629487 100
0.2860069797777672 100
0.2860138093059151 100
0.2879124181310313 100
0.2879192476591792 100
0.28796363959214055 100
0.288069497278433 100
0.2880763268065809 100
0.28812071873954226 100
0.2882265764258347 100
0.2882334059539826 100
0.28827779788694397 100
0.2885304904284163 100
0.2885373199565642 100
0.29427070883672646 101
0.29427753836487436 101
0.29764108097771524 101
0.29764791050586314 101
0.29770937625919425 102
0.2983069599721355 102
0.2983137895002834 102
0.2983752552536145 103
0.2996182293765324 103
0.2996250589046803 103
0.2996865246580114 104
0.3002806936068787 104
0.3002875231350266 104
0.3003489888883577 105
0.3038832697048961 106
0.303890099233044 106
0.3072536418458849 106
0.3072604713740328 106
0.3073219371273639 107
0.30791952084030516 107
0.30792635036845306 107
0.30798781612178416 108
0.309230790244702 108
0.3092376197728499 108
0.309299085526181 109
0.30989325447504834 109
0.30990008400319624 109
0.30996154975652734 110
0.3134958305730657 111
0.3135026601012136 111
0.31686620271405447 111
0.31687303224220237 111
0.31693449799553347 112
0.31753208170847474 112
0.31753891123662265 112
0.31760037698995375 113
0.3188433511128716 113
0.3188501806410195 113
0.3189116463943506 114
0.3195058153432179 114
0.3195126448713658 114
0.3195741106246969 115
0.32281813649494956 115
0.32282496602309746 115
0.32288643177642856 115
0.3356439903567063 115
0.3356508198848542 115
0.33588643860595674 115
0.3403973419476448 115
0.3404041714757927 115
0.34044856340875407 115
0.3405544210950465 115
0.3405612506231944 115
0.3406056425561558 115
0.34071150024244823 115
0.34071832977059613 115
0.3407627217035575 115
0.3410154142450298 115
0.3410222437731777 115
0.34286621637311077 115
0.34287304590125867 115
0.34291743783422 115
0.3430232955205125 115
0.3430301250486604 115
0.3430745169816217 115
0.3431803746679142 115
0.3431872041960621 115
0.34323159612902343 115
0.34348428867049574 115
0.34349111819864364 115
0.34885912732289326 116
0.34886595685104116 116
0.35222949946388205 116
0.35223632899202995 116
0.35229779474536105 117
0.3528953784583023 117
0.3529022079864502 117
0.3529636737397813 118
0.3542066478626992 118
0.3542134773908471 118
0.3542749431441782 119
0.3548691120930455 119
0.3548759416211934 119
0.3549374073745245 120
0.3584716881910629 121
0.3584785177192108 121
0.3618420603320517 121
0.3618488898601996 121
0.3619103556135307 122
0.3625079393264719 122
0.3625147688546198 122
0.3625762346079509 123
0.36381920873086876 123
0.36382603825901666 123
0.36388750401234776 124
0.3644816729612151 124
0.364488502489363 124
0.3645499682426941 125
0.3677939941129467 125
0.3678008236410946 125
0.3678622893944257 125
0.3885967368514509 126
0.3886035663795988 126
0.38990117672769986 126
0.38990800625584776 126
0.39233248874835236 126
0.39233931827650026 126
0.3923837102094616 126
0.39248956789575407 126
0.39249639742390197 126
0.3925407893568633 126
0.39264664704315577 126
0.3926534765713037 126
0.392697868504265 126
0.39295056104573733 126
0.39295739057388523 126
0.3948559993990015 126
0.3948628289271494 126
0.39490722086011076 126
0.3950130785464032 126
0.3950199080745511 126
0.39506430000751247 126
0.3951701576938049 126
0.3951769872219528 126
0.3952213791549142 126
0.3954740716963865 126
0.3954809012245344 126
0.40121429010469667 127
0.40122111963284457 127
0.40458466224568546 127
0.40459149177383336 127
0.40465295752716446 128
0.40525054124010573 128
0.40525737076825363 128
0.40531883652158474 129
0.4065618106445026 129
0.4065686401726505 129
0.4066301059259816 130
0.4072242748748489 130
0.4072311044029968 130
0.4072925701563279 131
0.4108268509728663 132
0.4108336805010142 132
0.41419722311385504 132
0.41420405264200294 132
0.41426551839533404 133
0.4148631021082753 133
0.4148699316364232 133
0.4149313973897543 134
0.41617437151267217 134
0.41618120104082007 134
0.4162426667941512 135
0.4168368357430185 135
0.4168436652711664 135
0.4169051310244975 136
0.4204394118410359 137
0.4204462413691838 137
0.42152530681655204 137
0.42153213634469994 137
0.4239327154886869 137
0.4239395450168348 137
0.4240010107701659 138
0.42459859448310716 138
0.42460542401125506 138
0.42466688976458616 139
0.425909863887504 139
0.4259166934156519 139
0.425978159168983 140
0.42657232811785034 140
0.42657915764599824 140
0.42664062339932934 141
0.4367790579348873 142
0.4367858874630352 142
0.4380834978111362 142
0.4380903273392841 142
0.440562616528824 142
0.4405694460569719 142
0.44061383798993325 142
0.4407196956762257 142
0.4407265252043736 142
0.44077091713733496 142
0.4408767748236274 142
0.4408836043517753 142
0.44092799628473667 142
0.441180688826209 142
0.4411875183543569 142
0.44314076340465636 142
0.44314759293280426 142
0.4431919848657656 142
0.44329784255205806 142
0.44330467208020596 142
0.4433490640131673 142
0.44345492169945977 142
0.44346175122760767 142
0.443506143160569 142
0.44375883570204133 142
0.44376566523018923 142
0.4498644338662642 143
0.4498712633944121 143
0.45323480600725297 143
0.45324163553540087 143
0.45330310128873197 144
0.45390068500167324 144
0.45390751452982114 144
0.45396898028315225 145
0.4552119544060701 145
0.455218783934218 145
0.4552802496875491 146
0.4558744186364164 146
0.4558812481645643 146
0.4559427139178954 147
0.4594769947344338 148
0.4594838242625817 148
0.46284736687542255 148
0.46285419640357045 148
0.46291566215690155 149
0.4635132458698428 149
0.4635200753979907 149
0.46358154115132183 150
0.4648245152742397 150
0.4648313448023876 150
0.4648928105557187 151
0.465486979504586 151
0.4654938090327339 151
0.465555274786065 152
0.4690895556026034 153
0.4690963851307513 153
0.4724599277435922 153
0.4724667572717401 153
0.4725282230250712 154
0.47312580673801247 154
0.47313263626616037 154
0.47319410201949147 155
0.4744370761424093 155
0.4744439056705572 155
0.4745053714238883 156
0.47509954037275565 156
0.47510636990090355 156
0.47516783565423465 157
0.47870211647077304 158
0.47870894599892094 158
0.4797880114462892 158
0.4797948409744371 158
0.48219542011842403 158
0.48220224964657193 158
0.48226371539990304 159
0.4828612991128443 159
0.4828681286409922 159
0.4829295943943233 160
0.48417256851724116 160
0.48417939804538906 160
0.48424086379872017 161
0.4848350327475875 161
0.4848418622757354 161
0.4849033280290665 162
0.49505200685684625 163
0.49505883638499415 163
0.4963564467330952 163
0.4963632762612431 163
0.4988833721478183 163
0.4988902016759662 163
0.49893459360892756 163
0.49904045129522 163
0.4990472808233679 163
0.49909167275632926 163
0.4991975304426217 163
0.4992043599707696 163
0.49924875190373097 163
0.4995014444452033 163
0.4995082739733512 163
0.5015161552488339 163
0.5015229847769818 163
0.5015673767099431 163
0.5016732343962356 163
0.5016800639243835 163
0.5017244558573448 163
0.5018303135436373 163
0.5018371430717852 163
0.5018815350047465 163
0.5021342275462188 163
0.5021410570743667 163
0.5086052054663543 164
0.5086120349945022 164
0.5119755776073431 164
0.511982407135491 164
0.5120438728888221 165
0.5126414566017634 165
0.5126482861299113 165
0.5127097518832424 166
0.5139527260061603 166
0.5139595555343082 166
0.5140210212876393 167
0.5146151902365066 167
0.5146220197646545 167
0.5146834855179856 168
0.518217766334524 169
0.5182245958626719 169
0.5215881384755128 169
0.5215949680036607 169
0.5216564337569918 170
0.522254017469933 170
0.522260846998081 170
0.522322312751412 171
0.5235652868743299 171
0.5235721164024778 171
0.5236335821558089 172
0.5242277511046762 172
0.5242345806328241 172
0.5242960463861552 173
0.5278303272026935 174
0.5278371567308414 174
0.5312006993436823 174
0.5312075288718302 174
0.5312689946251613 175
0.5318665783381026 175
0.5318734078662505 175
0.5319348736195816 176
0.5331778477424994 176
0.5331846772706473 176
0.5332461430239784 177
0.5338403119728458 177
0.5338471415009937 177
0.5339086072543248 178
0.5374428880708632 179
0.5374497175990111 179
0.5408132602118519 179
0.5408200897399998 179
0.540881555493331 180
0.5414791392062722 180
0.5414859687344201 180
0.5415474344877512 181
0.5427904086106691 181
0.542797238138817 181
0.5428587038921481 182
0.5434528728410154 182
0.5434597023691633 182
0.5435211681224944 183
0.5470554489390328 184
0.5470622784671807 184
0.5481413439145489 184
0.5481481734426968 184
0.5505487525866838 184
0.5505555821148317 184
0.5506170478681628 185
0.5512146315811041 185
0.551221461109252 185
0.5512829268625831 186
0.5525259009855009 186
0.5525327305136488 186
0.5525941962669799 187
0.5531883652158472 187
0.5531951947439951 187
0.5532566604973262 188
0.5583139260908464 188
0.5583207556189943 188
0.5585563743400969 188
0.5634702198425111 188
0.563477049370659 188
0.5635214413036204 188
0.5636272989899128 188
0.5636341285180607 188
0.5636785204510221 188
0.5637843781373145 188
0.5637912076654624 188
0.5638355995984238 188
0.5640882921398961 188
0.564095121668044 188
0.5660483667183435 188
0.5660551962464914 188
0.5660995881794527 188
0.5662054458657452 188
0.5662122753938931 188
0.5662566673268544 188
0.5663625250131469 188
0.5663693545412948 188
0.5664137464742561 188
0.5666664390157284 188
0.5666732685438763 188
0.5727720371799513 189
0.5727788667080992 189
0.57614240932094 189
0.5761492388490879 189
0.576210704602419 190
0.5768082883153602 190
0.5768151178435081 190
0.5768765835968392 191
0.5781195577197571 191
0.578126387247905 191
0.5781878530012361 192
0.5787820219501034 192
0.5787888514782513 192
0.5788503172315824 193
0.5823845980481208 194
0.5823914275762687 194
0.5857549701891096 194
0.5857617997172575 194
0.5858232654705886 195
0.5864208491835299 195
0.5864276787116778 195
0.5864891444650089 196
0.5877321185879267 196
0.5877389481160746 196
0.5878004138694057 197
0.5883945828182731 197
0.588401412346421 197
0.5884628780997521 198
0.5919971589162905 199
0.5920039884444384 199
0.5953675310572792 199
0.5953743605854271 199
0.5954358263387582 200
0.5960334100516995 200
0.5960402395798474 200
0.5961017053331785 201
0.5973446794560964 201
0.5973515089842443 201
0.5974129747375754 202
0.5980071436864427 202
0.5980139732145906 202
0.5980754389679217 203
0.6016097197844601 204
0.601616549312608 204
0.6049800919254489 204
0.6049869214535968 204
0.6050483872069279 205
0.6056459709198692 205
0.6056528004480171 205
0.6057142662013482 206
0.606957240324266 206
0.6069640698524139 206
0.607025535605745 207
0.6076197045546123 207
0.6076265340827602 207
0.6076879998360913 208
0.610932025706344 208
0.6109388552344919 208
0.611000320987823 208
0.6262779754546758 208
0.6262848049828237 208
0.6265204237039262 208
0.6313864625093052 208
0.6313932920374531 208
0.6314376839704144 208
0.6315435416567069 208
0.6315503711848548 208
0.6315947631178161 208
0.6317006208041086 208
0.6317074503322565 208
0.6317518422652179 208
0.6320045348066902 208
0.6320113643348381 208
0.6339099731599543 208
0.6339168026881022 208
0.6339611946210636 208
0.634067052307356 208
0.634073881835504 208
0.6341182737684653 208
0.6342241314547578 208
0.6342309609829057 208
0.634275352915867 208
0.6345280454573393 208
0.6345348749854872 208
0.6402682638656495 209
0.6402750933937974 209
0.6436386360066383 209
0.6436454655347862 209
0.6437069312881173 210
0.6443045150010586 210
0.6443113445292065 210
0.6443728102825376 211
0.6456157844054554 211
0.6456226139336033 211
0.6456840796869344 212
0.6462782486358017 212
0.6462850781639496 212
0.6463465439172807 213
0.6498808247338191 214
0.649887654261967 214
0.6532511968748079 214
0.6532580264029558 214
0.6533194921562869 215
0.6539170758692282 215
0.6539239053973761 215
0.6539853711507072 216
0.6552283452736251 216
0.655235174801773 216
0.6552966405551041 217
0.6558908095039714 217
0.6558976390321193 217
0.6559591047854504 218
0.6594933856019888 219
0.6595002151301367 219
0.6628637577429776 219
0.6628705872711255 219
0.6629320530244566 220
0.6635296367373978 220
0.6635364662655457 220
0.6635979320188768 221
0.6648409061417947 221
0.6648477356699426 221
0.6649092014232737 222
0.665503370372141 222
0.6655101999002889 222
0.66557166565362 223
0.6688156915238727 223
0.6688225210520206 223
0.6688839868053517 223
0.6841411526877608 223
0.6841479822159087 223
0.6843836009370112 223
0.6888945042786994 223
0.6889013338068473 223
0.6889457257398086 223
0.6890515834261011 223
0.689058412954249 223
0.6891028048872103 223
0.6892086625735028 223
0.6892154921016507 223
0.689259884034612 223
0.6895125765760843 223
0.6895194061042322 223
0.6913633787041653 223
0.6913702082323132 223
0.6914146001652746 223
0.691520457851567 223
0.6915272873797149 223
0.6915716793126763 223
0.6916775369989687 223
0.6916843665271166 223
0.691728758460078 223
0.6919814510015503 223
0.6919882805296982 223
0.6973562896539478 224
0.6973631191820957 224
0.7007266617949366 224
0.7007334913230845 224
0.7007949570764156 225
0.7013925407893569 225
0.7013993703175048 225
0.7014608360708359 226
0.7027038101937537 226
0.7027106397219016 226
0.7027721054752327 227
0.7033662744241 227
0.703373103952248 227
0.703434569705579 228
0.7069688505221174 229
0.7069756800502653 229
0.7103392226631062 229
0.7103460521912541 229
0.7104075179445852 230
0.7110051016575265 230
0.7110119311856744 230
0.7110733969390055 231
0.7123163710619234 231
0.7123232005900713 231
0.7123846663434024 232
0.7129788352922697 232
0.7129856648204176 232
0.7130471305737487 233
0.7162911564440013 233
0.7162979859721492 233
0.7163594517254803 233
0.7291067660135361 233
0.729113595541684 233
0.7293492142627865 233
0.7338123109074394 233
0.7338191404355873 233
0.7338635323685486 233
0.7339693900548411 233
0.733976219582989 233
0.7340206115159503 233
0.7341264692022428 233
0.7341332987303907 233
0.734177690663352 233
0.7344303832048243 233
0.7344372127329722 233
0.7362265491077221 233
0.73623337863587 233
0.7362777705688314 233
0.7363836282551238 233
0.7363904577832717 233
0.7364348497162331 233
0.7365407074025255 233
0.7365475369306734 233
0.7365919288636348 233
0.7368446214051071 233
0.736851450933255 233
0.741854080301592 234
0.7418609098297398 234
0.7452244524425807 234
0.7452312819707286 234
0.7452927477240597 235
0.745890331437001 235
0.7458971609651489 235
0.74595862671848 236
0.7472016008413979 236
0.7472084303695458 236
0.7472698961228769 237
0.7478640650717442 237
0.7478708945998921 237
0.7479323603532232 238
0.7511763862234758 238
0.7511832157516237 238
0.7512446815049548 238
0.7639817515007888 238
0.7639885810289367 238
0.7642241997500393 238
0.7686394896976568 238
0.7686463192258047 238
0.7686907111587661 238
0.7687965688450585 238
0.7688033983732064 238
0.7688477903061678 238
0.7689536479924602 238
0.7689604775206081 238
0.7690048694535695 238
0.7692575619950418 238
0.7692643915231897 238
0.7709990916727564 238
0.7710059212009043 238
0.7710503131338656 238
0.7711561708201581 238
0.771163000348306 238
0.7712073922812673 238
0.7713132499675598 238
0.7713200794957077 238
0.771364471428669 238
0.7716171639701414 238
0.7716239934982893 238
0.7741816517896779 238
0.7741884813178258 238
0.7742499470711569 238
0.7949639059437383 239
0.7949707354718862 239
0.7962683458199873 239
0.7962751753481352 239
0.7986040444465692 239
0.7986108739747171 239
0.7986552659076784 239
0.7987611235939709 239
0.7987679531221188 239
0.7988123450550801 239
0.7989182027413726 239
0.7989250322695205 239
0.7989694242024818 239
0.7992221167439542 239
0.7992289462721021 239
0.8010182826468519 239
0.8010251121749998 239
0.8010695041079612 239
0.8011753617942536 239
0.8011821913224015 239
0.8012265832553629 239
0.8013324409416553 239
0.8013392704698032 239
0.8013836624027646 239
0.8016363549442369 239
0.8016431844723848 239
0.8066458138407218 240
0.8066526433688697 240
0.8077317088162379 240
0.8077385383443858 240
0.8101391174883728 240
0.8101459470165207 240
0.8102074127698518 241
0.810804996482793 241
0.8108118260109409 241
0.810873291764272 242
0.8121162658871899 242
0.8121230954153378 242
0.8121845611686689 243
0.8127787301175362 243
0.8127855596456841 243
0.8128470253990152 244
0.8229649713501295 245
0.8229718008782774 245
0.8242694112263784 245
0.8242762407545263 245
0.8266529165499955 245
0.8266597460781434 245
0.8267041380111048 245
0.8268099956973972 245
0.8268168252255451 245
0.8268612171585065 245
0.8269670748447989 245
0.8269739043729468 245
0.8270182963059082 245
0.8272709888473805 245
0.8272778183755284 245
0.8291217909754615 245
0.8291286205036094 245
0.8291730124365707 245
0.8292788701228632 245
0.8292856996510111 245
0.8293300915839724 245
0.8294359492702649 245
0.8294427787984128 245
0.8294871707313741 245
0.8297398632728464 245
0.8297466928009943 245
0.835114701925244 246
0.8351215314533919 246
0.8384850740662327 246
0.8384919035943806 246
0.8385533693477117 247
0.839150953060653 247
0.8391577825888009 247
0.839219248342132 248
0.8404622224650499 248
0.8404690519931978 248
0.8405305177465289 249
0.8411246866953962 249
0.8411315162235441 249
0.8411929819768752 250
0.8447272627934136 251
0.8447340923215615 251
0.8458131577689297 251
0.8458199872970776 251
0.8482205664410646 251
0.8482273959692125 251
0.8482888617225436 252
0.8488864454354849 252
0.8488932749636328 252
0.8489547407169639 253
0.8501977148398817 253
0.8502045443680296 253
0.8502660101213607 254
0.850860179070228 254
0.8508670085983759 254
0.850928474351707 255
0.8610566645950432 256
0.861063494123191 256
0.8623611044712921 256
0.86236793399944 256
0.8647924164919446 256
0.8647992460200925 256
0.8648436379530539 256
0.8649494956393463 256
0.8649563251674942 256
0.8650007171004556 256
0.865106574786748 256
0.8651134043148959 256
0.8651577962478573 256
0.8654104887893296 256
0.8654173183174775 256
0.8673159271425938 256
0.8673227566707417 256
0.867367148603703 256
0.8674730062899955 256
0.8674798358181434 256
0.8675242277511047 256
0.8676300854373972 256
0.8676369149655451 256
0.8676813068985064 256
0.8679339994399787 256
0.8679408289681266 256
0.8736742178482889 257
0.8736810473764368 257
0.8770445899892776 257
0.8770514195174255 257
0.8771128852707566 258
0.8777104689836979 258
0.8777172985118458 258
0.8777787642651769 259
0.8790217383880947 259
0.8790285679162426 259
0.8790900336695737 260
0.879684202618441 260
0.879691032146589 260
0.87975249789992 261
0.8832867787164584 262
0.8832936082446063 262
0.8866571508574472 262
0.8866639803855951 262
0.8867254461389262 263
0.8873230298518675 263
0.8873298593800154 263
0.8873913251333465 264
0.8886342992562644 264
0.8886411287844123 264
0.8887025945377434 265
0.8892967634866107 265
0.8893035930147586 265
0.8893650587680897 266
0.8928993395846281 267
0.892906169112776 267
0.8939852345601442 267
0.8939920640882921 267
0.8963926432322791 267
0.896399472760427 267
0.8964609385137581 268
0.8970585222266994 268
0.8970653517548473 268
0.8971268175081784 269
0.8983697916310962 269
0.8983766211592441 269
0.8984380869125752 270
0.8990322558614425 270
0.8990390853895904 270
0.8991005511429215 271
0.904137328151998 271
0.9041441576801459 271
0.9043797764012484 271
0.9086857938984996 271
0.9086926234266475 271
0.9087370153596088 271
0.9088428730459013 271
0.9088497025740492 271
0.9088940945070105 271
0.908999952193303 271
0.9090067817214509 271
0.9090511736544122 271
0.9093038661958845 271
0.9093106957240324 271
0.9111546683239655 271
0.9111614978521134 271
0.9112058897850748 271
0.9113117474713672 271
0.9113185769995151 271
0.9113629689324765 271
0.9114688266187689 271
0.9114756561469168 271
0.9115200480798782 271
0.9117727406213505 271
0.9117795701494984 271
0.917147579273748 272
0.9171544088018959 272
0.9205179514147368 272
0.9205247809428847 272
0.9205862466962158 273
0.9211838304091571 273
0.921190659937305 273
0.9212521256906361 274
0.9224950998135539 274
0.9225019293417018 274
0.9225633950950329 275
0.9231575640439003 275
0.9231643935720482 275
0.9232258593253793 276
0.9267601401419175 277
0.9267669696700654 277
0.9301305122829063 277
0.9301373418110542 277
0.9301988075643853 278
0.9307963912773266 278
0.9308032208054745 278
0.9308646865588056 279
0.9321076606817235 279
0.9321144902098714 279
0.9321759559632025 280
0.9327701249120698 280
0.9327769544402177 280
0.9328384201935488 281
0.9360824460638014 281
0.9360892755919493 281
0.9361507413452804 281
0.9472384802933965 281
0.9472453098215444 281
0.947480928542647 281
0.9517391393428628 281
0.9517459688710107 281
0.9517903608039721 281
0.9518962184902645 281
0.9519030480184124 281
0.9519474399513738 281
0.9520532976376662 281
0.9520601271658141 281
0.9521045190987755 281
0.9523572116402478 281
0.9523640411683957 281
0.9541533775431456 281
0.9541602070712935 281
0.9542045990042548 281
0.9543104566905473 281
0.9543172862186952 281
0.9543616781516565 281
0.954467535837949 281
0.9544743653660969 281
0.9545187572990582 281
0.9547714498405305 281
0.9547782793686784 281
0.9597809087370154 282
0.9597877382651633 282
0.9631512808780042 282
0.9631581104061521 282
0.9632195761594832 283
0.9638171598724244 283
0.9638239894005723 283
0.9638854551539034 284
0.9651284292768213 284
0.9651352588049692 284
0.9651967245583003 285
0.9657908935071676 285
0.9657977230353155 285
0.9658591887886466 286
0.9691032146588993 286
0.9691100441870472 286
0.9691715099403783 286
0.9802421750681245 286
0.9802490045962724 286
0.980484623317375 286
0.9846950274205555 286
0.9847018569487034 286
0.9847462488816647 286
0.9848521065679572 286
0.9848589360961051 286
0.9849033280290664 286
0.9850091857153589 286
0.9850160152435068 286
0.9850604071764681 286
0.9853130997179405 286
0.9853199292460884 286
0.987054629395655 286
0.9870614589238029 286
0.9871058508567643 286
0.9872117085430567 286
0.9872185380712046 286
0.987262930004166 286
0.9873687876904584 286
0.9873756172186063 286
0.9874200091515677 286
0.98767270169304 286
0.9876795312211879 286
0.9902371895125766 286
0.9902440190407245 286
0.9903054847940556 286
