0.012562917028062531 1
0.012579990848432282 2
0.012597064668802033 3
0.012614138489171783 4
0.012631212309541534 4
0.015806942898315156 4
0.015824016718684907 4
0.015841090539054657 4
0.015858164359424408 4
0.01587523817979416 4
0.05070241697001154 4
0.050719490790381294 4
0.050736564610751045 4
0.050753638431120796 4
0.050770712251490546 4
0.054366458821360035 4
0.054383532641729786 4
0.054400606462099536 4
0.05441768028246929 4
0.05443475410283904 4
0.09893254475048319 4
0.09894961857085294 4
0.09896669239122269 4
0.09898376621159244 4
0.09900084003196219 4
0.10301660258292755 4
0.1030336764032973 4
0.10305075022366705 4
0.1030678240440368 4
0.10308489786440656 4
0.15725330036947746 4
0.1572703741898472 4
0.15728744801021696 4
0.1573045218305867 4
0.15732159565095646 4
0.1617573741830177 4
0.16177444800338744 4
0.1617915218237572 4
0.16180859564412695 4
0.1618256694644967 4
0.22158062599455003 4
0.22159769981491978 4
0.22161477363528953 4
0.22163184745565928 4
0.22164892127602903 4
0.2256646838269944 4
0.22568175764736415 4
0.2256988314677339 4
0.22571590528810365 4
0.2257329791084734 4
0.28669334735663116 4
0.2867104211770009 4
0.28672749499737066 4
0.2867445688177404 4
0.28676164263811016 4
0.2903573892079796 4
0.29037446302834935 4
0.2903915368487191 4
0.29040861066908885 4
0.2904256844894586 4
0.34170178182389377 4
0.3417188556442635 4
0.34173592946463327 4
0.341753003285003 4
0.34177007710537277 4
0.3449458076941464 4
0.34496288151451615 4
0.3449799553348859 4
0.34499702915525565 4
0.3450141029756254 4
0.3936369286246013 4
0.39365400244497106 4
0.3936710762653408 4
0.39368815008571056 4
0.3937052239060803 4
0.3973009704759498 4
0.39731804429631956 4
0.3973351181166893 4
0.39735219193705906 4
0.3973692657574288 4
0.44186705640507296 4
0.4418841302254427 4
0.44190120404581246 4
0.4419182778661822 4
0.44193535168655196 4
0.4459511142375173 4
0.44596818805788707 4
0.4459852618782568 4
0.4460023356986266 4
0.4460194095189963 4
0.5001878120240673 4
0.500204885844437 4
0.5002219596648068 4
0.5002390334851765 4
0.5002561073055463 4
0.5046918858376075 4
0.5047089596579772 4
0.504726033478347 4
0.5047431072987167 4
0.5047601811190865 4
0.5647746597187601 4
0.5647917335391298 4
0.5648088073594996 4
0.5648258811798693 4
0.5648429550002391 4
0.5688587175512044 4
0.5688757913715742 4
0.5688928651919439 4
0.5689099390123137 4
0.5689270128326834 4
0.6326909023855541 4
0.6327079762059239 4
0.6327250500262936 4
0.6327421238466634 4
0.6327591976670331 4
0.6363549442369026 4
0.6363720180572724 4
0.6363890918776421 4
0.6364061656980119 4
0.6364232395183816 4
0.6901989441549483 4
0.6902160179753181 4
0.6902330917956878 4
0.6902501656160576 4
0.6902672394364273 4
0.6934429700252009 4
0.6934600438455707 4
0.6934771176659404 4
0.6934941914863102 4
0.69351126530668 4
0.7351167507836883 4
0.7351338246040581 4
0.7351508984244278 4
0.7351679722447976 4
0.7351850460651673 4
0.7379407606728451 4
0.7379578344932148 4
0.7379749083135846 4
0.7379919821339543 4
0.7380090559543241 4
0.7699439295739058 4
0.7699610033942755 4
0.7699780772146453 4
0.769995151035015 4
0.7700122248553848 4
0.7723035315490053 4
0.7723206053693751 4
0.7723376791897448 4
0.7723547530101146 4
0.7723718268304843 4
0.7999084843228181 4
0.7999255581431879 4
0.7999426319635576 4
0.7999597057839274 4
0.7999767796042971 4
0.8027324942119749 4
0.8027495680323447 4
0.8027666418527144 4
0.8027837156730842 4
0.8028007894934539 4
0.8279573564262445 4
0.8279744302466142 4
0.827991504066984 4
0.8280085778873537 4
0.8280256517077235 4
0.8312013822964971 4
0.8312184561168668 4
0.8312355299372366 4
0.8312526037576063 4
0.8312696775779761 4
0.8660968563681936 4
0.8661139301885633 4
0.8661310040089331 4
0.8661480778293028 4
0.8661651516496726 4
0.8697608982195421 4
0.8697779720399118 4
0.8697950458602816 4
0.8698121196806513 4
0.8698291935010211 4
0.9099902337747485 4
0.9100073075951183 4
0.910024381415488 4
0.9100414552358578 4
0.9100585290562275 4
0.9132342596450012 4
0.9132513334653709 4
0.9132684072857407 4
0.9132854811061104 4
0.9133025549264802 4
0.9530435792191118 4
0.9530606530394815 4
0.9530777268598513 4
0.953094800680221 4
0.9531118745005908 4
0.9558675891082685 4
0.9558846629286383 4
0.955901736749008 4
0.9559188105693778 4
0.9559358843897475 4
0.9859994672968044 4
0.9860165411171742 4
0.9860336149375439 4
0.9860506887579137 4
0.9860677625782834 4
0.988359069271904 4
0.9883761430922737 4
0.9883932169126435 4
0.9884102907330132 4
0.988427364553383 4
