0.01671185537791194 0
0.018159715345266794 0
0.021564235126995075 0
0.02747519173900275 0
0.0312997275018269 0
0.037210684113834575 0
0.055271371300956815 0
0.05671923126831167 0
0.060123751050039954 0
0.06603470766204762 0
0.06973631191820957 0
0.07564726853021725 0
0.07947180429304139 0
0.08538276090504907 0
0.10392151506252433 0
0.10536937502987918 0
0.10877389481160747 0
0.11468485142361515 0
0.11838645567977708 0
0.12429741229178476 0
0.1279990165479467 0
0.13390997315995437 0
0.13773450892277853 0
0.14364546553478622 0
0.16266228666261448 0
0.16411014662996934 0
0.16751466641169763 0
0.1734256230237053 0
0.17712722727986724 0
0.1830381838918749 0
0.18673978814803685 0
0.19265074476004454 0
0.19635234901620646 0
0.20226330562821415 0
0.2060878413910383 0
0.21199879800304597 0
0.21481597836405483 0
0.22656959630659118 0
0.22801745627394604 0
0.2314219760556743 0
0.237332932667682 0
0.24103453692384394 0
0.2469454935358516 0
0.25064709779201355 0
0.25655805440402124 0
0.2602596586601832 0
0.2661706152721908 0
0.2694522035472569 0
0.28002431312020654 0
0.2912623016875764 0
0.29271016165493124 0
0.29611468143665953 0
0.3020256380486672 0
0.30572724230482917 0
0.31163819891683686 0
0.31533980317299876 0
0.32125075978500645 0
0.32453234806007253 0
0.3350805542845045 0
0.3458507201737432 0
0.34729858014109805 0
0.35070309992282633 0
0.356614056534834 0
0.360315660790996 0
0.3662266174030036 0
0.3695082056780697 0
0.3982058829555466 0
0.39965374292290146 0
0.40305826270462974 0
0.40896921931663743 0
0.41267082357279933 0
0.418581780184807 0
0.4224063159476312 0
0.42831727255963886 0
0.4468560267171141 0
0.44830388668446897 0
0.45170840646619725 0
0.45761936307820494 0
0.4613209673343669 0
0.4672319239463745 0
0.4709335282025365 0
0.47684448481454417 0
0.4806690205773683 0
0.486579977189376 0
0.5055967983172043 0
0.5070446582845591 0
0.5104491780662874 0
0.5163601346782951 0
0.5200617389344571 0
0.5259726955464646 0
0.5296742998026266 0
0.5355852564146343 0
0.5392868606707962 0
0.5451978172828039 0
0.5490223530456281 0
0.5549333096576358 0
0.5577504900186446 0
0.5697636300308012 0
0.5712114899981561 0
0.5746160097798844 0
0.5805269663918919 0
0.5842285706480539 0
0.5901395272600616 0
0.5938411315162235 0
0.5997520881282312 0
0.6034536923843932 0
0.6093646489964009 0
0.6126462372714669 0
0.625714539382474 0
0.6372598567164994 0
0.6387077166838543 0
0.6421122364655826 0
0.6480231930775903 0
0.6517247973337522 0
0.6576357539457599 0
0.6613373582019219 0
0.6672483148139295 0
0.6705299030889956 0
0.683577716615559 0
0.6943478825047977 0
0.6957957424721526 0
0.6992002622538809 0
0.7051112188658886 0
0.7088128231220505 0
0.7147237797340582 0
0.7180053680091243 0
0.7285433299413343 0
0.7388456731524419 0
0.7402935331197967 0
0.743698052901525 0
0.7496090095135327 0
0.7528905977885988 0
0.7634183154285871 0
0.7729113595541685 0
0.7758958633548008 0
0.8036374066915717 0
0.8050852666589265 0
0.808612717947317 0
0.8145236745593247 0
0.8321062947760939 0
0.8335541547434487 0
0.836958674525177 0
0.8428696311371847 0
0.8466941669000089 0
0.8526051235120166 0
0.8706658106991388 0
0.8721136706664937 0
0.8755181904482219 0
0.8814291470602296 0
0.8851307513163915 0
0.8910417079283992 0
0.8948662436912234 0
0.900777200303231 0
0.9035738920797962 0
0.9141391721245979 0
0.9155870320919528 0
0.9189915518736811 0
0.9249025084856888 0
0.9286041127418506 0
0.9345150693538583 0
0.9377966576289244 0
0.9466750442211948 0
0.9567725015878653 0
0.9582203615552202 0
0.9616248813369485 0
0.9675358379489561 0
0.9708174262240222 0
0.9796787389959227 0
0.9889668972770671 0
0.9919514010776995 0
