0.010333076087773096 0
0.012801950513239041 0
0.0484725760297221 0
0.050996086680371255 0
0.09670270381019376 0
0.0992808506860261 0
0.15502345942918805 0
0.15765624253020358 0
0.2193507850542606 0
0.22192893193009294 0
0.2844635064163417 0
0.28698701706699087 0
0.33947194088360433 0
0.3419408153090703 0
0.39140708768431187 0
0.393930598334961 0
0.4396372154647835 0
0.44221536234061587 0
0.4979579710837778 0
0.5005907541847934 0
0.5625448187784706 0
0.565122965654303 0
0.6304610614452647 0
0.6329845720959139 0
0.6879691032146589 0
0.6904379776401248 0
0.7328869098433989 0
0.7353011480436816 0
0.7677140886336163 0
0.7700736906087159 0
0.7976786433825287 0
0.8000928815828114 0
0.825727515485955 0
0.828196389911421 0
0.8638670154279041 0
0.8663905260785533 0
0.9077603928344591 0
0.910229267259925 0
0.9508137382788223 0
0.9532279764791051 0
0.983769626356515 0
0.9861292283316145 0
