0.26914146001652745 0
0.2691790224213409 0
0.26964684509947207 0
0.2700224691476066 0
0.2703980931957411 0
0.32422160452934307 0
0.3242591669341565 0
0.3247269896122877 0
0.3251026136604222 0
0.3254782377085567 0
0.3691974621473402 0
0.3692350245521537 0
0.36970284723028485 0
0.37007847127841936 0
0.3704540953265539 0
0.6123354937407375 0
0.6123730561455509 0
0.6128408788236821 0
0.6132165028718166 0
0.6135921269199511 0
0.6702191595582662 0
0.6702567219630796 0
0.6707245446412108 0
0.6711001686893453 0
0.6714757927374798 0
0.7176946244783948 0
0.7177321868832083 0
0.7182000095613394 0
0.718575633609474 0
0.7189512576576085 0
0.7525798542578693 0
0.7526174166626828 0
0.753085239340814 0
0.7534608633889485 0
0.753836487437083 0
0.7755851198240713 0
0.7756226822288848 0
0.7760905049070159 0
0.7764661289551504 0
0.776841753003285 0
0.9374859140981949 0
0.9375234765030084 0
0.9379912991811395 0
0.9383669232292741 0
0.9387425472774086 0
0.9705066826932928 0
0.9705442450981062 0
0.9710120677762374 0
0.9713876918243719 0
0.9717633158725064 0
0.9916406575469701 0
0.9916782199517835 0
0.9921460426299147 0
0.9925216666780492 0
0.9928972907261837 0
