0.00024927777739835956 0
0.00047123744220511806 0
0.000679538050716076 0
0.0017039672729011154 0
0.0019259269377078737 0
0.0021342275462188317 0
0.017159189471599407 0
0.017367490080110366 0
0.017568961160473424 0
0.03834097102231207 0
0.03856293068711883 0
0.03877123129562979 0
0.03979566051781482 0
0.04001762018262158 0
0.04022592079113254 0
0.05571870539464428 0
0.05592700600315524 0
0.0561284770835183 0
0.08652329210574841 0
0.08674525177055517 0
0.08695355237906613 0
0.08797798160125117 0
0.08819994126605793 0
0.08840824187456889 0
0.1043688491562118 0
0.10457714976472275 0
0.10477862084508581 0
0.14479624102770738 0
0.14501820069251414 0
0.1452265013010251 0
0.14625093052321014 0
0.1464728901880169 0
0.14668119079652786 0
0.16310962075630195 0
0.1633179213648129 0
0.16351939244517597 0
0.21315981778818902 0
0.21339543650929158 0
0.21362764046632018 0
0.2139349692329757 0
0.21415692889778246 0
0.21436522950629341 0
0.22701693040027865 0
0.2272252310087896 0
0.22742670208915267 0
0.2698278275953914 0
0.27020345164352594 0
0.2705824904557344 0
0.27582415330924787 0
0.2760358686818328 0
0.2762475840544177 0
0.27657881616959085 0
0.27679053154217576 0
0.27700224691476066 0
0.2774734843569658 0
0.2776851997295507 0
0.2778969151021356 0
0.2783681525443407 0
0.2786037712654433 0
0.2788359752224719 0
0.2791433039891274 0
0.27936526365393416 0
0.2795735642624451 0
0.29170963578126385 0
0.2919179363897748 0
0.29211940747013787 0
0.32490797210820704 0
0.32528359615634156 0
0.32566263496855 0
0.33088039447354584 0
0.33109210984613074 0
0.33130382521871565 0
0.3316350573338888 0
0.3318467727064737 0
0.33205848807905863 0
0.33252972552126375 0
0.33274144089384866 0
0.33295315626643357 0
0.3334243937086387 0
0.33366001242974125 0
0.33389221638676986 0
0.33419954515342537 0
0.33442150481823213 0
0.3346298054267431 0
0.34629805426743065 0
0.3465063548759416 0
0.34670782595630467 0
0.3698838297262042 0
0.3702594537743387 0
0.3706384925865472 0
0.37584600779932115 0
0.37605772317190606 0
0.37626943854449096 0
0.3766006706596641 0
0.37681238603224904 0
0.37702410140483394 0
0.37749533884703906 0
0.37770705421962397 0
0.3779187695922089 0
0.378390007034414 0
0.3786017224069989 0
0.37881002301550987 0
0.3791173517821654 0
0.3793290671547503 0
0.37953736776326125 0
0.3799847018569487 0
0.3801964172295336 0
0.38040813260211853 0
0.38061984797470344 0
0.3808281485832144 0
0.38127548267690187 0
0.3814974423417086 0
0.3817057429502196 0
0.3827301721724046 0
0.3829521318372114 0
0.38316043244572234 0
0.39865321704923407 0
0.398861517657745 0
0.3990629887381081 0
0.4294578037603382 0
0.42967976342514497 0
0.4298880640336559 0
0.43091249325584097 0
0.4311344529206477 0
0.4313427535291587 0
0.4473033608108016 0
0.44751166141931253 0
0.4477131324996756 0
0.48773075268229715 0
0.4879527123471039 0
0.48816101295561487 0
0.4891854421777999 0
0.48940740184260667 0
0.48961570245111763 0
0.5060441324108917 0
0.5062524330194027 0
0.5064539040997658 0
0.5560943294427788 0
0.5563299481638814 0
0.55656215212091 0
0.5568694808875655 0
0.5570914405523723 0
0.5572997411608832 0
0.5702109641244887 0
0.5704192647329996 0
0.5706207358133627 0
0.6130218613196015 0
0.613397485367736 0
0.6137765241799444 0
0.6215143795715155 0
0.6217260949441004 0
0.6219378103166853 0
0.6222690424318584 0
0.6224807578044433 0
0.6226924731770282 0
0.6231637106192334 0
0.6233754259918183 0
0.6235871413644032 0
0.6240583788066083 0
0.6242939975277109 0
0.6245262014847395 0
0.624833530251395 0
0.6250554899162016 0
0.6252637905247126 0
0.6377071908101869 0
0.6379154914186979 0
0.6381169624990609 0
0.6709055271371301 0
0.6712811511852647 0
0.6716601899974731 0
0.6793775568046003 0
0.6795892721771852 0
0.6798009875497701 0
0.6801322196649433 0
0.6803439350375282 0
0.6805556504101131 0
0.6810268878523182 0
0.6812386032249031 0
0.6814503185974881 0
0.6819215560396932 0
0.6821571747607957 0
0.6823893787178243 0
0.6826967074844799 0
0.6829186671492866 0
0.6831269677577976 0
0.6947952165984852 0
0.6950035172069962 0
0.6952049882873592 0
0.7183809920572588 0
0.7187566161053933 0
0.7191356549176018 0
0.7243431701303757 0
0.7245548855029607 0
0.7247666008755456 0
0.7250978329907186 0
0.7253095483633035 0
0.7255212637358884 0
0.7259925011780936 0
0.7262042165506785 0
0.7264159319232634 0
0.7268871693654685 0
0.727122788086571 0
0.7273549920435997 0
0.7276623208102552 0
0.7278842804750619 0
0.7280925810835729 0
0.7392930072461293 0
0.7395013078546403 0
0.7397027789350034 0
0.7532662218367333 0
0.7536418458848678 0
0.7540208846970763 0
0.7592181556176284 0
0.7594298709902133 0
0.7596415863627982 0
0.7599728184779714 0
0.7601845338505563 0
0.7603962492231412 0
0.7608674866653463 0
0.7610792020379312 0
0.7612909174105161 0
0.7617621548527213 0
0.7619977735738238 0
0.7622299775308524 0
0.7625373062975079 0
0.7627592659623147 0
0.7629675665708257 0
0.7762714874029353 0
0.7766471114510698 0
0.7770261502632783 0
0.7822131768916085 0
0.7824248922641934 0
0.7826366076367783 0
0.7829678397519515 0
0.7831795551245364 0
0.7833912704971213 0
0.7838625079393264 0
0.7840742233119113 0
0.7842859386844963 0
0.7847571761267014 0
0.7849688914992863 0
0.7851771921077972 0
0.7854845208744528 0
0.7856962362470377 0
0.7859045368555486 0
0.7863518709492361 0
0.786563586321821 0
0.7867753016944059 0
0.7869870170669908 0
0.7871953176755018 0
0.7876426517691892 0
0.787864611433996 0
0.788072912042507 0
0.789097341264692 0
0.7893193009294988 0
0.7895276015380097 0
0.8040847407852592 0
0.8042930413937701 0
0.8044945124741332 0
0.8156437171755804 0
0.8158656768403871 0
0.8160739774488981 0
0.8170984066710831 0
0.8173203663358899 0
0.8175286669444009 0
0.8325536288697813 0
0.8327619294782923 0
0.8329634005586554 0
0.8537354104204941 0
0.8539573700853008 0
0.8541656706938118 0
0.8551900999159968 0
0.8554120595808036 0
0.8556203601893145 0
0.8711131447928263 0
0.8713214454013373 0
0.8715229164817003 0
0.9019177315039304 0
0.902153350225033 0
0.9023855541820616 0
0.9026928829487171 0
0.9029148426135238 0
0.9031231432220348 0
0.9145865062182854 0
0.9147948068267964 0
0.9149962779071594 0
0.9381722816770589 0
0.9385479057251934 0
0.9389269445374019 0
0.9424748844102361 0
0.942686599782821 0
0.9428983151554059 0
0.9432295472705791 0
0.943441262643164 0
0.9436529780157489 0
0.944124215457954 0
0.9443359308305389 0
0.9445476462031238 0
0.9450188836453289 0
0.9452545023664315 0
0.9454867063234601 0
0.9457940350901156 0
0.9460159947549224 0
0.9462242953634333 0
0.9572198356815528 0
0.9574281362900637 0
0.9576296073704268 0
0.9711930502721567 0
0.9715686743202913 0
0.9719477131324997 0
0.9754785791849641 0
0.975690294557549 0
0.9759020099301339 0
0.976233242045307 0
0.976444957417892 0
0.9766566727904769 0
0.977127910232682 0
0.9773396256052669 0
0.9775513409778518 0
0.9780225784200569 0
0.9782581971411595 0
0.9784904010981881 0
0.9787977298648436 0
0.9790196895296503 0
0.9792279901381613 0
0.992327025125834 0
0.9927026491739686 0
0.993081687986177 0
0.9966023097464196 0
0.9968140251190045 0
0.9970257404915894 0
0.9973569726067626 0
0.9975686879793475 0
0.9977804033519324 0
0.9982516407941375 0
0.9984633561667224 0
0.9986750715393073 0
0.9991463089815125 0
0.999381927702615 0
0.9995936430751999 0
0.9998019436837109 0
