0.009711589026314173 1
0.022049131625495995 2
0.03178462400032782 3
0.04780328227122788 4
0.060608647548540874 5
0.07022120841671049 6
0.07995670079154231 7
0.09598560335466423 8
0.10925879131010839 9
0.118871352178278 10
0.12848391304644763 11
0.13821940542127945 12
0.15425855227662322 13
0.16799956291019855 14
0.17761212377836816 15
0.18722468464653777 16
0.19683724551470738 17
0.2065727378895392 18
0.21861661077836134 19
0.23190687255417522 20
0.24151943342234486 21
0.25113199429051447 22
0.2607445551586841 23
0.27145667005866564 23
0.27207815712012456 23
0.2726996441815835 23
0.2733211312430424 23
0.27394261830450134 23
0.28377713883747774 23
0.29659957793516045 24
0.3062121388033301 25
0.3158246996714997 26
0.32652315551518546 26
0.32714122781257043 26
0.3277593001099554 26
0.3283773724073404 26
0.3289988594687993 26
0.33883338000177565 26
0.35118799642132725 27
0.3608005572894969 28
0.37148876884096077 28
0.37210684113834575 28
0.3727249134357307 28
0.3733429857331157 28
0.3739644727945746 28
0.39073779392581764 29
0.40354315920313066 30
0.41315572007130025 31
0.4228912124461321 32
0.438920115009254 33
0.4521933029646982 34
0.4618058638328678 35
0.4714184247010374 36
0.48115391707586924 37
0.497193063931213 38
0.5109340745647883 39
0.520546635432958 40
0.5301591963011275 41
0.5397717571692972 42
0.549507249544129 43
0.5618106445025713 43
0.5751009062783852 44
0.5847134671465548 45
0.5943260280147245 46
0.6039385888828941 47
0.6146472890188017 47
0.6152653613161867 47
0.6158834336135717 47
0.6165015059109566 47
0.6171229929724156 47
0.6177444800338745 47
0.6183659670953334 47
0.6189874541567923 47
0.6297746938664007 47
0.6425971329640835 48
0.6522096938322531 49
0.6618222547004228 50
0.6725207105441086 50
0.6731387828414935 50
0.6737568551388785 50
0.6743749274362635 50
0.6749929997336485 50
0.6756110720310333 50
0.6762291443284183 50
0.6768506313898772 50
0.6873305423328302 50
0.6996851587523818 51
0.7092977196205514 52
0.7199859311720154 52
0.7206040034694003 52
0.7212220757667853 52
0.7218401480641703 52
0.7224616351256292 52
0.7322961556586055 52
0.7441829494000259 53
0.754860916659268 53
0.755478988956653 53
0.756097061254038 53
0.756715133551423 53
0.7573366206128819 53
0.7671711411458583 53
0.7778559379332481 53
0.7784740102306331 53
0.7790920825280181 53
0.7797101548254031 53
0.780331641886862 53
0.7971049630181051 54
0.809097614445818 55
0.8251060284244961 56
0.837443571023678 57
0.8471790633985098 58
0.8631977216694099 59
0.8760030869467228 60
0.8856156478148924 61
0.8953511401897243 62
0.9071218319526304 62
0.919476448372182 63
0.9290890092403515 64
0.9397806355558894 64
0.9404021226173483 64
0.9410236096788073 64
0.9502229840940289 64
0.9621097778354494 65
0.9727877450946915 65
0.9734058173920764 65
0.9740273044535354 65
0.9832266788687569 65
0.9939114756561469 65
0.9945295479535319 65
0.9951510350149908 65
