0.0045382214542797235 0
0.00469871536575538 1
0.005467037282394159 2
0.0057880251053454715 3
0.006242188727180839 4
0.00654268796568845 5
0.0068636757886397625 6
0.007741270155644946 6
0.00808957609118786 6
0.008427637734508922 6
0.012081435293635564 6
0.012173633923632216 6
0.014550309719101507 6
0.01464250834909816 6
0.019945636955942713 7
0.02082664608702185 7
0.020918844717018503 8
0.021629115644400128 9
0.027536657492333853 9
0.029558197824112332 10
0.03056213846185367 10
0.030654337091850323 11
0.03136460801923195 12
0.03727214986716568 12
0.04262991469919343 12
0.04279040861066909 13
0.04355873052730787 14
0.04387971835025918 15
0.04433388197209455 16
0.04463438121060216 17
0.044955369033553474 18
0.04583296340055865 18
0.04618126933610157 18
0.04651933097942263 18
0.050220935235584574 18
0.05031313386558123 18
0.05274444588623372 18
0.05283664451623037 18
0.05850515287898759 19
0.059386162010066725 19
0.05947836064006338 20
0.06018863156744501 21
0.06609617341537873 21
0.06811771374715721 22
0.06899872287823634 22
0.069090921508233 23
0.06980119243561463 24
0.07570873428354835 24
0.07773027461532683 25
0.07873421525306816 25
0.07882641388306481 26
0.07953668481044644 27
0.08544422665838017 27
0.09081223578262977 27
0.09097272969410543 28
0.09174105161074421 29
0.09206203943369552 30
0.09251620305553089 31
0.0928167022940385 32
0.09313769011698982 33
0.094015284483995 33
0.09436359041953792 33
0.09470165206285898 33
0.09845106301605622 33
0.09854326164605287 33
0.10102920989188857 33
0.10112140852188523 33
0.1071552966405551 34
0.10803630577163424 34
0.1081285044016309 35
0.10883877532901252 36
0.11474631717694625 36
0.11676785750872472 37
0.11764886663980385 37
0.11774106526980051 38
0.11845133619718214 39
0.12435887804511586 39
0.12638041837689434 40
0.12726142750797348 40
0.12735362613797013 41
0.12806389706535176 42
0.13397143891328547 42
0.13599297924506396 43
0.1369969198828053 43
0.13708911851280195 44
0.13779938944018358 45
0.14370693128811732 45
0.14908518470458876 45
0.14924567861606441 46
0.1500140005327032 47
0.1503349883556545 48
0.15078915197748988 49
0.1510896512159975 50
0.1514106390389488 51
0.152288233405954 51
0.1526365393414969 51
0.15297460098481797 51
0.1567718186350505 51
0.15686401726504715 51
0.15940460173606605 51
0.1594968003660627 51
0.16589606824064526 52
0.1667770773717244 52
0.16686927600172105 53
0.16757954692910268 54
0.1734870887770364 54
0.17550862910881487 55
0.176389638239894 55
0.17648183686989066 56
0.1771921077972723 57
0.183099649645206 57
0.18512118997698448 58
0.18600219910806362 58
0.18609439773806027 59
0.1868046686654419 60
0.19271221051337564 60
0.1947337508451541 61
0.19561475997623323 61
0.19570695860622989 62
0.19641722953361151 63
0.20232477138154525 63
0.20434631171332374 64
0.20535025235106508 64
0.20544245098106173 65
0.20615272190844336 66
0.21206026375637707 66
0.21647896846806855 67
0.22109914426012306 67
0.2211913428901197 67
0.22367729113595541 67
0.22376948976595207 67
0.22980337788462196 68
0.2306843870157011 68
0.23077658564569775 69
0.23148685657307935 70
0.2373943984210131 70
0.23941593875279157 71
0.2402969478838707 71
0.24038914651386736 72
0.241099417441249 73
0.2470069592891827 73
0.24902849962096119 74
0.24990950875204032 74
0.250001707382037 75
0.2507119783094186 76
0.25661952015735234 76
0.2586410604891308 77
0.25952206962020996 77
0.2596142682502066 78
0.26032453917758824 79
0.2662320810255219 79
0.28165998511162865 79
0.2862118656222042 79
0.28630406425220084 79
0.2887353762728533 79
0.28882757490284994 79
0.29449608326560717 80
0.2953770923966863 80
0.29546929102668296 81
0.2961795619540646 82
0.3020871038019983 82
0.3041086441337768 83
0.30498965326485594 83
0.3050818518948526 84
0.3057921228222342 85
0.31169966467016796 85
0.3137212050019464 86
0.3146022141330255 86
0.3146944127630222 87
0.3154046836904038 88
0.32131222553833755 88
0.3367162262759266 88
0.3412203000894668 88
0.34131249871946345 88
0.34368917451493275 88
0.3437813731449294 88
0.34908450175177397 89
0.3499655108828531 89
0.35005770951284976 90
0.3507679804402314 91
0.3566755222881651 91
0.3586970626199436 92
0.35957807175102274 92
0.3596702703810194 93
0.360380541308401 94
0.3662880831563347 94
0.38556442635378324 94
0.3857249202652589 95
0.3864932421818977 96
0.386814230004849 97
0.38726839362668436 98
0.3875688928651919 99
0.38788988068814323 100
0.3887674750551484 100
0.38911578099069133 100
0.3894538426340124 100
0.39315544689017434 100
0.393247645520171 100
0.3956789575408235 100
0.39577115617082015 100
0.4014396645335774 101
0.4023206736646565 101
0.40241287229465317 102
0.4031231432220348 103
0.40903068506996854 103
0.411052225401747 104
0.41193323453282615 104
0.4120254331628228 105
0.4127357040902044 106
0.4186432459381381 106
0.4206647862699166 107
0.42166872690765794 107
0.4217609255376546 108
0.4224711964650362 109
0.42837873831296996 109
0.4337467474372196 109
0.43390724134869524 110
0.434675563265334 111
0.43499655108828533 112
0.4354507147101207 113
0.4357512139486283 114
0.4360722017715796 115
0.4369497961385848 115
0.4372981020741277 115
0.43763616371744873 115
0.441385574670646 115
0.44147777330064264 115
0.44396372154647834 115
0.444055920176475 115
0.4500898082951449 116
0.450970817426224 116
0.4510630160562207 117
0.4517732869836023 118
0.45768082883153605 118
0.45970236916331453 119
0.46058337829439366 119
0.4606755769243903 120
0.46138584785177195 121
0.46729338969970563 121
0.4693149300314841 122
0.47019593916256325 122
0.4702881377925599 123
0.47099840871994153 124
0.47690595056787527 124
0.47892749089965375 125
0.4799314315373951 125
0.48002363016739175 126
0.4807339010947734 127
0.4866414429427071 127
0.4920196963591785 127
0.4921801902706542 128
0.49294851218729296 129
0.4932695000102443 130
0.49372366363207965 131
0.49402416287058726 132
0.49434515069353857 133
0.49522274506054376 133
0.49557105099608667 133
0.49590911263940773 133
0.4997063302896403 133
0.49979852891963694 133
0.5023391133906558 133
0.5024313120206525 133
0.5088305798952351 134
0.5097115890263142 134
0.5098037876563108 135
0.5105140585836925 136
0.5164216004316262 136
0.5184431407634047 137
0.5193241498944838 137
0.5194163485244805 138
0.5201266194518621 139
0.5260341612997957 139
0.5280557016315742 140
0.5289367107626534 140
0.52902890939265 141
0.5297391803200316 142
0.5356467221679654 142
0.5376682624997439 143
0.538549271630823 143
0.5386414702608197 144
0.5393517411882013 145
0.545259283036135 145
0.5472808233679135 146
0.5482847640056548 146
0.5483769626356515 147
0.5490872335630331 148
0.5549947754109669 148
0.5595398263933945 148
0.5642931779843331 148
0.5643853766143297 148
0.5668713248601654 148
0.5669635234901621 148
0.572997411608832 149
0.5738784207399111 149
0.5739706193699078 150
0.5746808902972894 151
0.580588432145223 151
0.5826099724770015 152
0.5834909816080807 152
0.5835831802380773 153
0.5842934511654589 154
0.5902009930133927 154
0.5922225333451712 155
0.5931035424762503 155
0.593195741106247 156
0.5939060120336286 157
0.5998135538815623 157
0.6018350942133408 158
0.6027161033444199 158
0.6028083019744166 159
0.6035185729017982 160
0.609426114749732 160
0.6275038757572239 160
0.6322094206511272 160
0.6323016192811238 160
0.6347329313017763 160
0.634825129931773 160
0.6404936382945302 161
0.6413746474256093 161
0.641466846055606 162
0.6421771169829876 163
0.6480846588309214 163
0.6501061991626998 164
0.650987208293779 164
0.6510794069237756 165
0.6517896778511573 166
0.657697219699091 166
0.6597187600308695 167
0.6605997691619486 167
0.6606919677919453 168
0.6614022387193269 169
0.6673097805672606 169
0.6852133886069811 169
0.6897174624205213 169
0.689809661050518 169
0.6921863368459873 169
0.692278535475984 169
0.6975816640828285 170
0.6984626732139076 170
0.6985548718439043 171
0.6992651427712859 172
0.7051726846192197 172
0.7071942249509982 173
0.7080752340820773 173
0.7081674327120739 174
0.7088777036394556 175
0.7147852454873893 175
0.7301790019327564 175
0.7346352690492614 175
0.734727467679258 175
0.7370495072495441 175
0.7371417058795408 175
0.7420794547304727 176
0.7429604638615518 176
0.7430526624915484 177
0.7437629334189301 178
0.7496704752668638 178
0.7650539874200092 178
0.7694624478394788 178
0.7695546464694755 178
0.7718220498145784 178
0.771914248444575 178
0.7919315954460706 178
0.7920920893575463 179
0.792860411274185 180
0.7931813990971364 181
0.7936355627189717 182
0.7939360619574793 183
0.7942570497804307 184
0.7951346441474358 184
0.7954829500829788 184
0.7958210117262998 184
0.7994270025883912 184
0.7995192012183878 184
0.8018412407886739 184
0.8019334394186706 184
0.8068711882696025 185
0.8078751289073438 185
0.8079673275373405 186
0.8086775984647221 187
0.8145851403126558 187
0.8199326608524617 187
0.8200931547639374 188
0.8208614766805762 189
0.8211824645035275 190
0.8216366281253629 191
0.8219371273638705 192
0.8222581151868218 193
0.823135709553827 193
0.8234840154893699 193
0.823822077132691 193
0.8274758746918175 193
0.8275680733218141 193
0.8299447491172834 193
0.8300369477472801 193
0.8353400763541247 194
0.8362210854852038 194
0.8363132841152005 195
0.8370235550425821 196
0.8429310968905158 196
0.8449526372222943 197
0.8459565778600356 197
0.8460487764900323 198
0.8467590474174139 199
0.8526665892653477 199
0.8580243540973754 199
0.8581848480088511 200
0.8589531699254899 201
0.8592741577484412 202
0.8597283213702765 203
0.8600288206087842 204
0.8603498084317355 205
0.8612274027987407 205
0.8615757087342836 205
0.8619137703776046 205
0.8656153746337666 205
0.8657075732637632 205
0.8681388852844157 205
0.8682310839144124 205
0.8738995922771696 206
0.8747806014082488 206
0.8748728000382454 207
0.8755830709656269 208
0.8814906128135607 208
0.8835121531453392 209
0.8843931622764183 209
0.8844853609064149 210
0.8851956318337966 211
0.8911031736817303 211
0.8931247140135088 212
0.8941286546512501 212
0.8942208532812468 213
0.8949311242086284 214
0.9008386660565622 214
0.9051071211489998 214
0.9095087520403216 214
0.9096009506703182 214
0.9119776264657875 214
0.9120698250957842 214
0.9173729537026287 215
0.9182539628337079 215
0.9183461614637045 216
0.9190564323910861 217
0.9249639742390199 217
0.9269855145707983 218
0.9278665237018774 218
0.927958722331874 219
0.9286689932592557 220
0.9345765351071894 220
0.9482082732903984 220
0.9525620974846848 220
0.9526542961146814 220
0.9549763356849675 220
0.9550685343149642 220
0.9600062831658961 221
0.9608872922969752 221
0.9609794909269719 222
0.9616897618543535 223
0.9675973037022872 223
0.9812119680651263 223
0.9855179855623775 223
0.9856101841923741 223
0.987877587537477 223
0.9879697861674737 223
