0   0.001   0 
1   0.002   0 
2   0.003   0 
3   0.004   0 
4   0.005   0 
5   0.006   0 
6   0.007   0 
7   0.008   0 
8   0.009000000000000001   0 
9   0.010000000000000002   0 
10   0.011000000000000003   0 
11   0.012000000000000004   0 
12   0.013000000000000005   0 
13   0.014000000000000005   0 
14   0.015000000000000006   0 
15   0.016000000000000007   0 
16   0.017000000000000008   0 
17   0.017000000000000008   0.01282051282051282 
18   0.01900000000000001   0.01282051282051282 
19   0.01900000000000001   0.02564102564102564 
20   0.02000000000000001   0.038461538461538464 
21   0.022000000000000013   0.038461538461538464 
22   0.023000000000000013   0.038461538461538464 
23   0.024000000000000014   0.038461538461538464 
24   0.025000000000000015   0.038461538461538464 
25   0.026000000000000016   0.038461538461538464 
26   0.027000000000000017   0.038461538461538464 
27   0.028000000000000018   0.038461538461538464 
28   0.02900000000000002   0.038461538461538464 
29   0.03000000000000002   0.038461538461538464 
30   0.03100000000000002   0.038461538461538464 
31   0.03200000000000002   0.038461538461538464 
32   0.03300000000000002   0.038461538461538464 
33   0.03400000000000002   0.038461538461538464 
34   0.035000000000000024   0.038461538461538464 
35   0.036000000000000025   0.038461538461538464 
36   0.037000000000000026   0.038461538461538464 
37   0.03800000000000003   0.038461538461538464 
38   0.03800000000000003   0.05128205128205128 
39   0.04000000000000003   0.05128205128205128 
40   0.04100000000000003   0.05128205128205128 
41   0.04200000000000003   0.05128205128205128 
42   0.04300000000000003   0.05128205128205128 
43   0.04400000000000003   0.05128205128205128 
44   0.04500000000000003   0.05128205128205128 
45   0.046000000000000034   0.05128205128205128 
46   0.047000000000000035   0.05128205128205128 
47   0.048000000000000036   0.05128205128205128 
48   0.04900000000000004   0.05128205128205128 
49   0.05000000000000004   0.05128205128205128 
50   0.05100000000000004   0.05128205128205128 
51   0.05200000000000004   0.05128205128205128 
52   0.05200000000000004   0.0641025641025641 
53   0.05300000000000004   0.07692307692307691 
54   0.05500000000000004   0.07692307692307691 
55   0.05600000000000004   0.07692307692307691 
56   0.057000000000000044   0.07692307692307691 
57   0.058000000000000045   0.07692307692307691 
58   0.059000000000000045   0.07692307692307691 
59   0.060000000000000046   0.07692307692307691 
60   0.06100000000000005   0.07692307692307691 
61   0.06200000000000005   0.07692307692307691 
62   0.06300000000000004   0.07692307692307691 
63   0.06400000000000004   0.07692307692307691 
64   0.06500000000000004   0.07692307692307691 
65   0.06600000000000004   0.07692307692307691 
66   0.06700000000000005   0.07692307692307691 
67   0.06800000000000005   0.07692307692307691 
68   0.06900000000000005   0.07692307692307691 
69   0.07000000000000005   0.07692307692307691 
70   0.07100000000000005   0.07692307692307691 
71   0.07100000000000005   0.08974358974358973 
72   0.07300000000000005   0.08974358974358973 
73   0.07400000000000005   0.08974358974358973 
74   0.07500000000000005   0.08974358974358973 
75   0.07600000000000005   0.08974358974358973 
76   0.07700000000000005   0.08974358974358973 
77   0.07800000000000006   0.08974358974358973 
78   0.07900000000000006   0.08974358974358973 
79   0.08000000000000006   0.08974358974358973 
80   0.08100000000000006   0.08974358974358973 
81   0.08100000000000006   0.10256410256410255 
82   0.08300000000000006   0.10256410256410255 
83   0.08400000000000006   0.10256410256410255 
84   0.08500000000000006   0.10256410256410255 
85   0.08600000000000006   0.10256410256410255 
86   0.08700000000000006   0.10256410256410255 
87   0.08800000000000006   0.10256410256410255 
88   0.08900000000000007   0.10256410256410255 
89   0.09000000000000007   0.10256410256410255 
90   0.09100000000000007   0.10256410256410255 
91   0.09200000000000007   0.10256410256410255 
92   0.09300000000000007   0.10256410256410255 
93   0.09400000000000007   0.10256410256410255 
94   0.09500000000000007   0.10256410256410255 
95   0.09500000000000007   0.11538461538461536 
96   0.09600000000000007   0.1282051282051282 
97   0.09800000000000007   0.1282051282051282 
98   0.09900000000000007   0.1282051282051282 
99   0.10000000000000007   0.1282051282051282 
100   0.10100000000000008   0.1282051282051282 
101   0.10200000000000008   0.1282051282051282 
102   0.10300000000000008   0.1282051282051282 
103   0.10400000000000008   0.1282051282051282 
104   0.10500000000000008   0.1282051282051282 
105   0.10500000000000008   0.14102564102564102 
106   0.10700000000000008   0.14102564102564102 
107   0.10800000000000008   0.14102564102564102 
108   0.10900000000000008   0.14102564102564102 
109   0.11000000000000008   0.14102564102564102 
110   0.11100000000000008   0.14102564102564102 
111   0.11200000000000009   0.14102564102564102 
112   0.11300000000000009   0.14102564102564102 
113   0.11400000000000009   0.14102564102564102 
114   0.11500000000000009   0.14102564102564102 
115   0.11500000000000009   0.15384615384615385 
116   0.11700000000000009   0.15384615384615385 
117   0.11800000000000009   0.15384615384615385 
118   0.11900000000000009   0.15384615384615385 
119   0.12000000000000009   0.15384615384615385 
120   0.1210000000000001   0.15384615384615385 
121   0.1220000000000001   0.15384615384615385 
122   0.1230000000000001   0.15384615384615385 
123   0.1240000000000001   0.15384615384615385 
124   0.1240000000000001   0.16666666666666669 
125   0.12600000000000008   0.16666666666666669 
126   0.12700000000000009   0.16666666666666669 
127   0.12800000000000009   0.16666666666666669 
128   0.1290000000000001   0.16666666666666669 
129   0.1300000000000001   0.16666666666666669 
130   0.1310000000000001   0.16666666666666669 
131   0.1320000000000001   0.16666666666666669 
132   0.1330000000000001   0.16666666666666669 
133   0.1340000000000001   0.16666666666666669 
134   0.1350000000000001   0.16666666666666669 
135   0.1360000000000001   0.16666666666666669 
136   0.1370000000000001   0.16666666666666669 
137   0.1370000000000001   0.17948717948717952 
138   0.1390000000000001   0.17948717948717952 
139   0.1400000000000001   0.17948717948717952 
140   0.1410000000000001   0.17948717948717952 
141   0.1420000000000001   0.17948717948717952 
142   0.1430000000000001   0.17948717948717952 
143   0.1440000000000001   0.17948717948717952 
144   0.1450000000000001   0.17948717948717952 
145   0.1460000000000001   0.17948717948717952 
146   0.1470000000000001   0.17948717948717952 
147   0.1480000000000001   0.17948717948717952 
148   0.1490000000000001   0.17948717948717952 
149   0.1500000000000001   0.17948717948717952 
150   0.1510000000000001   0.17948717948717952 
151   0.1520000000000001   0.17948717948717952 
152   0.1530000000000001   0.17948717948717952 
153   0.1530000000000001   0.19230769230769235 
154   0.1550000000000001   0.19230769230769235 
155   0.1560000000000001   0.19230769230769235 
156   0.1570000000000001   0.19230769230769235 
157   0.1580000000000001   0.19230769230769235 
158   0.1590000000000001   0.19230769230769235 
159   0.16000000000000011   0.19230769230769235 
160   0.16100000000000012   0.19230769230769235 
161   0.16200000000000012   0.19230769230769235 
162   0.16300000000000012   0.19230769230769235 
163   0.16300000000000012   0.20512820512820518 
164   0.16500000000000012   0.20512820512820518 
165   0.16600000000000012   0.20512820512820518 
166   0.16700000000000012   0.20512820512820518 
167   0.16800000000000012   0.20512820512820518 
168   0.16900000000000012   0.20512820512820518 
169   0.17000000000000012   0.20512820512820518 
170   0.17100000000000012   0.20512820512820518 
171   0.17200000000000013   0.20512820512820518 
172   0.17300000000000013   0.20512820512820518 
173   0.17400000000000013   0.20512820512820518 
174   0.17500000000000013   0.20512820512820518 
175   0.17600000000000013   0.20512820512820518 
176   0.17700000000000013   0.20512820512820518 
177   0.17800000000000013   0.20512820512820518 
178   0.17900000000000013   0.20512820512820518 
179   0.18000000000000013   0.20512820512820518 
180   0.18100000000000013   0.20512820512820518 
181   0.18200000000000013   0.20512820512820518 
182   0.18300000000000013   0.20512820512820518 
183   0.18400000000000014   0.20512820512820518 
184   0.18500000000000014   0.20512820512820518 
185   0.18600000000000014   0.20512820512820518 
186   0.18700000000000014   0.20512820512820518 
187   0.18800000000000014   0.20512820512820518 
188   0.18900000000000014   0.20512820512820518 
189   0.19000000000000014   0.20512820512820518 
190   0.19100000000000014   0.20512820512820518 
191   0.19100000000000014   0.217948717948718 
192   0.19300000000000014   0.217948717948718 
193   0.19400000000000014   0.217948717948718 
194   0.19500000000000015   0.217948717948718 
195   0.19600000000000015   0.217948717948718 
196   0.19700000000000015   0.217948717948718 
197   0.19800000000000015   0.217948717948718 
198   0.19900000000000015   0.217948717948718 
199   0.20000000000000015   0.217948717948718 
200   0.20100000000000015   0.217948717948718 
201   0.20200000000000015   0.217948717948718 
202   0.20300000000000015   0.217948717948718 
203   0.20400000000000015   0.217948717948718 
204   0.20500000000000015   0.217948717948718 
205   0.20600000000000016   0.217948717948718 
206   0.20700000000000016   0.217948717948718 
207   0.20800000000000016   0.217948717948718 
208   0.20900000000000016   0.217948717948718 
209   0.21000000000000016   0.217948717948718 
210   0.21100000000000016   0.217948717948718 
211   0.21200000000000016   0.217948717948718 
212   0.21300000000000016   0.217948717948718 
213   0.21400000000000016   0.217948717948718 
214   0.21500000000000016   0.217948717948718 
215   0.21600000000000016   0.217948717948718 
216   0.21700000000000016   0.217948717948718 
217   0.21800000000000017   0.217948717948718 
218   0.21900000000000017   0.217948717948718 
219   0.22000000000000017   0.217948717948718 
220   0.22100000000000017   0.217948717948718 
221   0.22200000000000017   0.217948717948718 
222   0.22300000000000017   0.217948717948718 
223   0.22400000000000017   0.217948717948718 
224   0.22500000000000017   0.217948717948718 
225   0.22600000000000017   0.217948717948718 
226   0.22700000000000017   0.217948717948718 
227   0.22800000000000017   0.217948717948718 
228   0.22900000000000018   0.217948717948718 
229   0.23000000000000018   0.217948717948718 
230   0.23100000000000018   0.217948717948718 
231   0.23200000000000018   0.217948717948718 
232   0.23300000000000018   0.217948717948718 
233   0.23400000000000018   0.217948717948718 
234   0.23500000000000018   0.217948717948718 
235   0.23500000000000018   0.23076923076923084 
236   0.23600000000000018   0.24358974358974367 
237   0.23800000000000018   0.24358974358974367 
238   0.23900000000000018   0.24358974358974367 
239   0.24000000000000019   0.24358974358974367 
240   0.2410000000000002   0.24358974358974367 
241   0.2420000000000002   0.24358974358974367 
242   0.2430000000000002   0.24358974358974367 
243   0.2440000000000002   0.24358974358974367 
244   0.2450000000000002   0.24358974358974367 
245   0.2460000000000002   0.24358974358974367 
246   0.2470000000000002   0.24358974358974367 
247   0.2480000000000002   0.24358974358974367 
248   0.2490000000000002   0.24358974358974367 
249   0.25000000000000017   0.24358974358974367 
250   0.25100000000000017   0.24358974358974367 
251   0.25200000000000017   0.24358974358974367 
252   0.25300000000000017   0.24358974358974367 
253   0.25400000000000017   0.24358974358974367 
254   0.25500000000000017   0.24358974358974367 
255   0.25600000000000017   0.24358974358974367 
256   0.25600000000000017   0.2564102564102565 
257   0.2580000000000002   0.2564102564102565 
258   0.2590000000000002   0.2564102564102565 
259   0.2600000000000002   0.2564102564102565 
260   0.2610000000000002   0.2564102564102565 
261   0.2620000000000002   0.2564102564102565 
262   0.2630000000000002   0.2564102564102565 
263   0.2640000000000002   0.2564102564102565 
264   0.2650000000000002   0.2564102564102565 
265   0.2660000000000002   0.2564102564102565 
266   0.2670000000000002   0.2564102564102565 
267   0.2680000000000002   0.2564102564102565 
268   0.2690000000000002   0.2564102564102565 
269   0.2700000000000002   0.2564102564102565 
270   0.2700000000000002   0.26923076923076933 
271   0.2710000000000002   0.28205128205128216 
272   0.2730000000000002   0.28205128205128216 
273   0.2740000000000002   0.28205128205128216 
274   0.2750000000000002   0.28205128205128216 
275   0.2760000000000002   0.28205128205128216 
276   0.2770000000000002   0.28205128205128216 
277   0.2780000000000002   0.28205128205128216 
278   0.2790000000000002   0.28205128205128216 
279   0.2800000000000002   0.28205128205128216 
280   0.2810000000000002   0.28205128205128216 
281   0.2820000000000002   0.28205128205128216 
282   0.2830000000000002   0.28205128205128216 
283   0.2840000000000002   0.28205128205128216 
284   0.2850000000000002   0.28205128205128216 
285   0.2860000000000002   0.28205128205128216 
286   0.2870000000000002   0.28205128205128216 
287   0.2880000000000002   0.28205128205128216 
288   0.2890000000000002   0.28205128205128216 
289   0.2900000000000002   0.28205128205128216 
290   0.2910000000000002   0.28205128205128216 
291   0.2910000000000002   0.294871794871795 
292   0.2930000000000002   0.294871794871795 
293   0.2940000000000002   0.294871794871795 
294   0.2950000000000002   0.294871794871795 
295   0.2960000000000002   0.294871794871795 
296   0.2970000000000002   0.294871794871795 
297   0.2980000000000002   0.294871794871795 
298   0.2990000000000002   0.294871794871795 
299   0.3000000000000002   0.294871794871795 
300   0.3010000000000002   0.294871794871795 
301   0.3010000000000002   0.3076923076923078 
302   0.3030000000000002   0.3076923076923078 
303   0.3040000000000002   0.3076923076923078 
304   0.3050000000000002   0.3076923076923078 
305   0.3060000000000002   0.3076923076923078 
306   0.3070000000000002   0.3076923076923078 
307   0.3080000000000002   0.3076923076923078 
308   0.3090000000000002   0.3076923076923078 
309   0.3100000000000002   0.3076923076923078 
310   0.3110000000000002   0.3076923076923078 
311   0.3120000000000002   0.3076923076923078 
312   0.3130000000000002   0.3076923076923078 
313   0.3140000000000002   0.3076923076923078 
314   0.3150000000000002   0.3076923076923078 
315   0.3150000000000002   0.32051282051282065 
316   0.3160000000000002   0.3333333333333335 
317   0.3180000000000002   0.3333333333333335 
318   0.31900000000000023   0.3333333333333335 
319   0.32000000000000023   0.3333333333333335 
320   0.32100000000000023   0.3333333333333335 
321   0.32200000000000023   0.3333333333333335 
322   0.32300000000000023   0.3333333333333335 
323   0.32400000000000023   0.3333333333333335 
324   0.32500000000000023   0.3333333333333335 
325   0.32600000000000023   0.3333333333333335 
326   0.32700000000000023   0.3333333333333335 
327   0.32800000000000024   0.3333333333333335 
328   0.32900000000000024   0.3333333333333335 
329   0.33000000000000024   0.3333333333333335 
330   0.33100000000000024   0.3333333333333335 
331   0.33200000000000024   0.3333333333333335 
332   0.33300000000000024   0.3333333333333335 
333   0.33400000000000024   0.3333333333333335 
334   0.33500000000000024   0.3333333333333335 
335   0.33600000000000024   0.3333333333333335 
336   0.33700000000000024   0.3333333333333335 
337   0.33800000000000024   0.3333333333333335 
338   0.33900000000000025   0.3333333333333335 
339   0.33900000000000025   0.3461538461538463 
340   0.34100000000000025   0.3461538461538463 
341   0.34200000000000025   0.3461538461538463 
342   0.34300000000000025   0.3461538461538463 
343   0.34400000000000025   0.3461538461538463 
344   0.34500000000000025   0.3461538461538463 
345   0.34600000000000025   0.3461538461538463 
346   0.34700000000000025   0.3461538461538463 
347   0.34800000000000025   0.3461538461538463 
348   0.34800000000000025   0.35897435897435914 
349   0.35000000000000026   0.35897435897435914 
350   0.35100000000000026   0.35897435897435914 
351   0.35200000000000026   0.35897435897435914 
352   0.35300000000000026   0.35897435897435914 
353   0.35400000000000026   0.35897435897435914 
354   0.35500000000000026   0.35897435897435914 
355   0.35600000000000026   0.35897435897435914 
356   0.35700000000000026   0.35897435897435914 
357   0.35800000000000026   0.35897435897435914 
358   0.35800000000000026   0.371794871794872 
359   0.36000000000000026   0.371794871794872 
360   0.36100000000000027   0.371794871794872 
361   0.36200000000000027   0.371794871794872 
362   0.36300000000000027   0.371794871794872 
363   0.36400000000000027   0.371794871794872 
364   0.36500000000000027   0.371794871794872 
365   0.36600000000000027   0.371794871794872 
366   0.36700000000000027   0.371794871794872 
367   0.36800000000000027   0.371794871794872 
368   0.36900000000000027   0.371794871794872 
369   0.3700000000000003   0.371794871794872 
370   0.3710000000000003   0.371794871794872 
371   0.3720000000000003   0.371794871794872 
372   0.3730000000000003   0.371794871794872 
373   0.3730000000000003   0.3846153846153848 
374   0.3740000000000003   0.39743589743589763 
375   0.3760000000000003   0.39743589743589763 
376   0.3770000000000003   0.39743589743589763 
377   0.3780000000000003   0.39743589743589763 
378   0.3790000000000003   0.39743589743589763 
379   0.3800000000000003   0.39743589743589763 
380   0.3810000000000003   0.39743589743589763 
381   0.3820000000000003   0.39743589743589763 
382   0.3830000000000003   0.39743589743589763 
383   0.3840000000000003   0.39743589743589763 
384   0.3850000000000003   0.39743589743589763 
385   0.3860000000000003   0.39743589743589763 
386   0.3870000000000003   0.39743589743589763 
387   0.3880000000000003   0.39743589743589763 
388   0.3890000000000003   0.39743589743589763 
389   0.3900000000000003   0.39743589743589763 
390   0.3910000000000003   0.39743589743589763 
391   0.3920000000000003   0.39743589743589763 
392   0.3930000000000003   0.39743589743589763 
393   0.3940000000000003   0.39743589743589763 
394   0.3950000000000003   0.39743589743589763 
395   0.3960000000000003   0.39743589743589763 
396   0.3970000000000003   0.39743589743589763 
397   0.3970000000000003   0.41025641025641046 
398   0.3990000000000003   0.41025641025641046 
399   0.4000000000000003   0.41025641025641046 
400   0.4010000000000003   0.41025641025641046 
401   0.4020000000000003   0.41025641025641046 
402   0.4030000000000003   0.41025641025641046 
403   0.4040000000000003   0.41025641025641046 
404   0.4050000000000003   0.41025641025641046 
405   0.4060000000000003   0.41025641025641046 
406   0.4060000000000003   0.4230769230769233 
407   0.4080000000000003   0.4230769230769233 
408   0.4090000000000003   0.4230769230769233 
409   0.4100000000000003   0.4230769230769233 
410   0.4110000000000003   0.4230769230769233 
411   0.4120000000000003   0.4230769230769233 
412   0.4130000000000003   0.4230769230769233 
413   0.4140000000000003   0.4230769230769233 
414   0.4150000000000003   0.4230769230769233 
415   0.4160000000000003   0.4230769230769233 
416   0.4160000000000003   0.4358974358974361 
417   0.4180000000000003   0.4358974358974361 
418   0.4190000000000003   0.4358974358974361 
419   0.4200000000000003   0.4358974358974361 
420   0.4210000000000003   0.4358974358974361 
421   0.4220000000000003   0.4358974358974361 
422   0.4230000000000003   0.4358974358974361 
423   0.4240000000000003   0.4358974358974361 
424   0.4250000000000003   0.4358974358974361 
425   0.4250000000000003   0.44871794871794896 
426   0.4270000000000003   0.44871794871794896 
427   0.4280000000000003   0.44871794871794896 
428   0.4290000000000003   0.44871794871794896 
429   0.4300000000000003   0.44871794871794896 
430   0.4310000000000003   0.44871794871794896 
431   0.43200000000000033   0.44871794871794896 
432   0.43300000000000033   0.44871794871794896 
433   0.43400000000000033   0.44871794871794896 
434   0.43500000000000033   0.44871794871794896 
435   0.43600000000000033   0.44871794871794896 
436   0.43700000000000033   0.44871794871794896 
437   0.43800000000000033   0.44871794871794896 
438   0.43900000000000033   0.44871794871794896 
439   0.44000000000000034   0.44871794871794896 
440   0.44000000000000034   0.4615384615384618 
441   0.44200000000000034   0.4615384615384618 
442   0.44200000000000034   0.4743589743589746 
443   0.44400000000000034   0.4743589743589746 
444   0.44500000000000034   0.4743589743589746 
445   0.44600000000000034   0.4743589743589746 
446   0.44700000000000034   0.4743589743589746 
447   0.44800000000000034   0.4743589743589746 
448   0.44900000000000034   0.4743589743589746 
449   0.45000000000000034   0.4743589743589746 
450   0.45100000000000035   0.4743589743589746 
451   0.45100000000000035   0.48717948717948745 
452   0.45300000000000035   0.48717948717948745 
453   0.45400000000000035   0.48717948717948745 
454   0.45500000000000035   0.48717948717948745 
455   0.45600000000000035   0.48717948717948745 
456   0.45700000000000035   0.48717948717948745 
457   0.45800000000000035   0.48717948717948745 
458   0.45900000000000035   0.48717948717948745 
459   0.46000000000000035   0.48717948717948745 
460   0.46100000000000035   0.48717948717948745 
461   0.46100000000000035   0.5000000000000002 
462   0.46300000000000036   0.5000000000000002 
463   0.46400000000000036   0.5000000000000002 
464   0.46500000000000036   0.5000000000000002 
465   0.46600000000000036   0.5000000000000002 
466   0.46700000000000036   0.5000000000000002 
467   0.46800000000000036   0.5000000000000002 
468   0.46900000000000036   0.5000000000000002 
469   0.47000000000000036   0.5000000000000002 
470   0.47000000000000036   0.512820512820513 
471   0.47200000000000036   0.512820512820513 
472   0.47300000000000036   0.512820512820513 
473   0.47400000000000037   0.512820512820513 
474   0.47500000000000037   0.512820512820513 
475   0.47600000000000037   0.512820512820513 
476   0.47700000000000037   0.512820512820513 
477   0.47800000000000037   0.512820512820513 
478   0.47900000000000037   0.512820512820513 
479   0.48000000000000037   0.512820512820513 
480   0.48000000000000037   0.5256410256410258 
481   0.4820000000000004   0.5256410256410258 
482   0.4830000000000004   0.5256410256410258 
483   0.4840000000000004   0.5256410256410258 
484   0.4850000000000004   0.5256410256410258 
485   0.4860000000000004   0.5256410256410258 
486   0.4870000000000004   0.5256410256410258 
487   0.4880000000000004   0.5256410256410258 
488   0.4890000000000004   0.5256410256410258 
489   0.4900000000000004   0.5256410256410258 
490   0.4900000000000004   0.5384615384615385 
491   0.4920000000000004   0.5384615384615385 
492   0.4930000000000004   0.5384615384615385 
493   0.4940000000000004   0.5384615384615385 
494   0.4950000000000004   0.5384615384615385 
495   0.4960000000000004   0.5384615384615385 
496   0.4970000000000004   0.5384615384615385 
497   0.4980000000000004   0.5384615384615385 
498   0.4990000000000004   0.5384615384615385 
499   0.5000000000000003   0.5384615384615385 
500   0.5010000000000003   0.5384615384615385 
501   0.5020000000000003   0.5384615384615385 
502   0.5030000000000003   0.5384615384615385 
503   0.5040000000000003   0.5384615384615385 
504   0.5050000000000003   0.5384615384615385 
505   0.5060000000000003   0.5384615384615385 
506   0.5070000000000003   0.5384615384615385 
507   0.5080000000000003   0.5384615384615385 
508   0.5090000000000003   0.5384615384615385 
509   0.5100000000000003   0.5384615384615385 
510   0.5110000000000003   0.5384615384615385 
511   0.5120000000000003   0.5384615384615385 
512   0.5130000000000003   0.5384615384615385 
513   0.5140000000000003   0.5384615384615385 
514   0.5150000000000003   0.5384615384615385 
515   0.5160000000000003   0.5384615384615385 
516   0.5170000000000003   0.5384615384615385 
517   0.5180000000000003   0.5384615384615385 
518   0.5190000000000003   0.5384615384615385 
519   0.5190000000000003   0.5512820512820513 
520   0.5210000000000004   0.5512820512820513 
521   0.5220000000000004   0.5512820512820513 
522   0.5230000000000004   0.5512820512820513 
523   0.5240000000000004   0.5512820512820513 
524   0.5250000000000004   0.5512820512820513 
525   0.5260000000000004   0.5512820512820513 
526   0.5270000000000004   0.5512820512820513 
527   0.5280000000000004   0.5512820512820513 
528   0.5290000000000004   0.5512820512820513 
529   0.5290000000000004   0.5641025641025641 
530   0.5310000000000004   0.5641025641025641 
531   0.5320000000000004   0.5641025641025641 
532   0.5330000000000004   0.5641025641025641 
533   0.5340000000000004   0.5641025641025641 
534   0.5350000000000004   0.5641025641025641 
535   0.5360000000000004   0.5641025641025641 
536   0.5370000000000004   0.5641025641025641 
537   0.5380000000000004   0.5641025641025641 
538   0.5390000000000004   0.5641025641025641 
539   0.5390000000000004   0.5769230769230769 
540   0.5410000000000004   0.5769230769230769 
541   0.5420000000000004   0.5769230769230769 
542   0.5430000000000004   0.5769230769230769 
543   0.5440000000000004   0.5769230769230769 
544   0.5450000000000004   0.5769230769230769 
545   0.5460000000000004   0.5769230769230769 
546   0.5470000000000004   0.5769230769230769 
547   0.5480000000000004   0.5769230769230769 
548   0.5480000000000004   0.5897435897435896 
549   0.5500000000000004   0.5897435897435896 
550   0.5510000000000004   0.5897435897435896 
551   0.5520000000000004   0.5897435897435896 
552   0.5530000000000004   0.5897435897435896 
553   0.5540000000000004   0.5897435897435896 
554   0.5550000000000004   0.5897435897435896 
555   0.5560000000000004   0.5897435897435896 
556   0.5570000000000004   0.5897435897435896 
557   0.5580000000000004   0.5897435897435896 
558   0.5590000000000004   0.5897435897435896 
559   0.5600000000000004   0.5897435897435896 
560   0.5610000000000004   0.5897435897435896 
561   0.5620000000000004   0.5897435897435896 
562   0.5630000000000004   0.5897435897435896 
563   0.5640000000000004   0.5897435897435896 
564   0.5650000000000004   0.5897435897435896 
565   0.5660000000000004   0.5897435897435896 
566   0.5670000000000004   0.5897435897435896 
567   0.5680000000000004   0.5897435897435896 
568   0.5690000000000004   0.5897435897435896 
569   0.5700000000000004   0.5897435897435896 
570   0.5710000000000004   0.5897435897435896 
571   0.5720000000000004   0.5897435897435896 
572   0.5730000000000004   0.5897435897435896 
573   0.5740000000000004   0.5897435897435896 
574   0.5750000000000004   0.5897435897435896 
575   0.5760000000000004   0.5897435897435896 
576   0.5770000000000004   0.5897435897435896 
577   0.5780000000000004   0.5897435897435896 
578   0.5780000000000004   0.6025641025641024 
579   0.5800000000000004   0.6025641025641024 
580   0.5810000000000004   0.6025641025641024 
581   0.5820000000000004   0.6025641025641024 
582   0.5830000000000004   0.6025641025641024 
583   0.5840000000000004   0.6025641025641024 
584   0.5850000000000004   0.6025641025641024 
585   0.5860000000000004   0.6025641025641024 
586   0.5870000000000004   0.6025641025641024 
587   0.5870000000000004   0.6153846153846152 
588   0.5890000000000004   0.6153846153846152 
589   0.5900000000000004   0.6153846153846152 
590   0.5910000000000004   0.6153846153846152 
591   0.5920000000000004   0.6153846153846152 
592   0.5930000000000004   0.6153846153846152 
593   0.5940000000000004   0.6153846153846152 
594   0.5950000000000004   0.6153846153846152 
595   0.5960000000000004   0.6153846153846152 
596   0.5970000000000004   0.6153846153846152 
597   0.5970000000000004   0.628205128205128 
598   0.5990000000000004   0.628205128205128 
599   0.6000000000000004   0.628205128205128 
600   0.6010000000000004   0.628205128205128 
601   0.6020000000000004   0.628205128205128 
602   0.6030000000000004   0.628205128205128 
603   0.6040000000000004   0.628205128205128 
604   0.6050000000000004   0.628205128205128 
605   0.6060000000000004   0.628205128205128 
606   0.6070000000000004   0.628205128205128 
607   0.6080000000000004   0.628205128205128 
608   0.6090000000000004   0.628205128205128 
609   0.6100000000000004   0.628205128205128 
610   0.6110000000000004   0.628205128205128 
611   0.6120000000000004   0.628205128205128 
612   0.6130000000000004   0.628205128205128 
613   0.6140000000000004   0.628205128205128 
614   0.6150000000000004   0.628205128205128 
615   0.6160000000000004   0.628205128205128 
616   0.6170000000000004   0.628205128205128 
617   0.6180000000000004   0.628205128205128 
618   0.6190000000000004   0.628205128205128 
619   0.6200000000000004   0.628205128205128 
620   0.6210000000000004   0.628205128205128 
621   0.6220000000000004   0.628205128205128 
622   0.6230000000000004   0.628205128205128 
623   0.6240000000000004   0.628205128205128 
624   0.6250000000000004   0.628205128205128 
625   0.6260000000000004   0.628205128205128 
626   0.6270000000000004   0.628205128205128 
627   0.6280000000000004   0.628205128205128 
628   0.6290000000000004   0.628205128205128 
629   0.6300000000000004   0.628205128205128 
630   0.6310000000000004   0.628205128205128 
631   0.6320000000000005   0.628205128205128 
632   0.6330000000000005   0.628205128205128 
633   0.6340000000000005   0.628205128205128 
634   0.6350000000000005   0.628205128205128 
635   0.6360000000000005   0.628205128205128 
636   0.6370000000000005   0.628205128205128 
637   0.6380000000000005   0.628205128205128 
638   0.6390000000000005   0.628205128205128 
639   0.6400000000000005   0.628205128205128 
640   0.6400000000000005   0.6410256410256407 
641   0.6420000000000005   0.6410256410256407 
642   0.6430000000000005   0.6410256410256407 
643   0.6440000000000005   0.6410256410256407 
644   0.6450000000000005   0.6410256410256407 
645   0.6460000000000005   0.6410256410256407 
646   0.6470000000000005   0.6410256410256407 
647   0.6480000000000005   0.6410256410256407 
648   0.6490000000000005   0.6410256410256407 
649   0.6490000000000005   0.6538461538461535 
650   0.6510000000000005   0.6538461538461535 
651   0.6520000000000005   0.6538461538461535 
652   0.6530000000000005   0.6538461538461535 
653   0.6540000000000005   0.6538461538461535 
654   0.6550000000000005   0.6538461538461535 
655   0.6560000000000005   0.6538461538461535 
656   0.6570000000000005   0.6538461538461535 
657   0.6580000000000005   0.6538461538461535 
658   0.6590000000000005   0.6538461538461535 
659   0.6600000000000005   0.6538461538461535 
660   0.6610000000000005   0.6538461538461535 
661   0.6620000000000005   0.6538461538461535 
662   0.6630000000000005   0.6538461538461535 
663   0.6630000000000005   0.6666666666666663 
664   0.6640000000000005   0.6794871794871791 
665   0.6660000000000005   0.6794871794871791 
666   0.6670000000000005   0.6794871794871791 
667   0.6680000000000005   0.6794871794871791 
668   0.6690000000000005   0.6794871794871791 
669   0.6700000000000005   0.6794871794871791 
670   0.6710000000000005   0.6794871794871791 
671   0.6720000000000005   0.6794871794871791 
672   0.6730000000000005   0.6794871794871791 
673   0.6740000000000005   0.6794871794871791 
674   0.6750000000000005   0.6794871794871791 
675   0.6760000000000005   0.6794871794871791 
676   0.6770000000000005   0.6794871794871791 
677   0.6780000000000005   0.6794871794871791 
678   0.6790000000000005   0.6794871794871791 
679   0.6800000000000005   0.6794871794871791 
680   0.6810000000000005   0.6794871794871791 
681   0.6820000000000005   0.6794871794871791 
682   0.6830000000000005   0.6794871794871791 
683   0.6840000000000005   0.6794871794871791 
684   0.6850000000000005   0.6794871794871791 
685   0.6850000000000005   0.6923076923076918 
686   0.6870000000000005   0.6923076923076918 
687   0.6880000000000005   0.6923076923076918 
688   0.6890000000000005   0.6923076923076918 
689   0.6900000000000005   0.6923076923076918 
690   0.6910000000000005   0.6923076923076918 
691   0.6920000000000005   0.6923076923076918 
692   0.6930000000000005   0.6923076923076918 
693   0.6940000000000005   0.6923076923076918 
694   0.6940000000000005   0.7051282051282046 
695   0.6960000000000005   0.7051282051282046 
696   0.6970000000000005   0.7051282051282046 
697   0.6980000000000005   0.7051282051282046 
698   0.6990000000000005   0.7051282051282046 
699   0.7000000000000005   0.7051282051282046 
700   0.7010000000000005   0.7051282051282046 
701   0.7020000000000005   0.7051282051282046 
702   0.7030000000000005   0.7051282051282046 
703   0.7040000000000005   0.7051282051282046 
704   0.7040000000000005   0.7179487179487174 
705   0.7060000000000005   0.7179487179487174 
706   0.7070000000000005   0.7179487179487174 
707   0.7080000000000005   0.7179487179487174 
708   0.7090000000000005   0.7179487179487174 
709   0.7100000000000005   0.7179487179487174 
710   0.7110000000000005   0.7179487179487174 
711   0.7120000000000005   0.7179487179487174 
712   0.7130000000000005   0.7179487179487174 
713   0.7140000000000005   0.7179487179487174 
714   0.7150000000000005   0.7179487179487174 
715   0.7160000000000005   0.7179487179487174 
716   0.7170000000000005   0.7179487179487174 
717   0.7180000000000005   0.7179487179487174 
718   0.7180000000000005   0.7307692307692302 
719   0.7190000000000005   0.743589743589743 
720   0.7210000000000005   0.743589743589743 
721   0.7220000000000005   0.743589743589743 
722   0.7230000000000005   0.743589743589743 
723   0.7240000000000005   0.743589743589743 
724   0.7250000000000005   0.743589743589743 
725   0.7260000000000005   0.743589743589743 
726   0.7270000000000005   0.743589743589743 
727   0.7280000000000005   0.743589743589743 
728   0.7290000000000005   0.743589743589743 
729   0.7300000000000005   0.743589743589743 
730   0.7310000000000005   0.743589743589743 
731   0.7320000000000005   0.743589743589743 
732   0.7330000000000005   0.743589743589743 
733   0.7340000000000005   0.743589743589743 
734   0.7350000000000005   0.743589743589743 
735   0.7360000000000005   0.743589743589743 
736   0.7370000000000005   0.743589743589743 
737   0.7380000000000005   0.743589743589743 
738   0.7390000000000005   0.743589743589743 
739   0.7400000000000005   0.743589743589743 
740   0.7400000000000005   0.7564102564102557 
741   0.7420000000000005   0.7564102564102557 
742   0.7430000000000005   0.7564102564102557 
743   0.7440000000000005   0.7564102564102557 
744   0.7450000000000006   0.7564102564102557 
745   0.7460000000000006   0.7564102564102557 
746   0.7470000000000006   0.7564102564102557 
747   0.7480000000000006   0.7564102564102557 
748   0.7490000000000006   0.7564102564102557 
749   0.7490000000000006   0.7692307692307685 
750   0.7510000000000006   0.7692307692307685 
751   0.7520000000000006   0.7692307692307685 
752   0.7530000000000006   0.7692307692307685 
753   0.7540000000000006   0.7692307692307685 
754   0.7550000000000006   0.7692307692307685 
755   0.7560000000000006   0.7692307692307685 
756   0.7570000000000006   0.7692307692307685 
757   0.7580000000000006   0.7692307692307685 
758   0.7590000000000006   0.7692307692307685 
759   0.7590000000000006   0.7820512820512813 
760   0.7610000000000006   0.7820512820512813 
761   0.7620000000000006   0.7820512820512813 
762   0.7630000000000006   0.7820512820512813 
763   0.7640000000000006   0.7820512820512813 
764   0.7650000000000006   0.7820512820512813 
765   0.7660000000000006   0.7820512820512813 
766   0.7670000000000006   0.7820512820512813 
767   0.7680000000000006   0.7820512820512813 
768   0.7690000000000006   0.7820512820512813 
769   0.7690000000000006   0.794871794871794 
770   0.7710000000000006   0.794871794871794 
771   0.7720000000000006   0.794871794871794 
772   0.7730000000000006   0.794871794871794 
773   0.7740000000000006   0.794871794871794 
774   0.7750000000000006   0.794871794871794 
775   0.7760000000000006   0.794871794871794 
776   0.7770000000000006   0.794871794871794 
777   0.7780000000000006   0.794871794871794 
778   0.7790000000000006   0.794871794871794 
779   0.7800000000000006   0.794871794871794 
780   0.7810000000000006   0.794871794871794 
781   0.7820000000000006   0.794871794871794 
782   0.7830000000000006   0.794871794871794 
783   0.7840000000000006   0.794871794871794 
784   0.7840000000000006   0.8076923076923068 
785   0.7850000000000006   0.8205128205128196 
786   0.7870000000000006   0.8205128205128196 
787   0.7880000000000006   0.8205128205128196 
788   0.7890000000000006   0.8205128205128196 
789   0.7900000000000006   0.8205128205128196 
790   0.7910000000000006   0.8205128205128196 
791   0.7920000000000006   0.8205128205128196 
792   0.7930000000000006   0.8205128205128196 
793   0.7940000000000006   0.8205128205128196 
794   0.7940000000000006   0.8333333333333324 
795   0.7960000000000006   0.8333333333333324 
796   0.7970000000000006   0.8333333333333324 
797   0.7980000000000006   0.8333333333333324 
798   0.7990000000000006   0.8333333333333324 
799   0.8000000000000006   0.8333333333333324 
800   0.8010000000000006   0.8333333333333324 
801   0.8020000000000006   0.8333333333333324 
802   0.8030000000000006   0.8333333333333324 
803   0.8040000000000006   0.8333333333333324 
804   0.8040000000000006   0.8461538461538451 
805   0.8060000000000006   0.8461538461538451 
806   0.8070000000000006   0.8461538461538451 
807   0.8080000000000006   0.8461538461538451 
808   0.8090000000000006   0.8461538461538451 
809   0.8100000000000006   0.8461538461538451 
810   0.8110000000000006   0.8461538461538451 
811   0.8120000000000006   0.8461538461538451 
812   0.8130000000000006   0.8461538461538451 
813   0.8130000000000006   0.8589743589743579 
814   0.8150000000000006   0.8589743589743579 
815   0.8160000000000006   0.8589743589743579 
816   0.8170000000000006   0.8589743589743579 
817   0.8180000000000006   0.8589743589743579 
818   0.8190000000000006   0.8589743589743579 
819   0.8200000000000006   0.8589743589743579 
820   0.8210000000000006   0.8589743589743579 
821   0.8220000000000006   0.8589743589743579 
822   0.8230000000000006   0.8589743589743579 
823   0.8230000000000006   0.8717948717948707 
824   0.8250000000000006   0.8717948717948707 
825   0.8260000000000006   0.8717948717948707 
826   0.8270000000000006   0.8717948717948707 
827   0.8280000000000006   0.8717948717948707 
828   0.8290000000000006   0.8717948717948707 
829   0.8300000000000006   0.8717948717948707 
830   0.8310000000000006   0.8717948717948707 
831   0.8320000000000006   0.8717948717948707 
832   0.8320000000000006   0.8846153846153835 
833   0.8340000000000006   0.8846153846153835 
834   0.8350000000000006   0.8846153846153835 
835   0.8360000000000006   0.8846153846153835 
836   0.8370000000000006   0.8846153846153835 
837   0.8380000000000006   0.8846153846153835 
838   0.8390000000000006   0.8846153846153835 
839   0.8400000000000006   0.8846153846153835 
840   0.8410000000000006   0.8846153846153835 
841   0.8420000000000006   0.8846153846153835 
842   0.8430000000000006   0.8846153846153835 
843   0.8440000000000006   0.8846153846153835 
844   0.8450000000000006   0.8846153846153835 
845   0.8460000000000006   0.8846153846153835 
846   0.8470000000000006   0.8846153846153835 
847   0.8480000000000006   0.8846153846153835 
848   0.8490000000000006   0.8846153846153835 
849   0.8500000000000006   0.8846153846153835 
850   0.8510000000000006   0.8846153846153835 
851   0.8520000000000006   0.8846153846153835 
852   0.8530000000000006   0.8846153846153835 
853   0.8540000000000006   0.8846153846153835 
854   0.8550000000000006   0.8846153846153835 
855   0.8560000000000006   0.8846153846153835 
856   0.8570000000000007   0.8846153846153835 
857   0.8580000000000007   0.8846153846153835 
858   0.8590000000000007   0.8846153846153835 
859   0.8600000000000007   0.8846153846153835 
860   0.8610000000000007   0.8846153846153835 
861   0.8620000000000007   0.8846153846153835 
862   0.8620000000000007   0.8974358974358962 
863   0.8640000000000007   0.8974358974358962 
864   0.8650000000000007   0.8974358974358962 
865   0.8660000000000007   0.8974358974358962 
866   0.8670000000000007   0.8974358974358962 
867   0.8680000000000007   0.8974358974358962 
868   0.8690000000000007   0.8974358974358962 
869   0.8700000000000007   0.8974358974358962 
870   0.8710000000000007   0.8974358974358962 
871   0.8720000000000007   0.8974358974358962 
872   0.8720000000000007   0.910256410256409 
873   0.8740000000000007   0.910256410256409 
874   0.8750000000000007   0.910256410256409 
875   0.8760000000000007   0.910256410256409 
876   0.8770000000000007   0.910256410256409 
877   0.8780000000000007   0.910256410256409 
878   0.8790000000000007   0.910256410256409 
879   0.8800000000000007   0.910256410256409 
880   0.8810000000000007   0.910256410256409 
881   0.8820000000000007   0.910256410256409 
882   0.8820000000000007   0.9230769230769218 
883   0.8840000000000007   0.9230769230769218 
884   0.8850000000000007   0.9230769230769218 
885   0.8860000000000007   0.9230769230769218 
886   0.8870000000000007   0.9230769230769218 
887   0.8880000000000007   0.9230769230769218 
888   0.8890000000000007   0.9230769230769218 
889   0.8900000000000007   0.9230769230769218 
890   0.8910000000000007   0.9230769230769218 
891   0.8910000000000007   0.9358974358974346 
892   0.8930000000000007   0.9358974358974346 
893   0.8940000000000007   0.9358974358974346 
894   0.8950000000000007   0.9358974358974346 
895   0.8960000000000007   0.9358974358974346 
896   0.8970000000000007   0.9358974358974346 
897   0.8980000000000007   0.9358974358974346 
898   0.8990000000000007   0.9358974358974346 
899   0.9000000000000007   0.9358974358974346 
900   0.9010000000000007   0.9358974358974346 
901   0.9020000000000007   0.9358974358974346 
902   0.9030000000000007   0.9358974358974346 
903   0.9040000000000007   0.9358974358974346 
904   0.9050000000000007   0.9358974358974346 
905   0.9060000000000007   0.9358974358974346 
906   0.9070000000000007   0.9358974358974346 
907   0.9080000000000007   0.9358974358974346 
908   0.9090000000000007   0.9358974358974346 
909   0.9100000000000007   0.9358974358974346 
910   0.9110000000000007   0.9358974358974346 
911   0.9120000000000007   0.9358974358974346 
912   0.9130000000000007   0.9358974358974346 
913   0.9140000000000007   0.9358974358974346 
914   0.9150000000000007   0.9358974358974346 
915   0.9160000000000007   0.9358974358974346 
916   0.9170000000000007   0.9358974358974346 
917   0.9180000000000007   0.9358974358974346 
918   0.9190000000000007   0.9358974358974346 
919   0.9200000000000007   0.9358974358974346 
920   0.9210000000000007   0.9358974358974346 
921   0.9210000000000007   0.9487179487179473 
922   0.9230000000000007   0.9487179487179473 
923   0.9240000000000007   0.9487179487179473 
924   0.9250000000000007   0.9487179487179473 
925   0.9260000000000007   0.9487179487179473 
926   0.9270000000000007   0.9487179487179473 
927   0.9280000000000007   0.9487179487179473 
928   0.9290000000000007   0.9487179487179473 
929   0.9300000000000007   0.9487179487179473 
930   0.9300000000000007   0.9615384615384601 
931   0.9320000000000007   0.9615384615384601 
932   0.9330000000000007   0.9615384615384601 
933   0.9340000000000007   0.9615384615384601 
934   0.9350000000000007   0.9615384615384601 
935   0.9360000000000007   0.9615384615384601 
936   0.9370000000000007   0.9615384615384601 
937   0.9380000000000007   0.9615384615384601 
938   0.9390000000000007   0.9615384615384601 
939   0.9400000000000007   0.9615384615384601 
940   0.9400000000000007   0.9743589743589729 
941   0.9420000000000007   0.9743589743589729 
942   0.9430000000000007   0.9743589743589729 
943   0.9440000000000007   0.9743589743589729 
944   0.9450000000000007   0.9743589743589729 
945   0.9460000000000007   0.9743589743589729 
946   0.9470000000000007   0.9743589743589729 
947   0.9480000000000007   0.9743589743589729 
948   0.9490000000000007   0.9743589743589729 
949   0.9500000000000007   0.9743589743589729 
950   0.9510000000000007   0.9743589743589729 
951   0.9520000000000007   0.9743589743589729 
952   0.9530000000000007   0.9743589743589729 
953   0.9540000000000007   0.9743589743589729 
954   0.9550000000000007   0.9743589743589729 
955   0.9560000000000007   0.9743589743589729 
956   0.9570000000000007   0.9743589743589729 
957   0.9580000000000007   0.9743589743589729 
958   0.9590000000000007   0.9743589743589729 
959   0.9600000000000007   0.9743589743589729 
960   0.9610000000000007   0.9743589743589729 
961   0.9620000000000007   0.9743589743589729 
962   0.9630000000000007   0.9743589743589729 
963   0.9640000000000007   0.9743589743589729 
964   0.9650000000000007   0.9743589743589729 
965   0.9660000000000007   0.9743589743589729 
966   0.9670000000000007   0.9743589743589729 
967   0.9680000000000007   0.9743589743589729 
968   0.9690000000000007   0.9743589743589729 
969   0.9690000000000007   0.9871794871794857 
970   0.9710000000000008   0.9871794871794857 
971   0.9720000000000008   0.9871794871794857 
972   0.9730000000000008   0.9871794871794857 
973   0.9740000000000008   0.9871794871794857 
974   0.9750000000000008   0.9871794871794857 
975   0.9760000000000008   0.9871794871794857 
976   0.9770000000000008   0.9871794871794857 
977   0.9780000000000008   0.9871794871794857 
978   0.9780000000000008   0.9999999999999984 
979   0.9800000000000008   0.9999999999999984 
980   0.9810000000000008   0.9999999999999984 
981   0.9820000000000008   0.9999999999999984 
982   0.9830000000000008   0.9999999999999984 
983   0.9840000000000008   0.9999999999999984 
984   0.9850000000000008   0.9999999999999984 
985   0.9860000000000008   0.9999999999999984 
986   0.9870000000000008   0.9999999999999984 
987   0.9880000000000008   0.9999999999999984 
988   0.9890000000000008   0.9999999999999984 
989   0.9900000000000008   0.9999999999999984 
990   0.9910000000000008   0.9999999999999984 
991   0.9920000000000008   0.9999999999999984 
992   0.9930000000000008   0.9999999999999984 
993   0.9940000000000008   0.9999999999999984 
994   0.9950000000000008   0.9999999999999984 
995   0.9960000000000008   0.9999999999999984 
996   0.9970000000000008   0.9999999999999984 
997   0.9980000000000008   0.9999999999999984 
998   0.9990000000000008   0.9999999999999984 
999   1.0000000000000007   0.9999999999999984 
