0   0.001   0 
1   0.002   0 
2   0.003   0 
3   0.004   0 
4   0.005   0 
5   0.005   0.00851063829787234 
6   0.007   0.00851063829787234 
7   0.008   0.00851063829787234 
8   0.009000000000000001   0.00851063829787234 
9   0.010000000000000002   0.00851063829787234 
10   0.011000000000000003   0.00851063829787234 
11   0.011000000000000003   0.02127659574468085 
12   0.012000000000000004   0.03404255319148936 
13   0.014000000000000005   0.03404255319148936 
14   0.015000000000000006   0.03404255319148936 
15   0.016000000000000007   0.03404255319148936 
16   0.017000000000000008   0.03404255319148936 
17   0.01800000000000001   0.03404255319148936 
18   0.01800000000000001   0.05106382978723405 
19   0.02000000000000001   0.05106382978723405 
20   0.02100000000000001   0.05106382978723405 
21   0.02100000000000001   0.055319148936170216 
22   0.023000000000000013   0.055319148936170216 
23   0.024000000000000014   0.055319148936170216 
24   0.025000000000000015   0.055319148936170216 
25   0.026000000000000016   0.055319148936170216 
26   0.026000000000000016   0.06382978723404256 
27   0.028000000000000018   0.06382978723404256 
28   0.02900000000000002   0.06382978723404256 
29   0.03000000000000002   0.06382978723404256 
30   0.03100000000000002   0.06382978723404256 
31   0.03200000000000002   0.06382978723404256 
32   0.03300000000000002   0.06382978723404256 
33   0.03300000000000002   0.06808510638297874 
34   0.035000000000000024   0.06808510638297874 
35   0.036000000000000025   0.06808510638297874 
36   0.037000000000000026   0.06808510638297874 
37   0.03800000000000003   0.06808510638297874 
38   0.03900000000000003   0.06808510638297874 
39   0.03900000000000003   0.07234042553191491 
40   0.04100000000000003   0.07234042553191491 
41   0.04200000000000003   0.07234042553191491 
42   0.04300000000000003   0.07234042553191491 
43   0.04400000000000003   0.07234042553191491 
44   0.04500000000000003   0.07234042553191491 
45   0.046000000000000034   0.07234042553191491 
46   0.047000000000000035   0.07234042553191491 
47   0.048000000000000036   0.07234042553191491 
48   0.04900000000000004   0.07234042553191491 
49   0.05000000000000004   0.07234042553191491 
50   0.05100000000000004   0.07234042553191491 
51   0.05100000000000004   0.08936170212765959 
52   0.05300000000000004   0.08936170212765959 
53   0.05400000000000004   0.08936170212765959 
54   0.05400000000000004   0.09361702127659577 
55   0.05600000000000004   0.09361702127659577 
56   0.057000000000000044   0.09361702127659577 
57   0.058000000000000045   0.09361702127659577 
58   0.059000000000000045   0.09361702127659577 
59   0.059000000000000045   0.10212765957446811 
60   0.06100000000000005   0.10212765957446811 
61   0.06200000000000005   0.10212765957446811 
62   0.06300000000000004   0.10212765957446811 
63   0.06400000000000004   0.10212765957446811 
64   0.06500000000000004   0.10212765957446811 
65   0.06600000000000004   0.10212765957446811 
66   0.06600000000000004   0.10638297872340428 
67   0.06700000000000005   0.11063829787234046 
68   0.06900000000000005   0.11063829787234046 
69   0.07000000000000005   0.11063829787234046 
70   0.07100000000000005   0.11063829787234046 
71   0.07200000000000005   0.11063829787234046 
72   0.07200000000000005   0.11489361702127664 
73   0.07400000000000005   0.11489361702127664 
74   0.07500000000000005   0.11489361702127664 
75   0.07500000000000005   0.11914893617021281 
76   0.07700000000000005   0.11914893617021281 
77   0.07800000000000006   0.11914893617021281 
78   0.07900000000000006   0.11914893617021281 
79   0.08000000000000006   0.11914893617021281 
80   0.08100000000000006   0.11914893617021281 
81   0.08200000000000006   0.11914893617021281 
82   0.08200000000000006   0.12340425531914899 
83   0.08400000000000006   0.12340425531914899 
84   0.08500000000000006   0.12340425531914899 
85   0.08600000000000006   0.12340425531914899 
86   0.08700000000000006   0.12340425531914899 
87   0.08800000000000006   0.12340425531914899 
88   0.08900000000000007   0.12340425531914899 
89   0.09000000000000007   0.12340425531914899 
90   0.09100000000000007   0.12340425531914899 
91   0.09200000000000007   0.12340425531914899 
92   0.09300000000000007   0.12340425531914899 
93   0.09400000000000007   0.12340425531914899 
94   0.09400000000000007   0.14042553191489368 
95   0.09600000000000007   0.14042553191489368 
96   0.09700000000000007   0.14042553191489368 
97   0.09700000000000007   0.14468085106382986 
98   0.09900000000000007   0.14468085106382986 
99   0.09900000000000007   0.14893617021276603 
100   0.10100000000000008   0.14893617021276603 
101   0.10100000000000008   0.1531914893617022 
102   0.10300000000000008   0.1531914893617022 
103   0.10400000000000008   0.1531914893617022 
104   0.10500000000000008   0.1531914893617022 
105   0.10600000000000008   0.1531914893617022 
106   0.10600000000000008   0.1574468085106384 
107   0.10800000000000008   0.1574468085106384 
108   0.10900000000000008   0.1574468085106384 
109   0.10900000000000008   0.16170212765957456 
110   0.11000000000000008   0.16595744680851074 
111   0.11200000000000009   0.16595744680851074 
112   0.11300000000000009   0.16595744680851074 
113   0.11400000000000009   0.16595744680851074 
114   0.11500000000000009   0.16595744680851074 
115   0.11600000000000009   0.16595744680851074 
116   0.11600000000000009   0.17021276595744692 
117   0.11800000000000009   0.17021276595744692 
118   0.11900000000000009   0.17021276595744692 
119   0.11900000000000009   0.1744680851063831 
120   0.1210000000000001   0.1744680851063831 
121   0.1220000000000001   0.1744680851063831 
122   0.1230000000000001   0.1744680851063831 
123   0.1240000000000001   0.1744680851063831 
124   0.12500000000000008   0.1744680851063831 
125   0.12500000000000008   0.17872340425531927 
126   0.12700000000000009   0.17872340425531927 
127   0.12800000000000009   0.17872340425531927 
128   0.1290000000000001   0.17872340425531927 
129   0.1300000000000001   0.17872340425531927 
130   0.1310000000000001   0.17872340425531927 
131   0.1320000000000001   0.17872340425531927 
132   0.1330000000000001   0.17872340425531927 
133   0.1340000000000001   0.17872340425531927 
134   0.1350000000000001   0.17872340425531927 
135   0.1360000000000001   0.17872340425531927 
136   0.1370000000000001   0.17872340425531927 
137   0.1380000000000001   0.17872340425531927 
138   0.1390000000000001   0.17872340425531927 
139   0.1400000000000001   0.17872340425531927 
140   0.1410000000000001   0.17872340425531927 
141   0.1420000000000001   0.17872340425531927 
142   0.1430000000000001   0.17872340425531927 
143   0.1440000000000001   0.17872340425531927 
144   0.1440000000000001   0.18297872340425544 
145   0.1460000000000001   0.18297872340425544 
146   0.1470000000000001   0.18297872340425544 
147   0.1480000000000001   0.18297872340425544 
148   0.1480000000000001   0.18723404255319162 
149   0.1490000000000001   0.1914893617021278 
150   0.1510000000000001   0.1914893617021278 
151   0.1520000000000001   0.1914893617021278 
152   0.1530000000000001   0.1914893617021278 
153   0.1540000000000001   0.1914893617021278 
154   0.1540000000000001   0.19574468085106397 
155   0.1560000000000001   0.19574468085106397 
156   0.1570000000000001   0.19574468085106397 
157   0.1570000000000001   0.20000000000000015 
158   0.1590000000000001   0.20000000000000015 
159   0.1590000000000001   0.20425531914893633 
160   0.16100000000000012   0.20425531914893633 
161   0.16200000000000012   0.20425531914893633 
162   0.16300000000000012   0.20425531914893633 
163   0.16400000000000012   0.20425531914893633 
164   0.16400000000000012   0.2085106382978725 
165   0.16600000000000012   0.2085106382978725 
166   0.16700000000000012   0.2085106382978725 
167   0.16800000000000012   0.2085106382978725 
168   0.16900000000000012   0.2085106382978725 
169   0.17000000000000012   0.2085106382978725 
170   0.17100000000000012   0.2085106382978725 
171   0.17200000000000013   0.2085106382978725 
172   0.17300000000000013   0.2085106382978725 
173   0.17400000000000013   0.2085106382978725 
174   0.17500000000000013   0.2085106382978725 
175   0.17600000000000013   0.2085106382978725 
176   0.17700000000000013   0.2085106382978725 
177   0.17800000000000013   0.2085106382978725 
178   0.17900000000000013   0.2085106382978725 
179   0.18000000000000013   0.2085106382978725 
180   0.18100000000000013   0.2085106382978725 
181   0.18200000000000013   0.2085106382978725 
182   0.18300000000000013   0.2085106382978725 
183   0.18400000000000014   0.2085106382978725 
184   0.18500000000000014   0.2085106382978725 
185   0.18600000000000014   0.2085106382978725 
186   0.18600000000000014   0.21276595744680868 
187   0.18700000000000014   0.21702127659574486 
188   0.18900000000000014   0.21702127659574486 
189   0.19000000000000014   0.21702127659574486 
190   0.19100000000000014   0.21702127659574486 
191   0.19200000000000014   0.21702127659574486 
192   0.19200000000000014   0.22127659574468103 
193   0.19400000000000014   0.22127659574468103 
194   0.19500000000000015   0.22127659574468103 
195   0.19600000000000015   0.22127659574468103 
196   0.19700000000000015   0.22127659574468103 
197   0.19800000000000015   0.22127659574468103 
198   0.19900000000000015   0.22127659574468103 
199   0.20000000000000015   0.22127659574468103 
200   0.20100000000000015   0.22127659574468103 
201   0.20200000000000015   0.22127659574468103 
202   0.20300000000000015   0.22127659574468103 
203   0.20400000000000015   0.22127659574468103 
204   0.20500000000000015   0.22127659574468103 
205   0.20600000000000016   0.22127659574468103 
206   0.20700000000000016   0.22127659574468103 
207   0.20800000000000016   0.22127659574468103 
208   0.20900000000000016   0.22127659574468103 
209   0.21000000000000016   0.22127659574468103 
210   0.21100000000000016   0.22127659574468103 
211   0.21200000000000016   0.22127659574468103 
212   0.21300000000000016   0.22127659574468103 
213   0.21400000000000016   0.22127659574468103 
214   0.21500000000000016   0.22127659574468103 
215   0.21600000000000016   0.22127659574468103 
216   0.21700000000000016   0.22127659574468103 
217   0.21800000000000017   0.22127659574468103 
218   0.21900000000000017   0.22127659574468103 
219   0.22000000000000017   0.22127659574468103 
220   0.22000000000000017   0.22978723404255338 
221   0.22200000000000017   0.22978723404255338 
222   0.22300000000000017   0.22978723404255338 
223   0.22400000000000017   0.22978723404255338 
224   0.22500000000000017   0.22978723404255338 
225   0.22600000000000017   0.22978723404255338 
226   0.22700000000000017   0.22978723404255338 
227   0.22800000000000017   0.22978723404255338 
228   0.22900000000000018   0.22978723404255338 
229   0.23000000000000018   0.22978723404255338 
230   0.23100000000000018   0.22978723404255338 
231   0.23200000000000018   0.22978723404255338 
232   0.23300000000000018   0.22978723404255338 
233   0.23400000000000018   0.22978723404255338 
234   0.23400000000000018   0.24680851063829806 
235   0.23600000000000018   0.24680851063829806 
236   0.23700000000000018   0.24680851063829806 
237   0.23700000000000018   0.25106382978723424 
238   0.23900000000000018   0.25106382978723424 
239   0.24000000000000019   0.25106382978723424 
240   0.2410000000000002   0.25106382978723424 
241   0.2420000000000002   0.25106382978723424 
242   0.2430000000000002   0.25106382978723424 
243   0.2430000000000002   0.2595744680851066 
244   0.2450000000000002   0.2595744680851066 
245   0.2460000000000002   0.2595744680851066 
246   0.2470000000000002   0.2595744680851066 
247   0.2480000000000002   0.2595744680851066 
248   0.2490000000000002   0.2595744680851066 
249   0.25000000000000017   0.2595744680851066 
250   0.25100000000000017   0.2595744680851066 
251   0.25100000000000017   0.26382978723404277 
252   0.25300000000000017   0.26382978723404277 
253   0.25400000000000017   0.26382978723404277 
254   0.25500000000000017   0.26382978723404277 
255   0.25600000000000017   0.26382978723404277 
256   0.2570000000000002   0.26382978723404277 
257   0.2570000000000002   0.26808510638297894 
258   0.2590000000000002   0.26808510638297894 
259   0.2600000000000002   0.26808510638297894 
260   0.2610000000000002   0.26808510638297894 
261   0.2620000000000002   0.26808510638297894 
262   0.2630000000000002   0.26808510638297894 
263   0.2640000000000002   0.26808510638297894 
264   0.2650000000000002   0.26808510638297894 
265   0.2660000000000002   0.26808510638297894 
266   0.2670000000000002   0.26808510638297894 
267   0.2680000000000002   0.26808510638297894 
268   0.2690000000000002   0.26808510638297894 
269   0.2690000000000002   0.28510638297872365 
270   0.2710000000000002   0.28510638297872365 
271   0.2720000000000002   0.28510638297872365 
272   0.2720000000000002   0.2893617021276598 
273   0.2740000000000002   0.2893617021276598 
274   0.2750000000000002   0.2893617021276598 
275   0.2760000000000002   0.2893617021276598 
276   0.2770000000000002   0.2893617021276598 
277   0.2780000000000002   0.2893617021276598 
278   0.2780000000000002   0.2978723404255322 
279   0.2800000000000002   0.2978723404255322 
280   0.2810000000000002   0.2978723404255322 
281   0.2820000000000002   0.2978723404255322 
282   0.2830000000000002   0.2978723404255322 
283   0.2840000000000002   0.2978723404255322 
284   0.2850000000000002   0.2978723404255322 
285   0.2850000000000002   0.30212765957446835 
286   0.2870000000000002   0.30212765957446835 
287   0.2870000000000002   0.30638297872340453 
288   0.2890000000000002   0.30638297872340453 
289   0.2900000000000002   0.30638297872340453 
290   0.2910000000000002   0.30638297872340453 
291   0.2920000000000002   0.30638297872340453 
292   0.2920000000000002   0.3106382978723407 
293   0.2940000000000002   0.3106382978723407 
294   0.2950000000000002   0.3106382978723407 
295   0.2950000000000002   0.3148936170212769 
296   0.2970000000000002   0.3148936170212769 
297   0.2980000000000002   0.3148936170212769 
298   0.2990000000000002   0.3148936170212769 
299   0.3000000000000002   0.3148936170212769 
300   0.3010000000000002   0.3148936170212769 
301   0.3020000000000002   0.3148936170212769 
302   0.3020000000000002   0.31914893617021306 
303   0.3040000000000002   0.31914893617021306 
304   0.3050000000000002   0.31914893617021306 
305   0.3060000000000002   0.31914893617021306 
306   0.3070000000000002   0.31914893617021306 
307   0.3080000000000002   0.31914893617021306 
308   0.3090000000000002   0.31914893617021306 
309   0.3100000000000002   0.31914893617021306 
310   0.3110000000000002   0.31914893617021306 
311   0.3120000000000002   0.31914893617021306 
312   0.3130000000000002   0.31914893617021306 
313   0.3140000000000002   0.31914893617021306 
314   0.3140000000000002   0.33617021276595777 
315   0.3160000000000002   0.33617021276595777 
316   0.3170000000000002   0.33617021276595777 
317   0.3170000000000002   0.34042553191489394 
318   0.31900000000000023   0.34042553191489394 
319   0.32000000000000023   0.34042553191489394 
320   0.32100000000000023   0.34042553191489394 
321   0.32200000000000023   0.34042553191489394 
322   0.32300000000000023   0.34042553191489394 
323   0.32300000000000023   0.3446808510638301 
324   0.32400000000000023   0.3489361702127663 
325   0.32600000000000023   0.3489361702127663 
326   0.32700000000000023   0.3489361702127663 
327   0.32800000000000024   0.3489361702127663 
328   0.32900000000000024   0.3489361702127663 
329   0.33000000000000024   0.3489361702127663 
330   0.33100000000000024   0.3489361702127663 
331   0.33200000000000024   0.3489361702127663 
332   0.33300000000000024   0.3489361702127663 
333   0.33300000000000024   0.35319148936170247 
334   0.33400000000000024   0.35744680851063865 
335   0.33600000000000024   0.35744680851063865 
336   0.33700000000000024   0.35744680851063865 
337   0.33800000000000024   0.35744680851063865 
338   0.33900000000000025   0.35744680851063865 
339   0.33900000000000025   0.3617021276595748 
340   0.34100000000000025   0.3617021276595748 
341   0.34200000000000025   0.3617021276595748 
342   0.34300000000000025   0.3617021276595748 
343   0.34300000000000025   0.365957446808511 
344   0.34400000000000025   0.3702127659574472 
345   0.34600000000000025   0.3702127659574472 
346   0.34700000000000025   0.3702127659574472 
347   0.34800000000000025   0.3702127659574472 
348   0.34900000000000025   0.3702127659574472 
349   0.34900000000000025   0.37446808510638335 
350   0.35100000000000026   0.37446808510638335 
351   0.35200000000000026   0.37446808510638335 
352   0.35200000000000026   0.37872340425531953 
353   0.35400000000000026   0.37872340425531953 
354   0.35500000000000026   0.37872340425531953 
355   0.35600000000000026   0.37872340425531953 
356   0.35700000000000026   0.37872340425531953 
357   0.35800000000000026   0.37872340425531953 
358   0.35900000000000026   0.37872340425531953 
359   0.35900000000000026   0.3829787234042557 
360   0.36100000000000027   0.3829787234042557 
361   0.36200000000000027   0.3829787234042557 
362   0.36300000000000027   0.3829787234042557 
363   0.36400000000000027   0.3829787234042557 
364   0.36500000000000027   0.3829787234042557 
365   0.36600000000000027   0.3829787234042557 
366   0.36700000000000027   0.3829787234042557 
367   0.36800000000000027   0.3829787234042557 
368   0.36900000000000027   0.3829787234042557 
369   0.3700000000000003   0.3829787234042557 
370   0.3710000000000003   0.3829787234042557 
371   0.3710000000000003   0.4000000000000004 
372   0.3730000000000003   0.4000000000000004 
373   0.3740000000000003   0.4000000000000004 
374   0.3740000000000003   0.4042553191489366 
375   0.3760000000000003   0.4042553191489366 
376   0.3770000000000003   0.4042553191489366 
377   0.3780000000000003   0.4042553191489366 
378   0.3790000000000003   0.4042553191489366 
379   0.3800000000000003   0.4042553191489366 
380   0.3810000000000003   0.4042553191489366 
381   0.3810000000000003   0.41276595744680894 
382   0.3830000000000003   0.41276595744680894 
383   0.3840000000000003   0.41276595744680894 
384   0.3850000000000003   0.41276595744680894 
385   0.3860000000000003   0.41276595744680894 
386   0.3870000000000003   0.41276595744680894 
387   0.3880000000000003   0.41276595744680894 
388   0.3890000000000003   0.41276595744680894 
389   0.3900000000000003   0.41276595744680894 
390   0.3910000000000003   0.41276595744680894 
391   0.3910000000000003   0.4170212765957451 
392   0.3920000000000003   0.4212765957446813 
393   0.3940000000000003   0.4212765957446813 
394   0.3950000000000003   0.4212765957446813 
395   0.3960000000000003   0.4212765957446813 
396   0.3970000000000003   0.4212765957446813 
397   0.3970000000000003   0.42553191489361747 
398   0.3990000000000003   0.42553191489361747 
399   0.4000000000000003   0.42553191489361747 
400   0.4000000000000003   0.42978723404255365 
401   0.4020000000000003   0.42978723404255365 
402   0.4020000000000003   0.4340425531914898 
403   0.4040000000000003   0.4340425531914898 
404   0.4050000000000003   0.4340425531914898 
405   0.4060000000000003   0.4340425531914898 
406   0.4070000000000003   0.4340425531914898 
407   0.4070000000000003   0.438297872340426 
408   0.4090000000000003   0.438297872340426 
409   0.4100000000000003   0.438297872340426 
410   0.4100000000000003   0.4425531914893622 
411   0.4110000000000003   0.44680851063829835 
412   0.4130000000000003   0.44680851063829835 
413   0.4140000000000003   0.44680851063829835 
414   0.4150000000000003   0.44680851063829835 
415   0.4160000000000003   0.44680851063829835 
416   0.4170000000000003   0.44680851063829835 
417   0.4170000000000003   0.4510638297872345 
418   0.4190000000000003   0.4510638297872345 
419   0.4200000000000003   0.4510638297872345 
420   0.4200000000000003   0.4553191489361707 
421   0.4220000000000003   0.4553191489361707 
422   0.4230000000000003   0.4553191489361707 
423   0.4240000000000003   0.4553191489361707 
424   0.4250000000000003   0.4553191489361707 
425   0.4260000000000003   0.4553191489361707 
426   0.4260000000000003   0.4595744680851069 
427   0.4280000000000003   0.4595744680851069 
428   0.4290000000000003   0.4595744680851069 
429   0.4300000000000003   0.4595744680851069 
430   0.4310000000000003   0.4595744680851069 
431   0.43200000000000033   0.4595744680851069 
432   0.43300000000000033   0.4595744680851069 
433   0.43400000000000033   0.4595744680851069 
434   0.43500000000000033   0.4595744680851069 
435   0.43600000000000033   0.4595744680851069 
436   0.43700000000000033   0.4595744680851069 
437   0.43800000000000033   0.4595744680851069 
438   0.43900000000000033   0.4595744680851069 
439   0.43900000000000033   0.4765957446808516 
440   0.44100000000000034   0.4765957446808516 
441   0.44200000000000034   0.4765957446808516 
442   0.44200000000000034   0.48085106382978776 
443   0.44400000000000034   0.48085106382978776 
444   0.44500000000000034   0.48085106382978776 
445   0.44500000000000034   0.48510638297872394 
446   0.44700000000000034   0.48510638297872394 
447   0.44700000000000034   0.4893617021276601 
448   0.44900000000000034   0.4893617021276601 
449   0.45000000000000034   0.4893617021276601 
450   0.45100000000000035   0.4893617021276601 
451   0.45200000000000035   0.4893617021276601 
452   0.45200000000000035   0.4936170212765963 
453   0.45400000000000035   0.4936170212765963 
454   0.45500000000000035   0.4936170212765963 
455   0.45500000000000035   0.49787234042553247 
456   0.45600000000000035   0.5021276595744686 
457   0.45800000000000035   0.5021276595744686 
458   0.45900000000000035   0.5021276595744686 
459   0.46000000000000035   0.5021276595744686 
460   0.46100000000000035   0.5021276595744686 
461   0.46200000000000035   0.5021276595744686 
462   0.46200000000000035   0.5063829787234048 
463   0.46400000000000036   0.5063829787234048 
464   0.46500000000000036   0.5063829787234048 
465   0.46500000000000036   0.5106382978723409 
466   0.46600000000000036   0.5148936170212771 
467   0.46800000000000036   0.5148936170212771 
468   0.46900000000000036   0.5148936170212771 
469   0.47000000000000036   0.5148936170212771 
470   0.47100000000000036   0.5148936170212771 
471   0.47100000000000036   0.5191489361702133 
472   0.47300000000000036   0.5191489361702133 
473   0.47400000000000037   0.5191489361702133 
474   0.47400000000000037   0.5234042553191495 
475   0.47500000000000037   0.5276595744680856 
476   0.47700000000000037   0.5276595744680856 
477   0.47800000000000037   0.5276595744680856 
478   0.47900000000000037   0.5276595744680856 
479   0.48000000000000037   0.5276595744680856 
480   0.48100000000000037   0.5276595744680856 
481   0.48100000000000037   0.5319148936170218 
482   0.4830000000000004   0.5319148936170218 
483   0.4840000000000004   0.5319148936170218 
484   0.4840000000000004   0.536170212765958 
485   0.4860000000000004   0.536170212765958 
486   0.4870000000000004   0.536170212765958 
487   0.4880000000000004   0.536170212765958 
488   0.4890000000000004   0.536170212765958 
489   0.4900000000000004   0.536170212765958 
490   0.4900000000000004   0.5404255319148942 
491   0.4920000000000004   0.5404255319148942 
492   0.4930000000000004   0.5404255319148942 
493   0.4940000000000004   0.5404255319148942 
494   0.4950000000000004   0.5404255319148942 
495   0.4960000000000004   0.5404255319148942 
496   0.4970000000000004   0.5404255319148942 
497   0.4980000000000004   0.5404255319148942 
498   0.4990000000000004   0.5404255319148942 
499   0.5000000000000003   0.5404255319148942 
500   0.5010000000000003   0.5404255319148942 
501   0.5020000000000003   0.5404255319148942 
502   0.5030000000000003   0.5404255319148942 
503   0.5040000000000003   0.5404255319148942 
504   0.5050000000000003   0.5404255319148942 
505   0.5060000000000003   0.5404255319148942 
506   0.5070000000000003   0.5404255319148942 
507   0.5080000000000003   0.5404255319148942 
508   0.5090000000000003   0.5404255319148942 
509   0.5100000000000003   0.5404255319148942 
510   0.5110000000000003   0.5404255319148942 
511   0.5120000000000003   0.5404255319148942 
512   0.5130000000000003   0.5404255319148942 
513   0.5140000000000003   0.5404255319148942 
514   0.5140000000000003   0.5446808510638304 
515   0.5150000000000003   0.5489361702127665 
516   0.5170000000000003   0.5489361702127665 
517   0.5180000000000003   0.5489361702127665 
518   0.5190000000000003   0.5489361702127665 
519   0.5200000000000004   0.5489361702127665 
520   0.5200000000000004   0.5531914893617027 
521   0.5220000000000004   0.5531914893617027 
522   0.5230000000000004   0.5531914893617027 
523   0.5230000000000004   0.5574468085106389 
524   0.5250000000000004   0.5574468085106389 
525   0.5250000000000004   0.5617021276595751 
526   0.5270000000000004   0.5617021276595751 
527   0.5280000000000004   0.5617021276595751 
528   0.5290000000000004   0.5617021276595751 
529   0.5300000000000004   0.5617021276595751 
530   0.5300000000000004   0.5659574468085112 
531   0.5320000000000004   0.5659574468085112 
532   0.5330000000000004   0.5659574468085112 
533   0.5330000000000004   0.5702127659574474 
534   0.5340000000000004   0.5744680851063836 
535   0.5360000000000004   0.5744680851063836 
536   0.5370000000000004   0.5744680851063836 
537   0.5380000000000004   0.5744680851063836 
538   0.5390000000000004   0.5744680851063836 
539   0.5400000000000004   0.5744680851063836 
540   0.5400000000000004   0.5787234042553198 
541   0.5420000000000004   0.5787234042553198 
542   0.5430000000000004   0.5787234042553198 
543   0.5430000000000004   0.5829787234042559 
544   0.5440000000000004   0.5872340425531921 
545   0.5460000000000004   0.5872340425531921 
546   0.5470000000000004   0.5872340425531921 
547   0.5480000000000004   0.5872340425531921 
548   0.5490000000000004   0.5872340425531921 
549   0.5490000000000004   0.5914893617021283 
550   0.5510000000000004   0.5914893617021283 
551   0.5520000000000004   0.5914893617021283 
552   0.5530000000000004   0.5914893617021283 
553   0.5540000000000004   0.5914893617021283 
554   0.5550000000000004   0.5914893617021283 
555   0.5560000000000004   0.5914893617021283 
556   0.5570000000000004   0.5914893617021283 
557   0.5580000000000004   0.5914893617021283 
558   0.5590000000000004   0.5914893617021283 
559   0.5600000000000004   0.5914893617021283 
560   0.5610000000000004   0.5914893617021283 
561   0.5620000000000004   0.5914893617021283 
562   0.5630000000000004   0.5914893617021283 
563   0.5640000000000004   0.5914893617021283 
564   0.5650000000000004   0.5914893617021283 
565   0.5660000000000004   0.5914893617021283 
566   0.5670000000000004   0.5914893617021283 
567   0.5680000000000004   0.5914893617021283 
568   0.5690000000000004   0.5914893617021283 
569   0.5700000000000004   0.5914893617021283 
570   0.5710000000000004   0.5914893617021283 
571   0.5720000000000004   0.5914893617021283 
572   0.5720000000000004   0.5957446808510645 
573   0.5730000000000004   0.6000000000000006 
574   0.5750000000000004   0.6000000000000006 
575   0.5760000000000004   0.6000000000000006 
576   0.5770000000000004   0.6000000000000006 
577   0.5780000000000004   0.6000000000000006 
578   0.5780000000000004   0.6042553191489368 
579   0.5800000000000004   0.6042553191489368 
580   0.5810000000000004   0.6042553191489368 
581   0.5820000000000004   0.6042553191489368 
582   0.5820000000000004   0.608510638297873 
583   0.5830000000000004   0.6127659574468092 
584   0.5850000000000004   0.6127659574468092 
585   0.5860000000000004   0.6127659574468092 
586   0.5870000000000004   0.6127659574468092 
587   0.5880000000000004   0.6127659574468092 
588   0.5880000000000004   0.6170212765957453 
589   0.5900000000000004   0.6170212765957453 
590   0.5910000000000004   0.6170212765957453 
591   0.5910000000000004   0.6212765957446815 
592   0.5920000000000004   0.6255319148936177 
593   0.5940000000000004   0.6255319148936177 
594   0.5950000000000004   0.6255319148936177 
595   0.5960000000000004   0.6255319148936177 
596   0.5970000000000004   0.6255319148936177 
597   0.5980000000000004   0.6255319148936177 
598   0.5980000000000004   0.6297872340425539 
599   0.6000000000000004   0.6297872340425539 
600   0.6010000000000004   0.6297872340425539 
601   0.6020000000000004   0.6297872340425539 
602   0.6030000000000004   0.6297872340425539 
603   0.6040000000000004   0.6297872340425539 
604   0.6050000000000004   0.6297872340425539 
605   0.6060000000000004   0.6297872340425539 
606   0.6070000000000004   0.6297872340425539 
607   0.6080000000000004   0.6297872340425539 
608   0.6090000000000004   0.6297872340425539 
609   0.6100000000000004   0.6297872340425539 
610   0.6110000000000004   0.6297872340425539 
611   0.6120000000000004   0.6297872340425539 
612   0.6130000000000004   0.6297872340425539 
613   0.6140000000000004   0.6297872340425539 
614   0.6150000000000004   0.6297872340425539 
615   0.6160000000000004   0.6297872340425539 
616   0.6170000000000004   0.6297872340425539 
617   0.6180000000000004   0.6297872340425539 
618   0.6190000000000004   0.6297872340425539 
619   0.6200000000000004   0.6297872340425539 
620   0.6210000000000004   0.6297872340425539 
621   0.6220000000000004   0.6297872340425539 
622   0.6230000000000004   0.6297872340425539 
623   0.6240000000000004   0.6297872340425539 
624   0.6250000000000004   0.6297872340425539 
625   0.6260000000000004   0.6297872340425539 
626   0.6260000000000004   0.6382978723404262 
627   0.6280000000000004   0.6382978723404262 
628   0.6290000000000004   0.6382978723404262 
629   0.6300000000000004   0.6382978723404262 
630   0.6310000000000004   0.6382978723404262 
631   0.6320000000000005   0.6382978723404262 
632   0.6330000000000005   0.6382978723404262 
633   0.6340000000000005   0.6382978723404262 
634   0.6340000000000005   0.6425531914893624 
635   0.6350000000000005   0.6468085106382986 
636   0.6370000000000005   0.6468085106382986 
637   0.6380000000000005   0.6468085106382986 
638   0.6390000000000005   0.6468085106382986 
639   0.6400000000000005   0.6468085106382986 
640   0.6410000000000005   0.6468085106382986 
641   0.6410000000000005   0.6510638297872348 
642   0.6430000000000005   0.6510638297872348 
643   0.6440000000000005   0.6510638297872348 
644   0.6440000000000005   0.6553191489361709 
645   0.6450000000000005   0.6595744680851071 
646   0.6470000000000005   0.6595744680851071 
647   0.6480000000000005   0.6595744680851071 
648   0.6490000000000005   0.6595744680851071 
649   0.6500000000000005   0.6595744680851071 
650   0.6500000000000005   0.6638297872340433 
651   0.6520000000000005   0.6638297872340433 
652   0.6530000000000005   0.6638297872340433 
653   0.6540000000000005   0.6638297872340433 
654   0.6550000000000005   0.6638297872340433 
655   0.6560000000000005   0.6638297872340433 
656   0.6570000000000005   0.6638297872340433 
657   0.6580000000000005   0.6638297872340433 
658   0.6590000000000005   0.6638297872340433 
659   0.6600000000000005   0.6638297872340433 
660   0.6610000000000005   0.6638297872340433 
661   0.6620000000000005   0.6638297872340433 
662   0.6620000000000005   0.680851063829788 
663   0.6640000000000005   0.680851063829788 
664   0.6650000000000005   0.680851063829788 
665   0.6650000000000005   0.6851063829787242 
666   0.6670000000000005   0.6851063829787242 
667   0.6680000000000005   0.6851063829787242 
668   0.6690000000000005   0.6851063829787242 
669   0.6700000000000005   0.6851063829787242 
670   0.6710000000000005   0.6851063829787242 
671   0.6710000000000005   0.6936170212765965 
672   0.6730000000000005   0.6936170212765965 
673   0.6740000000000005   0.6936170212765965 
674   0.6750000000000005   0.6936170212765965 
675   0.6760000000000005   0.6936170212765965 
676   0.6770000000000005   0.6936170212765965 
677   0.6780000000000005   0.6936170212765965 
678   0.6790000000000005   0.6936170212765965 
679   0.6790000000000005   0.6978723404255327 
680   0.6800000000000005   0.7021276595744689 
681   0.6820000000000005   0.7021276595744689 
682   0.6830000000000005   0.7021276595744689 
683   0.6840000000000005   0.7021276595744689 
684   0.6850000000000005   0.7021276595744689 
685   0.6850000000000005   0.706382978723405 
686   0.6870000000000005   0.706382978723405 
687   0.6880000000000005   0.706382978723405 
688   0.6890000000000005   0.706382978723405 
689   0.6890000000000005   0.7106382978723412 
690   0.6900000000000005   0.7148936170212774 
691   0.6920000000000005   0.7148936170212774 
692   0.6930000000000005   0.7148936170212774 
693   0.6940000000000005   0.7148936170212774 
694   0.6950000000000005   0.7148936170212774 
695   0.6950000000000005   0.7191489361702136 
696   0.6970000000000005   0.7191489361702136 
697   0.6980000000000005   0.7191489361702136 
698   0.6980000000000005   0.7234042553191498 
699   0.7000000000000005   0.7234042553191498 
700   0.7010000000000005   0.7234042553191498 
701   0.7020000000000005   0.7234042553191498 
702   0.7030000000000005   0.7234042553191498 
703   0.7040000000000005   0.7234042553191498 
704   0.7050000000000005   0.7234042553191498 
705   0.7050000000000005   0.7276595744680859 
706   0.7070000000000005   0.7276595744680859 
707   0.7080000000000005   0.7276595744680859 
708   0.7090000000000005   0.7276595744680859 
709   0.7100000000000005   0.7276595744680859 
710   0.7110000000000005   0.7276595744680859 
711   0.7120000000000005   0.7276595744680859 
712   0.7130000000000005   0.7276595744680859 
713   0.7140000000000005   0.7276595744680859 
714   0.7150000000000005   0.7276595744680859 
715   0.7160000000000005   0.7276595744680859 
716   0.7170000000000005   0.7276595744680859 
717   0.7170000000000005   0.7446808510638306 
718   0.7190000000000005   0.7446808510638306 
719   0.7200000000000005   0.7446808510638306 
720   0.7200000000000005   0.7489361702127668 
721   0.7220000000000005   0.7489361702127668 
722   0.7230000000000005   0.7489361702127668 
723   0.7240000000000005   0.7489361702127668 
724   0.7250000000000005   0.7489361702127668 
725   0.7260000000000005   0.7489361702127668 
726   0.7260000000000005   0.7574468085106392 
727   0.7280000000000005   0.7574468085106392 
728   0.7290000000000005   0.7574468085106392 
729   0.7300000000000005   0.7574468085106392 
730   0.7310000000000005   0.7574468085106392 
731   0.7320000000000005   0.7574468085106392 
732   0.7330000000000005   0.7574468085106392 
733   0.7340000000000005   0.7574468085106392 
734   0.7340000000000005   0.7617021276595753 
735   0.7350000000000005   0.7659574468085115 
736   0.7370000000000005   0.7659574468085115 
737   0.7380000000000005   0.7659574468085115 
738   0.7390000000000005   0.7659574468085115 
739   0.7400000000000005   0.7659574468085115 
740   0.7410000000000005   0.7659574468085115 
741   0.7410000000000005   0.7702127659574477 
742   0.7430000000000005   0.7702127659574477 
743   0.7440000000000005   0.7702127659574477 
744   0.7440000000000005   0.7744680851063839 
745   0.7450000000000006   0.77872340425532 
746   0.7470000000000006   0.77872340425532 
747   0.7480000000000006   0.77872340425532 
748   0.7490000000000006   0.77872340425532 
749   0.7500000000000006   0.77872340425532 
750   0.7500000000000006   0.7829787234042562 
751   0.7520000000000006   0.7829787234042562 
752   0.7530000000000006   0.7829787234042562 
753   0.7530000000000006   0.7872340425531924 
754   0.7550000000000006   0.7872340425531924 
755   0.7550000000000006   0.7914893617021286 
756   0.7570000000000006   0.7914893617021286 
757   0.7580000000000006   0.7914893617021286 
758   0.7590000000000006   0.7914893617021286 
759   0.7600000000000006   0.7914893617021286 
760   0.7600000000000006   0.7957446808510648 
761   0.7620000000000006   0.7957446808510648 
762   0.7630000000000006   0.7957446808510648 
763   0.7630000000000006   0.8000000000000009 
764   0.7650000000000006   0.8000000000000009 
765   0.7660000000000006   0.8000000000000009 
766   0.7670000000000006   0.8000000000000009 
767   0.7680000000000006   0.8000000000000009 
768   0.7690000000000006   0.8000000000000009 
769   0.7690000000000006   0.8042553191489371 
770   0.7710000000000006   0.8042553191489371 
771   0.7720000000000006   0.8042553191489371 
772   0.7730000000000006   0.8042553191489371 
773   0.7740000000000006   0.8042553191489371 
774   0.7750000000000006   0.8042553191489371 
775   0.7760000000000006   0.8042553191489371 
776   0.7770000000000006   0.8042553191489371 
777   0.7780000000000006   0.8042553191489371 
778   0.7790000000000006   0.8042553191489371 
779   0.7800000000000006   0.8042553191489371 
780   0.7810000000000006   0.8042553191489371 
781   0.7820000000000006   0.8042553191489371 
782   0.7820000000000006   0.8127659574468095 
783   0.7830000000000006   0.8212765957446818 
784   0.7850000000000006   0.8212765957446818 
785   0.7850000000000006   0.825531914893618 
786   0.7870000000000006   0.825531914893618 
787   0.7880000000000006   0.825531914893618 
788   0.7880000000000006   0.8297872340425542 
789   0.7890000000000006   0.8340425531914903 
790   0.7910000000000006   0.8340425531914903 
791   0.7920000000000006   0.8340425531914903 
792   0.7930000000000006   0.8340425531914903 
793   0.7940000000000006   0.8340425531914903 
794   0.7950000000000006   0.8340425531914903 
795   0.7950000000000006   0.8382978723404265 
796   0.7970000000000006   0.8382978723404265 
797   0.7980000000000006   0.8382978723404265 
798   0.7980000000000006   0.8425531914893627 
799   0.7990000000000006   0.8468085106382989 
800   0.8010000000000006   0.8468085106382989 
801   0.8020000000000006   0.8468085106382989 
802   0.8030000000000006   0.8468085106382989 
803   0.8040000000000006   0.8468085106382989 
804   0.8040000000000006   0.851063829787235 
805   0.8060000000000006   0.851063829787235 
806   0.8070000000000006   0.851063829787235 
807   0.8080000000000006   0.851063829787235 
808   0.8080000000000006   0.8553191489361712 
809   0.8090000000000006   0.8595744680851074 
810   0.8110000000000006   0.8595744680851074 
811   0.8120000000000006   0.8595744680851074 
812   0.8130000000000006   0.8595744680851074 
813   0.8140000000000006   0.8595744680851074 
814   0.8140000000000006   0.8638297872340436 
815   0.8160000000000006   0.8638297872340436 
816   0.8170000000000006   0.8638297872340436 
817   0.8170000000000006   0.8680851063829798 
818   0.8180000000000006   0.8723404255319159 
819   0.8200000000000006   0.8723404255319159 
820   0.8210000000000006   0.8723404255319159 
821   0.8220000000000006   0.8723404255319159 
822   0.8230000000000006   0.8723404255319159 
823   0.8240000000000006   0.8723404255319159 
824   0.8240000000000006   0.8765957446808521 
825   0.8260000000000006   0.8765957446808521 
826   0.8270000000000006   0.8765957446808521 
827   0.8270000000000006   0.8808510638297883 
828   0.8290000000000006   0.8808510638297883 
829   0.8300000000000006   0.8808510638297883 
830   0.8310000000000006   0.8808510638297883 
831   0.8320000000000006   0.8808510638297883 
832   0.8330000000000006   0.8808510638297883 
833   0.8330000000000006   0.8851063829787245 
834   0.8350000000000006   0.8851063829787245 
835   0.8360000000000006   0.8851063829787245 
836   0.8370000000000006   0.8851063829787245 
837   0.8380000000000006   0.8851063829787245 
838   0.8390000000000006   0.8851063829787245 
839   0.8400000000000006   0.8851063829787245 
840   0.8410000000000006   0.8851063829787245 
841   0.8420000000000006   0.8851063829787245 
842   0.8430000000000006   0.8851063829787245 
843   0.8440000000000006   0.8851063829787245 
844   0.8450000000000006   0.8851063829787245 
845   0.8460000000000006   0.8851063829787245 
846   0.8470000000000006   0.8851063829787245 
847   0.8480000000000006   0.8851063829787245 
848   0.8490000000000006   0.8851063829787245 
849   0.8500000000000006   0.8851063829787245 
850   0.8510000000000006   0.8851063829787245 
851   0.8520000000000006   0.8851063829787245 
852   0.8530000000000006   0.8851063829787245 
853   0.8540000000000006   0.8851063829787245 
854   0.8550000000000006   0.8851063829787245 
855   0.8560000000000006   0.8851063829787245 
856   0.8570000000000007   0.8851063829787245 
857   0.8570000000000007   0.8893617021276606 
858   0.8580000000000007   0.8936170212765968 
859   0.8600000000000007   0.8936170212765968 
860   0.8610000000000007   0.8936170212765968 
861   0.8620000000000007   0.8936170212765968 
862   0.8630000000000007   0.8936170212765968 
863   0.8630000000000007   0.897872340425533 
864   0.8650000000000007   0.897872340425533 
865   0.8660000000000007   0.897872340425533 
866   0.8660000000000007   0.9021276595744692 
867   0.8680000000000007   0.9021276595744692 
868   0.8680000000000007   0.9063829787234053 
869   0.8700000000000007   0.9063829787234053 
870   0.8710000000000007   0.9063829787234053 
871   0.8720000000000007   0.9063829787234053 
872   0.8730000000000007   0.9063829787234053 
873   0.8730000000000007   0.9106382978723415 
874   0.8750000000000007   0.9106382978723415 
875   0.8760000000000007   0.9106382978723415 
876   0.8760000000000007   0.9148936170212777 
877   0.8770000000000007   0.9191489361702139 
878   0.8790000000000007   0.9191489361702139 
879   0.8800000000000007   0.9191489361702139 
880   0.8810000000000007   0.9191489361702139 
881   0.8820000000000007   0.9191489361702139 
882   0.8820000000000007   0.92340425531915 
883   0.8840000000000007   0.92340425531915 
884   0.8850000000000007   0.92340425531915 
885   0.8850000000000007   0.9276595744680862 
886   0.8870000000000007   0.9276595744680862 
887   0.8870000000000007   0.9319148936170224 
888   0.8890000000000007   0.9319148936170224 
889   0.8900000000000007   0.9319148936170224 
890   0.8910000000000007   0.9319148936170224 
891   0.8920000000000007   0.9319148936170224 
892   0.8920000000000007   0.9361702127659586 
893   0.8940000000000007   0.9361702127659586 
894   0.8950000000000007   0.9361702127659586 
895   0.8960000000000007   0.9361702127659586 
896   0.8970000000000007   0.9361702127659586 
897   0.8980000000000007   0.9361702127659586 
898   0.8990000000000007   0.9361702127659586 
899   0.9000000000000007   0.9361702127659586 
900   0.9010000000000007   0.9361702127659586 
901   0.9020000000000007   0.9361702127659586 
902   0.9030000000000007   0.9361702127659586 
903   0.9040000000000007   0.9361702127659586 
904   0.9050000000000007   0.9361702127659586 
905   0.9060000000000007   0.9361702127659586 
906   0.9070000000000007   0.9361702127659586 
907   0.9080000000000007   0.9361702127659586 
908   0.9090000000000007   0.9361702127659586 
909   0.9100000000000007   0.9361702127659586 
910   0.9110000000000007   0.9361702127659586 
911   0.9120000000000007   0.9361702127659586 
912   0.9130000000000007   0.9361702127659586 
913   0.9140000000000007   0.9361702127659586 
914   0.9150000000000007   0.9361702127659586 
915   0.9150000000000007   0.9404255319148948 
916   0.9160000000000007   0.9446808510638309 
917   0.9180000000000007   0.9446808510638309 
918   0.9190000000000007   0.9446808510638309 
919   0.9200000000000007   0.9446808510638309 
920   0.9210000000000007   0.9446808510638309 
921   0.9210000000000007   0.9489361702127671 
922   0.9230000000000007   0.9489361702127671 
923   0.9240000000000007   0.9489361702127671 
924   0.9250000000000007   0.9489361702127671 
925   0.9250000000000007   0.9531914893617033 
926   0.9260000000000007   0.9574468085106395 
927   0.9280000000000007   0.9574468085106395 
928   0.9290000000000007   0.9574468085106395 
929   0.9300000000000007   0.9574468085106395 
930   0.9310000000000007   0.9574468085106395 
931   0.9310000000000007   0.9617021276595756 
932   0.9330000000000007   0.9617021276595756 
933   0.9340000000000007   0.9617021276595756 
934   0.9340000000000007   0.9659574468085118 
935   0.9350000000000007   0.970212765957448 
936   0.9370000000000007   0.970212765957448 
937   0.9380000000000007   0.970212765957448 
938   0.9390000000000007   0.970212765957448 
939   0.9400000000000007   0.970212765957448 
940   0.9410000000000007   0.970212765957448 
941   0.9410000000000007   0.9744680851063842 
942   0.9430000000000007   0.9744680851063842 
943   0.9440000000000007   0.9744680851063842 
944   0.9450000000000007   0.9744680851063842 
945   0.9460000000000007   0.9744680851063842 
946   0.9470000000000007   0.9744680851063842 
947   0.9480000000000007   0.9744680851063842 
948   0.9490000000000007   0.9744680851063842 
949   0.9500000000000007   0.9744680851063842 
950   0.9510000000000007   0.9744680851063842 
951   0.9520000000000007   0.9744680851063842 
952   0.9530000000000007   0.9744680851063842 
953   0.9540000000000007   0.9744680851063842 
954   0.9550000000000007   0.9744680851063842 
955   0.9560000000000007   0.9744680851063842 
956   0.9570000000000007   0.9744680851063842 
957   0.9580000000000007   0.9744680851063842 
958   0.9590000000000007   0.9744680851063842 
959   0.9600000000000007   0.9744680851063842 
960   0.9610000000000007   0.9744680851063842 
961   0.9620000000000007   0.9744680851063842 
962   0.9630000000000007   0.9744680851063842 
963   0.9630000000000007   0.9787234042553203 
964   0.9640000000000007   0.9829787234042565 
965   0.9660000000000007   0.9829787234042565 
966   0.9670000000000007   0.9829787234042565 
967   0.9680000000000007   0.9829787234042565 
968   0.9690000000000007   0.9829787234042565 
969   0.9700000000000008   0.9829787234042565 
970   0.9700000000000008   0.9872340425531927 
971   0.9720000000000008   0.9872340425531927 
972   0.9730000000000008   0.9872340425531927 
973   0.9730000000000008   0.9914893617021289 
974   0.9740000000000008   0.995744680851065 
975   0.9760000000000008   0.995744680851065 
976   0.9770000000000008   0.995744680851065 
977   0.9780000000000008   0.995744680851065 
978   0.9790000000000008   0.995744680851065 
979   0.9790000000000008   1.000000000000001 
980   0.9810000000000008   1.000000000000001 
981   0.9820000000000008   1.000000000000001 
982   0.9830000000000008   1.000000000000001 
983   0.9840000000000008   1.000000000000001 
984   0.9850000000000008   1.000000000000001 
985   0.9860000000000008   1.000000000000001 
986   0.9870000000000008   1.000000000000001 
987   0.9880000000000008   1.000000000000001 
988   0.9890000000000008   1.000000000000001 
989   0.9900000000000008   1.000000000000001 
990   0.9910000000000008   1.000000000000001 
991   0.9920000000000008   1.000000000000001 
992   0.9930000000000008   1.000000000000001 
993   0.9940000000000008   1.000000000000001 
994   0.9950000000000008   1.000000000000001 
995   0.9960000000000008   1.000000000000001 
996   0.9970000000000008   1.000000000000001 
997   0.9980000000000008   1.000000000000001 
998   0.9990000000000008   1.000000000000001 
999   1.0000000000000007   1.000000000000001 
