0   0.001   0 
1   0.002   0 
2   0.003   0 
3   0.004   0 
4   0.005   0 
5   0.006   0 
6   0.007   0 
7   0.007   0.013333333333333334 
8   0.009000000000000001   0.013333333333333334 
9   0.010000000000000002   0.013333333333333334 
10   0.011000000000000003   0.013333333333333334 
11   0.012000000000000004   0.013333333333333334 
12   0.012000000000000004   0.04 
13   0.014000000000000005   0.04 
14   0.015000000000000006   0.04 
15   0.016000000000000007   0.04 
16   0.017000000000000008   0.04 
17   0.01800000000000001   0.04 
18   0.01900000000000001   0.04 
19   0.02000000000000001   0.04 
20   0.02100000000000001   0.04 
21   0.022000000000000013   0.04 
22   0.023000000000000013   0.04 
23   0.024000000000000014   0.04 
24   0.025000000000000015   0.04 
25   0.026000000000000016   0.04 
26   0.027000000000000017   0.04 
27   0.028000000000000018   0.04 
28   0.02900000000000002   0.04 
29   0.02900000000000002   0.05333333333333334 
30   0.03100000000000002   0.05333333333333334 
31   0.03200000000000002   0.05333333333333334 
32   0.03300000000000002   0.05333333333333334 
33   0.03400000000000002   0.05333333333333334 
34   0.035000000000000024   0.05333333333333334 
35   0.036000000000000025   0.05333333333333334 
36   0.037000000000000026   0.05333333333333334 
37   0.03800000000000003   0.05333333333333334 
38   0.03900000000000003   0.05333333333333334 
39   0.04000000000000003   0.05333333333333334 
40   0.04100000000000003   0.05333333333333334 
41   0.04200000000000003   0.05333333333333334 
42   0.04200000000000003   0.06666666666666667 
43   0.04400000000000003   0.06666666666666667 
44   0.04500000000000003   0.06666666666666667 
45   0.046000000000000034   0.06666666666666667 
46   0.047000000000000035   0.06666666666666667 
47   0.048000000000000036   0.06666666666666667 
48   0.04900000000000004   0.06666666666666667 
49   0.05000000000000004   0.06666666666666667 
50   0.05100000000000004   0.06666666666666667 
51   0.05200000000000004   0.06666666666666667 
52   0.05300000000000004   0.06666666666666667 
53   0.05400000000000004   0.06666666666666667 
54   0.05500000000000004   0.06666666666666667 
55   0.05600000000000004   0.06666666666666667 
56   0.057000000000000044   0.06666666666666667 
57   0.058000000000000045   0.06666666666666667 
58   0.059000000000000045   0.06666666666666667 
59   0.060000000000000046   0.06666666666666667 
60   0.06100000000000005   0.06666666666666667 
61   0.06200000000000005   0.06666666666666667 
62   0.06200000000000005   0.08 
63   0.06400000000000004   0.08 
64   0.06500000000000004   0.08 
65   0.06600000000000004   0.08 
66   0.06600000000000004   0.09333333333333334 
67   0.06800000000000005   0.09333333333333334 
68   0.06900000000000005   0.09333333333333334 
69   0.07000000000000005   0.09333333333333334 
70   0.07100000000000005   0.09333333333333334 
71   0.07200000000000005   0.09333333333333334 
72   0.07300000000000005   0.09333333333333334 
73   0.07400000000000005   0.09333333333333334 
74   0.07500000000000005   0.09333333333333334 
75   0.07600000000000005   0.09333333333333334 
76   0.07700000000000005   0.09333333333333334 
77   0.07800000000000006   0.09333333333333334 
78   0.07900000000000006   0.09333333333333334 
79   0.08000000000000006   0.09333333333333334 
80   0.08100000000000006   0.09333333333333334 
81   0.08200000000000006   0.09333333333333334 
82   0.08300000000000006   0.09333333333333334 
83   0.08400000000000006   0.09333333333333334 
84   0.08500000000000006   0.09333333333333334 
85   0.08500000000000006   0.10666666666666667 
86   0.08700000000000006   0.10666666666666667 
87   0.08800000000000006   0.10666666666666667 
88   0.08900000000000007   0.10666666666666667 
89   0.09000000000000007   0.10666666666666667 
90   0.09100000000000007   0.10666666666666667 
91   0.09200000000000007   0.10666666666666667 
92   0.09300000000000007   0.10666666666666667 
93   0.09400000000000007   0.10666666666666667 
94   0.09500000000000007   0.10666666666666667 
95   0.09600000000000007   0.10666666666666667 
96   0.09700000000000007   0.10666666666666667 
97   0.09800000000000007   0.10666666666666667 
98   0.09900000000000007   0.10666666666666667 
99   0.09900000000000007   0.12000000000000001 
100   0.10100000000000008   0.12000000000000001 
101   0.10200000000000008   0.12000000000000001 
102   0.10300000000000008   0.12000000000000001 
103   0.10400000000000008   0.12000000000000001 
104   0.10500000000000008   0.12000000000000001 
105   0.10600000000000008   0.12000000000000001 
106   0.10700000000000008   0.12000000000000001 
107   0.10800000000000008   0.12000000000000001 
108   0.10900000000000008   0.12000000000000001 
109   0.10900000000000008   0.13333333333333333 
110   0.11100000000000008   0.13333333333333333 
111   0.11200000000000009   0.13333333333333333 
112   0.11300000000000009   0.13333333333333333 
113   0.11400000000000009   0.13333333333333333 
114   0.11500000000000009   0.13333333333333333 
115   0.11600000000000009   0.13333333333333333 
116   0.11700000000000009   0.13333333333333333 
117   0.11800000000000009   0.13333333333333333 
118   0.11900000000000009   0.13333333333333333 
119   0.12000000000000009   0.13333333333333333 
120   0.1210000000000001   0.13333333333333333 
121   0.1220000000000001   0.13333333333333333 
122   0.1230000000000001   0.13333333333333333 
123   0.1240000000000001   0.13333333333333333 
124   0.12500000000000008   0.13333333333333333 
125   0.12600000000000008   0.13333333333333333 
126   0.12700000000000009   0.13333333333333333 
127   0.12800000000000009   0.13333333333333333 
128   0.1290000000000001   0.13333333333333333 
129   0.1290000000000001   0.14666666666666667 
130   0.1310000000000001   0.14666666666666667 
131   0.1320000000000001   0.14666666666666667 
132   0.1330000000000001   0.14666666666666667 
133   0.1340000000000001   0.14666666666666667 
134   0.1350000000000001   0.14666666666666667 
135   0.1360000000000001   0.14666666666666667 
136   0.1370000000000001   0.14666666666666667 
137   0.1380000000000001   0.14666666666666667 
138   0.1390000000000001   0.14666666666666667 
139   0.1400000000000001   0.14666666666666667 
140   0.1410000000000001   0.14666666666666667 
141   0.1420000000000001   0.14666666666666667 
142   0.1430000000000001   0.14666666666666667 
143   0.1440000000000001   0.14666666666666667 
144   0.1450000000000001   0.14666666666666667 
145   0.1460000000000001   0.14666666666666667 
146   0.1470000000000001   0.14666666666666667 
147   0.1480000000000001   0.14666666666666667 
148   0.1480000000000001   0.16 
149   0.1500000000000001   0.16 
150   0.1510000000000001   0.16 
151   0.1520000000000001   0.16 
152   0.1530000000000001   0.16 
153   0.1540000000000001   0.16 
154   0.1550000000000001   0.16 
155   0.1560000000000001   0.16 
156   0.1570000000000001   0.16 
157   0.1570000000000001   0.17333333333333334 
158   0.1590000000000001   0.17333333333333334 
159   0.16000000000000011   0.17333333333333334 
160   0.16100000000000012   0.17333333333333334 
161   0.16200000000000012   0.17333333333333334 
162   0.16300000000000012   0.17333333333333334 
163   0.16400000000000012   0.17333333333333334 
164   0.16500000000000012   0.17333333333333334 
165   0.16600000000000012   0.17333333333333334 
166   0.16700000000000012   0.17333333333333334 
167   0.16700000000000012   0.18666666666666668 
168   0.16900000000000012   0.18666666666666668 
169   0.17000000000000012   0.18666666666666668 
170   0.17100000000000012   0.18666666666666668 
171   0.17200000000000013   0.18666666666666668 
172   0.17300000000000013   0.18666666666666668 
173   0.17400000000000013   0.18666666666666668 
174   0.17500000000000013   0.18666666666666668 
175   0.17600000000000013   0.18666666666666668 
176   0.17700000000000013   0.18666666666666668 
177   0.17800000000000013   0.18666666666666668 
178   0.17900000000000013   0.18666666666666668 
179   0.18000000000000013   0.18666666666666668 
180   0.18100000000000013   0.18666666666666668 
181   0.18200000000000013   0.18666666666666668 
182   0.18300000000000013   0.18666666666666668 
183   0.18400000000000014   0.18666666666666668 
184   0.18500000000000014   0.18666666666666668 
185   0.18600000000000014   0.18666666666666668 
186   0.18600000000000014   0.2 
187   0.18800000000000014   0.2 
188   0.18900000000000014   0.2 
189   0.19000000000000014   0.2 
190   0.19100000000000014   0.2 
191   0.19200000000000014   0.2 
192   0.19300000000000014   0.2 
193   0.19400000000000014   0.2 
194   0.19500000000000015   0.2 
195   0.19600000000000015   0.2 
196   0.19600000000000015   0.21333333333333335 
197   0.19800000000000015   0.21333333333333335 
198   0.19900000000000015   0.21333333333333335 
199   0.20000000000000015   0.21333333333333335 
200   0.20100000000000015   0.21333333333333335 
201   0.20200000000000015   0.21333333333333335 
202   0.20300000000000015   0.21333333333333335 
203   0.20400000000000015   0.21333333333333335 
204   0.20500000000000015   0.21333333333333335 
205   0.20600000000000016   0.21333333333333335 
206   0.20700000000000016   0.21333333333333335 
207   0.20800000000000016   0.21333333333333335 
208   0.20900000000000016   0.21333333333333335 
209   0.21000000000000016   0.21333333333333335 
210   0.21100000000000016   0.21333333333333335 
211   0.21200000000000016   0.21333333333333335 
212   0.21300000000000016   0.21333333333333335 
213   0.21400000000000016   0.21333333333333335 
214   0.21500000000000016   0.21333333333333335 
215   0.21600000000000016   0.21333333333333335 
216   0.21700000000000016   0.21333333333333335 
217   0.21800000000000017   0.21333333333333335 
218   0.21900000000000017   0.21333333333333335 
219   0.22000000000000017   0.21333333333333335 
220   0.22100000000000017   0.21333333333333335 
221   0.22200000000000017   0.21333333333333335 
222   0.22300000000000017   0.21333333333333335 
223   0.22300000000000017   0.22666666666666668 
224   0.22500000000000017   0.22666666666666668 
225   0.22600000000000017   0.22666666666666668 
226   0.22700000000000017   0.22666666666666668 
227   0.22800000000000017   0.22666666666666668 
228   0.22900000000000018   0.22666666666666668 
229   0.23000000000000018   0.22666666666666668 
230   0.23100000000000018   0.22666666666666668 
231   0.23200000000000018   0.22666666666666668 
232   0.23300000000000018   0.22666666666666668 
233   0.23400000000000018   0.22666666666666668 
234   0.23500000000000018   0.22666666666666668 
235   0.23600000000000018   0.22666666666666668 
236   0.23700000000000018   0.22666666666666668 
237   0.23800000000000018   0.22666666666666668 
238   0.23900000000000018   0.22666666666666668 
239   0.24000000000000019   0.22666666666666668 
240   0.2410000000000002   0.22666666666666668 
241   0.2420000000000002   0.22666666666666668 
242   0.2430000000000002   0.22666666666666668 
243   0.2440000000000002   0.22666666666666668 
244   0.2450000000000002   0.22666666666666668 
245   0.2460000000000002   0.22666666666666668 
246   0.2460000000000002   0.24000000000000002 
247   0.2480000000000002   0.24000000000000002 
248   0.2490000000000002   0.24000000000000002 
249   0.25000000000000017   0.24000000000000002 
250   0.25100000000000017   0.24000000000000002 
251   0.25200000000000017   0.24000000000000002 
252   0.25300000000000017   0.24000000000000002 
253   0.25400000000000017   0.24000000000000002 
254   0.25500000000000017   0.24000000000000002 
255   0.25600000000000017   0.24000000000000002 
256   0.2570000000000002   0.24000000000000002 
257   0.2580000000000002   0.24000000000000002 
258   0.2590000000000002   0.24000000000000002 
259   0.2600000000000002   0.24000000000000002 
260   0.2600000000000002   0.25333333333333335 
261   0.2620000000000002   0.25333333333333335 
262   0.2630000000000002   0.25333333333333335 
263   0.2640000000000002   0.25333333333333335 
264   0.2650000000000002   0.25333333333333335 
265   0.2660000000000002   0.25333333333333335 
266   0.2670000000000002   0.25333333333333335 
267   0.2680000000000002   0.25333333333333335 
268   0.2690000000000002   0.25333333333333335 
269   0.2700000000000002   0.25333333333333335 
270   0.2710000000000002   0.25333333333333335 
271   0.2720000000000002   0.25333333333333335 
272   0.2730000000000002   0.25333333333333335 
273   0.2740000000000002   0.25333333333333335 
274   0.2750000000000002   0.25333333333333335 
275   0.2760000000000002   0.25333333333333335 
276   0.2770000000000002   0.25333333333333335 
277   0.2780000000000002   0.25333333333333335 
278   0.2790000000000002   0.25333333333333335 
279   0.2800000000000002   0.25333333333333335 
280   0.2810000000000002   0.25333333333333335 
281   0.2810000000000002   0.26666666666666666 
282   0.2830000000000002   0.26666666666666666 
283   0.2840000000000002   0.26666666666666666 
284   0.2850000000000002   0.26666666666666666 
285   0.2850000000000002   0.27999999999999997 
286   0.2870000000000002   0.27999999999999997 
287   0.2880000000000002   0.27999999999999997 
288   0.2890000000000002   0.27999999999999997 
289   0.2900000000000002   0.27999999999999997 
290   0.2910000000000002   0.27999999999999997 
291   0.2920000000000002   0.27999999999999997 
292   0.2930000000000002   0.27999999999999997 
293   0.2940000000000002   0.27999999999999997 
294   0.2950000000000002   0.27999999999999997 
295   0.2960000000000002   0.27999999999999997 
296   0.2970000000000002   0.27999999999999997 
297   0.2980000000000002   0.27999999999999997 
298   0.2990000000000002   0.27999999999999997 
299   0.3000000000000002   0.27999999999999997 
300   0.3010000000000002   0.27999999999999997 
301   0.3020000000000002   0.27999999999999997 
302   0.3030000000000002   0.27999999999999997 
303   0.3040000000000002   0.27999999999999997 
304   0.3050000000000002   0.27999999999999997 
305   0.3050000000000002   0.2933333333333333 
306   0.3070000000000002   0.2933333333333333 
307   0.3080000000000002   0.2933333333333333 
308   0.3090000000000002   0.2933333333333333 
309   0.3100000000000002   0.2933333333333333 
310   0.3110000000000002   0.2933333333333333 
311   0.3120000000000002   0.2933333333333333 
312   0.3130000000000002   0.2933333333333333 
313   0.3140000000000002   0.2933333333333333 
314   0.3150000000000002   0.2933333333333333 
315   0.3160000000000002   0.2933333333333333 
316   0.3170000000000002   0.2933333333333333 
317   0.3180000000000002   0.2933333333333333 
318   0.31900000000000023   0.2933333333333333 
319   0.32000000000000023   0.2933333333333333 
320   0.32100000000000023   0.2933333333333333 
321   0.32200000000000023   0.2933333333333333 
322   0.32300000000000023   0.2933333333333333 
323   0.32400000000000023   0.2933333333333333 
324   0.32500000000000023   0.2933333333333333 
325   0.32600000000000023   0.2933333333333333 
326   0.32700000000000023   0.2933333333333333 
327   0.32800000000000024   0.2933333333333333 
328   0.32900000000000024   0.2933333333333333 
329   0.32900000000000024   0.3066666666666666 
330   0.33100000000000024   0.3066666666666666 
331   0.33200000000000024   0.3066666666666666 
332   0.33300000000000024   0.3066666666666666 
333   0.33300000000000024   0.3199999999999999 
334   0.33500000000000024   0.3199999999999999 
335   0.33600000000000024   0.3199999999999999 
336   0.33700000000000024   0.3199999999999999 
337   0.33800000000000024   0.3199999999999999 
338   0.33900000000000025   0.3199999999999999 
339   0.34000000000000025   0.3199999999999999 
340   0.34100000000000025   0.3199999999999999 
341   0.34200000000000025   0.3199999999999999 
342   0.34200000000000025   0.3333333333333332 
343   0.34400000000000025   0.3333333333333332 
344   0.34500000000000025   0.3333333333333332 
345   0.34600000000000025   0.3333333333333332 
346   0.34700000000000025   0.3333333333333332 
347   0.34800000000000025   0.3333333333333332 
348   0.34900000000000025   0.3333333333333332 
349   0.35000000000000026   0.3333333333333332 
350   0.35100000000000026   0.3333333333333332 
351   0.35200000000000026   0.3333333333333332 
352   0.35300000000000026   0.3333333333333332 
353   0.35400000000000026   0.3333333333333332 
354   0.35500000000000026   0.3333333333333332 
355   0.35600000000000026   0.3333333333333332 
356   0.35700000000000026   0.3333333333333332 
357   0.35800000000000026   0.3333333333333332 
358   0.35900000000000026   0.3333333333333332 
359   0.36000000000000026   0.3333333333333332 
360   0.36100000000000027   0.3333333333333332 
361   0.36200000000000027   0.3333333333333332 
362   0.36200000000000027   0.3466666666666665 
363   0.36400000000000027   0.3466666666666665 
364   0.36500000000000027   0.3466666666666665 
365   0.36600000000000027   0.3466666666666665 
366   0.36700000000000027   0.3466666666666665 
367   0.36800000000000027   0.3466666666666665 
368   0.36900000000000027   0.3466666666666665 
369   0.3700000000000003   0.3466666666666665 
370   0.3710000000000003   0.3466666666666665 
371   0.3720000000000003   0.3466666666666665 
372   0.3730000000000003   0.3466666666666665 
373   0.3740000000000003   0.3466666666666665 
374   0.3750000000000003   0.3466666666666665 
375   0.3760000000000003   0.3466666666666665 
376   0.3770000000000003   0.3466666666666665 
377   0.3780000000000003   0.3466666666666665 
378   0.3790000000000003   0.3466666666666665 
379   0.3800000000000003   0.3466666666666665 
380   0.3810000000000003   0.3466666666666665 
381   0.3820000000000003   0.3466666666666665 
382   0.3830000000000003   0.3466666666666665 
383   0.3840000000000003   0.3466666666666665 
384   0.3850000000000003   0.3466666666666665 
385   0.3860000000000003   0.3466666666666665 
386   0.3870000000000003   0.3466666666666665 
387   0.3870000000000003   0.3599999999999998 
388   0.3890000000000003   0.3599999999999998 
389   0.3900000000000003   0.3599999999999998 
390   0.3910000000000003   0.3599999999999998 
391   0.3910000000000003   0.37333333333333313 
392   0.3930000000000003   0.37333333333333313 
393   0.3940000000000003   0.37333333333333313 
394   0.3950000000000003   0.37333333333333313 
395   0.3960000000000003   0.37333333333333313 
396   0.3970000000000003   0.37333333333333313 
397   0.3980000000000003   0.37333333333333313 
398   0.3990000000000003   0.37333333333333313 
399   0.4000000000000003   0.37333333333333313 
400   0.4000000000000003   0.38666666666666644 
401   0.4020000000000003   0.38666666666666644 
402   0.4030000000000003   0.38666666666666644 
403   0.4040000000000003   0.38666666666666644 
404   0.4050000000000003   0.38666666666666644 
405   0.4060000000000003   0.38666666666666644 
406   0.4070000000000003   0.38666666666666644 
407   0.4080000000000003   0.38666666666666644 
408   0.4090000000000003   0.38666666666666644 
409   0.4100000000000003   0.38666666666666644 
410   0.4100000000000003   0.39999999999999974 
411   0.4120000000000003   0.39999999999999974 
412   0.4130000000000003   0.39999999999999974 
413   0.4140000000000003   0.39999999999999974 
414   0.4150000000000003   0.39999999999999974 
415   0.4160000000000003   0.39999999999999974 
416   0.4170000000000003   0.39999999999999974 
417   0.4180000000000003   0.39999999999999974 
418   0.4190000000000003   0.39999999999999974 
419   0.4200000000000003   0.39999999999999974 
420   0.4210000000000003   0.39999999999999974 
421   0.4220000000000003   0.39999999999999974 
422   0.4230000000000003   0.39999999999999974 
423   0.4240000000000003   0.39999999999999974 
424   0.4250000000000003   0.39999999999999974 
425   0.4260000000000003   0.39999999999999974 
426   0.4270000000000003   0.39999999999999974 
427   0.4280000000000003   0.39999999999999974 
428   0.4290000000000003   0.39999999999999974 
429   0.4290000000000003   0.41333333333333305 
430   0.4310000000000003   0.41333333333333305 
431   0.43200000000000033   0.41333333333333305 
432   0.43300000000000033   0.41333333333333305 
433   0.43400000000000033   0.41333333333333305 
434   0.43500000000000033   0.41333333333333305 
435   0.43600000000000033   0.41333333333333305 
436   0.43700000000000033   0.41333333333333305 
437   0.43800000000000033   0.41333333333333305 
438   0.43900000000000033   0.41333333333333305 
439   0.44000000000000034   0.41333333333333305 
440   0.44100000000000034   0.41333333333333305 
441   0.44200000000000034   0.41333333333333305 
442   0.44300000000000034   0.41333333333333305 
443   0.44400000000000034   0.41333333333333305 
444   0.44500000000000034   0.41333333333333305 
445   0.44500000000000034   0.42666666666666636 
446   0.44700000000000034   0.42666666666666636 
447   0.44800000000000034   0.42666666666666636 
448   0.44900000000000034   0.42666666666666636 
449   0.45000000000000034   0.42666666666666636 
450   0.45100000000000035   0.42666666666666636 
451   0.45200000000000035   0.42666666666666636 
452   0.45300000000000035   0.42666666666666636 
453   0.45400000000000035   0.42666666666666636 
454   0.45500000000000035   0.42666666666666636 
455   0.45500000000000035   0.43999999999999967 
456   0.45700000000000035   0.43999999999999967 
457   0.45800000000000035   0.43999999999999967 
458   0.45900000000000035   0.43999999999999967 
459   0.46000000000000035   0.43999999999999967 
460   0.46100000000000035   0.43999999999999967 
461   0.46200000000000035   0.43999999999999967 
462   0.46300000000000036   0.43999999999999967 
463   0.46400000000000036   0.43999999999999967 
464   0.46500000000000036   0.43999999999999967 
465   0.46500000000000036   0.453333333333333 
466   0.46700000000000036   0.453333333333333 
467   0.46800000000000036   0.453333333333333 
468   0.46900000000000036   0.453333333333333 
469   0.47000000000000036   0.453333333333333 
470   0.47100000000000036   0.453333333333333 
471   0.47200000000000036   0.453333333333333 
472   0.47300000000000036   0.453333333333333 
473   0.47400000000000037   0.453333333333333 
474   0.47400000000000037   0.4666666666666663 
475   0.47600000000000037   0.4666666666666663 
476   0.47700000000000037   0.4666666666666663 
477   0.47800000000000037   0.4666666666666663 
478   0.47900000000000037   0.4666666666666663 
479   0.48000000000000037   0.4666666666666663 
480   0.48100000000000037   0.4666666666666663 
481   0.4820000000000004   0.4666666666666663 
482   0.4830000000000004   0.4666666666666663 
483   0.4840000000000004   0.4666666666666663 
484   0.4850000000000004   0.4666666666666663 
485   0.4860000000000004   0.4666666666666663 
486   0.4870000000000004   0.4666666666666663 
487   0.4880000000000004   0.4666666666666663 
488   0.4890000000000004   0.4666666666666663 
489   0.4900000000000004   0.4666666666666663 
490   0.4910000000000004   0.4666666666666663 
491   0.4920000000000004   0.4666666666666663 
492   0.4930000000000004   0.4666666666666663 
493   0.4940000000000004   0.4666666666666663 
494   0.4940000000000004   0.4799999999999996 
495   0.4960000000000004   0.4799999999999996 
496   0.4970000000000004   0.4799999999999996 
497   0.4980000000000004   0.4799999999999996 
498   0.4990000000000004   0.4799999999999996 
499   0.5000000000000003   0.4799999999999996 
500   0.5010000000000003   0.4799999999999996 
501   0.5020000000000003   0.4799999999999996 
502   0.5030000000000003   0.4799999999999996 
503   0.5040000000000003   0.4799999999999996 
504   0.5050000000000003   0.4799999999999996 
505   0.5060000000000003   0.4799999999999996 
506   0.5070000000000003   0.4799999999999996 
507   0.5080000000000003   0.4799999999999996 
508   0.5090000000000003   0.4799999999999996 
509   0.5100000000000003   0.4799999999999996 
510   0.5110000000000003   0.4799999999999996 
511   0.5120000000000003   0.4799999999999996 
512   0.5130000000000003   0.4799999999999996 
513   0.5140000000000003   0.4799999999999996 
514   0.5140000000000003   0.4933333333333329 
515   0.5160000000000003   0.4933333333333329 
516   0.5170000000000003   0.4933333333333329 
517   0.5180000000000003   0.4933333333333329 
518   0.5190000000000003   0.4933333333333329 
519   0.5200000000000004   0.4933333333333329 
520   0.5210000000000004   0.4933333333333329 
521   0.5220000000000004   0.4933333333333329 
522   0.5230000000000004   0.4933333333333329 
523   0.5230000000000004   0.5066666666666663 
524   0.5250000000000004   0.5066666666666663 
525   0.5260000000000004   0.5066666666666663 
526   0.5270000000000004   0.5066666666666663 
527   0.5280000000000004   0.5066666666666663 
528   0.5290000000000004   0.5066666666666663 
529   0.5300000000000004   0.5066666666666663 
530   0.5310000000000004   0.5066666666666663 
531   0.5320000000000004   0.5066666666666663 
532   0.5330000000000004   0.5066666666666663 
533   0.5330000000000004   0.5199999999999996 
534   0.5350000000000004   0.5199999999999996 
535   0.5360000000000004   0.5199999999999996 
536   0.5370000000000004   0.5199999999999996 
537   0.5380000000000004   0.5199999999999996 
538   0.5390000000000004   0.5199999999999996 
539   0.5400000000000004   0.5199999999999996 
540   0.5410000000000004   0.5199999999999996 
541   0.5420000000000004   0.5199999999999996 
542   0.5420000000000004   0.5333333333333329 
543   0.5440000000000004   0.5333333333333329 
544   0.5450000000000004   0.5333333333333329 
545   0.5460000000000004   0.5333333333333329 
546   0.5470000000000004   0.5333333333333329 
547   0.5480000000000004   0.5333333333333329 
548   0.5490000000000004   0.5333333333333329 
549   0.5500000000000004   0.5333333333333329 
550   0.5510000000000004   0.5333333333333329 
551   0.5520000000000004   0.5333333333333329 
552   0.5520000000000004   0.5466666666666662 
553   0.5540000000000004   0.5466666666666662 
554   0.5550000000000004   0.5466666666666662 
555   0.5560000000000004   0.5466666666666662 
556   0.5570000000000004   0.5466666666666662 
557   0.5580000000000004   0.5466666666666662 
558   0.5590000000000004   0.5466666666666662 
559   0.5600000000000004   0.5466666666666662 
560   0.5610000000000004   0.5466666666666662 
561   0.5620000000000004   0.5466666666666662 
562   0.5630000000000004   0.5466666666666662 
563   0.5640000000000004   0.5466666666666662 
564   0.5650000000000004   0.5466666666666662 
565   0.5660000000000004   0.5466666666666662 
566   0.5670000000000004   0.5466666666666662 
567   0.5680000000000004   0.5466666666666662 
568   0.5690000000000004   0.5466666666666662 
569   0.5700000000000004   0.5466666666666662 
570   0.5710000000000004   0.5466666666666662 
571   0.5720000000000004   0.5466666666666662 
572   0.5720000000000004   0.5599999999999995 
573   0.5740000000000004   0.5599999999999995 
574   0.5750000000000004   0.5599999999999995 
575   0.5760000000000004   0.5599999999999995 
576   0.5770000000000004   0.5599999999999995 
577   0.5780000000000004   0.5599999999999995 
578   0.5790000000000004   0.5599999999999995 
579   0.5800000000000004   0.5599999999999995 
580   0.5810000000000004   0.5599999999999995 
581   0.5820000000000004   0.5599999999999995 
582   0.5820000000000004   0.5733333333333328 
583   0.5840000000000004   0.5733333333333328 
584   0.5850000000000004   0.5733333333333328 
585   0.5860000000000004   0.5733333333333328 
586   0.5870000000000004   0.5733333333333328 
587   0.5880000000000004   0.5733333333333328 
588   0.5890000000000004   0.5733333333333328 
589   0.5900000000000004   0.5733333333333328 
590   0.5910000000000004   0.5733333333333328 
591   0.5910000000000004   0.5866666666666661 
592   0.5930000000000004   0.5866666666666661 
593   0.5940000000000004   0.5866666666666661 
594   0.5950000000000004   0.5866666666666661 
595   0.5960000000000004   0.5866666666666661 
596   0.5970000000000004   0.5866666666666661 
597   0.5980000000000004   0.5866666666666661 
598   0.5990000000000004   0.5866666666666661 
599   0.6000000000000004   0.5866666666666661 
600   0.6010000000000004   0.5866666666666661 
601   0.6010000000000004   0.5999999999999994 
602   0.6030000000000004   0.5999999999999994 
603   0.6040000000000004   0.5999999999999994 
604   0.6050000000000004   0.5999999999999994 
605   0.6060000000000004   0.5999999999999994 
606   0.6070000000000004   0.5999999999999994 
607   0.6080000000000004   0.5999999999999994 
608   0.6090000000000004   0.5999999999999994 
609   0.6100000000000004   0.5999999999999994 
610   0.6110000000000004   0.5999999999999994 
611   0.6120000000000004   0.5999999999999994 
612   0.6130000000000004   0.5999999999999994 
613   0.6140000000000004   0.5999999999999994 
614   0.6150000000000004   0.5999999999999994 
615   0.6160000000000004   0.5999999999999994 
616   0.6170000000000004   0.5999999999999994 
617   0.6180000000000004   0.5999999999999994 
618   0.6190000000000004   0.5999999999999994 
619   0.6200000000000004   0.5999999999999994 
620   0.6210000000000004   0.5999999999999994 
621   0.6220000000000004   0.5999999999999994 
622   0.6230000000000004   0.5999999999999994 
623   0.6240000000000004   0.5999999999999994 
624   0.6250000000000004   0.5999999999999994 
625   0.6260000000000004   0.5999999999999994 
626   0.6270000000000004   0.5999999999999994 
627   0.6280000000000004   0.5999999999999994 
628   0.6290000000000004   0.5999999999999994 
629   0.6300000000000004   0.5999999999999994 
630   0.6300000000000004   0.6133333333333327 
631   0.6320000000000005   0.6133333333333327 
632   0.6330000000000005   0.6133333333333327 
633   0.6340000000000005   0.6133333333333327 
634   0.6340000000000005   0.626666666666666 
635   0.6360000000000005   0.626666666666666 
636   0.6370000000000005   0.626666666666666 
637   0.6380000000000005   0.626666666666666 
638   0.6390000000000005   0.626666666666666 
639   0.6400000000000005   0.626666666666666 
640   0.6410000000000005   0.626666666666666 
641   0.6420000000000005   0.626666666666666 
642   0.6430000000000005   0.626666666666666 
643   0.6440000000000005   0.626666666666666 
644   0.6440000000000005   0.6399999999999993 
645   0.6460000000000005   0.6399999999999993 
646   0.6470000000000005   0.6399999999999993 
647   0.6480000000000005   0.6399999999999993 
648   0.6490000000000005   0.6399999999999993 
649   0.6500000000000005   0.6399999999999993 
650   0.6510000000000005   0.6399999999999993 
651   0.6520000000000005   0.6399999999999993 
652   0.6530000000000005   0.6399999999999993 
653   0.6530000000000005   0.6533333333333327 
654   0.6550000000000005   0.6533333333333327 
655   0.6560000000000005   0.6533333333333327 
656   0.6570000000000005   0.6533333333333327 
657   0.6580000000000005   0.6533333333333327 
658   0.6590000000000005   0.6533333333333327 
659   0.6600000000000005   0.6533333333333327 
660   0.6610000000000005   0.6533333333333327 
661   0.6620000000000005   0.6533333333333327 
662   0.6630000000000005   0.6533333333333327 
663   0.6640000000000005   0.6533333333333327 
664   0.6650000000000005   0.6533333333333327 
665   0.6660000000000005   0.6533333333333327 
666   0.6670000000000005   0.6533333333333327 
667   0.6680000000000005   0.6533333333333327 
668   0.6690000000000005   0.6533333333333327 
669   0.6700000000000005   0.6533333333333327 
670   0.6710000000000005   0.6533333333333327 
671   0.6720000000000005   0.6533333333333327 
672   0.6730000000000005   0.6533333333333327 
673   0.6740000000000005   0.6533333333333327 
674   0.6750000000000005   0.6533333333333327 
675   0.6750000000000005   0.666666666666666 
676   0.6770000000000005   0.666666666666666 
677   0.6780000000000005   0.666666666666666 
678   0.6790000000000005   0.666666666666666 
679   0.6790000000000005   0.6799999999999993 
680   0.6810000000000005   0.6799999999999993 
681   0.6820000000000005   0.6799999999999993 
682   0.6830000000000005   0.6799999999999993 
683   0.6840000000000005   0.6799999999999993 
684   0.6850000000000005   0.6799999999999993 
685   0.6860000000000005   0.6799999999999993 
686   0.6870000000000005   0.6799999999999993 
687   0.6880000000000005   0.6799999999999993 
688   0.6880000000000005   0.6933333333333326 
689   0.6900000000000005   0.6933333333333326 
690   0.6910000000000005   0.6933333333333326 
691   0.6920000000000005   0.6933333333333326 
692   0.6930000000000005   0.6933333333333326 
693   0.6940000000000005   0.6933333333333326 
694   0.6950000000000005   0.6933333333333326 
695   0.6960000000000005   0.6933333333333326 
696   0.6970000000000005   0.6933333333333326 
697   0.6980000000000005   0.6933333333333326 
698   0.6990000000000005   0.6933333333333326 
699   0.7000000000000005   0.6933333333333326 
700   0.7010000000000005   0.6933333333333326 
701   0.7020000000000005   0.6933333333333326 
702   0.7030000000000005   0.6933333333333326 
703   0.7040000000000005   0.6933333333333326 
704   0.7050000000000005   0.6933333333333326 
705   0.7060000000000005   0.6933333333333326 
706   0.7070000000000005   0.6933333333333326 
707   0.7080000000000005   0.6933333333333326 
708   0.7080000000000005   0.7066666666666659 
709   0.7100000000000005   0.7066666666666659 
710   0.7110000000000005   0.7066666666666659 
711   0.7120000000000005   0.7066666666666659 
712   0.7130000000000005   0.7066666666666659 
713   0.7140000000000005   0.7066666666666659 
714   0.7150000000000005   0.7066666666666659 
715   0.7160000000000005   0.7066666666666659 
716   0.7170000000000005   0.7066666666666659 
717   0.7180000000000005   0.7066666666666659 
718   0.7190000000000005   0.7066666666666659 
719   0.7200000000000005   0.7066666666666659 
720   0.7210000000000005   0.7066666666666659 
721   0.7220000000000005   0.7066666666666659 
722   0.7230000000000005   0.7066666666666659 
723   0.7240000000000005   0.7066666666666659 
724   0.7250000000000005   0.7066666666666659 
725   0.7260000000000005   0.7066666666666659 
726   0.7270000000000005   0.7066666666666659 
727   0.7280000000000005   0.7066666666666659 
728   0.7290000000000005   0.7066666666666659 
729   0.7300000000000005   0.7066666666666659 
730   0.7300000000000005   0.7199999999999992 
731   0.7320000000000005   0.7199999999999992 
732   0.7330000000000005   0.7199999999999992 
733   0.7340000000000005   0.7199999999999992 
734   0.7340000000000005   0.7333333333333325 
735   0.7360000000000005   0.7333333333333325 
736   0.7370000000000005   0.7333333333333325 
737   0.7380000000000005   0.7333333333333325 
738   0.7390000000000005   0.7333333333333325 
739   0.7400000000000005   0.7333333333333325 
740   0.7410000000000005   0.7333333333333325 
741   0.7420000000000005   0.7333333333333325 
742   0.7430000000000005   0.7333333333333325 
743   0.7440000000000005   0.7333333333333325 
744   0.7440000000000005   0.7466666666666658 
745   0.7460000000000006   0.7466666666666658 
746   0.7470000000000006   0.7466666666666658 
747   0.7480000000000006   0.7466666666666658 
748   0.7490000000000006   0.7466666666666658 
749   0.7500000000000006   0.7466666666666658 
750   0.7510000000000006   0.7466666666666658 
751   0.7520000000000006   0.7466666666666658 
752   0.7530000000000006   0.7466666666666658 
753   0.7530000000000006   0.7599999999999991 
754   0.7550000000000006   0.7599999999999991 
755   0.7560000000000006   0.7599999999999991 
756   0.7570000000000006   0.7599999999999991 
757   0.7580000000000006   0.7599999999999991 
758   0.7590000000000006   0.7599999999999991 
759   0.7600000000000006   0.7599999999999991 
760   0.7610000000000006   0.7599999999999991 
761   0.7620000000000006   0.7599999999999991 
762   0.7630000000000006   0.7599999999999991 
763   0.7640000000000006   0.7599999999999991 
764   0.7650000000000006   0.7599999999999991 
765   0.7660000000000006   0.7599999999999991 
766   0.7670000000000006   0.7599999999999991 
767   0.7680000000000006   0.7599999999999991 
768   0.7690000000000006   0.7599999999999991 
769   0.7700000000000006   0.7599999999999991 
770   0.7710000000000006   0.7599999999999991 
771   0.7720000000000006   0.7599999999999991 
772   0.7730000000000006   0.7599999999999991 
773   0.7730000000000006   0.7733333333333324 
774   0.7750000000000006   0.7733333333333324 
775   0.7760000000000006   0.7733333333333324 
776   0.7770000000000006   0.7733333333333324 
777   0.7780000000000006   0.7733333333333324 
778   0.7790000000000006   0.7733333333333324 
779   0.7800000000000006   0.7733333333333324 
780   0.7810000000000006   0.7733333333333324 
781   0.7820000000000006   0.7733333333333324 
782   0.7830000000000006   0.7733333333333324 
783   0.7840000000000006   0.7733333333333324 
784   0.7850000000000006   0.7733333333333324 
785   0.7860000000000006   0.7733333333333324 
786   0.7870000000000006   0.7733333333333324 
787   0.7880000000000006   0.7733333333333324 
788   0.7880000000000006   0.7866666666666657 
789   0.7900000000000006   0.7866666666666657 
790   0.7910000000000006   0.7866666666666657 
791   0.7920000000000006   0.7866666666666657 
792   0.7930000000000006   0.7866666666666657 
793   0.7940000000000006   0.7866666666666657 
794   0.7950000000000006   0.7866666666666657 
795   0.7960000000000006   0.7866666666666657 
796   0.7970000000000006   0.7866666666666657 
797   0.7980000000000006   0.7866666666666657 
798   0.7980000000000006   0.799999999999999 
799   0.8000000000000006   0.799999999999999 
800   0.8010000000000006   0.799999999999999 
801   0.8020000000000006   0.799999999999999 
802   0.8030000000000006   0.799999999999999 
803   0.8040000000000006   0.799999999999999 
804   0.8050000000000006   0.799999999999999 
805   0.8060000000000006   0.799999999999999 
806   0.8070000000000006   0.799999999999999 
807   0.8070000000000006   0.8133333333333324 
808   0.8090000000000006   0.8133333333333324 
809   0.8100000000000006   0.8133333333333324 
810   0.8110000000000006   0.8133333333333324 
811   0.8120000000000006   0.8133333333333324 
812   0.8130000000000006   0.8133333333333324 
813   0.8140000000000006   0.8133333333333324 
814   0.8150000000000006   0.8133333333333324 
815   0.8160000000000006   0.8133333333333324 
816   0.8170000000000006   0.8133333333333324 
817   0.8170000000000006   0.8266666666666657 
818   0.8190000000000006   0.8266666666666657 
819   0.8200000000000006   0.8266666666666657 
820   0.8210000000000006   0.8266666666666657 
821   0.8220000000000006   0.8266666666666657 
822   0.8230000000000006   0.8266666666666657 
823   0.8240000000000006   0.8266666666666657 
824   0.8250000000000006   0.8266666666666657 
825   0.8260000000000006   0.8266666666666657 
826   0.8270000000000006   0.8266666666666657 
827   0.8280000000000006   0.8266666666666657 
828   0.8290000000000006   0.8266666666666657 
829   0.8300000000000006   0.8266666666666657 
830   0.8310000000000006   0.8266666666666657 
831   0.8320000000000006   0.8266666666666657 
832   0.8330000000000006   0.8266666666666657 
833   0.8340000000000006   0.8266666666666657 
834   0.8350000000000006   0.8266666666666657 
835   0.8360000000000006   0.8266666666666657 
836   0.8370000000000006   0.8266666666666657 
837   0.8370000000000006   0.839999999999999 
838   0.8390000000000006   0.839999999999999 
839   0.8400000000000006   0.839999999999999 
840   0.8410000000000006   0.839999999999999 
841   0.8420000000000006   0.839999999999999 
842   0.8430000000000006   0.839999999999999 
843   0.8440000000000006   0.839999999999999 
844   0.8450000000000006   0.839999999999999 
845   0.8460000000000006   0.839999999999999 
846   0.8470000000000006   0.839999999999999 
847   0.8480000000000006   0.839999999999999 
848   0.8490000000000006   0.839999999999999 
849   0.8500000000000006   0.839999999999999 
850   0.8510000000000006   0.839999999999999 
851   0.8520000000000006   0.839999999999999 
852   0.8530000000000006   0.839999999999999 
853   0.8540000000000006   0.839999999999999 
854   0.8550000000000006   0.839999999999999 
855   0.8560000000000006   0.839999999999999 
856   0.8560000000000006   0.8533333333333323 
857   0.8580000000000007   0.8533333333333323 
858   0.8590000000000007   0.8533333333333323 
859   0.8600000000000007   0.8533333333333323 
860   0.8610000000000007   0.8533333333333323 
861   0.8620000000000007   0.8533333333333323 
862   0.8630000000000007   0.8533333333333323 
863   0.8640000000000007   0.8533333333333323 
864   0.8650000000000007   0.8533333333333323 
865   0.8660000000000007   0.8533333333333323 
866   0.8660000000000007   0.8666666666666656 
867   0.8680000000000007   0.8666666666666656 
868   0.8690000000000007   0.8666666666666656 
869   0.8700000000000007   0.8666666666666656 
870   0.8710000000000007   0.8666666666666656 
871   0.8720000000000007   0.8666666666666656 
872   0.8730000000000007   0.8666666666666656 
873   0.8740000000000007   0.8666666666666656 
874   0.8750000000000007   0.8666666666666656 
875   0.8760000000000007   0.8666666666666656 
876   0.8760000000000007   0.8799999999999989 
877   0.8780000000000007   0.8799999999999989 
878   0.8790000000000007   0.8799999999999989 
879   0.8800000000000007   0.8799999999999989 
880   0.8810000000000007   0.8799999999999989 
881   0.8820000000000007   0.8799999999999989 
882   0.8830000000000007   0.8799999999999989 
883   0.8840000000000007   0.8799999999999989 
884   0.8850000000000007   0.8799999999999989 
885   0.8850000000000007   0.8933333333333322 
886   0.8870000000000007   0.8933333333333322 
887   0.8880000000000007   0.8933333333333322 
888   0.8890000000000007   0.8933333333333322 
889   0.8900000000000007   0.8933333333333322 
890   0.8910000000000007   0.8933333333333322 
891   0.8920000000000007   0.8933333333333322 
892   0.8930000000000007   0.8933333333333322 
893   0.8940000000000007   0.8933333333333322 
894   0.8950000000000007   0.8933333333333322 
895   0.8950000000000007   0.9066666666666655 
896   0.8970000000000007   0.9066666666666655 
897   0.8980000000000007   0.9066666666666655 
898   0.8990000000000007   0.9066666666666655 
899   0.9000000000000007   0.9066666666666655 
900   0.9010000000000007   0.9066666666666655 
901   0.9020000000000007   0.9066666666666655 
902   0.9030000000000007   0.9066666666666655 
903   0.9040000000000007   0.9066666666666655 
904   0.9050000000000007   0.9066666666666655 
905   0.9060000000000007   0.9066666666666655 
906   0.9070000000000007   0.9066666666666655 
907   0.9080000000000007   0.9066666666666655 
908   0.9090000000000007   0.9066666666666655 
909   0.9100000000000007   0.9066666666666655 
910   0.9110000000000007   0.9066666666666655 
911   0.9120000000000007   0.9066666666666655 
912   0.9130000000000007   0.9066666666666655 
913   0.9140000000000007   0.9066666666666655 
914   0.9150000000000007   0.9066666666666655 
915   0.9150000000000007   0.9199999999999988 
916   0.9170000000000007   0.9199999999999988 
917   0.9180000000000007   0.9199999999999988 
918   0.9190000000000007   0.9199999999999988 
919   0.9200000000000007   0.9199999999999988 
920   0.9210000000000007   0.9199999999999988 
921   0.9220000000000007   0.9199999999999988 
922   0.9230000000000007   0.9199999999999988 
923   0.9240000000000007   0.9199999999999988 
924   0.9240000000000007   0.9333333333333321 
925   0.9260000000000007   0.9333333333333321 
926   0.9270000000000007   0.9333333333333321 
927   0.9280000000000007   0.9333333333333321 
928   0.9290000000000007   0.9333333333333321 
929   0.9300000000000007   0.9333333333333321 
930   0.9310000000000007   0.9333333333333321 
931   0.9320000000000007   0.9333333333333321 
932   0.9330000000000007   0.9333333333333321 
933   0.9340000000000007   0.9333333333333321 
934   0.9340000000000007   0.9466666666666654 
935   0.9360000000000007   0.9466666666666654 
936   0.9370000000000007   0.9466666666666654 
937   0.9380000000000007   0.9466666666666654 
938   0.9390000000000007   0.9466666666666654 
939   0.9400000000000007   0.9466666666666654 
940   0.9410000000000007   0.9466666666666654 
941   0.9420000000000007   0.9466666666666654 
942   0.9430000000000007   0.9466666666666654 
943   0.9440000000000007   0.9466666666666654 
944   0.9440000000000007   0.9599999999999987 
945   0.9460000000000007   0.9599999999999987 
946   0.9470000000000007   0.9599999999999987 
947   0.9480000000000007   0.9599999999999987 
948   0.9490000000000007   0.9599999999999987 
949   0.9500000000000007   0.9599999999999987 
950   0.9510000000000007   0.9599999999999987 
951   0.9520000000000007   0.9599999999999987 
952   0.9530000000000007   0.9599999999999987 
953   0.9540000000000007   0.9599999999999987 
954   0.9550000000000007   0.9599999999999987 
955   0.9560000000000007   0.9599999999999987 
956   0.9570000000000007   0.9599999999999987 
957   0.9580000000000007   0.9599999999999987 
958   0.9590000000000007   0.9599999999999987 
959   0.9600000000000007   0.9599999999999987 
960   0.9610000000000007   0.9599999999999987 
961   0.9620000000000007   0.9599999999999987 
962   0.9630000000000007   0.9599999999999987 
963   0.9630000000000007   0.973333333333332 
964   0.9650000000000007   0.973333333333332 
965   0.9660000000000007   0.973333333333332 
966   0.9670000000000007   0.973333333333332 
967   0.9680000000000007   0.973333333333332 
968   0.9690000000000007   0.973333333333332 
969   0.9700000000000008   0.973333333333332 
970   0.9710000000000008   0.973333333333332 
971   0.9720000000000008   0.973333333333332 
972   0.9730000000000008   0.973333333333332 
973   0.9730000000000008   0.9866666666666654 
974   0.9750000000000008   0.9866666666666654 
975   0.9760000000000008   0.9866666666666654 
976   0.9770000000000008   0.9866666666666654 
977   0.9780000000000008   0.9866666666666654 
978   0.9790000000000008   0.9866666666666654 
979   0.9800000000000008   0.9866666666666654 
980   0.9810000000000008   0.9866666666666654 
981   0.9820000000000008   0.9866666666666654 
982   0.9830000000000008   0.9866666666666654 
983   0.9830000000000008   0.9999999999999987 
984   0.9850000000000008   0.9999999999999987 
985   0.9860000000000008   0.9999999999999987 
986   0.9870000000000008   0.9999999999999987 
987   0.9880000000000008   0.9999999999999987 
988   0.9890000000000008   0.9999999999999987 
989   0.9900000000000008   0.9999999999999987 
990   0.9910000000000008   0.9999999999999987 
991   0.9920000000000008   0.9999999999999987 
992   0.9930000000000008   0.9999999999999987 
993   0.9940000000000008   0.9999999999999987 
994   0.9950000000000008   0.9999999999999987 
995   0.9960000000000008   0.9999999999999987 
996   0.9970000000000008   0.9999999999999987 
997   0.9980000000000008   0.9999999999999987 
998   0.9990000000000008   0.9999999999999987 
999   1.0000000000000007   0.9999999999999987 
