0   0.001   0 
1   0.002   0 
2   0.003   0 
3   0.004   0 
4   0.004   0.015625 
5   0.006   0.015625 
6   0.007   0.015625 
7   0.008   0.015625 
8   0.009000000000000001   0.015625 
9   0.010000000000000002   0.015625 
10   0.011000000000000003   0.015625 
11   0.012000000000000004   0.015625 
12   0.013000000000000005   0.015625 
13   0.014000000000000005   0.015625 
14   0.015000000000000006   0.015625 
15   0.016000000000000007   0.015625 
16   0.017000000000000008   0.015625 
17   0.01800000000000001   0.015625 
18   0.01900000000000001   0.015625 
19   0.02000000000000001   0.015625 
20   0.02100000000000001   0.015625 
21   0.022000000000000013   0.015625 
22   0.023000000000000013   0.015625 
23   0.024000000000000014   0.015625 
24   0.025000000000000015   0.015625 
25   0.025000000000000015   0.03125 
26   0.027000000000000017   0.03125 
27   0.028000000000000018   0.03125 
28   0.02900000000000002   0.03125 
29   0.03000000000000002   0.03125 
30   0.03100000000000002   0.03125 
31   0.03200000000000002   0.03125 
32   0.03300000000000002   0.03125 
33   0.03300000000000002   0.046875 
34   0.035000000000000024   0.046875 
35   0.036000000000000025   0.046875 
36   0.037000000000000026   0.046875 
37   0.03800000000000003   0.046875 
38   0.03900000000000003   0.046875 
39   0.04000000000000003   0.046875 
40   0.04100000000000003   0.046875 
41   0.04200000000000003   0.046875 
42   0.04300000000000003   0.046875 
43   0.04400000000000003   0.046875 
44   0.04500000000000003   0.046875 
45   0.046000000000000034   0.046875 
46   0.047000000000000035   0.046875 
47   0.048000000000000036   0.046875 
48   0.04900000000000004   0.046875 
49   0.05000000000000004   0.046875 
50   0.05100000000000004   0.046875 
51   0.05200000000000004   0.046875 
52   0.05300000000000004   0.046875 
53   0.05400000000000004   0.046875 
54   0.05500000000000004   0.046875 
55   0.05600000000000004   0.046875 
56   0.057000000000000044   0.046875 
57   0.058000000000000045   0.046875 
58   0.058000000000000045   0.0625 
59   0.060000000000000046   0.0625 
60   0.06100000000000005   0.0625 
61   0.06200000000000005   0.0625 
62   0.06300000000000004   0.0625 
63   0.06400000000000004   0.0625 
64   0.06500000000000004   0.0625 
65   0.06600000000000004   0.0625 
66   0.06600000000000004   0.078125 
67   0.06800000000000005   0.078125 
68   0.06900000000000005   0.078125 
69   0.07000000000000005   0.078125 
70   0.07100000000000005   0.078125 
71   0.07200000000000005   0.078125 
72   0.07300000000000005   0.078125 
73   0.07400000000000005   0.078125 
74   0.07500000000000005   0.078125 
75   0.07500000000000005   0.09375 
76   0.07700000000000005   0.09375 
77   0.07800000000000006   0.09375 
78   0.07900000000000006   0.09375 
79   0.08000000000000006   0.09375 
80   0.08100000000000006   0.09375 
81   0.08200000000000006   0.09375 
82   0.08300000000000006   0.09375 
83   0.08400000000000006   0.09375 
84   0.08500000000000006   0.09375 
85   0.08600000000000006   0.09375 
86   0.08700000000000006   0.09375 
87   0.08800000000000006   0.09375 
88   0.08900000000000007   0.09375 
89   0.09000000000000007   0.09375 
90   0.09100000000000007   0.09375 
91   0.09200000000000007   0.09375 
92   0.09300000000000007   0.09375 
93   0.09400000000000007   0.09375 
94   0.09500000000000007   0.09375 
95   0.09600000000000007   0.09375 
96   0.09700000000000007   0.09375 
97   0.09800000000000007   0.09375 
98   0.09900000000000007   0.09375 
99   0.10000000000000007   0.09375 
100   0.10000000000000007   0.109375 
101   0.10200000000000008   0.109375 
102   0.10300000000000008   0.109375 
103   0.10400000000000008   0.109375 
104   0.10500000000000008   0.109375 
105   0.10600000000000008   0.109375 
106   0.10700000000000008   0.109375 
107   0.10800000000000008   0.109375 
108   0.10900000000000008   0.109375 
109   0.10900000000000008   0.125 
110   0.11100000000000008   0.125 
111   0.11200000000000009   0.125 
112   0.11300000000000009   0.125 
113   0.11400000000000009   0.125 
114   0.11500000000000009   0.125 
115   0.11600000000000009   0.125 
116   0.11700000000000009   0.125 
117   0.11800000000000009   0.125 
118   0.11900000000000009   0.125 
119   0.11900000000000009   0.140625 
120   0.1210000000000001   0.140625 
121   0.1220000000000001   0.140625 
122   0.1230000000000001   0.140625 
123   0.1240000000000001   0.140625 
124   0.12500000000000008   0.140625 
125   0.12600000000000008   0.140625 
126   0.12700000000000009   0.140625 
127   0.12800000000000009   0.140625 
128   0.1290000000000001   0.140625 
129   0.1300000000000001   0.140625 
130   0.1310000000000001   0.140625 
131   0.1320000000000001   0.140625 
132   0.1330000000000001   0.140625 
133   0.1340000000000001   0.140625 
134   0.1350000000000001   0.140625 
135   0.1360000000000001   0.140625 
136   0.1370000000000001   0.140625 
137   0.1380000000000001   0.140625 
138   0.1390000000000001   0.140625 
139   0.1400000000000001   0.140625 
140   0.1410000000000001   0.140625 
141   0.1420000000000001   0.140625 
142   0.1430000000000001   0.140625 
143   0.1440000000000001   0.140625 
144   0.1450000000000001   0.140625 
145   0.1460000000000001   0.140625 
146   0.1470000000000001   0.140625 
147   0.1480000000000001   0.140625 
148   0.1480000000000001   0.15625 
149   0.1500000000000001   0.15625 
150   0.1510000000000001   0.15625 
151   0.1520000000000001   0.15625 
152   0.1530000000000001   0.15625 
153   0.1540000000000001   0.15625 
154   0.1550000000000001   0.15625 
155   0.1560000000000001   0.15625 
156   0.1570000000000001   0.15625 
157   0.1570000000000001   0.171875 
158   0.1590000000000001   0.171875 
159   0.16000000000000011   0.171875 
160   0.16100000000000012   0.171875 
161   0.16200000000000012   0.171875 
162   0.16300000000000012   0.171875 
163   0.16400000000000012   0.171875 
164   0.16500000000000012   0.171875 
165   0.16600000000000012   0.171875 
166   0.16700000000000012   0.171875 
167   0.16800000000000012   0.171875 
168   0.16900000000000012   0.171875 
169   0.17000000000000012   0.171875 
170   0.17100000000000012   0.171875 
171   0.17200000000000013   0.171875 
172   0.17300000000000013   0.171875 
173   0.17400000000000013   0.171875 
174   0.17500000000000013   0.171875 
175   0.17600000000000013   0.171875 
176   0.17700000000000013   0.171875 
177   0.17800000000000013   0.171875 
178   0.17900000000000013   0.171875 
179   0.18000000000000013   0.171875 
180   0.18100000000000013   0.171875 
181   0.18200000000000013   0.171875 
182   0.18300000000000013   0.171875 
183   0.18400000000000014   0.171875 
184   0.18500000000000014   0.171875 
185   0.18600000000000014   0.171875 
186   0.18600000000000014   0.1875 
187   0.18800000000000014   0.1875 
188   0.18900000000000014   0.1875 
189   0.19000000000000014   0.1875 
190   0.19100000000000014   0.1875 
191   0.19200000000000014   0.1875 
192   0.19300000000000014   0.1875 
193   0.19400000000000014   0.1875 
194   0.19500000000000015   0.1875 
195   0.19600000000000015   0.1875 
196   0.19700000000000015   0.1875 
197   0.19800000000000015   0.1875 
198   0.19900000000000015   0.1875 
199   0.20000000000000015   0.1875 
200   0.20100000000000015   0.1875 
201   0.20200000000000015   0.1875 
202   0.20300000000000015   0.1875 
203   0.20400000000000015   0.1875 
204   0.20500000000000015   0.1875 
205   0.20600000000000016   0.1875 
206   0.20700000000000016   0.1875 
207   0.20800000000000016   0.1875 
208   0.20900000000000016   0.1875 
209   0.21000000000000016   0.1875 
210   0.21100000000000016   0.1875 
211   0.21200000000000016   0.1875 
212   0.21300000000000016   0.1875 
213   0.21400000000000016   0.1875 
214   0.21500000000000016   0.1875 
215   0.21600000000000016   0.1875 
216   0.21700000000000016   0.1875 
217   0.21800000000000017   0.1875 
218   0.21900000000000017   0.1875 
219   0.21900000000000017   0.203125 
220   0.22100000000000017   0.203125 
221   0.22200000000000017   0.203125 
222   0.22300000000000017   0.203125 
223   0.22400000000000017   0.203125 
224   0.22500000000000017   0.203125 
225   0.22600000000000017   0.203125 
226   0.22700000000000017   0.203125 
227   0.22800000000000017   0.203125 
228   0.22900000000000018   0.203125 
229   0.23000000000000018   0.203125 
230   0.23100000000000018   0.203125 
231   0.23200000000000018   0.203125 
232   0.23300000000000018   0.203125 
233   0.23400000000000018   0.203125 
234   0.23500000000000018   0.203125 
235   0.23600000000000018   0.203125 
236   0.23700000000000018   0.203125 
237   0.23800000000000018   0.203125 
238   0.23900000000000018   0.203125 
239   0.24000000000000019   0.203125 
240   0.2410000000000002   0.203125 
241   0.2420000000000002   0.203125 
242   0.2420000000000002   0.21875 
243   0.2440000000000002   0.21875 
244   0.2450000000000002   0.21875 
245   0.2460000000000002   0.21875 
246   0.2470000000000002   0.21875 
247   0.2480000000000002   0.21875 
248   0.2490000000000002   0.21875 
249   0.25000000000000017   0.21875 
250   0.25100000000000017   0.21875 
251   0.25100000000000017   0.234375 
252   0.25300000000000017   0.234375 
253   0.25400000000000017   0.234375 
254   0.25500000000000017   0.234375 
255   0.25600000000000017   0.234375 
256   0.2570000000000002   0.234375 
257   0.2580000000000002   0.234375 
258   0.2590000000000002   0.234375 
259   0.2600000000000002   0.234375 
260   0.2610000000000002   0.234375 
261   0.2620000000000002   0.234375 
262   0.2630000000000002   0.234375 
263   0.2640000000000002   0.234375 
264   0.2650000000000002   0.234375 
265   0.2660000000000002   0.234375 
266   0.2670000000000002   0.234375 
267   0.2680000000000002   0.234375 
268   0.2690000000000002   0.234375 
269   0.2700000000000002   0.234375 
270   0.2710000000000002   0.234375 
271   0.2720000000000002   0.234375 
272   0.2730000000000002   0.234375 
273   0.2740000000000002   0.234375 
274   0.2750000000000002   0.234375 
275   0.2760000000000002   0.234375 
276   0.2760000000000002   0.25 
277   0.2780000000000002   0.25 
278   0.2790000000000002   0.25 
279   0.2800000000000002   0.25 
280   0.2810000000000002   0.25 
281   0.2820000000000002   0.25 
282   0.2830000000000002   0.25 
283   0.2840000000000002   0.25 
284   0.2850000000000002   0.25 
285   0.2860000000000002   0.25 
286   0.2860000000000002   0.265625 
287   0.2880000000000002   0.265625 
288   0.2890000000000002   0.265625 
289   0.2900000000000002   0.265625 
290   0.2910000000000002   0.265625 
291   0.2920000000000002   0.265625 
292   0.2930000000000002   0.265625 
293   0.2940000000000002   0.265625 
294   0.2950000000000002   0.265625 
295   0.2950000000000002   0.28125 
296   0.2970000000000002   0.28125 
297   0.2980000000000002   0.28125 
298   0.2990000000000002   0.28125 
299   0.3000000000000002   0.28125 
300   0.3010000000000002   0.28125 
301   0.3020000000000002   0.28125 
302   0.3030000000000002   0.28125 
303   0.3040000000000002   0.28125 
304   0.3050000000000002   0.28125 
305   0.3060000000000002   0.28125 
306   0.3070000000000002   0.28125 
307   0.3080000000000002   0.28125 
308   0.3090000000000002   0.28125 
309   0.3100000000000002   0.28125 
310   0.3110000000000002   0.28125 
311   0.3120000000000002   0.28125 
312   0.3130000000000002   0.28125 
313   0.3140000000000002   0.28125 
314   0.3150000000000002   0.28125 
315   0.3160000000000002   0.28125 
316   0.3170000000000002   0.28125 
317   0.3180000000000002   0.28125 
318   0.31900000000000023   0.28125 
319   0.32000000000000023   0.28125 
320   0.32100000000000023   0.28125 
321   0.32100000000000023   0.296875 
322   0.32300000000000023   0.296875 
323   0.32400000000000023   0.296875 
324   0.32500000000000023   0.296875 
325   0.32600000000000023   0.296875 
326   0.32700000000000023   0.296875 
327   0.32800000000000024   0.296875 
328   0.32900000000000024   0.296875 
329   0.33000000000000024   0.296875 
330   0.33100000000000024   0.296875 
331   0.33200000000000024   0.296875 
332   0.33300000000000024   0.296875 
333   0.33300000000000024   0.3125 
334   0.33500000000000024   0.3125 
335   0.33600000000000024   0.3125 
336   0.33700000000000024   0.3125 
337   0.33800000000000024   0.3125 
338   0.33900000000000025   0.3125 
339   0.34000000000000025   0.3125 
340   0.34100000000000025   0.3125 
341   0.34200000000000025   0.3125 
342   0.34300000000000025   0.3125 
343   0.34300000000000025   0.328125 
344   0.34500000000000025   0.328125 
345   0.34600000000000025   0.328125 
346   0.34700000000000025   0.328125 
347   0.34800000000000025   0.328125 
348   0.34900000000000025   0.328125 
349   0.35000000000000026   0.328125 
350   0.35100000000000026   0.328125 
351   0.35200000000000026   0.328125 
352   0.35200000000000026   0.34375 
353   0.35400000000000026   0.34375 
354   0.35500000000000026   0.34375 
355   0.35600000000000026   0.34375 
356   0.35700000000000026   0.34375 
357   0.35800000000000026   0.34375 
358   0.35900000000000026   0.34375 
359   0.36000000000000026   0.34375 
360   0.36100000000000027   0.34375 
361   0.36200000000000027   0.34375 
362   0.36300000000000027   0.34375 
363   0.36400000000000027   0.34375 
364   0.36500000000000027   0.34375 
365   0.36600000000000027   0.34375 
366   0.36700000000000027   0.34375 
367   0.36800000000000027   0.34375 
368   0.36900000000000027   0.34375 
369   0.3700000000000003   0.34375 
370   0.3710000000000003   0.34375 
371   0.3720000000000003   0.34375 
372   0.3730000000000003   0.34375 
373   0.3740000000000003   0.34375 
374   0.3750000000000003   0.34375 
375   0.3760000000000003   0.34375 
376   0.3770000000000003   0.34375 
377   0.3780000000000003   0.34375 
378   0.3790000000000003   0.34375 
379   0.3790000000000003   0.359375 
380   0.3810000000000003   0.359375 
381   0.3820000000000003   0.359375 
382   0.3830000000000003   0.359375 
383   0.3840000000000003   0.359375 
384   0.3850000000000003   0.359375 
385   0.3860000000000003   0.359375 
386   0.3870000000000003   0.359375 
387   0.3880000000000003   0.359375 
388   0.3890000000000003   0.359375 
389   0.3900000000000003   0.359375 
390   0.3910000000000003   0.359375 
391   0.3910000000000003   0.375 
392   0.3930000000000003   0.375 
393   0.3940000000000003   0.375 
394   0.3950000000000003   0.375 
395   0.3960000000000003   0.375 
396   0.3970000000000003   0.375 
397   0.3980000000000003   0.375 
398   0.3990000000000003   0.375 
399   0.4000000000000003   0.375 
400   0.4010000000000003   0.375 
401   0.4010000000000003   0.390625 
402   0.4030000000000003   0.390625 
403   0.4040000000000003   0.390625 
404   0.4050000000000003   0.390625 
405   0.4060000000000003   0.390625 
406   0.4070000000000003   0.390625 
407   0.4080000000000003   0.390625 
408   0.4090000000000003   0.390625 
409   0.4100000000000003   0.390625 
410   0.4100000000000003   0.40625 
411   0.4120000000000003   0.40625 
412   0.4130000000000003   0.40625 
413   0.4140000000000003   0.40625 
414   0.4150000000000003   0.40625 
415   0.4160000000000003   0.40625 
416   0.4170000000000003   0.40625 
417   0.4180000000000003   0.40625 
418   0.4190000000000003   0.40625 
419   0.4200000000000003   0.40625 
420   0.4200000000000003   0.421875 
421   0.4220000000000003   0.421875 
422   0.4230000000000003   0.421875 
423   0.4240000000000003   0.421875 
424   0.4250000000000003   0.421875 
425   0.4260000000000003   0.421875 
426   0.4270000000000003   0.421875 
427   0.4280000000000003   0.421875 
428   0.4290000000000003   0.421875 
429   0.4300000000000003   0.421875 
430   0.4310000000000003   0.421875 
431   0.43200000000000033   0.421875 
432   0.43300000000000033   0.421875 
433   0.43400000000000033   0.421875 
434   0.43500000000000033   0.421875 
435   0.43600000000000033   0.421875 
436   0.43700000000000033   0.421875 
437   0.43800000000000033   0.421875 
438   0.43900000000000033   0.421875 
439   0.44000000000000034   0.421875 
440   0.44100000000000034   0.421875 
441   0.44200000000000034   0.421875 
442   0.44300000000000034   0.421875 
443   0.44400000000000034   0.421875 
444   0.44500000000000034   0.421875 
445   0.44500000000000034   0.4375 
446   0.44700000000000034   0.4375 
447   0.44800000000000034   0.4375 
448   0.44900000000000034   0.4375 
449   0.45000000000000034   0.4375 
450   0.45100000000000035   0.4375 
451   0.45200000000000035   0.4375 
452   0.45300000000000035   0.4375 
453   0.45400000000000035   0.4375 
454   0.45500000000000035   0.4375 
455   0.45500000000000035   0.453125 
456   0.45700000000000035   0.453125 
457   0.45800000000000035   0.453125 
458   0.45900000000000035   0.453125 
459   0.46000000000000035   0.453125 
460   0.46100000000000035   0.453125 
461   0.46200000000000035   0.453125 
462   0.46300000000000036   0.453125 
463   0.46400000000000036   0.453125 
464   0.46500000000000036   0.453125 
465   0.46500000000000036   0.46875 
466   0.46700000000000036   0.46875 
467   0.46800000000000036   0.46875 
468   0.46900000000000036   0.46875 
469   0.47000000000000036   0.46875 
470   0.47100000000000036   0.46875 
471   0.47200000000000036   0.46875 
472   0.47300000000000036   0.46875 
473   0.47400000000000037   0.46875 
474   0.47400000000000037   0.484375 
475   0.47600000000000037   0.484375 
476   0.47700000000000037   0.484375 
477   0.47800000000000037   0.484375 
478   0.47900000000000037   0.484375 
479   0.48000000000000037   0.484375 
480   0.48100000000000037   0.484375 
481   0.4820000000000004   0.484375 
482   0.4830000000000004   0.484375 
483   0.4840000000000004   0.484375 
484   0.4840000000000004   0.5 
485   0.4860000000000004   0.5 
486   0.4870000000000004   0.5 
487   0.4880000000000004   0.5 
488   0.4890000000000004   0.5 
489   0.4900000000000004   0.5 
490   0.4910000000000004   0.5 
491   0.4920000000000004   0.5 
492   0.4930000000000004   0.5 
493   0.4940000000000004   0.5 
494   0.4950000000000004   0.5 
495   0.4960000000000004   0.5 
496   0.4970000000000004   0.5 
497   0.4980000000000004   0.5 
498   0.4990000000000004   0.5 
499   0.5000000000000003   0.5 
500   0.5010000000000003   0.5 
501   0.5020000000000003   0.5 
502   0.5030000000000003   0.5 
503   0.5040000000000003   0.5 
504   0.5050000000000003   0.5 
505   0.5060000000000003   0.5 
506   0.5070000000000003   0.5 
507   0.5080000000000003   0.5 
508   0.5090000000000003   0.5 
509   0.5100000000000003   0.5 
510   0.5110000000000003   0.5 
511   0.5120000000000003   0.5 
512   0.5130000000000003   0.5 
513   0.5140000000000003   0.5 
514   0.5140000000000003   0.515625 
515   0.5160000000000003   0.515625 
516   0.5170000000000003   0.515625 
517   0.5180000000000003   0.515625 
518   0.5190000000000003   0.515625 
519   0.5200000000000004   0.515625 
520   0.5210000000000004   0.515625 
521   0.5220000000000004   0.515625 
522   0.5230000000000004   0.515625 
523   0.5230000000000004   0.53125 
524   0.5250000000000004   0.53125 
525   0.5260000000000004   0.53125 
526   0.5270000000000004   0.53125 
527   0.5280000000000004   0.53125 
528   0.5290000000000004   0.53125 
529   0.5300000000000004   0.53125 
530   0.5310000000000004   0.53125 
531   0.5320000000000004   0.53125 
532   0.5330000000000004   0.53125 
533   0.5330000000000004   0.546875 
534   0.5350000000000004   0.546875 
535   0.5360000000000004   0.546875 
536   0.5370000000000004   0.546875 
537   0.5380000000000004   0.546875 
538   0.5390000000000004   0.546875 
539   0.5400000000000004   0.546875 
540   0.5410000000000004   0.546875 
541   0.5420000000000004   0.546875 
542   0.5430000000000004   0.546875 
543   0.5430000000000004   0.5625 
544   0.5450000000000004   0.5625 
545   0.5460000000000004   0.5625 
546   0.5470000000000004   0.5625 
547   0.5480000000000004   0.5625 
548   0.5490000000000004   0.5625 
549   0.5500000000000004   0.5625 
550   0.5510000000000004   0.5625 
551   0.5520000000000004   0.5625 
552   0.5530000000000004   0.5625 
553   0.5540000000000004   0.5625 
554   0.5550000000000004   0.5625 
555   0.5560000000000004   0.5625 
556   0.5570000000000004   0.5625 
557   0.5580000000000004   0.5625 
558   0.5590000000000004   0.5625 
559   0.5600000000000004   0.5625 
560   0.5610000000000004   0.5625 
561   0.5620000000000004   0.5625 
562   0.5630000000000004   0.5625 
563   0.5640000000000004   0.5625 
564   0.5650000000000004   0.5625 
565   0.5660000000000004   0.5625 
566   0.5670000000000004   0.5625 
567   0.5680000000000004   0.5625 
568   0.5690000000000004   0.5625 
569   0.5700000000000004   0.5625 
570   0.5710000000000004   0.5625 
571   0.5720000000000004   0.5625 
572   0.5720000000000004   0.578125 
573   0.5740000000000004   0.578125 
574   0.5750000000000004   0.578125 
575   0.5760000000000004   0.578125 
576   0.5770000000000004   0.578125 
577   0.5780000000000004   0.578125 
578   0.5790000000000004   0.578125 
579   0.5800000000000004   0.578125 
580   0.5810000000000004   0.578125 
581   0.5820000000000004   0.578125 
582   0.5820000000000004   0.59375 
583   0.5840000000000004   0.59375 
584   0.5850000000000004   0.59375 
585   0.5860000000000004   0.59375 
586   0.5870000000000004   0.59375 
587   0.5880000000000004   0.59375 
588   0.5890000000000004   0.59375 
589   0.5900000000000004   0.59375 
590   0.5910000000000004   0.59375 
591   0.5910000000000004   0.609375 
592   0.5930000000000004   0.609375 
593   0.5940000000000004   0.609375 
594   0.5950000000000004   0.609375 
595   0.5960000000000004   0.609375 
596   0.5970000000000004   0.609375 
597   0.5980000000000004   0.609375 
598   0.5990000000000004   0.609375 
599   0.6000000000000004   0.609375 
600   0.6010000000000004   0.609375 
601   0.6020000000000004   0.609375 
602   0.6030000000000004   0.609375 
603   0.6040000000000004   0.609375 
604   0.6050000000000004   0.609375 
605   0.6060000000000004   0.609375 
606   0.6070000000000004   0.609375 
607   0.6080000000000004   0.609375 
608   0.6090000000000004   0.609375 
609   0.6100000000000004   0.609375 
610   0.6110000000000004   0.609375 
611   0.6120000000000004   0.609375 
612   0.6130000000000004   0.609375 
613   0.6140000000000004   0.609375 
614   0.6150000000000004   0.609375 
615   0.6160000000000004   0.609375 
616   0.6170000000000004   0.609375 
617   0.6180000000000004   0.609375 
618   0.6190000000000004   0.609375 
619   0.6200000000000004   0.609375 
620   0.6210000000000004   0.609375 
621   0.6220000000000004   0.609375 
622   0.6230000000000004   0.609375 
623   0.6240000000000004   0.609375 
624   0.6250000000000004   0.609375 
625   0.6250000000000004   0.625 
626   0.6270000000000004   0.625 
627   0.6280000000000004   0.625 
628   0.6290000000000004   0.625 
629   0.6300000000000004   0.625 
630   0.6310000000000004   0.625 
631   0.6320000000000005   0.625 
632   0.6330000000000005   0.625 
633   0.6340000000000005   0.625 
634   0.6340000000000005   0.640625 
635   0.6360000000000005   0.640625 
636   0.6370000000000005   0.640625 
637   0.6380000000000005   0.640625 
638   0.6390000000000005   0.640625 
639   0.6400000000000005   0.640625 
640   0.6410000000000005   0.640625 
641   0.6420000000000005   0.640625 
642   0.6430000000000005   0.640625 
643   0.6440000000000005   0.640625 
644   0.6440000000000005   0.65625 
645   0.6460000000000005   0.65625 
646   0.6470000000000005   0.65625 
647   0.6480000000000005   0.65625 
648   0.6490000000000005   0.65625 
649   0.6500000000000005   0.65625 
650   0.6510000000000005   0.65625 
651   0.6520000000000005   0.65625 
652   0.6530000000000005   0.65625 
653   0.6540000000000005   0.65625 
654   0.6550000000000005   0.65625 
655   0.6560000000000005   0.65625 
656   0.6570000000000005   0.65625 
657   0.6580000000000005   0.65625 
658   0.6590000000000005   0.65625 
659   0.6600000000000005   0.65625 
660   0.6610000000000005   0.65625 
661   0.6620000000000005   0.65625 
662   0.6630000000000005   0.65625 
663   0.6640000000000005   0.65625 
664   0.6650000000000005   0.65625 
665   0.6660000000000005   0.65625 
666   0.6670000000000005   0.65625 
667   0.6680000000000005   0.65625 
668   0.6690000000000005   0.65625 
669   0.6700000000000005   0.65625 
670   0.6700000000000005   0.671875 
671   0.6720000000000005   0.671875 
672   0.6730000000000005   0.671875 
673   0.6740000000000005   0.671875 
674   0.6750000000000005   0.671875 
675   0.6760000000000005   0.671875 
676   0.6770000000000005   0.671875 
677   0.6780000000000005   0.671875 
678   0.6790000000000005   0.671875 
679   0.6790000000000005   0.6875 
680   0.6810000000000005   0.6875 
681   0.6820000000000005   0.6875 
682   0.6830000000000005   0.6875 
683   0.6840000000000005   0.6875 
684   0.6850000000000005   0.6875 
685   0.6860000000000005   0.6875 
686   0.6870000000000005   0.6875 
687   0.6880000000000005   0.6875 
688   0.6890000000000005   0.6875 
689   0.6890000000000005   0.703125 
690   0.6910000000000005   0.703125 
691   0.6920000000000005   0.703125 
692   0.6930000000000005   0.703125 
693   0.6940000000000005   0.703125 
694   0.6950000000000005   0.703125 
695   0.6960000000000005   0.703125 
696   0.6970000000000005   0.703125 
697   0.6980000000000005   0.703125 
698   0.6980000000000005   0.71875 
699   0.7000000000000005   0.71875 
700   0.7010000000000005   0.71875 
701   0.7020000000000005   0.71875 
702   0.7030000000000005   0.71875 
703   0.7040000000000005   0.71875 
704   0.7050000000000005   0.71875 
705   0.7060000000000005   0.71875 
706   0.7070000000000005   0.71875 
707   0.7080000000000005   0.71875 
708   0.7090000000000005   0.71875 
709   0.7100000000000005   0.71875 
710   0.7110000000000005   0.71875 
711   0.7120000000000005   0.71875 
712   0.7130000000000005   0.71875 
713   0.7140000000000005   0.71875 
714   0.7150000000000005   0.71875 
715   0.7160000000000005   0.71875 
716   0.7170000000000005   0.71875 
717   0.7180000000000005   0.71875 
718   0.7190000000000005   0.71875 
719   0.7200000000000005   0.71875 
720   0.7210000000000005   0.71875 
721   0.7220000000000005   0.71875 
722   0.7230000000000005   0.71875 
723   0.7240000000000005   0.71875 
724   0.7250000000000005   0.71875 
725   0.7260000000000005   0.71875 
726   0.7270000000000005   0.71875 
727   0.7280000000000005   0.71875 
728   0.7290000000000005   0.71875 
729   0.7300000000000005   0.71875 
730   0.7310000000000005   0.71875 
731   0.7320000000000005   0.71875 
732   0.7330000000000005   0.71875 
733   0.7340000000000005   0.71875 
734   0.7340000000000005   0.734375 
735   0.7360000000000005   0.734375 
736   0.7370000000000005   0.734375 
737   0.7380000000000005   0.734375 
738   0.7390000000000005   0.734375 
739   0.7400000000000005   0.734375 
740   0.7410000000000005   0.734375 
741   0.7420000000000005   0.734375 
742   0.7430000000000005   0.734375 
743   0.7440000000000005   0.734375 
744   0.7440000000000005   0.75 
745   0.7460000000000006   0.75 
746   0.7470000000000006   0.75 
747   0.7480000000000006   0.75 
748   0.7490000000000006   0.75 
749   0.7500000000000006   0.75 
750   0.7510000000000006   0.75 
751   0.7520000000000006   0.75 
752   0.7530000000000006   0.75 
753   0.7530000000000006   0.765625 
754   0.7550000000000006   0.765625 
755   0.7560000000000006   0.765625 
756   0.7570000000000006   0.765625 
757   0.7580000000000006   0.765625 
758   0.7590000000000006   0.765625 
759   0.7600000000000006   0.765625 
760   0.7610000000000006   0.765625 
761   0.7620000000000006   0.765625 
762   0.7630000000000006   0.765625 
763   0.7630000000000006   0.78125 
764   0.7650000000000006   0.78125 
765   0.7660000000000006   0.78125 
766   0.7670000000000006   0.78125 
767   0.7680000000000006   0.78125 
768   0.7690000000000006   0.78125 
769   0.7700000000000006   0.78125 
770   0.7710000000000006   0.78125 
771   0.7720000000000006   0.78125 
772   0.7730000000000006   0.78125 
773   0.7740000000000006   0.78125 
774   0.7750000000000006   0.78125 
775   0.7760000000000006   0.78125 
776   0.7770000000000006   0.78125 
777   0.7780000000000006   0.78125 
778   0.7790000000000006   0.78125 
779   0.7800000000000006   0.78125 
780   0.7810000000000006   0.78125 
781   0.7820000000000006   0.78125 
782   0.7830000000000006   0.78125 
783   0.7840000000000006   0.78125 
784   0.7850000000000006   0.78125 
785   0.7860000000000006   0.78125 
786   0.7870000000000006   0.78125 
787   0.7880000000000006   0.78125 
788   0.7880000000000006   0.796875 
789   0.7900000000000006   0.796875 
790   0.7910000000000006   0.796875 
791   0.7920000000000006   0.796875 
792   0.7930000000000006   0.796875 
793   0.7940000000000006   0.796875 
794   0.7950000000000006   0.796875 
795   0.7960000000000006   0.796875 
796   0.7970000000000006   0.796875 
797   0.7980000000000006   0.796875 
798   0.7980000000000006   0.8125 
799   0.8000000000000006   0.8125 
800   0.8010000000000006   0.8125 
801   0.8020000000000006   0.8125 
802   0.8030000000000006   0.8125 
803   0.8040000000000006   0.8125 
804   0.8050000000000006   0.8125 
805   0.8060000000000006   0.8125 
806   0.8070000000000006   0.8125 
807   0.8080000000000006   0.8125 
808   0.8080000000000006   0.828125 
809   0.8100000000000006   0.828125 
810   0.8110000000000006   0.828125 
811   0.8120000000000006   0.828125 
812   0.8130000000000006   0.828125 
813   0.8140000000000006   0.828125 
814   0.8150000000000006   0.828125 
815   0.8160000000000006   0.828125 
816   0.8170000000000006   0.828125 
817   0.8170000000000006   0.84375 
818   0.8190000000000006   0.84375 
819   0.8200000000000006   0.84375 
820   0.8210000000000006   0.84375 
821   0.8220000000000006   0.84375 
822   0.8230000000000006   0.84375 
823   0.8240000000000006   0.84375 
824   0.8250000000000006   0.84375 
825   0.8260000000000006   0.84375 
826   0.8270000000000006   0.84375 
827   0.8270000000000006   0.859375 
828   0.8290000000000006   0.859375 
829   0.8300000000000006   0.859375 
830   0.8310000000000006   0.859375 
831   0.8320000000000006   0.859375 
832   0.8330000000000006   0.859375 
833   0.8340000000000006   0.859375 
834   0.8350000000000006   0.859375 
835   0.8360000000000006   0.859375 
836   0.8370000000000006   0.859375 
837   0.8380000000000006   0.859375 
838   0.8390000000000006   0.859375 
839   0.8400000000000006   0.859375 
840   0.8410000000000006   0.859375 
841   0.8420000000000006   0.859375 
842   0.8430000000000006   0.859375 
843   0.8440000000000006   0.859375 
844   0.8450000000000006   0.859375 
845   0.8460000000000006   0.859375 
846   0.8470000000000006   0.859375 
847   0.8480000000000006   0.859375 
848   0.8490000000000006   0.859375 
849   0.8500000000000006   0.859375 
850   0.8510000000000006   0.859375 
851   0.8520000000000006   0.859375 
852   0.8530000000000006   0.859375 
853   0.8540000000000006   0.859375 
854   0.8550000000000006   0.859375 
855   0.8560000000000006   0.859375 
856   0.8570000000000007   0.859375 
857   0.8570000000000007   0.875 
858   0.8590000000000007   0.875 
859   0.8600000000000007   0.875 
860   0.8610000000000007   0.875 
861   0.8620000000000007   0.875 
862   0.8630000000000007   0.875 
863   0.8640000000000007   0.875 
864   0.8650000000000007   0.875 
865   0.8660000000000007   0.875 
866   0.8660000000000007   0.890625 
867   0.8680000000000007   0.890625 
868   0.8690000000000007   0.890625 
869   0.8700000000000007   0.890625 
870   0.8710000000000007   0.890625 
871   0.8720000000000007   0.890625 
872   0.8730000000000007   0.890625 
873   0.8740000000000007   0.890625 
874   0.8750000000000007   0.890625 
875   0.8760000000000007   0.890625 
876   0.8760000000000007   0.90625 
877   0.8780000000000007   0.90625 
878   0.8790000000000007   0.90625 
879   0.8800000000000007   0.90625 
880   0.8810000000000007   0.90625 
881   0.8820000000000007   0.90625 
882   0.8830000000000007   0.90625 
883   0.8840000000000007   0.90625 
884   0.8850000000000007   0.90625 
885   0.8860000000000007   0.90625 
886   0.8860000000000007   0.921875 
887   0.8880000000000007   0.921875 
888   0.8890000000000007   0.921875 
889   0.8900000000000007   0.921875 
890   0.8910000000000007   0.921875 
891   0.8920000000000007   0.921875 
892   0.8930000000000007   0.921875 
893   0.8940000000000007   0.921875 
894   0.8950000000000007   0.921875 
895   0.8960000000000007   0.921875 
896   0.8970000000000007   0.921875 
897   0.8980000000000007   0.921875 
898   0.8990000000000007   0.921875 
899   0.9000000000000007   0.921875 
900   0.9010000000000007   0.921875 
901   0.9020000000000007   0.921875 
902   0.9030000000000007   0.921875 
903   0.9040000000000007   0.921875 
904   0.9050000000000007   0.921875 
905   0.9060000000000007   0.921875 
906   0.9070000000000007   0.921875 
907   0.9080000000000007   0.921875 
908   0.9090000000000007   0.921875 
909   0.9100000000000007   0.921875 
910   0.9110000000000007   0.921875 
911   0.9120000000000007   0.921875 
912   0.9130000000000007   0.921875 
913   0.9140000000000007   0.921875 
914   0.9150000000000007   0.921875 
915   0.9150000000000007   0.9375 
916   0.9170000000000007   0.9375 
917   0.9180000000000007   0.9375 
918   0.9190000000000007   0.9375 
919   0.9200000000000007   0.9375 
920   0.9210000000000007   0.9375 
921   0.9220000000000007   0.9375 
922   0.9230000000000007   0.9375 
923   0.9240000000000007   0.9375 
924   0.9250000000000007   0.9375 
925   0.9250000000000007   0.953125 
926   0.9270000000000007   0.953125 
927   0.9280000000000007   0.953125 
928   0.9290000000000007   0.953125 
929   0.9300000000000007   0.953125 
930   0.9310000000000007   0.953125 
931   0.9320000000000007   0.953125 
932   0.9330000000000007   0.953125 
933   0.9340000000000007   0.953125 
934   0.9340000000000007   0.96875 
935   0.9360000000000007   0.96875 
936   0.9370000000000007   0.96875 
937   0.9380000000000007   0.96875 
938   0.9390000000000007   0.96875 
939   0.9400000000000007   0.96875 
940   0.9410000000000007   0.96875 
941   0.9420000000000007   0.96875 
942   0.9430000000000007   0.96875 
943   0.9440000000000007   0.96875 
944   0.9450000000000007   0.96875 
945   0.9460000000000007   0.96875 
946   0.9470000000000007   0.96875 
947   0.9480000000000007   0.96875 
948   0.9490000000000007   0.96875 
949   0.9500000000000007   0.96875 
950   0.9510000000000007   0.96875 
951   0.9520000000000007   0.96875 
952   0.9530000000000007   0.96875 
953   0.9540000000000007   0.96875 
954   0.9550000000000007   0.96875 
955   0.9560000000000007   0.96875 
956   0.9570000000000007   0.96875 
957   0.9580000000000007   0.96875 
958   0.9590000000000007   0.96875 
959   0.9600000000000007   0.96875 
960   0.9610000000000007   0.96875 
961   0.9620000000000007   0.96875 
962   0.9630000000000007   0.96875 
963   0.9630000000000007   0.984375 
964   0.9650000000000007   0.984375 
965   0.9660000000000007   0.984375 
966   0.9670000000000007   0.984375 
967   0.9680000000000007   0.984375 
968   0.9690000000000007   0.984375 
969   0.9700000000000008   0.984375 
970   0.9710000000000008   0.984375 
971   0.9720000000000008   0.984375 
972   0.9730000000000008   0.984375 
973   0.9730000000000008   1 
974   0.9750000000000008   1 
975   0.9760000000000008   1 
976   0.9770000000000008   1 
977   0.9780000000000008   1 
978   0.9790000000000008   1 
979   0.9800000000000008   1 
980   0.9810000000000008   1 
981   0.9820000000000008   1 
982   0.9830000000000008   1 
983   0.9840000000000008   1 
984   0.9850000000000008   1 
985   0.9860000000000008   1 
986   0.9870000000000008   1 
987   0.9880000000000008   1 
988   0.9890000000000008   1 
989   0.9900000000000008   1 
990   0.9910000000000008   1 
991   0.9920000000000008   1 
992   0.9930000000000008   1 
993   0.9940000000000008   1 
994   0.9950000000000008   1 
995   0.9960000000000008   1 
996   0.9970000000000008   1 
997   0.9980000000000008   1 
998   0.9990000000000008   1 
999   1.0000000000000007   1 
