0   0.001   0 
1   0.001   0.14285714285714285 
2   0.002   0.21428571428571427 
3   0.003   0.2857142857142857 
4   0.005   0.2857142857142857 
5   0.006   0.2857142857142857 
6   0.007   0.2857142857142857 
7   0.008   0.2857142857142857 
8   0.009000000000000001   0.2857142857142857 
9   0.010000000000000002   0.2857142857142857 
10   0.011000000000000003   0.2857142857142857 
11   0.012000000000000004   0.2857142857142857 
12   0.013000000000000005   0.2857142857142857 
13   0.014000000000000005   0.2857142857142857 
14   0.015000000000000006   0.2857142857142857 
15   0.016000000000000007   0.2857142857142857 
16   0.017000000000000008   0.2857142857142857 
17   0.01800000000000001   0.2857142857142857 
18   0.01900000000000001   0.2857142857142857 
19   0.02000000000000001   0.2857142857142857 
20   0.02100000000000001   0.2857142857142857 
21   0.022000000000000013   0.2857142857142857 
22   0.023000000000000013   0.2857142857142857 
23   0.023000000000000013   0.3571428571428571 
24   0.025000000000000015   0.3571428571428571 
25   0.026000000000000016   0.3571428571428571 
26   0.027000000000000017   0.3571428571428571 
27   0.028000000000000018   0.3571428571428571 
28   0.02900000000000002   0.3571428571428571 
29   0.03000000000000002   0.3571428571428571 
30   0.03100000000000002   0.3571428571428571 
31   0.03200000000000002   0.3571428571428571 
32   0.03300000000000002   0.3571428571428571 
33   0.03400000000000002   0.3571428571428571 
34   0.035000000000000024   0.3571428571428571 
35   0.036000000000000025   0.3571428571428571 
36   0.037000000000000026   0.3571428571428571 
37   0.03800000000000003   0.3571428571428571 
38   0.03900000000000003   0.3571428571428571 
39   0.04000000000000003   0.3571428571428571 
40   0.04100000000000003   0.3571428571428571 
41   0.04200000000000003   0.3571428571428571 
42   0.04300000000000003   0.3571428571428571 
43   0.04400000000000003   0.3571428571428571 
44   0.04500000000000003   0.3571428571428571 
45   0.046000000000000034   0.3571428571428571 
46   0.047000000000000035   0.3571428571428571 
47   0.048000000000000036   0.3571428571428571 
48   0.04900000000000004   0.3571428571428571 
49   0.05000000000000004   0.3571428571428571 
50   0.05100000000000004   0.3571428571428571 
51   0.05200000000000004   0.3571428571428571 
52   0.05300000000000004   0.3571428571428571 
53   0.05400000000000004   0.3571428571428571 
54   0.05500000000000004   0.3571428571428571 
55   0.05600000000000004   0.3571428571428571 
56   0.05600000000000004   0.4285714285714285 
57   0.058000000000000045   0.4285714285714285 
58   0.059000000000000045   0.4285714285714285 
59   0.060000000000000046   0.4285714285714285 
60   0.06100000000000005   0.4285714285714285 
61   0.06200000000000005   0.4285714285714285 
62   0.06300000000000004   0.4285714285714285 
63   0.06400000000000004   0.4285714285714285 
64   0.06500000000000004   0.4285714285714285 
65   0.06600000000000004   0.4285714285714285 
66   0.06700000000000005   0.4285714285714285 
67   0.06800000000000005   0.4285714285714285 
68   0.06900000000000005   0.4285714285714285 
69   0.07000000000000005   0.4285714285714285 
70   0.07100000000000005   0.4285714285714285 
71   0.07200000000000005   0.4285714285714285 
72   0.07300000000000005   0.4285714285714285 
73   0.07400000000000005   0.4285714285714285 
74   0.07500000000000005   0.4285714285714285 
75   0.07600000000000005   0.4285714285714285 
76   0.07700000000000005   0.4285714285714285 
77   0.07800000000000006   0.4285714285714285 
78   0.07900000000000006   0.4285714285714285 
79   0.08000000000000006   0.4285714285714285 
80   0.08100000000000006   0.4285714285714285 
81   0.08200000000000006   0.4285714285714285 
82   0.08300000000000006   0.4285714285714285 
83   0.08400000000000006   0.4285714285714285 
84   0.08500000000000006   0.4285714285714285 
85   0.08600000000000006   0.4285714285714285 
86   0.08700000000000006   0.4285714285714285 
87   0.08800000000000006   0.4285714285714285 
88   0.08900000000000007   0.4285714285714285 
89   0.09000000000000007   0.4285714285714285 
90   0.09100000000000007   0.4285714285714285 
91   0.09200000000000007   0.4285714285714285 
92   0.09300000000000007   0.4285714285714285 
93   0.09400000000000007   0.4285714285714285 
94   0.09500000000000007   0.4285714285714285 
95   0.09600000000000007   0.4285714285714285 
96   0.09700000000000007   0.4285714285714285 
97   0.09800000000000007   0.4285714285714285 
98   0.09900000000000007   0.4285714285714285 
99   0.10000000000000007   0.4285714285714285 
100   0.10100000000000008   0.4285714285714285 
101   0.10200000000000008   0.4285714285714285 
102   0.10300000000000008   0.4285714285714285 
103   0.10400000000000008   0.4285714285714285 
104   0.10500000000000008   0.4285714285714285 
105   0.10600000000000008   0.4285714285714285 
106   0.10700000000000008   0.4285714285714285 
107   0.10800000000000008   0.4285714285714285 
108   0.10900000000000008   0.4285714285714285 
109   0.11000000000000008   0.4285714285714285 
110   0.11100000000000008   0.4285714285714285 
111   0.11200000000000009   0.4285714285714285 
112   0.11300000000000009   0.4285714285714285 
113   0.11400000000000009   0.4285714285714285 
114   0.11500000000000009   0.4285714285714285 
115   0.11600000000000009   0.4285714285714285 
116   0.11700000000000009   0.4285714285714285 
117   0.11800000000000009   0.4285714285714285 
118   0.11900000000000009   0.4285714285714285 
119   0.12000000000000009   0.4285714285714285 
120   0.1210000000000001   0.4285714285714285 
121   0.1220000000000001   0.4285714285714285 
122   0.1230000000000001   0.4285714285714285 
123   0.1240000000000001   0.4285714285714285 
124   0.12500000000000008   0.4285714285714285 
125   0.12600000000000008   0.4285714285714285 
126   0.12700000000000009   0.4285714285714285 
127   0.12800000000000009   0.4285714285714285 
128   0.1290000000000001   0.4285714285714285 
129   0.1300000000000001   0.4285714285714285 
130   0.1310000000000001   0.4285714285714285 
131   0.1320000000000001   0.4285714285714285 
132   0.1330000000000001   0.4285714285714285 
133   0.1340000000000001   0.4285714285714285 
134   0.1350000000000001   0.4285714285714285 
135   0.1360000000000001   0.4285714285714285 
136   0.1370000000000001   0.4285714285714285 
137   0.1380000000000001   0.4285714285714285 
138   0.1390000000000001   0.4285714285714285 
139   0.1400000000000001   0.4285714285714285 
140   0.1410000000000001   0.4285714285714285 
141   0.1420000000000001   0.4285714285714285 
142   0.1430000000000001   0.4285714285714285 
143   0.1440000000000001   0.4285714285714285 
144   0.1450000000000001   0.4285714285714285 
145   0.1460000000000001   0.4285714285714285 
146   0.1470000000000001   0.4285714285714285 
147   0.1480000000000001   0.4285714285714285 
148   0.1490000000000001   0.4285714285714285 
149   0.1500000000000001   0.4285714285714285 
150   0.1510000000000001   0.4285714285714285 
151   0.1520000000000001   0.4285714285714285 
152   0.1530000000000001   0.4285714285714285 
153   0.1540000000000001   0.4285714285714285 
154   0.1550000000000001   0.4285714285714285 
155   0.1560000000000001   0.4285714285714285 
156   0.1570000000000001   0.4285714285714285 
157   0.1580000000000001   0.4285714285714285 
158   0.1590000000000001   0.4285714285714285 
159   0.16000000000000011   0.4285714285714285 
160   0.16100000000000012   0.4285714285714285 
161   0.16200000000000012   0.4285714285714285 
162   0.16300000000000012   0.4285714285714285 
163   0.16400000000000012   0.4285714285714285 
164   0.16500000000000012   0.4285714285714285 
165   0.16600000000000012   0.4285714285714285 
166   0.16700000000000012   0.4285714285714285 
167   0.16800000000000012   0.4285714285714285 
168   0.16900000000000012   0.4285714285714285 
169   0.17000000000000012   0.4285714285714285 
170   0.17100000000000012   0.4285714285714285 
171   0.17200000000000013   0.4285714285714285 
172   0.17300000000000013   0.4285714285714285 
173   0.17400000000000013   0.4285714285714285 
174   0.17500000000000013   0.4285714285714285 
175   0.17600000000000013   0.4285714285714285 
176   0.17700000000000013   0.4285714285714285 
177   0.17800000000000013   0.4285714285714285 
178   0.17900000000000013   0.4285714285714285 
179   0.18000000000000013   0.4285714285714285 
180   0.18100000000000013   0.4285714285714285 
181   0.18200000000000013   0.4285714285714285 
182   0.18300000000000013   0.4285714285714285 
183   0.18400000000000014   0.4285714285714285 
184   0.18500000000000014   0.4285714285714285 
185   0.18600000000000014   0.4285714285714285 
186   0.18700000000000014   0.4285714285714285 
187   0.18800000000000014   0.4285714285714285 
188   0.18900000000000014   0.4285714285714285 
189   0.19000000000000014   0.4285714285714285 
190   0.19100000000000014   0.4285714285714285 
191   0.19200000000000014   0.4285714285714285 
192   0.19300000000000014   0.4285714285714285 
193   0.19400000000000014   0.4285714285714285 
194   0.19500000000000015   0.4285714285714285 
195   0.19600000000000015   0.4285714285714285 
196   0.19700000000000015   0.4285714285714285 
197   0.19800000000000015   0.4285714285714285 
198   0.19900000000000015   0.4285714285714285 
199   0.20000000000000015   0.4285714285714285 
200   0.20100000000000015   0.4285714285714285 
201   0.20200000000000015   0.4285714285714285 
202   0.20300000000000015   0.4285714285714285 
203   0.20400000000000015   0.4285714285714285 
204   0.20500000000000015   0.4285714285714285 
205   0.20600000000000016   0.4285714285714285 
206   0.20700000000000016   0.4285714285714285 
207   0.20800000000000016   0.4285714285714285 
208   0.20900000000000016   0.4285714285714285 
209   0.21000000000000016   0.4285714285714285 
210   0.21100000000000016   0.4285714285714285 
211   0.21200000000000016   0.4285714285714285 
212   0.21300000000000016   0.4285714285714285 
213   0.21400000000000016   0.4285714285714285 
214   0.21500000000000016   0.4285714285714285 
215   0.21600000000000016   0.4285714285714285 
216   0.21600000000000016   0.4999999999999999 
217   0.21800000000000017   0.4999999999999999 
218   0.21900000000000017   0.4999999999999999 
219   0.22000000000000017   0.4999999999999999 
220   0.22100000000000017   0.4999999999999999 
221   0.22200000000000017   0.4999999999999999 
222   0.22300000000000017   0.4999999999999999 
223   0.22400000000000017   0.4999999999999999 
224   0.22500000000000017   0.4999999999999999 
225   0.22600000000000017   0.4999999999999999 
226   0.22700000000000017   0.4999999999999999 
227   0.22800000000000017   0.4999999999999999 
228   0.22900000000000018   0.4999999999999999 
229   0.23000000000000018   0.4999999999999999 
230   0.23100000000000018   0.4999999999999999 
231   0.23200000000000018   0.4999999999999999 
232   0.23300000000000018   0.4999999999999999 
233   0.23400000000000018   0.4999999999999999 
234   0.23500000000000018   0.4999999999999999 
235   0.23600000000000018   0.4999999999999999 
236   0.23700000000000018   0.4999999999999999 
237   0.23800000000000018   0.4999999999999999 
238   0.23900000000000018   0.4999999999999999 
239   0.23900000000000018   0.5714285714285713 
240   0.2410000000000002   0.5714285714285713 
241   0.2420000000000002   0.5714285714285713 
242   0.2430000000000002   0.5714285714285713 
243   0.2440000000000002   0.5714285714285713 
244   0.2450000000000002   0.5714285714285713 
245   0.2460000000000002   0.5714285714285713 
246   0.2470000000000002   0.5714285714285713 
247   0.2480000000000002   0.5714285714285713 
248   0.2490000000000002   0.5714285714285713 
249   0.25000000000000017   0.5714285714285713 
250   0.25100000000000017   0.5714285714285713 
251   0.25200000000000017   0.5714285714285713 
252   0.25300000000000017   0.5714285714285713 
253   0.25400000000000017   0.5714285714285713 
254   0.25500000000000017   0.5714285714285713 
255   0.25600000000000017   0.5714285714285713 
256   0.2570000000000002   0.5714285714285713 
257   0.2580000000000002   0.5714285714285713 
258   0.2590000000000002   0.5714285714285713 
259   0.2600000000000002   0.5714285714285713 
260   0.2610000000000002   0.5714285714285713 
261   0.2620000000000002   0.5714285714285713 
262   0.2630000000000002   0.5714285714285713 
263   0.2640000000000002   0.5714285714285713 
264   0.2650000000000002   0.5714285714285713 
265   0.2660000000000002   0.5714285714285713 
266   0.2670000000000002   0.5714285714285713 
267   0.2680000000000002   0.5714285714285713 
268   0.2690000000000002   0.5714285714285713 
269   0.2700000000000002   0.5714285714285713 
270   0.2710000000000002   0.5714285714285713 
271   0.2720000000000002   0.5714285714285713 
272   0.2730000000000002   0.5714285714285713 
273   0.2740000000000002   0.5714285714285713 
274   0.2740000000000002   0.6428571428571427 
275   0.2760000000000002   0.6428571428571427 
276   0.2770000000000002   0.6428571428571427 
277   0.2780000000000002   0.6428571428571427 
278   0.2790000000000002   0.6428571428571427 
279   0.2800000000000002   0.6428571428571427 
280   0.2810000000000002   0.6428571428571427 
281   0.2820000000000002   0.6428571428571427 
282   0.2830000000000002   0.6428571428571427 
283   0.2840000000000002   0.6428571428571427 
284   0.2850000000000002   0.6428571428571427 
285   0.2860000000000002   0.6428571428571427 
286   0.2870000000000002   0.6428571428571427 
287   0.2880000000000002   0.6428571428571427 
288   0.2890000000000002   0.6428571428571427 
289   0.2900000000000002   0.6428571428571427 
290   0.2910000000000002   0.6428571428571427 
291   0.2920000000000002   0.6428571428571427 
292   0.2930000000000002   0.6428571428571427 
293   0.2940000000000002   0.6428571428571427 
294   0.2950000000000002   0.6428571428571427 
295   0.2960000000000002   0.6428571428571427 
296   0.2970000000000002   0.6428571428571427 
297   0.2980000000000002   0.6428571428571427 
298   0.2990000000000002   0.6428571428571427 
299   0.3000000000000002   0.6428571428571427 
300   0.3010000000000002   0.6428571428571427 
301   0.3020000000000002   0.6428571428571427 
302   0.3030000000000002   0.6428571428571427 
303   0.3040000000000002   0.6428571428571427 
304   0.3050000000000002   0.6428571428571427 
305   0.3060000000000002   0.6428571428571427 
306   0.3070000000000002   0.6428571428571427 
307   0.3080000000000002   0.6428571428571427 
308   0.3090000000000002   0.6428571428571427 
309   0.3100000000000002   0.6428571428571427 
310   0.3110000000000002   0.6428571428571427 
311   0.3120000000000002   0.6428571428571427 
312   0.3130000000000002   0.6428571428571427 
313   0.3140000000000002   0.6428571428571427 
314   0.3150000000000002   0.6428571428571427 
315   0.3160000000000002   0.6428571428571427 
316   0.3170000000000002   0.6428571428571427 
317   0.3180000000000002   0.6428571428571427 
318   0.31900000000000023   0.6428571428571427 
319   0.31900000000000023   0.7142857142857141 
320   0.32100000000000023   0.7142857142857141 
321   0.32200000000000023   0.7142857142857141 
322   0.32300000000000023   0.7142857142857141 
323   0.32400000000000023   0.7142857142857141 
324   0.32500000000000023   0.7142857142857141 
325   0.32600000000000023   0.7142857142857141 
326   0.32700000000000023   0.7142857142857141 
327   0.32800000000000024   0.7142857142857141 
328   0.32900000000000024   0.7142857142857141 
329   0.33000000000000024   0.7142857142857141 
330   0.33100000000000024   0.7142857142857141 
331   0.33200000000000024   0.7142857142857141 
332   0.33300000000000024   0.7142857142857141 
333   0.33400000000000024   0.7142857142857141 
334   0.33500000000000024   0.7142857142857141 
335   0.33600000000000024   0.7142857142857141 
336   0.33700000000000024   0.7142857142857141 
337   0.33800000000000024   0.7142857142857141 
338   0.33900000000000025   0.7142857142857141 
339   0.34000000000000025   0.7142857142857141 
340   0.34100000000000025   0.7142857142857141 
341   0.34200000000000025   0.7142857142857141 
342   0.34300000000000025   0.7142857142857141 
343   0.34400000000000025   0.7142857142857141 
344   0.34500000000000025   0.7142857142857141 
345   0.34600000000000025   0.7142857142857141 
346   0.34700000000000025   0.7142857142857141 
347   0.34800000000000025   0.7142857142857141 
348   0.34900000000000025   0.7142857142857141 
349   0.35000000000000026   0.7142857142857141 
350   0.35100000000000026   0.7142857142857141 
351   0.35200000000000026   0.7142857142857141 
352   0.35300000000000026   0.7142857142857141 
353   0.35400000000000026   0.7142857142857141 
354   0.35500000000000026   0.7142857142857141 
355   0.35600000000000026   0.7142857142857141 
356   0.35700000000000026   0.7142857142857141 
357   0.35800000000000026   0.7142857142857141 
358   0.35900000000000026   0.7142857142857141 
359   0.36000000000000026   0.7142857142857141 
360   0.36100000000000027   0.7142857142857141 
361   0.36200000000000027   0.7142857142857141 
362   0.36300000000000027   0.7142857142857141 
363   0.36400000000000027   0.7142857142857141 
364   0.36500000000000027   0.7142857142857141 
365   0.36600000000000027   0.7142857142857141 
366   0.36700000000000027   0.7142857142857141 
367   0.36800000000000027   0.7142857142857141 
368   0.36900000000000027   0.7142857142857141 
369   0.3700000000000003   0.7142857142857141 
370   0.3710000000000003   0.7142857142857141 
371   0.3720000000000003   0.7142857142857141 
372   0.3730000000000003   0.7142857142857141 
373   0.3740000000000003   0.7142857142857141 
374   0.3750000000000003   0.7142857142857141 
375   0.3760000000000003   0.7142857142857141 
376   0.3770000000000003   0.7142857142857141 
377   0.3770000000000003   0.7857142857142855 
378   0.3790000000000003   0.7857142857142855 
379   0.3800000000000003   0.7857142857142855 
380   0.3810000000000003   0.7857142857142855 
381   0.3820000000000003   0.7857142857142855 
382   0.3830000000000003   0.7857142857142855 
383   0.3840000000000003   0.7857142857142855 
384   0.3850000000000003   0.7857142857142855 
385   0.3860000000000003   0.7857142857142855 
386   0.3870000000000003   0.7857142857142855 
387   0.3880000000000003   0.7857142857142855 
388   0.3890000000000003   0.7857142857142855 
389   0.3900000000000003   0.7857142857142855 
390   0.3910000000000003   0.7857142857142855 
391   0.3920000000000003   0.7857142857142855 
392   0.3930000000000003   0.7857142857142855 
393   0.3940000000000003   0.7857142857142855 
394   0.3950000000000003   0.7857142857142855 
395   0.3960000000000003   0.7857142857142855 
396   0.3970000000000003   0.7857142857142855 
397   0.3980000000000003   0.7857142857142855 
398   0.3990000000000003   0.7857142857142855 
399   0.4000000000000003   0.7857142857142855 
400   0.4010000000000003   0.7857142857142855 
401   0.4020000000000003   0.7857142857142855 
402   0.4030000000000003   0.7857142857142855 
403   0.4040000000000003   0.7857142857142855 
404   0.4050000000000003   0.7857142857142855 
405   0.4060000000000003   0.7857142857142855 
406   0.4070000000000003   0.7857142857142855 
407   0.4080000000000003   0.7857142857142855 
408   0.4090000000000003   0.7857142857142855 
409   0.4100000000000003   0.7857142857142855 
410   0.4110000000000003   0.7857142857142855 
411   0.4120000000000003   0.7857142857142855 
412   0.4130000000000003   0.7857142857142855 
413   0.4140000000000003   0.7857142857142855 
414   0.4150000000000003   0.7857142857142855 
415   0.4160000000000003   0.7857142857142855 
416   0.4170000000000003   0.7857142857142855 
417   0.4180000000000003   0.7857142857142855 
418   0.4190000000000003   0.7857142857142855 
419   0.4200000000000003   0.7857142857142855 
420   0.4210000000000003   0.7857142857142855 
421   0.4220000000000003   0.7857142857142855 
422   0.4230000000000003   0.7857142857142855 
423   0.4240000000000003   0.7857142857142855 
424   0.4250000000000003   0.7857142857142855 
425   0.4260000000000003   0.7857142857142855 
426   0.4270000000000003   0.7857142857142855 
427   0.4280000000000003   0.7857142857142855 
428   0.4290000000000003   0.7857142857142855 
429   0.4300000000000003   0.7857142857142855 
430   0.4310000000000003   0.7857142857142855 
431   0.43200000000000033   0.7857142857142855 
432   0.43300000000000033   0.7857142857142855 
433   0.43400000000000033   0.7857142857142855 
434   0.43500000000000033   0.7857142857142855 
435   0.43600000000000033   0.7857142857142855 
436   0.43700000000000033   0.7857142857142855 
437   0.43800000000000033   0.7857142857142855 
438   0.43900000000000033   0.7857142857142855 
439   0.44000000000000034   0.7857142857142855 
440   0.44100000000000034   0.7857142857142855 
441   0.44200000000000034   0.7857142857142855 
442   0.44300000000000034   0.7857142857142855 
443   0.44400000000000034   0.7857142857142855 
444   0.44500000000000034   0.7857142857142855 
445   0.44600000000000034   0.7857142857142855 
446   0.44700000000000034   0.7857142857142855 
447   0.44800000000000034   0.7857142857142855 
448   0.44900000000000034   0.7857142857142855 
449   0.45000000000000034   0.7857142857142855 
450   0.45100000000000035   0.7857142857142855 
451   0.45200000000000035   0.7857142857142855 
452   0.45300000000000035   0.7857142857142855 
453   0.45400000000000035   0.7857142857142855 
454   0.45500000000000035   0.7857142857142855 
455   0.45600000000000035   0.7857142857142855 
456   0.45700000000000035   0.7857142857142855 
457   0.45800000000000035   0.7857142857142855 
458   0.45900000000000035   0.7857142857142855 
459   0.46000000000000035   0.7857142857142855 
460   0.46100000000000035   0.7857142857142855 
461   0.46200000000000035   0.7857142857142855 
462   0.46300000000000036   0.7857142857142855 
463   0.46400000000000036   0.7857142857142855 
464   0.46500000000000036   0.7857142857142855 
465   0.46600000000000036   0.7857142857142855 
466   0.46700000000000036   0.7857142857142855 
467   0.46800000000000036   0.7857142857142855 
468   0.46900000000000036   0.7857142857142855 
469   0.47000000000000036   0.7857142857142855 
470   0.47100000000000036   0.7857142857142855 
471   0.47200000000000036   0.7857142857142855 
472   0.47300000000000036   0.7857142857142855 
473   0.47400000000000037   0.7857142857142855 
474   0.47500000000000037   0.7857142857142855 
475   0.47600000000000037   0.7857142857142855 
476   0.47700000000000037   0.7857142857142855 
477   0.47800000000000037   0.7857142857142855 
478   0.47900000000000037   0.7857142857142855 
479   0.48000000000000037   0.7857142857142855 
480   0.48100000000000037   0.7857142857142855 
481   0.4820000000000004   0.7857142857142855 
482   0.4830000000000004   0.7857142857142855 
483   0.4840000000000004   0.7857142857142855 
484   0.4850000000000004   0.7857142857142855 
485   0.4860000000000004   0.7857142857142855 
486   0.4870000000000004   0.7857142857142855 
487   0.4880000000000004   0.7857142857142855 
488   0.4890000000000004   0.7857142857142855 
489   0.4900000000000004   0.7857142857142855 
490   0.4910000000000004   0.7857142857142855 
491   0.4920000000000004   0.7857142857142855 
492   0.4930000000000004   0.7857142857142855 
493   0.4940000000000004   0.7857142857142855 
494   0.4950000000000004   0.7857142857142855 
495   0.4960000000000004   0.7857142857142855 
496   0.4970000000000004   0.7857142857142855 
497   0.4980000000000004   0.7857142857142855 
498   0.4990000000000004   0.7857142857142855 
499   0.5000000000000003   0.7857142857142855 
500   0.5010000000000003   0.7857142857142855 
501   0.5020000000000003   0.7857142857142855 
502   0.5030000000000003   0.7857142857142855 
503   0.5040000000000003   0.7857142857142855 
504   0.5050000000000003   0.7857142857142855 
505   0.5060000000000003   0.7857142857142855 
506   0.5070000000000003   0.7857142857142855 
507   0.5080000000000003   0.7857142857142855 
508   0.5090000000000003   0.7857142857142855 
509   0.5100000000000003   0.7857142857142855 
510   0.5110000000000003   0.7857142857142855 
511   0.5120000000000003   0.7857142857142855 
512   0.5130000000000003   0.7857142857142855 
513   0.5140000000000003   0.7857142857142855 
514   0.5150000000000003   0.7857142857142855 
515   0.5160000000000003   0.7857142857142855 
516   0.5170000000000003   0.7857142857142855 
517   0.5180000000000003   0.7857142857142855 
518   0.5190000000000003   0.7857142857142855 
519   0.5200000000000004   0.7857142857142855 
520   0.5210000000000004   0.7857142857142855 
521   0.5220000000000004   0.7857142857142855 
522   0.5230000000000004   0.7857142857142855 
523   0.5240000000000004   0.7857142857142855 
524   0.5250000000000004   0.7857142857142855 
525   0.5260000000000004   0.7857142857142855 
526   0.5270000000000004   0.7857142857142855 
527   0.5280000000000004   0.7857142857142855 
528   0.5290000000000004   0.7857142857142855 
529   0.5300000000000004   0.7857142857142855 
530   0.5310000000000004   0.7857142857142855 
531   0.5320000000000004   0.7857142857142855 
532   0.5330000000000004   0.7857142857142855 
533   0.5340000000000004   0.7857142857142855 
534   0.5350000000000004   0.7857142857142855 
535   0.5360000000000004   0.7857142857142855 
536   0.5370000000000004   0.7857142857142855 
537   0.5380000000000004   0.7857142857142855 
538   0.5390000000000004   0.7857142857142855 
539   0.5400000000000004   0.7857142857142855 
540   0.5410000000000004   0.7857142857142855 
541   0.5420000000000004   0.7857142857142855 
542   0.5430000000000004   0.7857142857142855 
543   0.5440000000000004   0.7857142857142855 
544   0.5450000000000004   0.7857142857142855 
545   0.5460000000000004   0.7857142857142855 
546   0.5470000000000004   0.7857142857142855 
547   0.5480000000000004   0.7857142857142855 
548   0.5490000000000004   0.7857142857142855 
549   0.5500000000000004   0.7857142857142855 
550   0.5510000000000004   0.7857142857142855 
551   0.5520000000000004   0.7857142857142855 
552   0.5530000000000004   0.7857142857142855 
553   0.5540000000000004   0.7857142857142855 
554   0.5550000000000004   0.7857142857142855 
555   0.5560000000000004   0.7857142857142855 
556   0.5570000000000004   0.7857142857142855 
557   0.5580000000000004   0.7857142857142855 
558   0.5590000000000004   0.7857142857142855 
559   0.5600000000000004   0.7857142857142855 
560   0.5610000000000004   0.7857142857142855 
561   0.5620000000000004   0.7857142857142855 
562   0.5630000000000004   0.7857142857142855 
563   0.5640000000000004   0.7857142857142855 
564   0.5650000000000004   0.7857142857142855 
565   0.5660000000000004   0.7857142857142855 
566   0.5670000000000004   0.7857142857142855 
567   0.5680000000000004   0.7857142857142855 
568   0.5690000000000004   0.7857142857142855 
569   0.5700000000000004   0.7857142857142855 
570   0.5710000000000004   0.7857142857142855 
571   0.5720000000000004   0.7857142857142855 
572   0.5730000000000004   0.7857142857142855 
573   0.5740000000000004   0.7857142857142855 
574   0.5750000000000004   0.7857142857142855 
575   0.5760000000000004   0.7857142857142855 
576   0.5770000000000004   0.7857142857142855 
577   0.5780000000000004   0.7857142857142855 
578   0.5790000000000004   0.7857142857142855 
579   0.5800000000000004   0.7857142857142855 
580   0.5810000000000004   0.7857142857142855 
581   0.5820000000000004   0.7857142857142855 
582   0.5830000000000004   0.7857142857142855 
583   0.5840000000000004   0.7857142857142855 
584   0.5850000000000004   0.7857142857142855 
585   0.5860000000000004   0.7857142857142855 
586   0.5870000000000004   0.7857142857142855 
587   0.5880000000000004   0.7857142857142855 
588   0.5890000000000004   0.7857142857142855 
589   0.5900000000000004   0.7857142857142855 
590   0.5910000000000004   0.7857142857142855 
591   0.5920000000000004   0.7857142857142855 
592   0.5930000000000004   0.7857142857142855 
593   0.5940000000000004   0.7857142857142855 
594   0.5950000000000004   0.7857142857142855 
595   0.5960000000000004   0.7857142857142855 
596   0.5970000000000004   0.7857142857142855 
597   0.5980000000000004   0.7857142857142855 
598   0.5990000000000004   0.7857142857142855 
599   0.6000000000000004   0.7857142857142855 
600   0.6010000000000004   0.7857142857142855 
601   0.6020000000000004   0.7857142857142855 
602   0.6030000000000004   0.7857142857142855 
603   0.6040000000000004   0.7857142857142855 
604   0.6050000000000004   0.7857142857142855 
605   0.6060000000000004   0.7857142857142855 
606   0.6070000000000004   0.7857142857142855 
607   0.6080000000000004   0.7857142857142855 
608   0.6090000000000004   0.7857142857142855 
609   0.6100000000000004   0.7857142857142855 
610   0.6110000000000004   0.7857142857142855 
611   0.6120000000000004   0.7857142857142855 
612   0.6130000000000004   0.7857142857142855 
613   0.6140000000000004   0.7857142857142855 
614   0.6150000000000004   0.7857142857142855 
615   0.6160000000000004   0.7857142857142855 
616   0.6170000000000004   0.7857142857142855 
617   0.6180000000000004   0.7857142857142855 
618   0.6190000000000004   0.7857142857142855 
619   0.6200000000000004   0.7857142857142855 
620   0.6210000000000004   0.7857142857142855 
621   0.6220000000000004   0.7857142857142855 
622   0.6220000000000004   0.8571428571428569 
623   0.6240000000000004   0.8571428571428569 
624   0.6250000000000004   0.8571428571428569 
625   0.6260000000000004   0.8571428571428569 
626   0.6270000000000004   0.8571428571428569 
627   0.6280000000000004   0.8571428571428569 
628   0.6290000000000004   0.8571428571428569 
629   0.6300000000000004   0.8571428571428569 
630   0.6310000000000004   0.8571428571428569 
631   0.6320000000000005   0.8571428571428569 
632   0.6330000000000005   0.8571428571428569 
633   0.6340000000000005   0.8571428571428569 
634   0.6350000000000005   0.8571428571428569 
635   0.6360000000000005   0.8571428571428569 
636   0.6370000000000005   0.8571428571428569 
637   0.6380000000000005   0.8571428571428569 
638   0.6390000000000005   0.8571428571428569 
639   0.6400000000000005   0.8571428571428569 
640   0.6410000000000005   0.8571428571428569 
641   0.6420000000000005   0.8571428571428569 
642   0.6430000000000005   0.8571428571428569 
643   0.6440000000000005   0.8571428571428569 
644   0.6450000000000005   0.8571428571428569 
645   0.6460000000000005   0.8571428571428569 
646   0.6470000000000005   0.8571428571428569 
647   0.6480000000000005   0.8571428571428569 
648   0.6490000000000005   0.8571428571428569 
649   0.6500000000000005   0.8571428571428569 
650   0.6510000000000005   0.8571428571428569 
651   0.6520000000000005   0.8571428571428569 
652   0.6530000000000005   0.8571428571428569 
653   0.6540000000000005   0.8571428571428569 
654   0.6550000000000005   0.8571428571428569 
655   0.6560000000000005   0.8571428571428569 
656   0.6570000000000005   0.8571428571428569 
657   0.6580000000000005   0.8571428571428569 
658   0.6590000000000005   0.8571428571428569 
659   0.6600000000000005   0.8571428571428569 
660   0.6610000000000005   0.8571428571428569 
661   0.6620000000000005   0.8571428571428569 
662   0.6630000000000005   0.8571428571428569 
663   0.6640000000000005   0.8571428571428569 
664   0.6650000000000005   0.8571428571428569 
665   0.6660000000000005   0.8571428571428569 
666   0.6670000000000005   0.8571428571428569 
667   0.6670000000000005   0.9285714285714283 
668   0.6690000000000005   0.9285714285714283 
669   0.6700000000000005   0.9285714285714283 
670   0.6710000000000005   0.9285714285714283 
671   0.6720000000000005   0.9285714285714283 
672   0.6730000000000005   0.9285714285714283 
673   0.6740000000000005   0.9285714285714283 
674   0.6750000000000005   0.9285714285714283 
675   0.6760000000000005   0.9285714285714283 
676   0.6770000000000005   0.9285714285714283 
677   0.6780000000000005   0.9285714285714283 
678   0.6790000000000005   0.9285714285714283 
679   0.6800000000000005   0.9285714285714283 
680   0.6810000000000005   0.9285714285714283 
681   0.6820000000000005   0.9285714285714283 
682   0.6830000000000005   0.9285714285714283 
683   0.6840000000000005   0.9285714285714283 
684   0.6850000000000005   0.9285714285714283 
685   0.6860000000000005   0.9285714285714283 
686   0.6870000000000005   0.9285714285714283 
687   0.6880000000000005   0.9285714285714283 
688   0.6890000000000005   0.9285714285714283 
689   0.6900000000000005   0.9285714285714283 
690   0.6910000000000005   0.9285714285714283 
691   0.6920000000000005   0.9285714285714283 
692   0.6930000000000005   0.9285714285714283 
693   0.6940000000000005   0.9285714285714283 
694   0.6950000000000005   0.9285714285714283 
695   0.6960000000000005   0.9285714285714283 
696   0.6970000000000005   0.9285714285714283 
697   0.6980000000000005   0.9285714285714283 
698   0.6990000000000005   0.9285714285714283 
699   0.7000000000000005   0.9285714285714283 
700   0.7010000000000005   0.9285714285714283 
701   0.7020000000000005   0.9285714285714283 
702   0.7030000000000005   0.9285714285714283 
703   0.7040000000000005   0.9285714285714283 
704   0.7050000000000005   0.9285714285714283 
705   0.7060000000000005   0.9285714285714283 
706   0.7070000000000005   0.9285714285714283 
707   0.7080000000000005   0.9285714285714283 
708   0.7090000000000005   0.9285714285714283 
709   0.7100000000000005   0.9285714285714283 
710   0.7110000000000005   0.9285714285714283 
711   0.7120000000000005   0.9285714285714283 
712   0.7130000000000005   0.9285714285714283 
713   0.7140000000000005   0.9285714285714283 
714   0.7150000000000005   0.9285714285714283 
715   0.7160000000000005   0.9285714285714283 
716   0.7170000000000005   0.9285714285714283 
717   0.7180000000000005   0.9285714285714283 
718   0.7190000000000005   0.9285714285714283 
719   0.7200000000000005   0.9285714285714283 
720   0.7210000000000005   0.9285714285714283 
721   0.7220000000000005   0.9285714285714283 
722   0.7220000000000005   0.9999999999999997 
723   0.7240000000000005   0.9999999999999997 
724   0.7250000000000005   0.9999999999999997 
725   0.7260000000000005   0.9999999999999997 
726   0.7270000000000005   0.9999999999999997 
727   0.7280000000000005   0.9999999999999997 
728   0.7290000000000005   0.9999999999999997 
729   0.7300000000000005   0.9999999999999997 
730   0.7310000000000005   0.9999999999999997 
731   0.7320000000000005   0.9999999999999997 
732   0.7330000000000005   0.9999999999999997 
733   0.7340000000000005   0.9999999999999997 
734   0.7350000000000005   0.9999999999999997 
735   0.7360000000000005   0.9999999999999997 
736   0.7370000000000005   0.9999999999999997 
737   0.7380000000000005   0.9999999999999997 
738   0.7390000000000005   0.9999999999999997 
739   0.7400000000000005   0.9999999999999997 
740   0.7410000000000005   0.9999999999999997 
741   0.7420000000000005   0.9999999999999997 
742   0.7430000000000005   0.9999999999999997 
743   0.7440000000000005   0.9999999999999997 
744   0.7450000000000006   0.9999999999999997 
745   0.7460000000000006   0.9999999999999997 
746   0.7470000000000006   0.9999999999999997 
747   0.7480000000000006   0.9999999999999997 
748   0.7490000000000006   0.9999999999999997 
749   0.7500000000000006   0.9999999999999997 
750   0.7510000000000006   0.9999999999999997 
751   0.7520000000000006   0.9999999999999997 
752   0.7530000000000006   0.9999999999999997 
753   0.7540000000000006   0.9999999999999997 
754   0.7550000000000006   0.9999999999999997 
755   0.7560000000000006   0.9999999999999997 
756   0.7570000000000006   0.9999999999999997 
757   0.7580000000000006   0.9999999999999997 
758   0.7590000000000006   0.9999999999999997 
759   0.7600000000000006   0.9999999999999997 
760   0.7610000000000006   0.9999999999999997 
761   0.7620000000000006   0.9999999999999997 
762   0.7630000000000006   0.9999999999999997 
763   0.7640000000000006   0.9999999999999997 
764   0.7650000000000006   0.9999999999999997 
765   0.7660000000000006   0.9999999999999997 
766   0.7670000000000006   0.9999999999999997 
767   0.7680000000000006   0.9999999999999997 
768   0.7690000000000006   0.9999999999999997 
769   0.7700000000000006   0.9999999999999997 
770   0.7710000000000006   0.9999999999999997 
771   0.7720000000000006   0.9999999999999997 
772   0.7730000000000006   0.9999999999999997 
773   0.7740000000000006   0.9999999999999997 
774   0.7750000000000006   0.9999999999999997 
775   0.7760000000000006   0.9999999999999997 
776   0.7770000000000006   0.9999999999999997 
777   0.7780000000000006   0.9999999999999997 
778   0.7790000000000006   0.9999999999999997 
779   0.7800000000000006   0.9999999999999997 
780   0.7810000000000006   0.9999999999999997 
781   0.7820000000000006   0.9999999999999997 
782   0.7830000000000006   0.9999999999999997 
783   0.7840000000000006   0.9999999999999997 
784   0.7850000000000006   0.9999999999999997 
785   0.7860000000000006   0.9999999999999997 
786   0.7870000000000006   0.9999999999999997 
787   0.7880000000000006   0.9999999999999997 
788   0.7890000000000006   0.9999999999999997 
789   0.7900000000000006   0.9999999999999997 
790   0.7910000000000006   0.9999999999999997 
791   0.7920000000000006   0.9999999999999997 
792   0.7930000000000006   0.9999999999999997 
793   0.7940000000000006   0.9999999999999997 
794   0.7950000000000006   0.9999999999999997 
795   0.7960000000000006   0.9999999999999997 
796   0.7970000000000006   0.9999999999999997 
797   0.7980000000000006   0.9999999999999997 
798   0.7990000000000006   0.9999999999999997 
799   0.8000000000000006   0.9999999999999997 
800   0.8010000000000006   0.9999999999999997 
801   0.8020000000000006   0.9999999999999997 
802   0.8030000000000006   0.9999999999999997 
803   0.8040000000000006   0.9999999999999997 
804   0.8050000000000006   0.9999999999999997 
805   0.8060000000000006   0.9999999999999997 
806   0.8070000000000006   0.9999999999999997 
807   0.8080000000000006   0.9999999999999997 
808   0.8090000000000006   0.9999999999999997 
809   0.8100000000000006   0.9999999999999997 
810   0.8110000000000006   0.9999999999999997 
811   0.8120000000000006   0.9999999999999997 
812   0.8130000000000006   0.9999999999999997 
813   0.8140000000000006   0.9999999999999997 
814   0.8150000000000006   0.9999999999999997 
815   0.8160000000000006   0.9999999999999997 
816   0.8170000000000006   0.9999999999999997 
817   0.8180000000000006   0.9999999999999997 
818   0.8190000000000006   0.9999999999999997 
819   0.8200000000000006   0.9999999999999997 
820   0.8210000000000006   0.9999999999999997 
821   0.8220000000000006   0.9999999999999997 
822   0.8230000000000006   0.9999999999999997 
823   0.8240000000000006   0.9999999999999997 
824   0.8250000000000006   0.9999999999999997 
825   0.8260000000000006   0.9999999999999997 
826   0.8270000000000006   0.9999999999999997 
827   0.8280000000000006   0.9999999999999997 
828   0.8290000000000006   0.9999999999999997 
829   0.8300000000000006   0.9999999999999997 
830   0.8310000000000006   0.9999999999999997 
831   0.8320000000000006   0.9999999999999997 
832   0.8330000000000006   0.9999999999999997 
833   0.8340000000000006   0.9999999999999997 
834   0.8350000000000006   0.9999999999999997 
835   0.8360000000000006   0.9999999999999997 
836   0.8370000000000006   0.9999999999999997 
837   0.8380000000000006   0.9999999999999997 
838   0.8390000000000006   0.9999999999999997 
839   0.8400000000000006   0.9999999999999997 
840   0.8410000000000006   0.9999999999999997 
841   0.8420000000000006   0.9999999999999997 
842   0.8430000000000006   0.9999999999999997 
843   0.8440000000000006   0.9999999999999997 
844   0.8450000000000006   0.9999999999999997 
845   0.8460000000000006   0.9999999999999997 
846   0.8470000000000006   0.9999999999999997 
847   0.8480000000000006   0.9999999999999997 
848   0.8490000000000006   0.9999999999999997 
849   0.8500000000000006   0.9999999999999997 
850   0.8510000000000006   0.9999999999999997 
851   0.8520000000000006   0.9999999999999997 
852   0.8530000000000006   0.9999999999999997 
853   0.8540000000000006   0.9999999999999997 
854   0.8550000000000006   0.9999999999999997 
855   0.8560000000000006   0.9999999999999997 
856   0.8570000000000007   0.9999999999999997 
857   0.8580000000000007   0.9999999999999997 
858   0.8590000000000007   0.9999999999999997 
859   0.8600000000000007   0.9999999999999997 
860   0.8610000000000007   0.9999999999999997 
861   0.8620000000000007   0.9999999999999997 
862   0.8630000000000007   0.9999999999999997 
863   0.8640000000000007   0.9999999999999997 
864   0.8650000000000007   0.9999999999999997 
865   0.8660000000000007   0.9999999999999997 
866   0.8670000000000007   0.9999999999999997 
867   0.8680000000000007   0.9999999999999997 
868   0.8690000000000007   0.9999999999999997 
869   0.8700000000000007   0.9999999999999997 
870   0.8710000000000007   0.9999999999999997 
871   0.8720000000000007   0.9999999999999997 
872   0.8730000000000007   0.9999999999999997 
873   0.8740000000000007   0.9999999999999997 
874   0.8750000000000007   0.9999999999999997 
875   0.8760000000000007   0.9999999999999997 
876   0.8770000000000007   0.9999999999999997 
877   0.8780000000000007   0.9999999999999997 
878   0.8790000000000007   0.9999999999999997 
879   0.8800000000000007   0.9999999999999997 
880   0.8810000000000007   0.9999999999999997 
881   0.8820000000000007   0.9999999999999997 
882   0.8830000000000007   0.9999999999999997 
883   0.8840000000000007   0.9999999999999997 
884   0.8850000000000007   0.9999999999999997 
885   0.8860000000000007   0.9999999999999997 
886   0.8870000000000007   0.9999999999999997 
887   0.8880000000000007   0.9999999999999997 
888   0.8890000000000007   0.9999999999999997 
889   0.8900000000000007   0.9999999999999997 
890   0.8910000000000007   0.9999999999999997 
891   0.8920000000000007   0.9999999999999997 
892   0.8930000000000007   0.9999999999999997 
893   0.8940000000000007   0.9999999999999997 
894   0.8950000000000007   0.9999999999999997 
895   0.8960000000000007   0.9999999999999997 
896   0.8970000000000007   0.9999999999999997 
897   0.8980000000000007   0.9999999999999997 
898   0.8990000000000007   0.9999999999999997 
899   0.9000000000000007   0.9999999999999997 
900   0.9010000000000007   0.9999999999999997 
901   0.9020000000000007   0.9999999999999997 
902   0.9030000000000007   0.9999999999999997 
903   0.9040000000000007   0.9999999999999997 
904   0.9050000000000007   0.9999999999999997 
905   0.9060000000000007   0.9999999999999997 
906   0.9070000000000007   0.9999999999999997 
907   0.9080000000000007   0.9999999999999997 
908   0.9090000000000007   0.9999999999999997 
909   0.9100000000000007   0.9999999999999997 
910   0.9110000000000007   0.9999999999999997 
911   0.9120000000000007   0.9999999999999997 
912   0.9130000000000007   0.9999999999999997 
913   0.9140000000000007   0.9999999999999997 
914   0.9150000000000007   0.9999999999999997 
915   0.9160000000000007   0.9999999999999997 
916   0.9170000000000007   0.9999999999999997 
917   0.9180000000000007   0.9999999999999997 
918   0.9190000000000007   0.9999999999999997 
919   0.9200000000000007   0.9999999999999997 
920   0.9210000000000007   0.9999999999999997 
921   0.9220000000000007   0.9999999999999997 
922   0.9230000000000007   0.9999999999999997 
923   0.9240000000000007   0.9999999999999997 
924   0.9250000000000007   0.9999999999999997 
925   0.9260000000000007   0.9999999999999997 
926   0.9270000000000007   0.9999999999999997 
927   0.9280000000000007   0.9999999999999997 
928   0.9290000000000007   0.9999999999999997 
929   0.9300000000000007   0.9999999999999997 
930   0.9310000000000007   0.9999999999999997 
931   0.9320000000000007   0.9999999999999997 
932   0.9330000000000007   0.9999999999999997 
933   0.9340000000000007   0.9999999999999997 
934   0.9350000000000007   0.9999999999999997 
935   0.9360000000000007   0.9999999999999997 
936   0.9370000000000007   0.9999999999999997 
937   0.9380000000000007   0.9999999999999997 
938   0.9390000000000007   0.9999999999999997 
939   0.9400000000000007   0.9999999999999997 
940   0.9410000000000007   0.9999999999999997 
941   0.9420000000000007   0.9999999999999997 
942   0.9430000000000007   0.9999999999999997 
943   0.9440000000000007   0.9999999999999997 
944   0.9450000000000007   0.9999999999999997 
945   0.9460000000000007   0.9999999999999997 
946   0.9470000000000007   0.9999999999999997 
947   0.9480000000000007   0.9999999999999997 
948   0.9490000000000007   0.9999999999999997 
949   0.9500000000000007   0.9999999999999997 
950   0.9510000000000007   0.9999999999999997 
951   0.9520000000000007   0.9999999999999997 
952   0.9530000000000007   0.9999999999999997 
953   0.9540000000000007   0.9999999999999997 
954   0.9550000000000007   0.9999999999999997 
955   0.9560000000000007   0.9999999999999997 
956   0.9570000000000007   0.9999999999999997 
957   0.9580000000000007   0.9999999999999997 
958   0.9590000000000007   0.9999999999999997 
959   0.9600000000000007   0.9999999999999997 
960   0.9610000000000007   0.9999999999999997 
961   0.9620000000000007   0.9999999999999997 
962   0.9630000000000007   0.9999999999999997 
963   0.9640000000000007   0.9999999999999997 
964   0.9650000000000007   0.9999999999999997 
965   0.9660000000000007   0.9999999999999997 
966   0.9670000000000007   0.9999999999999997 
967   0.9680000000000007   0.9999999999999997 
968   0.9690000000000007   0.9999999999999997 
969   0.9700000000000008   0.9999999999999997 
970   0.9710000000000008   0.9999999999999997 
971   0.9720000000000008   0.9999999999999997 
972   0.9730000000000008   0.9999999999999997 
973   0.9740000000000008   0.9999999999999997 
974   0.9750000000000008   0.9999999999999997 
975   0.9760000000000008   0.9999999999999997 
976   0.9770000000000008   0.9999999999999997 
977   0.9780000000000008   0.9999999999999997 
978   0.9790000000000008   0.9999999999999997 
979   0.9800000000000008   0.9999999999999997 
980   0.9810000000000008   0.9999999999999997 
981   0.9820000000000008   0.9999999999999997 
982   0.9830000000000008   0.9999999999999997 
983   0.9840000000000008   0.9999999999999997 
984   0.9850000000000008   0.9999999999999997 
985   0.9860000000000008   0.9999999999999997 
986   0.9870000000000008   0.9999999999999997 
987   0.9880000000000008   0.9999999999999997 
988   0.9890000000000008   0.9999999999999997 
989   0.9900000000000008   0.9999999999999997 
990   0.9910000000000008   0.9999999999999997 
991   0.9920000000000008   0.9999999999999997 
992   0.9930000000000008   0.9999999999999997 
993   0.9940000000000008   0.9999999999999997 
994   0.9950000000000008   0.9999999999999997 
995   0.9960000000000008   0.9999999999999997 
996   0.9970000000000008   0.9999999999999997 
997   0.9980000000000008   0.9999999999999997 
998   0.9990000000000008   0.9999999999999997 
999   1.0000000000000007   0.9999999999999997 
