0   0.001   0 
1   0.002   0 
2   0.003   0 
3   0.004   0 
4   0.005   0 
5   0.006   0 
6   0.007   0 
7   0.008   0 
8   0.009000000000000001   0 
9   0.010000000000000002   0 
10   0.011000000000000003   0 
11   0.012000000000000004   0 
12   0.013000000000000005   0 
13   0.014000000000000005   0 
14   0.015000000000000006   0 
15   0.016000000000000007   0 
16   0.017000000000000008   0 
17   0.01800000000000001   0 
18   0.01900000000000001   0 
19   0.02000000000000001   0 
20   0.02100000000000001   0 
21   0.022000000000000013   0 
22   0.023000000000000013   0 
23   0.024000000000000014   0 
24   0.025000000000000015   0 
25   0.026000000000000016   0 
26   0.027000000000000017   0 
27   0.028000000000000018   0 
28   0.02900000000000002   0 
29   0.03000000000000002   0 
30   0.03100000000000002   0 
31   0.03200000000000002   0 
32   0.03300000000000002   0 
33   0.03400000000000002   0 
34   0.035000000000000024   0 
35   0.035000000000000024   0.009259259259259259 
36   0.037000000000000026   0.009259259259259259 
37   0.037000000000000026   0.018518518518518517 
38   0.03900000000000003   0.018518518518518517 
39   0.04000000000000003   0.018518518518518517 
40   0.04100000000000003   0.018518518518518517 
41   0.04200000000000003   0.018518518518518517 
42   0.04300000000000003   0.018518518518518517 
43   0.04400000000000003   0.018518518518518517 
44   0.04500000000000003   0.018518518518518517 
45   0.046000000000000034   0.018518518518518517 
46   0.047000000000000035   0.018518518518518517 
47   0.048000000000000036   0.018518518518518517 
48   0.04900000000000004   0.018518518518518517 
49   0.05000000000000004   0.018518518518518517 
50   0.05100000000000004   0.018518518518518517 
51   0.05200000000000004   0.018518518518518517 
52   0.05300000000000004   0.018518518518518517 
53   0.05400000000000004   0.018518518518518517 
54   0.05500000000000004   0.018518518518518517 
55   0.05600000000000004   0.018518518518518517 
56   0.057000000000000044   0.018518518518518517 
57   0.058000000000000045   0.018518518518518517 
58   0.059000000000000045   0.018518518518518517 
59   0.060000000000000046   0.018518518518518517 
60   0.06100000000000005   0.018518518518518517 
61   0.06200000000000005   0.018518518518518517 
62   0.06300000000000004   0.018518518518518517 
63   0.06400000000000004   0.018518518518518517 
64   0.06500000000000004   0.018518518518518517 
65   0.06600000000000004   0.018518518518518517 
66   0.06700000000000005   0.018518518518518517 
67   0.06800000000000005   0.018518518518518517 
68   0.06800000000000005   0.027777777777777776 
69   0.07000000000000005   0.027777777777777776 
70   0.07000000000000005   0.037037037037037035 
71   0.07200000000000005   0.037037037037037035 
72   0.07300000000000005   0.037037037037037035 
73   0.07400000000000005   0.037037037037037035 
74   0.07500000000000005   0.037037037037037035 
75   0.07600000000000005   0.037037037037037035 
76   0.07700000000000005   0.037037037037037035 
77   0.07700000000000005   0.041666666666666664 
78   0.07800000000000006   0.046296296296296294 
79   0.07900000000000006   0.05092592592592592 
80   0.08000000000000006   0.05555555555555555 
81   0.08200000000000006   0.05555555555555555 
82   0.08300000000000006   0.05555555555555555 
83   0.08400000000000006   0.05555555555555555 
84   0.08500000000000006   0.05555555555555555 
85   0.08600000000000006   0.05555555555555555 
86   0.08700000000000006   0.05555555555555555 
87   0.08800000000000006   0.05555555555555555 
88   0.08900000000000007   0.05555555555555555 
89   0.09000000000000007   0.05555555555555555 
90   0.09100000000000007   0.05555555555555555 
91   0.09200000000000007   0.05555555555555555 
92   0.09300000000000007   0.05555555555555555 
93   0.09400000000000007   0.05555555555555555 
94   0.09500000000000007   0.05555555555555555 
95   0.09600000000000007   0.05555555555555555 
96   0.09700000000000007   0.05555555555555555 
97   0.09800000000000007   0.05555555555555555 
98   0.09900000000000007   0.05555555555555555 
99   0.10000000000000007   0.05555555555555555 
100   0.10100000000000008   0.05555555555555555 
101   0.10200000000000008   0.05555555555555555 
102   0.10200000000000008   0.06481481481481481 
103   0.10400000000000008   0.06481481481481481 
104   0.10400000000000008   0.07407407407407407 
105   0.10600000000000008   0.07407407407407407 
106   0.10700000000000008   0.07407407407407407 
107   0.10800000000000008   0.07407407407407407 
108   0.10900000000000008   0.07407407407407407 
109   0.11000000000000008   0.07407407407407407 
110   0.11100000000000008   0.07407407407407407 
111   0.11100000000000008   0.07870370370370369 
112   0.11200000000000009   0.08333333333333331 
113   0.11300000000000009   0.08796296296296294 
114   0.11400000000000009   0.09259259259259256 
115   0.11600000000000009   0.09259259259259256 
116   0.11700000000000009   0.09259259259259256 
117   0.11800000000000009   0.09259259259259256 
118   0.11900000000000009   0.09259259259259256 
119   0.12000000000000009   0.09259259259259256 
120   0.1210000000000001   0.09259259259259256 
121   0.1210000000000001   0.09722222222222218 
122   0.1220000000000001   0.1018518518518518 
123   0.1230000000000001   0.10648148148148143 
124   0.1240000000000001   0.11111111111111105 
125   0.12600000000000008   0.11111111111111105 
126   0.12700000000000009   0.11111111111111105 
127   0.12800000000000009   0.11111111111111105 
128   0.1290000000000001   0.11111111111111105 
129   0.1300000000000001   0.11111111111111105 
130   0.1310000000000001   0.11111111111111105 
131   0.1320000000000001   0.11111111111111105 
132   0.1330000000000001   0.11111111111111105 
133   0.1340000000000001   0.11111111111111105 
134   0.1350000000000001   0.11111111111111105 
135   0.1360000000000001   0.11111111111111105 
136   0.1370000000000001   0.11111111111111105 
137   0.1380000000000001   0.11111111111111105 
138   0.1390000000000001   0.11111111111111105 
139   0.1400000000000001   0.11111111111111105 
140   0.1410000000000001   0.11111111111111105 
141   0.1420000000000001   0.11111111111111105 
142   0.1430000000000001   0.11111111111111105 
143   0.1440000000000001   0.11111111111111105 
144   0.1450000000000001   0.11111111111111105 
145   0.1460000000000001   0.11111111111111105 
146   0.1470000000000001   0.11111111111111105 
147   0.1480000000000001   0.11111111111111105 
148   0.1490000000000001   0.11111111111111105 
149   0.1500000000000001   0.11111111111111105 
150   0.1500000000000001   0.12037037037037031 
151   0.1520000000000001   0.12037037037037031 
152   0.1520000000000001   0.12962962962962957 
153   0.1540000000000001   0.12962962962962957 
154   0.1550000000000001   0.12962962962962957 
155   0.1560000000000001   0.12962962962962957 
156   0.1570000000000001   0.12962962962962957 
157   0.1580000000000001   0.12962962962962957 
158   0.1590000000000001   0.12962962962962957 
159   0.1590000000000001   0.1342592592592592 
160   0.16000000000000011   0.1388888888888888 
161   0.16100000000000012   0.14351851851851843 
162   0.16200000000000012   0.14814814814814806 
163   0.16400000000000012   0.14814814814814806 
164   0.16500000000000012   0.14814814814814806 
165   0.16600000000000012   0.14814814814814806 
166   0.16700000000000012   0.14814814814814806 
167   0.16800000000000012   0.14814814814814806 
168   0.16900000000000012   0.14814814814814806 
169   0.17000000000000012   0.14814814814814806 
170   0.17100000000000012   0.14814814814814806 
171   0.17200000000000013   0.14814814814814806 
172   0.17300000000000013   0.14814814814814806 
173   0.17400000000000013   0.14814814814814806 
174   0.17500000000000013   0.14814814814814806 
175   0.17600000000000013   0.14814814814814806 
176   0.17700000000000013   0.14814814814814806 
177   0.17800000000000013   0.14814814814814806 
178   0.17900000000000013   0.14814814814814806 
179   0.18000000000000013   0.14814814814814806 
180   0.18100000000000013   0.14814814814814806 
181   0.18200000000000013   0.14814814814814806 
182   0.18300000000000013   0.14814814814814806 
183   0.18400000000000014   0.14814814814814806 
184   0.18500000000000014   0.14814814814814806 
185   0.18600000000000014   0.14814814814814806 
186   0.18700000000000014   0.14814814814814806 
187   0.18800000000000014   0.14814814814814806 
188   0.18800000000000014   0.15740740740740733 
189   0.19000000000000014   0.15740740740740733 
190   0.19000000000000014   0.16666666666666657 
191   0.19200000000000014   0.16666666666666657 
192   0.19300000000000014   0.16666666666666657 
193   0.19400000000000014   0.16666666666666657 
194   0.19500000000000015   0.16666666666666657 
195   0.19600000000000015   0.16666666666666657 
196   0.19700000000000015   0.16666666666666657 
197   0.19800000000000015   0.16666666666666657 
198   0.19900000000000015   0.16666666666666657 
199   0.20000000000000015   0.16666666666666657 
200   0.20100000000000015   0.16666666666666657 
201   0.20200000000000015   0.16666666666666657 
202   0.20300000000000015   0.16666666666666657 
203   0.20400000000000015   0.16666666666666657 
204   0.20500000000000015   0.16666666666666657 
205   0.20600000000000016   0.16666666666666657 
206   0.20700000000000016   0.16666666666666657 
207   0.20800000000000016   0.16666666666666657 
208   0.20900000000000016   0.16666666666666657 
209   0.21000000000000016   0.16666666666666657 
210   0.21100000000000016   0.16666666666666657 
211   0.21200000000000016   0.16666666666666657 
212   0.21300000000000016   0.16666666666666657 
213   0.21400000000000016   0.16666666666666657 
214   0.21500000000000016   0.16666666666666657 
215   0.21600000000000016   0.16666666666666657 
216   0.21700000000000016   0.16666666666666657 
217   0.21800000000000017   0.16666666666666657 
218   0.21900000000000017   0.16666666666666657 
219   0.22000000000000017   0.16666666666666657 
220   0.22100000000000017   0.16666666666666657 
221   0.22200000000000017   0.16666666666666657 
222   0.22300000000000017   0.16666666666666657 
223   0.22400000000000017   0.16666666666666657 
224   0.22500000000000017   0.16666666666666657 
225   0.22600000000000017   0.16666666666666657 
226   0.22700000000000017   0.16666666666666657 
227   0.22800000000000017   0.16666666666666657 
228   0.22900000000000018   0.16666666666666657 
229   0.23000000000000018   0.16666666666666657 
230   0.23100000000000018   0.16666666666666657 
231   0.23200000000000018   0.16666666666666657 
232   0.23300000000000018   0.16666666666666657 
233   0.23400000000000018   0.16666666666666657 
234   0.23500000000000018   0.16666666666666657 
235   0.23600000000000018   0.16666666666666657 
236   0.23700000000000018   0.16666666666666657 
237   0.23800000000000018   0.16666666666666657 
238   0.23900000000000018   0.16666666666666657 
239   0.24000000000000019   0.16666666666666657 
240   0.2410000000000002   0.16666666666666657 
241   0.2420000000000002   0.16666666666666657 
242   0.2430000000000002   0.16666666666666657 
243   0.2440000000000002   0.16666666666666657 
244   0.2450000000000002   0.16666666666666657 
245   0.2460000000000002   0.16666666666666657 
246   0.2470000000000002   0.16666666666666657 
247   0.2480000000000002   0.16666666666666657 
248   0.2490000000000002   0.16666666666666657 
249   0.25000000000000017   0.16666666666666657 
250   0.25100000000000017   0.16666666666666657 
251   0.25200000000000017   0.16666666666666657 
252   0.25300000000000017   0.16666666666666657 
253   0.25300000000000017   0.17592592592592582 
254   0.25500000000000017   0.17592592592592582 
255   0.25500000000000017   0.18518518518518506 
256   0.2570000000000002   0.18518518518518506 
257   0.2580000000000002   0.18518518518518506 
258   0.2590000000000002   0.18518518518518506 
259   0.2600000000000002   0.18518518518518506 
260   0.2610000000000002   0.18518518518518506 
261   0.2620000000000002   0.18518518518518506 
262   0.2630000000000002   0.18518518518518506 
263   0.2640000000000002   0.18518518518518506 
264   0.2650000000000002   0.18518518518518506 
265   0.2660000000000002   0.18518518518518506 
266   0.2670000000000002   0.18518518518518506 
267   0.2680000000000002   0.18518518518518506 
268   0.2690000000000002   0.18518518518518506 
269   0.2700000000000002   0.18518518518518506 
270   0.2710000000000002   0.18518518518518506 
271   0.2720000000000002   0.18518518518518506 
272   0.2730000000000002   0.18518518518518506 
273   0.2740000000000002   0.18518518518518506 
274   0.2750000000000002   0.18518518518518506 
275   0.2760000000000002   0.18518518518518506 
276   0.2770000000000002   0.18518518518518506 
277   0.2780000000000002   0.18518518518518506 
278   0.2790000000000002   0.18518518518518506 
279   0.2800000000000002   0.18518518518518506 
280   0.2810000000000002   0.18518518518518506 
281   0.2820000000000002   0.18518518518518506 
282   0.2830000000000002   0.18518518518518506 
283   0.2840000000000002   0.18518518518518506 
284   0.2850000000000002   0.18518518518518506 
285   0.2860000000000002   0.18518518518518506 
286   0.2870000000000002   0.18518518518518506 
287   0.2880000000000002   0.18518518518518506 
288   0.2880000000000002   0.1944444444444443 
289   0.2900000000000002   0.1944444444444443 
290   0.2900000000000002   0.20370370370370355 
291   0.2920000000000002   0.20370370370370355 
292   0.2930000000000002   0.20370370370370355 
293   0.2940000000000002   0.20370370370370355 
294   0.2950000000000002   0.20370370370370355 
295   0.2960000000000002   0.20370370370370355 
296   0.2970000000000002   0.20370370370370355 
297   0.2970000000000002   0.20833333333333318 
298   0.2980000000000002   0.2129629629629628 
299   0.2990000000000002   0.21759259259259242 
300   0.3000000000000002   0.22222222222222204 
301   0.3020000000000002   0.22222222222222204 
302   0.3030000000000002   0.22222222222222204 
303   0.3040000000000002   0.22222222222222204 
304   0.3050000000000002   0.22222222222222204 
305   0.3060000000000002   0.22222222222222204 
306   0.3070000000000002   0.22222222222222204 
307   0.3080000000000002   0.22222222222222204 
308   0.3090000000000002   0.22222222222222204 
309   0.3100000000000002   0.22222222222222204 
310   0.3110000000000002   0.22222222222222204 
311   0.3120000000000002   0.22222222222222204 
312   0.3130000000000002   0.22222222222222204 
313   0.3140000000000002   0.22222222222222204 
314   0.3150000000000002   0.22222222222222204 
315   0.3160000000000002   0.22222222222222204 
316   0.3170000000000002   0.22222222222222204 
317   0.3180000000000002   0.22222222222222204 
318   0.31900000000000023   0.22222222222222204 
319   0.32000000000000023   0.22222222222222204 
320   0.32100000000000023   0.22222222222222204 
321   0.32200000000000023   0.22222222222222204 
322   0.32300000000000023   0.22222222222222204 
323   0.32400000000000023   0.22222222222222204 
324   0.32500000000000023   0.22222222222222204 
325   0.32600000000000023   0.22222222222222204 
326   0.32700000000000023   0.22222222222222204 
327   0.32800000000000024   0.22222222222222204 
328   0.32900000000000024   0.22222222222222204 
329   0.33000000000000024   0.22222222222222204 
330   0.33100000000000024   0.22222222222222204 
331   0.33200000000000024   0.22222222222222204 
332   0.33300000000000024   0.22222222222222204 
333   0.33400000000000024   0.22222222222222204 
334   0.33500000000000024   0.22222222222222204 
335   0.33500000000000024   0.22685185185185167 
336   0.33600000000000024   0.2314814814814813 
337   0.33700000000000024   0.2361111111111109 
338   0.33800000000000024   0.24074074074074053 
339   0.34000000000000025   0.24074074074074053 
340   0.34100000000000025   0.24074074074074053 
341   0.34200000000000025   0.24074074074074053 
342   0.34300000000000025   0.24074074074074053 
343   0.34400000000000025   0.24074074074074053 
344   0.34500000000000025   0.24074074074074053 
345   0.34500000000000025   0.24999999999999978 
346   0.34700000000000025   0.24999999999999978 
347   0.34700000000000025   0.259259259259259 
348   0.34900000000000025   0.259259259259259 
349   0.35000000000000026   0.259259259259259 
350   0.35100000000000026   0.259259259259259 
351   0.35200000000000026   0.259259259259259 
352   0.35300000000000026   0.259259259259259 
353   0.35400000000000026   0.259259259259259 
354   0.35400000000000026   0.2638888888888887 
355   0.35500000000000026   0.2685185185185183 
356   0.35600000000000026   0.273148148148148 
357   0.35700000000000026   0.2777777777777776 
358   0.35900000000000026   0.2777777777777776 
359   0.36000000000000026   0.2777777777777776 
360   0.36100000000000027   0.2777777777777776 
361   0.36200000000000027   0.2777777777777776 
362   0.36300000000000027   0.2777777777777776 
363   0.36400000000000027   0.2777777777777776 
364   0.36500000000000027   0.2777777777777776 
365   0.36600000000000027   0.2777777777777776 
366   0.36700000000000027   0.2777777777777776 
367   0.36800000000000027   0.2777777777777776 
368   0.36900000000000027   0.2777777777777776 
369   0.3700000000000003   0.2777777777777776 
370   0.3710000000000003   0.2777777777777776 
371   0.3720000000000003   0.2777777777777776 
372   0.3730000000000003   0.2777777777777776 
373   0.3740000000000003   0.2777777777777776 
374   0.3750000000000003   0.2777777777777776 
375   0.3760000000000003   0.2777777777777776 
376   0.3770000000000003   0.2777777777777776 
377   0.3780000000000003   0.2777777777777776 
378   0.3790000000000003   0.2777777777777776 
379   0.3800000000000003   0.2777777777777776 
380   0.3810000000000003   0.2777777777777776 
381   0.3820000000000003   0.2777777777777776 
382   0.3830000000000003   0.2777777777777776 
383   0.3840000000000003   0.2777777777777776 
384   0.3850000000000003   0.2777777777777776 
385   0.3860000000000003   0.2777777777777776 
386   0.3870000000000003   0.2777777777777776 
387   0.3880000000000003   0.2777777777777776 
388   0.3890000000000003   0.2777777777777776 
389   0.3900000000000003   0.2777777777777776 
390   0.3910000000000003   0.2777777777777776 
391   0.3920000000000003   0.2777777777777776 
392   0.3930000000000003   0.2777777777777776 
393   0.3930000000000003   0.2824074074074073 
394   0.3940000000000003   0.2870370370370369 
395   0.3950000000000003   0.2916666666666666 
396   0.3960000000000003   0.2962962962962962 
397   0.3980000000000003   0.2962962962962962 
398   0.3990000000000003   0.2962962962962962 
399   0.4000000000000003   0.2962962962962962 
400   0.4010000000000003   0.2962962962962962 
401   0.4020000000000003   0.2962962962962962 
402   0.4030000000000003   0.2962962962962962 
403   0.4030000000000003   0.30555555555555547 
404   0.4050000000000003   0.30555555555555547 
405   0.4050000000000003   0.3148148148148147 
406   0.4070000000000003   0.3148148148148147 
407   0.4080000000000003   0.3148148148148147 
408   0.4090000000000003   0.3148148148148147 
409   0.4100000000000003   0.3148148148148147 
410   0.4110000000000003   0.3148148148148147 
411   0.4120000000000003   0.3148148148148147 
412   0.4120000000000003   0.31944444444444436 
413   0.4130000000000003   0.324074074074074 
414   0.4140000000000003   0.32870370370370366 
415   0.4150000000000003   0.3333333333333333 
416   0.4170000000000003   0.3333333333333333 
417   0.4180000000000003   0.3333333333333333 
418   0.4190000000000003   0.3333333333333333 
419   0.4200000000000003   0.3333333333333333 
420   0.4210000000000003   0.3333333333333333 
421   0.4220000000000003   0.3333333333333333 
422   0.4220000000000003   0.34259259259259256 
423   0.4240000000000003   0.34259259259259256 
424   0.4240000000000003   0.3518518518518518 
425   0.4260000000000003   0.3518518518518518 
426   0.4270000000000003   0.3518518518518518 
427   0.4280000000000003   0.3518518518518518 
428   0.4290000000000003   0.3518518518518518 
429   0.4300000000000003   0.3518518518518518 
430   0.4310000000000003   0.3518518518518518 
431   0.43200000000000033   0.3518518518518518 
432   0.43300000000000033   0.3518518518518518 
433   0.43400000000000033   0.3518518518518518 
434   0.43500000000000033   0.3518518518518518 
435   0.43600000000000033   0.3518518518518518 
436   0.43700000000000033   0.3518518518518518 
437   0.43800000000000033   0.3518518518518518 
438   0.43900000000000033   0.3518518518518518 
439   0.44000000000000034   0.3518518518518518 
440   0.44100000000000034   0.3518518518518518 
441   0.44200000000000034   0.3518518518518518 
442   0.44300000000000034   0.3518518518518518 
443   0.44400000000000034   0.3518518518518518 
444   0.44500000000000034   0.3518518518518518 
445   0.44600000000000034   0.3518518518518518 
446   0.44700000000000034   0.3518518518518518 
447   0.44700000000000034   0.35648148148148145 
448   0.44800000000000034   0.3611111111111111 
449   0.44900000000000034   0.36574074074074076 
450   0.45000000000000034   0.3703703703703704 
451   0.45200000000000035   0.3703703703703704 
452   0.45300000000000035   0.3703703703703704 
453   0.45400000000000035   0.3703703703703704 
454   0.45500000000000035   0.3703703703703704 
455   0.45600000000000035   0.3703703703703704 
456   0.45700000000000035   0.3703703703703704 
457   0.45700000000000035   0.37500000000000006 
458   0.45800000000000035   0.3796296296296297 
459   0.45900000000000035   0.38425925925925936 
460   0.46000000000000035   0.388888888888889 
461   0.46200000000000035   0.388888888888889 
462   0.46300000000000036   0.388888888888889 
463   0.46400000000000036   0.388888888888889 
464   0.46500000000000036   0.388888888888889 
465   0.46600000000000036   0.388888888888889 
466   0.46700000000000036   0.388888888888889 
467   0.46700000000000036   0.39814814814814825 
468   0.46900000000000036   0.39814814814814825 
469   0.46900000000000036   0.4074074074074075 
470   0.47100000000000036   0.4074074074074075 
471   0.47200000000000036   0.4074074074074075 
472   0.47300000000000036   0.4074074074074075 
473   0.47400000000000037   0.4074074074074075 
474   0.47500000000000037   0.4074074074074075 
475   0.47600000000000037   0.4074074074074075 
476   0.47600000000000037   0.41203703703703715 
477   0.47700000000000037   0.4166666666666668 
478   0.47800000000000037   0.42129629629629645 
479   0.47900000000000037   0.4259259259259261 
480   0.48100000000000037   0.4259259259259261 
481   0.4820000000000004   0.4259259259259261 
482   0.4830000000000004   0.4259259259259261 
483   0.4840000000000004   0.4259259259259261 
484   0.4850000000000004   0.4259259259259261 
485   0.4860000000000004   0.4259259259259261 
486   0.4860000000000004   0.43055555555555575 
487   0.4870000000000004   0.4351851851851854 
488   0.4880000000000004   0.43981481481481505 
489   0.4890000000000004   0.4444444444444447 
490   0.4910000000000004   0.4444444444444447 
491   0.4920000000000004   0.4444444444444447 
492   0.4930000000000004   0.4444444444444447 
493   0.4940000000000004   0.4444444444444447 
494   0.4950000000000004   0.4444444444444447 
495   0.4960000000000004   0.4444444444444447 
496   0.4970000000000004   0.4444444444444447 
497   0.4980000000000004   0.4444444444444447 
498   0.4990000000000004   0.4444444444444447 
499   0.5000000000000003   0.4444444444444447 
500   0.5010000000000003   0.4444444444444447 
501   0.5020000000000003   0.4444444444444447 
502   0.5030000000000003   0.4444444444444447 
503   0.5040000000000003   0.4444444444444447 
504   0.5050000000000003   0.4444444444444447 
505   0.5060000000000003   0.4444444444444447 
506   0.5070000000000003   0.4444444444444447 
507   0.5080000000000003   0.4444444444444447 
508   0.5090000000000003   0.4444444444444447 
509   0.5100000000000003   0.4444444444444447 
510   0.5110000000000003   0.4444444444444447 
511   0.5120000000000003   0.4444444444444447 
512   0.5130000000000003   0.4444444444444447 
513   0.5140000000000003   0.4444444444444447 
514   0.5150000000000003   0.4444444444444447 
515   0.5160000000000003   0.4444444444444447 
516   0.5160000000000003   0.45370370370370394 
517   0.5180000000000003   0.45370370370370394 
518   0.5180000000000003   0.4629629629629632 
519   0.5200000000000004   0.4629629629629632 
520   0.5210000000000004   0.4629629629629632 
521   0.5220000000000004   0.4629629629629632 
522   0.5230000000000004   0.4629629629629632 
523   0.5240000000000004   0.4629629629629632 
524   0.5250000000000004   0.4629629629629632 
525   0.5250000000000004   0.46759259259259284 
526   0.5260000000000004   0.4722222222222225 
527   0.5270000000000004   0.47685185185185214 
528   0.5280000000000004   0.4814814814814818 
529   0.5300000000000004   0.4814814814814818 
530   0.5310000000000004   0.4814814814814818 
531   0.5320000000000004   0.4814814814814818 
532   0.5330000000000004   0.4814814814814818 
533   0.5340000000000004   0.4814814814814818 
534   0.5350000000000004   0.4814814814814818 
535   0.5350000000000004   0.48611111111111144 
536   0.5360000000000004   0.4907407407407411 
537   0.5370000000000004   0.49537037037037074 
538   0.5380000000000004   0.5000000000000003 
539   0.5400000000000004   0.5000000000000003 
540   0.5410000000000004   0.5000000000000003 
541   0.5420000000000004   0.5000000000000003 
542   0.5430000000000004   0.5000000000000003 
543   0.5440000000000004   0.5000000000000003 
544   0.5450000000000004   0.5000000000000003 
545   0.5450000000000004   0.5092592592592596 
546   0.5470000000000004   0.5092592592592596 
547   0.5470000000000004   0.5185185185185189 
548   0.5490000000000004   0.5185185185185189 
549   0.5500000000000004   0.5185185185185189 
550   0.5510000000000004   0.5185185185185189 
551   0.5520000000000004   0.5185185185185189 
552   0.5530000000000004   0.5185185185185189 
553   0.5540000000000004   0.5185185185185189 
554   0.5550000000000004   0.5185185185185189 
555   0.5560000000000004   0.5185185185185189 
556   0.5570000000000004   0.5185185185185189 
557   0.5580000000000004   0.5185185185185189 
558   0.5590000000000004   0.5185185185185189 
559   0.5600000000000004   0.5185185185185189 
560   0.5610000000000004   0.5185185185185189 
561   0.5620000000000004   0.5185185185185189 
562   0.5630000000000004   0.5185185185185189 
563   0.5640000000000004   0.5185185185185189 
564   0.5650000000000004   0.5185185185185189 
565   0.5660000000000004   0.5185185185185189 
566   0.5670000000000004   0.5185185185185189 
567   0.5680000000000004   0.5185185185185189 
568   0.5690000000000004   0.5185185185185189 
569   0.5700000000000004   0.5185185185185189 
570   0.5710000000000004   0.5185185185185189 
571   0.5720000000000004   0.5185185185185189 
572   0.5730000000000004   0.5185185185185189 
573   0.5740000000000004   0.5185185185185189 
574   0.5740000000000004   0.5231481481481486 
575   0.5750000000000004   0.5277777777777782 
576   0.5760000000000004   0.5324074074074079 
577   0.5770000000000004   0.5370370370370375 
578   0.5790000000000004   0.5370370370370375 
579   0.5800000000000004   0.5370370370370375 
580   0.5810000000000004   0.5370370370370375 
581   0.5820000000000004   0.5370370370370375 
582   0.5830000000000004   0.5370370370370375 
583   0.5840000000000004   0.5370370370370375 
584   0.5840000000000004   0.5462962962962968 
585   0.5860000000000004   0.5462962962962968 
586   0.5860000000000004   0.5555555555555561 
587   0.5880000000000004   0.5555555555555561 
588   0.5890000000000004   0.5555555555555561 
589   0.5900000000000004   0.5555555555555561 
590   0.5910000000000004   0.5555555555555561 
591   0.5920000000000004   0.5555555555555561 
592   0.5930000000000004   0.5555555555555561 
593   0.5930000000000004   0.5601851851851858 
594   0.5940000000000004   0.5648148148148154 
595   0.5950000000000004   0.5694444444444451 
596   0.5960000000000004   0.5740740740740747 
597   0.5980000000000004   0.5740740740740747 
598   0.5990000000000004   0.5740740740740747 
599   0.6000000000000004   0.5740740740740747 
600   0.6010000000000004   0.5740740740740747 
601   0.6020000000000004   0.5740740740740747 
602   0.6030000000000004   0.5740740740740747 
603   0.6040000000000004   0.5740740740740747 
604   0.6050000000000004   0.5740740740740747 
605   0.6060000000000004   0.5740740740740747 
606   0.6070000000000004   0.5740740740740747 
607   0.6080000000000004   0.5740740740740747 
608   0.6090000000000004   0.5740740740740747 
609   0.6100000000000004   0.5740740740740747 
610   0.6110000000000004   0.5740740740740747 
611   0.6120000000000004   0.5740740740740747 
612   0.6130000000000004   0.5740740740740747 
613   0.6140000000000004   0.5740740740740747 
614   0.6150000000000004   0.5740740740740747 
615   0.6160000000000004   0.5740740740740747 
616   0.6170000000000004   0.5740740740740747 
617   0.6180000000000004   0.5740740740740747 
618   0.6190000000000004   0.5740740740740747 
619   0.6200000000000004   0.5740740740740747 
620   0.6210000000000004   0.5740740740740747 
621   0.6220000000000004   0.5740740740740747 
622   0.6230000000000004   0.5740740740740747 
623   0.6240000000000004   0.5740740740740747 
624   0.6250000000000004   0.5740740740740747 
625   0.6260000000000004   0.5740740740740747 
626   0.6270000000000004   0.5740740740740747 
627   0.6280000000000004   0.5740740740740747 
628   0.6290000000000004   0.5740740740740747 
629   0.6300000000000004   0.5740740740740747 
630   0.6310000000000004   0.5740740740740747 
631   0.6320000000000005   0.5740740740740747 
632   0.6330000000000005   0.5740740740740747 
633   0.6340000000000005   0.5740740740740747 
634   0.6350000000000005   0.5740740740740747 
635   0.6360000000000005   0.5740740740740747 
636   0.6360000000000005   0.5787037037037044 
637   0.6370000000000005   0.583333333333334 
638   0.6380000000000005   0.5879629629629637 
639   0.6390000000000005   0.5925925925925933 
640   0.6410000000000005   0.5925925925925933 
641   0.6420000000000005   0.5925925925925933 
642   0.6430000000000005   0.5925925925925933 
643   0.6440000000000005   0.5925925925925933 
644   0.6450000000000005   0.5925925925925933 
645   0.6460000000000005   0.5925925925925933 
646   0.6460000000000005   0.6018518518518526 
647   0.6480000000000005   0.6018518518518526 
648   0.6480000000000005   0.6111111111111119 
649   0.6500000000000005   0.6111111111111119 
650   0.6510000000000005   0.6111111111111119 
651   0.6520000000000005   0.6111111111111119 
652   0.6530000000000005   0.6111111111111119 
653   0.6540000000000005   0.6111111111111119 
654   0.6550000000000005   0.6111111111111119 
655   0.6560000000000005   0.6111111111111119 
656   0.6570000000000005   0.6111111111111119 
657   0.6580000000000005   0.6111111111111119 
658   0.6590000000000005   0.6111111111111119 
659   0.6600000000000005   0.6111111111111119 
660   0.6610000000000005   0.6111111111111119 
661   0.6620000000000005   0.6111111111111119 
662   0.6630000000000005   0.6111111111111119 
663   0.6640000000000005   0.6111111111111119 
664   0.6650000000000005   0.6111111111111119 
665   0.6660000000000005   0.6111111111111119 
666   0.6670000000000005   0.6111111111111119 
667   0.6680000000000005   0.6111111111111119 
668   0.6690000000000005   0.6111111111111119 
669   0.6700000000000005   0.6111111111111119 
670   0.6710000000000005   0.6111111111111119 
671   0.6720000000000005   0.6111111111111119 
672   0.6730000000000005   0.6111111111111119 
673   0.6740000000000005   0.6111111111111119 
674   0.6750000000000005   0.6111111111111119 
675   0.6760000000000005   0.6111111111111119 
676   0.6770000000000005   0.6111111111111119 
677   0.6780000000000005   0.6111111111111119 
678   0.6790000000000005   0.6111111111111119 
679   0.6800000000000005   0.6111111111111119 
680   0.6810000000000005   0.6111111111111119 
681   0.6810000000000005   0.6157407407407416 
682   0.6820000000000005   0.6203703703703712 
683   0.6830000000000005   0.6250000000000009 
684   0.6840000000000005   0.6296296296296305 
685   0.6860000000000005   0.6296296296296305 
686   0.6870000000000005   0.6296296296296305 
687   0.6880000000000005   0.6296296296296305 
688   0.6890000000000005   0.6296296296296305 
689   0.6900000000000005   0.6296296296296305 
690   0.6910000000000005   0.6296296296296305 
691   0.6910000000000005   0.6388888888888898 
692   0.6930000000000005   0.6388888888888898 
693   0.6930000000000005   0.6481481481481491 
694   0.6950000000000005   0.6481481481481491 
695   0.6960000000000005   0.6481481481481491 
696   0.6970000000000005   0.6481481481481491 
697   0.6980000000000005   0.6481481481481491 
698   0.6990000000000005   0.6481481481481491 
699   0.7000000000000005   0.6481481481481491 
700   0.7000000000000005   0.6527777777777788 
701   0.7010000000000005   0.6574074074074084 
702   0.7020000000000005   0.6620370370370381 
703   0.7030000000000005   0.6666666666666677 
704   0.7050000000000005   0.6666666666666677 
705   0.7060000000000005   0.6666666666666677 
706   0.7070000000000005   0.6666666666666677 
707   0.7080000000000005   0.6666666666666677 
708   0.7090000000000005   0.6666666666666677 
709   0.7100000000000005   0.6666666666666677 
710   0.7110000000000005   0.6666666666666677 
711   0.7120000000000005   0.6666666666666677 
712   0.7130000000000005   0.6666666666666677 
713   0.7140000000000005   0.6666666666666677 
714   0.7150000000000005   0.6666666666666677 
715   0.7160000000000005   0.6666666666666677 
716   0.7170000000000005   0.6666666666666677 
717   0.7180000000000005   0.6666666666666677 
718   0.7190000000000005   0.6666666666666677 
719   0.7200000000000005   0.6666666666666677 
720   0.7210000000000005   0.6666666666666677 
721   0.7220000000000005   0.6666666666666677 
722   0.7230000000000005   0.6666666666666677 
723   0.7240000000000005   0.6666666666666677 
724   0.7250000000000005   0.6666666666666677 
725   0.7260000000000005   0.6666666666666677 
726   0.7270000000000005   0.6666666666666677 
727   0.7280000000000005   0.6666666666666677 
728   0.7290000000000005   0.6666666666666677 
729   0.7300000000000005   0.6666666666666677 
730   0.7310000000000005   0.6666666666666677 
731   0.7320000000000005   0.6666666666666677 
732   0.7330000000000005   0.6666666666666677 
733   0.7340000000000005   0.6666666666666677 
734   0.7350000000000005   0.6666666666666677 
735   0.7360000000000005   0.6666666666666677 
736   0.7360000000000005   0.6712962962962974 
737   0.7370000000000005   0.675925925925927 
738   0.7380000000000005   0.6805555555555567 
739   0.7390000000000005   0.6851851851851863 
740   0.7410000000000005   0.6851851851851863 
741   0.7420000000000005   0.6851851851851863 
742   0.7430000000000005   0.6851851851851863 
743   0.7440000000000005   0.6851851851851863 
744   0.7450000000000006   0.6851851851851863 
745   0.7460000000000006   0.6851851851851863 
746   0.7460000000000006   0.6944444444444456 
747   0.7480000000000006   0.6944444444444456 
748   0.7480000000000006   0.7037037037037049 
749   0.7500000000000006   0.7037037037037049 
750   0.7510000000000006   0.7037037037037049 
751   0.7520000000000006   0.7037037037037049 
752   0.7530000000000006   0.7037037037037049 
753   0.7540000000000006   0.7037037037037049 
754   0.7550000000000006   0.7037037037037049 
755   0.7550000000000006   0.7083333333333346 
756   0.7560000000000006   0.7129629629629642 
757   0.7570000000000006   0.7175925925925939 
758   0.7580000000000006   0.7222222222222235 
759   0.7600000000000006   0.7222222222222235 
760   0.7610000000000006   0.7222222222222235 
761   0.7620000000000006   0.7222222222222235 
762   0.7630000000000006   0.7222222222222235 
763   0.7640000000000006   0.7222222222222235 
764   0.7650000000000006   0.7222222222222235 
765   0.7650000000000006   0.7268518518518532 
766   0.7660000000000006   0.7314814814814828 
767   0.7670000000000006   0.7361111111111125 
768   0.7680000000000006   0.7407407407407421 
769   0.7700000000000006   0.7407407407407421 
770   0.7710000000000006   0.7407407407407421 
771   0.7720000000000006   0.7407407407407421 
772   0.7730000000000006   0.7407407407407421 
773   0.7740000000000006   0.7407407407407421 
774   0.7750000000000006   0.7407407407407421 
775   0.7760000000000006   0.7407407407407421 
776   0.7770000000000006   0.7407407407407421 
777   0.7780000000000006   0.7407407407407421 
778   0.7790000000000006   0.7407407407407421 
779   0.7800000000000006   0.7407407407407421 
780   0.7810000000000006   0.7407407407407421 
781   0.7820000000000006   0.7407407407407421 
782   0.7830000000000006   0.7407407407407421 
783   0.7840000000000006   0.7407407407407421 
784   0.7850000000000006   0.7407407407407421 
785   0.7860000000000006   0.7407407407407421 
786   0.7870000000000006   0.7407407407407421 
787   0.7880000000000006   0.7407407407407421 
788   0.7890000000000006   0.7407407407407421 
789   0.7900000000000006   0.7407407407407421 
790   0.7900000000000006   0.7453703703703718 
791   0.7910000000000006   0.7500000000000014 
792   0.7920000000000006   0.7546296296296311 
793   0.7930000000000006   0.7592592592592607 
794   0.7950000000000006   0.7592592592592607 
795   0.7960000000000006   0.7592592592592607 
796   0.7970000000000006   0.7592592592592607 
797   0.7980000000000006   0.7592592592592607 
798   0.7990000000000006   0.7592592592592607 
799   0.8000000000000006   0.7592592592592607 
800   0.8000000000000006   0.7638888888888904 
801   0.8010000000000006   0.76851851851852 
802   0.8020000000000006   0.7731481481481497 
803   0.8030000000000006   0.7777777777777793 
804   0.8050000000000006   0.7777777777777793 
805   0.8060000000000006   0.7777777777777793 
806   0.8070000000000006   0.7777777777777793 
807   0.8080000000000006   0.7777777777777793 
808   0.8090000000000006   0.7777777777777793 
809   0.8100000000000006   0.7777777777777793 
810   0.8100000000000006   0.7870370370370386 
811   0.8120000000000006   0.7870370370370386 
812   0.8120000000000006   0.796296296296298 
813   0.8140000000000006   0.796296296296298 
814   0.8150000000000006   0.796296296296298 
815   0.8160000000000006   0.796296296296298 
816   0.8170000000000006   0.796296296296298 
817   0.8180000000000006   0.796296296296298 
818   0.8190000000000006   0.796296296296298 
819   0.8190000000000006   0.8009259259259276 
820   0.8200000000000006   0.8055555555555572 
821   0.8210000000000006   0.8101851851851869 
822   0.8220000000000006   0.8148148148148165 
823   0.8240000000000006   0.8148148148148165 
824   0.8250000000000006   0.8148148148148165 
825   0.8260000000000006   0.8148148148148165 
826   0.8270000000000006   0.8148148148148165 
827   0.8280000000000006   0.8148148148148165 
828   0.8290000000000006   0.8148148148148165 
829   0.8290000000000006   0.8194444444444462 
830   0.8300000000000006   0.8240740740740758 
831   0.8310000000000006   0.8287037037037055 
832   0.8320000000000006   0.8333333333333351 
833   0.8340000000000006   0.8333333333333351 
834   0.8350000000000006   0.8333333333333351 
835   0.8360000000000006   0.8333333333333351 
836   0.8370000000000006   0.8333333333333351 
837   0.8380000000000006   0.8333333333333351 
838   0.8390000000000006   0.8333333333333351 
839   0.8400000000000006   0.8333333333333351 
840   0.8410000000000006   0.8333333333333351 
841   0.8420000000000006   0.8333333333333351 
842   0.8430000000000006   0.8333333333333351 
843   0.8440000000000006   0.8333333333333351 
844   0.8450000000000006   0.8333333333333351 
845   0.8460000000000006   0.8333333333333351 
846   0.8470000000000006   0.8333333333333351 
847   0.8480000000000006   0.8333333333333351 
848   0.8490000000000006   0.8333333333333351 
849   0.8500000000000006   0.8333333333333351 
850   0.8510000000000006   0.8333333333333351 
851   0.8520000000000006   0.8333333333333351 
852   0.8530000000000006   0.8333333333333351 
853   0.8540000000000006   0.8333333333333351 
854   0.8550000000000006   0.8333333333333351 
855   0.8560000000000006   0.8333333333333351 
856   0.8570000000000007   0.8333333333333351 
857   0.8580000000000007   0.8333333333333351 
858   0.8590000000000007   0.8333333333333351 
859   0.8590000000000007   0.8425925925925944 
860   0.8610000000000007   0.8425925925925944 
861   0.8610000000000007   0.8518518518518537 
862   0.8630000000000007   0.8518518518518537 
863   0.8640000000000007   0.8518518518518537 
864   0.8650000000000007   0.8518518518518537 
865   0.8660000000000007   0.8518518518518537 
866   0.8670000000000007   0.8518518518518537 
867   0.8680000000000007   0.8518518518518537 
868   0.8680000000000007   0.8564814814814834 
869   0.8690000000000007   0.861111111111113 
870   0.8700000000000007   0.8657407407407427 
871   0.8710000000000007   0.8703703703703723 
872   0.8730000000000007   0.8703703703703723 
873   0.8740000000000007   0.8703703703703723 
874   0.8750000000000007   0.8703703703703723 
875   0.8760000000000007   0.8703703703703723 
876   0.8770000000000007   0.8703703703703723 
877   0.8780000000000007   0.8703703703703723 
878   0.8780000000000007   0.875000000000002 
879   0.8790000000000007   0.8796296296296316 
880   0.8800000000000007   0.8842592592592613 
881   0.8810000000000007   0.888888888888891 
882   0.8830000000000007   0.888888888888891 
883   0.8840000000000007   0.888888888888891 
884   0.8850000000000007   0.888888888888891 
885   0.8860000000000007   0.888888888888891 
886   0.8870000000000007   0.888888888888891 
887   0.8880000000000007   0.888888888888891 
888   0.8880000000000007   0.8981481481481502 
889   0.8900000000000007   0.8981481481481502 
890   0.8900000000000007   0.9074074074074095 
891   0.8920000000000007   0.9074074074074095 
892   0.8930000000000007   0.9074074074074095 
893   0.8940000000000007   0.9074074074074095 
894   0.8950000000000007   0.9074074074074095 
895   0.8960000000000007   0.9074074074074095 
896   0.8970000000000007   0.9074074074074095 
897   0.8980000000000007   0.9074074074074095 
898   0.8990000000000007   0.9074074074074095 
899   0.9000000000000007   0.9074074074074095 
900   0.9010000000000007   0.9074074074074095 
901   0.9020000000000007   0.9074074074074095 
902   0.9030000000000007   0.9074074074074095 
903   0.9040000000000007   0.9074074074074095 
904   0.9050000000000007   0.9074074074074095 
905   0.9060000000000007   0.9074074074074095 
906   0.9070000000000007   0.9074074074074095 
907   0.9080000000000007   0.9074074074074095 
908   0.9090000000000007   0.9074074074074095 
909   0.9100000000000007   0.9074074074074095 
910   0.9110000000000007   0.9074074074074095 
911   0.9120000000000007   0.9074074074074095 
912   0.9130000000000007   0.9074074074074095 
913   0.9140000000000007   0.9074074074074095 
914   0.9150000000000007   0.9074074074074095 
915   0.9160000000000007   0.9074074074074095 
916   0.9170000000000007   0.9074074074074095 
917   0.9170000000000007   0.9120370370370392 
918   0.9180000000000007   0.9166666666666689 
919   0.9190000000000007   0.9212962962962985 
920   0.9200000000000007   0.9259259259259282 
921   0.9220000000000007   0.9259259259259282 
922   0.9230000000000007   0.9259259259259282 
923   0.9240000000000007   0.9259259259259282 
924   0.9250000000000007   0.9259259259259282 
925   0.9260000000000007   0.9259259259259282 
926   0.9270000000000007   0.9259259259259282 
927   0.9270000000000007   0.9351851851851875 
928   0.9290000000000007   0.9351851851851875 
929   0.9290000000000007   0.9444444444444468 
930   0.9310000000000007   0.9444444444444468 
931   0.9320000000000007   0.9444444444444468 
932   0.9330000000000007   0.9444444444444468 
933   0.9340000000000007   0.9444444444444468 
934   0.9350000000000007   0.9444444444444468 
935   0.9360000000000007   0.9444444444444468 
936   0.9360000000000007   0.9490740740740764 
937   0.9370000000000007   0.953703703703706 
938   0.9380000000000007   0.9583333333333357 
939   0.9390000000000007   0.9629629629629654 
940   0.9410000000000007   0.9629629629629654 
941   0.9420000000000007   0.9629629629629654 
942   0.9430000000000007   0.9629629629629654 
943   0.9440000000000007   0.9629629629629654 
944   0.9450000000000007   0.9629629629629654 
945   0.9460000000000007   0.9629629629629654 
946   0.9470000000000007   0.9629629629629654 
947   0.9480000000000007   0.9629629629629654 
948   0.9490000000000007   0.9629629629629654 
949   0.9500000000000007   0.9629629629629654 
950   0.9510000000000007   0.9629629629629654 
951   0.9520000000000007   0.9629629629629654 
952   0.9530000000000007   0.9629629629629654 
953   0.9540000000000007   0.9629629629629654 
954   0.9550000000000007   0.9629629629629654 
955   0.9560000000000007   0.9629629629629654 
956   0.9570000000000007   0.9629629629629654 
957   0.9580000000000007   0.9629629629629654 
958   0.9590000000000007   0.9629629629629654 
959   0.9600000000000007   0.9629629629629654 
960   0.9610000000000007   0.9629629629629654 
961   0.9620000000000007   0.9629629629629654 
962   0.9630000000000007   0.9629629629629654 
963   0.9640000000000007   0.9629629629629654 
964   0.9650000000000007   0.9629629629629654 
965   0.9650000000000007   0.967592592592595 
966   0.9660000000000007   0.9722222222222247 
967   0.9670000000000007   0.9768518518518543 
968   0.9680000000000007   0.981481481481484 
969   0.9700000000000008   0.981481481481484 
970   0.9710000000000008   0.981481481481484 
971   0.9720000000000008   0.981481481481484 
972   0.9730000000000008   0.981481481481484 
973   0.9740000000000008   0.981481481481484 
974   0.9750000000000008   0.981481481481484 
975   0.9750000000000008   0.9861111111111136 
976   0.9760000000000008   0.9907407407407433 
977   0.9770000000000008   1.0000000000000024 
978   0.9790000000000008   1.0000000000000024 
979   0.9800000000000008   1.0000000000000024 
980   0.9810000000000008   1.0000000000000024 
981   0.9820000000000008   1.0000000000000024 
982   0.9830000000000008   1.0000000000000024 
983   0.9840000000000008   1.0000000000000024 
984   0.9850000000000008   1.0000000000000024 
985   0.9860000000000008   1.0000000000000024 
986   0.9870000000000008   1.0000000000000024 
987   0.9880000000000008   1.0000000000000024 
988   0.9890000000000008   1.0000000000000024 
989   0.9900000000000008   1.0000000000000024 
990   0.9910000000000008   1.0000000000000024 
991   0.9920000000000008   1.0000000000000024 
992   0.9930000000000008   1.0000000000000024 
993   0.9940000000000008   1.0000000000000024 
994   0.9950000000000008   1.0000000000000024 
995   0.9960000000000008   1.0000000000000024 
996   0.9970000000000008   1.0000000000000024 
997   0.9980000000000008   1.0000000000000024 
998   0.9990000000000008   1.0000000000000024 
999   1.0000000000000007   1.0000000000000024 
