0   0.001   0 
1   0.002   0 
2   0.003   0 
3   0.004   0 
4   0.005   0 
5   0.005   0.007246376811594203 
6   0.007   0.007246376811594203 
7   0.008   0.007246376811594203 
8   0.009000000000000001   0.007246376811594203 
9   0.010000000000000002   0.007246376811594203 
10   0.011000000000000003   0.007246376811594203 
11   0.012000000000000004   0.007246376811594203 
12   0.013000000000000005   0.007246376811594203 
13   0.014000000000000005   0.007246376811594203 
14   0.015000000000000006   0.007246376811594203 
15   0.016000000000000007   0.007246376811594203 
16   0.017000000000000008   0.007246376811594203 
17   0.01800000000000001   0.007246376811594203 
18   0.01800000000000001   0.021739130434782608 
19   0.02000000000000001   0.021739130434782608 
20   0.02100000000000001   0.021739130434782608 
21   0.02100000000000001   0.02536231884057971 
22   0.023000000000000013   0.02536231884057971 
23   0.024000000000000014   0.02536231884057971 
24   0.025000000000000015   0.02536231884057971 
25   0.026000000000000016   0.02536231884057971 
26   0.026000000000000016   0.03260869565217391 
27   0.028000000000000018   0.03260869565217391 
28   0.02900000000000002   0.03260869565217391 
29   0.03000000000000002   0.03260869565217391 
30   0.03100000000000002   0.03260869565217391 
31   0.03200000000000002   0.03260869565217391 
32   0.03300000000000002   0.03260869565217391 
33   0.03300000000000002   0.036231884057971016 
34   0.035000000000000024   0.036231884057971016 
35   0.036000000000000025   0.036231884057971016 
36   0.037000000000000026   0.036231884057971016 
37   0.03800000000000003   0.036231884057971016 
38   0.03900000000000003   0.036231884057971016 
39   0.03900000000000003   0.03985507246376812 
40   0.04100000000000003   0.03985507246376812 
41   0.04100000000000003   0.04347826086956522 
42   0.04300000000000003   0.04347826086956522 
43   0.04400000000000003   0.04347826086956522 
44   0.04500000000000003   0.04347826086956522 
45   0.046000000000000034   0.04347826086956522 
46   0.047000000000000035   0.04347826086956522 
47   0.048000000000000036   0.04347826086956522 
48   0.04900000000000004   0.04347826086956522 
49   0.05000000000000004   0.04347826086956522 
50   0.05100000000000004   0.04347826086956522 
51   0.05100000000000004   0.05797101449275363 
52   0.05300000000000004   0.05797101449275363 
53   0.05400000000000004   0.05797101449275363 
54   0.05400000000000004   0.061594202898550734 
55   0.05600000000000004   0.061594202898550734 
56   0.057000000000000044   0.061594202898550734 
57   0.058000000000000045   0.061594202898550734 
58   0.059000000000000045   0.061594202898550734 
59   0.059000000000000045   0.06884057971014494 
60   0.06100000000000005   0.06884057971014494 
61   0.06200000000000005   0.06884057971014494 
62   0.06300000000000004   0.06884057971014494 
63   0.06400000000000004   0.06884057971014494 
64   0.06500000000000004   0.06884057971014494 
65   0.06600000000000004   0.06884057971014494 
66   0.06600000000000004   0.07246376811594205 
67   0.06700000000000005   0.07608695652173915 
68   0.06900000000000005   0.07608695652173915 
69   0.07000000000000005   0.07608695652173915 
70   0.07100000000000005   0.07608695652173915 
71   0.07200000000000005   0.07608695652173915 
72   0.07200000000000005   0.07971014492753625 
73   0.07400000000000005   0.07971014492753625 
74   0.07400000000000005   0.08333333333333336 
75   0.07500000000000005   0.08695652173913046 
76   0.07700000000000005   0.08695652173913046 
77   0.07800000000000006   0.08695652173913046 
78   0.07900000000000006   0.08695652173913046 
79   0.08000000000000006   0.08695652173913046 
80   0.08100000000000006   0.08695652173913046 
81   0.08200000000000006   0.08695652173913046 
82   0.08200000000000006   0.09057971014492756 
83   0.08400000000000006   0.09057971014492756 
84   0.08400000000000006   0.09420289855072467 
85   0.08600000000000006   0.09420289855072467 
86   0.08700000000000006   0.09420289855072467 
87   0.08800000000000006   0.09420289855072467 
88   0.08900000000000007   0.09420289855072467 
89   0.09000000000000007   0.09420289855072467 
90   0.09100000000000007   0.09420289855072467 
91   0.09200000000000007   0.09420289855072467 
92   0.09300000000000007   0.09420289855072467 
93   0.09400000000000007   0.09420289855072467 
94   0.09400000000000007   0.10869565217391307 
95   0.09600000000000007   0.10869565217391307 
96   0.09700000000000007   0.10869565217391307 
97   0.09700000000000007   0.11231884057971017 
98   0.09900000000000007   0.11231884057971017 
99   0.09900000000000007   0.11594202898550728 
100   0.10100000000000008   0.11594202898550728 
101   0.10100000000000008   0.11956521739130438 
102   0.10300000000000008   0.11956521739130438 
103   0.10400000000000008   0.11956521739130438 
104   0.10500000000000008   0.11956521739130438 
105   0.10600000000000008   0.11956521739130438 
106   0.10600000000000008   0.12318840579710148 
107   0.10800000000000008   0.12318840579710148 
108   0.10800000000000008   0.1268115942028986 
109   0.10900000000000008   0.13043478260869568 
110   0.11000000000000008   0.13405797101449277 
111   0.11200000000000009   0.13405797101449277 
112   0.11300000000000009   0.13405797101449277 
113   0.11400000000000009   0.13405797101449277 
114   0.11500000000000009   0.13405797101449277 
115   0.11600000000000009   0.13405797101449277 
116   0.11600000000000009   0.13768115942028986 
117   0.11800000000000009   0.13768115942028986 
118   0.11800000000000009   0.14130434782608695 
119   0.11900000000000009   0.14492753623188404 
120   0.1210000000000001   0.14492753623188404 
121   0.1220000000000001   0.14492753623188404 
122   0.1230000000000001   0.14492753623188404 
123   0.1240000000000001   0.14492753623188404 
124   0.12500000000000008   0.14492753623188404 
125   0.12500000000000008   0.14855072463768113 
126   0.12700000000000009   0.14855072463768113 
127   0.12700000000000009   0.15217391304347822 
128   0.1290000000000001   0.15217391304347822 
129   0.1300000000000001   0.15217391304347822 
130   0.1310000000000001   0.15217391304347822 
131   0.1320000000000001   0.15217391304347822 
132   0.1330000000000001   0.15217391304347822 
133   0.1340000000000001   0.15217391304347822 
134   0.1350000000000001   0.15217391304347822 
135   0.1360000000000001   0.15217391304347822 
136   0.1370000000000001   0.15217391304347822 
137   0.1380000000000001   0.15217391304347822 
138   0.1390000000000001   0.15217391304347822 
139   0.1400000000000001   0.15217391304347822 
140   0.1410000000000001   0.15217391304347822 
141   0.1420000000000001   0.15217391304347822 
142   0.1430000000000001   0.15217391304347822 
143   0.1440000000000001   0.15217391304347822 
144   0.1450000000000001   0.15217391304347822 
145   0.1460000000000001   0.15217391304347822 
146   0.1470000000000001   0.15217391304347822 
147   0.1480000000000001   0.15217391304347822 
148   0.1480000000000001   0.1557971014492753 
149   0.1490000000000001   0.1594202898550724 
150   0.1510000000000001   0.1594202898550724 
151   0.1520000000000001   0.1594202898550724 
152   0.1530000000000001   0.1594202898550724 
153   0.1540000000000001   0.1594202898550724 
154   0.1540000000000001   0.16304347826086948 
155   0.1560000000000001   0.16304347826086948 
156   0.1560000000000001   0.16666666666666657 
157   0.1570000000000001   0.17028985507246366 
158   0.1590000000000001   0.17028985507246366 
159   0.1590000000000001   0.17391304347826075 
160   0.16100000000000012   0.17391304347826075 
161   0.16200000000000012   0.17391304347826075 
162   0.16300000000000012   0.17391304347826075 
163   0.16400000000000012   0.17391304347826075 
164   0.16400000000000012   0.17753623188405784 
165   0.16600000000000012   0.17753623188405784 
166   0.16600000000000012   0.18115942028985493 
167   0.16800000000000012   0.18115942028985493 
168   0.16900000000000012   0.18115942028985493 
169   0.17000000000000012   0.18115942028985493 
170   0.17100000000000012   0.18115942028985493 
171   0.17200000000000013   0.18115942028985493 
172   0.17300000000000013   0.18115942028985493 
173   0.17400000000000013   0.18115942028985493 
174   0.17500000000000013   0.18115942028985493 
175   0.17600000000000013   0.18115942028985493 
176   0.17700000000000013   0.18115942028985493 
177   0.17800000000000013   0.18115942028985493 
178   0.17900000000000013   0.18115942028985493 
179   0.18000000000000013   0.18115942028985493 
180   0.18100000000000013   0.18115942028985493 
181   0.18200000000000013   0.18115942028985493 
182   0.18300000000000013   0.18115942028985493 
183   0.18400000000000014   0.18115942028985493 
184   0.18500000000000014   0.18115942028985493 
185   0.18600000000000014   0.18115942028985493 
186   0.18600000000000014   0.18478260869565202 
187   0.18700000000000014   0.1884057971014491 
188   0.18900000000000014   0.1884057971014491 
189   0.19000000000000014   0.1884057971014491 
190   0.19100000000000014   0.1884057971014491 
191   0.19200000000000014   0.1884057971014491 
192   0.19200000000000014   0.1920289855072462 
193   0.19400000000000014   0.1920289855072462 
194   0.19400000000000014   0.1956521739130433 
195   0.19600000000000015   0.1956521739130433 
196   0.19700000000000015   0.1956521739130433 
197   0.19800000000000015   0.1956521739130433 
198   0.19900000000000015   0.1956521739130433 
199   0.20000000000000015   0.1956521739130433 
200   0.20100000000000015   0.1956521739130433 
201   0.20200000000000015   0.1956521739130433 
202   0.20300000000000015   0.1956521739130433 
203   0.20400000000000015   0.1956521739130433 
204   0.20500000000000015   0.1956521739130433 
205   0.20600000000000016   0.1956521739130433 
206   0.20700000000000016   0.1956521739130433 
207   0.20800000000000016   0.1956521739130433 
208   0.20900000000000016   0.1956521739130433 
209   0.21000000000000016   0.1956521739130433 
210   0.21100000000000016   0.1956521739130433 
211   0.21200000000000016   0.1956521739130433 
212   0.21300000000000016   0.1956521739130433 
213   0.21400000000000016   0.1956521739130433 
214   0.21500000000000016   0.1956521739130433 
215   0.21600000000000016   0.1956521739130433 
216   0.21700000000000016   0.1956521739130433 
217   0.21800000000000017   0.1956521739130433 
218   0.21900000000000017   0.1956521739130433 
219   0.22000000000000017   0.1956521739130433 
220   0.22000000000000017   0.2028985507246375 
221   0.22200000000000017   0.2028985507246375 
222   0.22300000000000017   0.2028985507246375 
223   0.22400000000000017   0.2028985507246375 
224   0.22500000000000017   0.2028985507246375 
225   0.22600000000000017   0.2028985507246375 
226   0.22700000000000017   0.2028985507246375 
227   0.22800000000000017   0.2028985507246375 
228   0.22900000000000018   0.2028985507246375 
229   0.23000000000000018   0.2028985507246375 
230   0.23100000000000018   0.2028985507246375 
231   0.23200000000000018   0.2028985507246375 
232   0.23300000000000018   0.2028985507246375 
233   0.23400000000000018   0.2028985507246375 
234   0.23400000000000018   0.21739130434782591 
235   0.23600000000000018   0.21739130434782591 
236   0.23700000000000018   0.21739130434782591 
237   0.23700000000000018   0.221014492753623 
238   0.23900000000000018   0.221014492753623 
239   0.24000000000000019   0.221014492753623 
240   0.2410000000000002   0.221014492753623 
241   0.2420000000000002   0.221014492753623 
242   0.2430000000000002   0.221014492753623 
243   0.2430000000000002   0.2282608695652172 
244   0.2450000000000002   0.2282608695652172 
245   0.2460000000000002   0.2282608695652172 
246   0.2470000000000002   0.2282608695652172 
247   0.2480000000000002   0.2282608695652172 
248   0.2490000000000002   0.2282608695652172 
249   0.25000000000000017   0.2282608695652172 
250   0.25100000000000017   0.2282608695652172 
251   0.25100000000000017   0.2318840579710143 
252   0.25300000000000017   0.2318840579710143 
253   0.25400000000000017   0.2318840579710143 
254   0.25500000000000017   0.2318840579710143 
255   0.25600000000000017   0.2318840579710143 
256   0.2570000000000002   0.2318840579710143 
257   0.2570000000000002   0.2355072463768114 
258   0.2590000000000002   0.2355072463768114 
259   0.2590000000000002   0.23913043478260848 
260   0.2610000000000002   0.23913043478260848 
261   0.2620000000000002   0.23913043478260848 
262   0.2630000000000002   0.23913043478260848 
263   0.2640000000000002   0.23913043478260848 
264   0.2650000000000002   0.23913043478260848 
265   0.2660000000000002   0.23913043478260848 
266   0.2670000000000002   0.23913043478260848 
267   0.2680000000000002   0.23913043478260848 
268   0.2690000000000002   0.23913043478260848 
269   0.2690000000000002   0.2536231884057969 
270   0.2710000000000002   0.2536231884057969 
271   0.2720000000000002   0.2536231884057969 
272   0.2720000000000002   0.257246376811594 
273   0.2740000000000002   0.257246376811594 
274   0.2750000000000002   0.257246376811594 
275   0.2760000000000002   0.257246376811594 
276   0.2770000000000002   0.257246376811594 
277   0.2780000000000002   0.257246376811594 
278   0.2780000000000002   0.2644927536231882 
279   0.2800000000000002   0.2644927536231882 
280   0.2810000000000002   0.2644927536231882 
281   0.2820000000000002   0.2644927536231882 
282   0.2830000000000002   0.2644927536231882 
283   0.2840000000000002   0.2644927536231882 
284   0.2850000000000002   0.2644927536231882 
285   0.2850000000000002   0.2681159420289853 
286   0.2870000000000002   0.2681159420289853 
287   0.2870000000000002   0.2717391304347824 
288   0.2890000000000002   0.2717391304347824 
289   0.2900000000000002   0.2717391304347824 
290   0.2910000000000002   0.2717391304347824 
291   0.2920000000000002   0.2717391304347824 
292   0.2920000000000002   0.27536231884057955 
293   0.2940000000000002   0.27536231884057955 
294   0.2940000000000002   0.27898550724637666 
295   0.2950000000000002   0.2826086956521738 
296   0.2970000000000002   0.2826086956521738 
297   0.2980000000000002   0.2826086956521738 
298   0.2990000000000002   0.2826086956521738 
299   0.3000000000000002   0.2826086956521738 
300   0.3010000000000002   0.2826086956521738 
301   0.3020000000000002   0.2826086956521738 
302   0.3020000000000002   0.2862318840579709 
303   0.3040000000000002   0.2862318840579709 
304   0.3040000000000002   0.289855072463768 
305   0.3060000000000002   0.289855072463768 
306   0.3070000000000002   0.289855072463768 
307   0.3080000000000002   0.289855072463768 
308   0.3090000000000002   0.289855072463768 
309   0.3100000000000002   0.289855072463768 
310   0.3110000000000002   0.289855072463768 
311   0.3120000000000002   0.289855072463768 
312   0.3130000000000002   0.289855072463768 
313   0.3140000000000002   0.289855072463768 
314   0.3140000000000002   0.30434782608695643 
315   0.3160000000000002   0.30434782608695643 
316   0.3170000000000002   0.30434782608695643 
317   0.3170000000000002   0.30797101449275355 
318   0.31900000000000023   0.30797101449275355 
319   0.32000000000000023   0.30797101449275355 
320   0.32100000000000023   0.30797101449275355 
321   0.32200000000000023   0.30797101449275355 
322   0.32300000000000023   0.30797101449275355 
323   0.32300000000000023   0.31159420289855067 
324   0.32400000000000023   0.3152173913043478 
325   0.32600000000000023   0.3152173913043478 
326   0.32700000000000023   0.3152173913043478 
327   0.32800000000000024   0.3152173913043478 
328   0.32900000000000024   0.3152173913043478 
329   0.33000000000000024   0.3152173913043478 
330   0.33100000000000024   0.3152173913043478 
331   0.33200000000000024   0.3152173913043478 
332   0.33300000000000024   0.3152173913043478 
333   0.33300000000000024   0.3188405797101449 
334   0.33400000000000024   0.322463768115942 
335   0.33600000000000024   0.322463768115942 
336   0.33700000000000024   0.322463768115942 
337   0.33800000000000024   0.322463768115942 
338   0.33900000000000025   0.322463768115942 
339   0.33900000000000025   0.32608695652173914 
340   0.34100000000000025   0.32608695652173914 
341   0.34100000000000025   0.32971014492753625 
342   0.34300000000000025   0.32971014492753625 
343   0.34300000000000025   0.33333333333333337 
344   0.34400000000000025   0.3369565217391305 
345   0.34600000000000025   0.3369565217391305 
346   0.34700000000000025   0.3369565217391305 
347   0.34800000000000025   0.3369565217391305 
348   0.34900000000000025   0.3369565217391305 
349   0.34900000000000025   0.3405797101449276 
350   0.35100000000000026   0.3405797101449276 
351   0.35100000000000026   0.3442028985507247 
352   0.35200000000000026   0.34782608695652184 
353   0.35400000000000026   0.34782608695652184 
354   0.35500000000000026   0.34782608695652184 
355   0.35600000000000026   0.34782608695652184 
356   0.35700000000000026   0.34782608695652184 
357   0.35800000000000026   0.34782608695652184 
358   0.35900000000000026   0.34782608695652184 
359   0.35900000000000026   0.35144927536231896 
360   0.36100000000000027   0.35144927536231896 
361   0.36100000000000027   0.3550724637681161 
362   0.36300000000000027   0.3550724637681161 
363   0.36400000000000027   0.3550724637681161 
364   0.36500000000000027   0.3550724637681161 
365   0.36600000000000027   0.3550724637681161 
366   0.36700000000000027   0.3550724637681161 
367   0.36800000000000027   0.3550724637681161 
368   0.36900000000000027   0.3550724637681161 
369   0.3700000000000003   0.3550724637681161 
370   0.3710000000000003   0.3550724637681161 
371   0.3710000000000003   0.3695652173913045 
372   0.3730000000000003   0.3695652173913045 
373   0.3740000000000003   0.3695652173913045 
374   0.3740000000000003   0.3731884057971016 
375   0.3760000000000003   0.3731884057971016 
376   0.3770000000000003   0.3731884057971016 
377   0.3780000000000003   0.3731884057971016 
378   0.3790000000000003   0.3731884057971016 
379   0.3800000000000003   0.3731884057971016 
380   0.3810000000000003   0.3731884057971016 
381   0.3810000000000003   0.3804347826086958 
382   0.3830000000000003   0.3804347826086958 
383   0.3840000000000003   0.3804347826086958 
384   0.3850000000000003   0.3804347826086958 
385   0.3860000000000003   0.3804347826086958 
386   0.3870000000000003   0.3804347826086958 
387   0.3880000000000003   0.3804347826086958 
388   0.3890000000000003   0.3804347826086958 
389   0.3900000000000003   0.3804347826086958 
390   0.3910000000000003   0.3804347826086958 
391   0.3910000000000003   0.3840579710144929 
392   0.3920000000000003   0.38768115942029 
393   0.3940000000000003   0.38768115942029 
394   0.3950000000000003   0.38768115942029 
395   0.3960000000000003   0.38768115942029 
396   0.3970000000000003   0.38768115942029 
397   0.3970000000000003   0.39130434782608714 
398   0.3990000000000003   0.39130434782608714 
399   0.3990000000000003   0.39492753623188426 
400   0.4000000000000003   0.3985507246376814 
401   0.4020000000000003   0.3985507246376814 
402   0.4020000000000003   0.4021739130434785 
403   0.4040000000000003   0.4021739130434785 
404   0.4050000000000003   0.4021739130434785 
405   0.4060000000000003   0.4021739130434785 
406   0.4070000000000003   0.4021739130434785 
407   0.4070000000000003   0.4057971014492756 
408   0.4090000000000003   0.4057971014492756 
409   0.4090000000000003   0.4094202898550727 
410   0.4100000000000003   0.41304347826086985 
411   0.4110000000000003   0.41666666666666696 
412   0.4130000000000003   0.41666666666666696 
413   0.4140000000000003   0.41666666666666696 
414   0.4150000000000003   0.41666666666666696 
415   0.4160000000000003   0.41666666666666696 
416   0.4170000000000003   0.41666666666666696 
417   0.4170000000000003   0.4202898550724641 
418   0.4180000000000003   0.4239130434782612 
419   0.4200000000000003   0.4239130434782612 
420   0.4200000000000003   0.4275362318840583 
421   0.4220000000000003   0.4275362318840583 
422   0.4230000000000003   0.4275362318840583 
423   0.4240000000000003   0.4275362318840583 
424   0.4250000000000003   0.4275362318840583 
425   0.4260000000000003   0.4275362318840583 
426   0.4260000000000003   0.43115942028985543 
427   0.4280000000000003   0.43115942028985543 
428   0.4280000000000003   0.43478260869565255 
429   0.4300000000000003   0.43478260869565255 
430   0.4310000000000003   0.43478260869565255 
431   0.43200000000000033   0.43478260869565255 
432   0.43300000000000033   0.43478260869565255 
433   0.43400000000000033   0.43478260869565255 
434   0.43500000000000033   0.43478260869565255 
435   0.43600000000000033   0.43478260869565255 
436   0.43700000000000033   0.43478260869565255 
437   0.43800000000000033   0.43478260869565255 
438   0.43900000000000033   0.43478260869565255 
439   0.43900000000000033   0.44927536231884097 
440   0.44100000000000034   0.44927536231884097 
441   0.44200000000000034   0.44927536231884097 
442   0.44200000000000034   0.4528985507246381 
443   0.44400000000000034   0.4528985507246381 
444   0.44500000000000034   0.4528985507246381 
445   0.44500000000000034   0.4565217391304352 
446   0.44700000000000034   0.4565217391304352 
447   0.44700000000000034   0.4601449275362323 
448   0.44900000000000034   0.4601449275362323 
449   0.45000000000000034   0.4601449275362323 
450   0.45100000000000035   0.4601449275362323 
451   0.45200000000000035   0.4601449275362323 
452   0.45200000000000035   0.46376811594202944 
453   0.45400000000000035   0.46376811594202944 
454   0.45400000000000035   0.46739130434782655 
455   0.45500000000000035   0.47101449275362367 
456   0.45600000000000035   0.4746376811594208 
457   0.45800000000000035   0.4746376811594208 
458   0.45900000000000035   0.4746376811594208 
459   0.46000000000000035   0.4746376811594208 
460   0.46100000000000035   0.4746376811594208 
461   0.46200000000000035   0.4746376811594208 
462   0.46200000000000035   0.4782608695652179 
463   0.46300000000000036   0.481884057971015 
464   0.46500000000000036   0.481884057971015 
465   0.46500000000000036   0.48550724637681214 
466   0.46600000000000036   0.48913043478260926 
467   0.46800000000000036   0.48913043478260926 
468   0.46900000000000036   0.48913043478260926 
469   0.47000000000000036   0.48913043478260926 
470   0.47100000000000036   0.48913043478260926 
471   0.47100000000000036   0.4927536231884064 
472   0.47300000000000036   0.4927536231884064 
473   0.47300000000000036   0.4963768115942035 
474   0.47400000000000037   0.5000000000000006 
475   0.47500000000000037   0.5036231884057977 
476   0.47700000000000037   0.5036231884057977 
477   0.47800000000000037   0.5036231884057977 
478   0.47900000000000037   0.5036231884057977 
479   0.48000000000000037   0.5036231884057977 
480   0.48100000000000037   0.5036231884057977 
481   0.48100000000000037   0.5072463768115948 
482   0.4830000000000004   0.5072463768115948 
483   0.4830000000000004   0.5108695652173919 
484   0.4840000000000004   0.514492753623189 
485   0.4860000000000004   0.514492753623189 
486   0.4870000000000004   0.514492753623189 
487   0.4880000000000004   0.514492753623189 
488   0.4890000000000004   0.514492753623189 
489   0.4900000000000004   0.514492753623189 
490   0.4900000000000004   0.5181159420289861 
491   0.4920000000000004   0.5181159420289861 
492   0.4920000000000004   0.5217391304347833 
493   0.4940000000000004   0.5217391304347833 
494   0.4950000000000004   0.5217391304347833 
495   0.4960000000000004   0.5217391304347833 
496   0.4970000000000004   0.5217391304347833 
497   0.4980000000000004   0.5217391304347833 
498   0.4990000000000004   0.5217391304347833 
499   0.5000000000000003   0.5217391304347833 
500   0.5010000000000003   0.5217391304347833 
501   0.5020000000000003   0.5217391304347833 
502   0.5030000000000003   0.5217391304347833 
503   0.5040000000000003   0.5217391304347833 
504   0.5050000000000003   0.5217391304347833 
505   0.5060000000000003   0.5217391304347833 
506   0.5070000000000003   0.5217391304347833 
507   0.5080000000000003   0.5217391304347833 
508   0.5090000000000003   0.5217391304347833 
509   0.5100000000000003   0.5217391304347833 
510   0.5110000000000003   0.5217391304347833 
511   0.5120000000000003   0.5217391304347833 
512   0.5130000000000003   0.5217391304347833 
513   0.5140000000000003   0.5217391304347833 
514   0.5140000000000003   0.5253623188405804 
515   0.5150000000000003   0.5289855072463775 
516   0.5170000000000003   0.5289855072463775 
517   0.5180000000000003   0.5289855072463775 
518   0.5190000000000003   0.5289855072463775 
519   0.5200000000000004   0.5289855072463775 
520   0.5200000000000004   0.5326086956521746 
521   0.5220000000000004   0.5326086956521746 
522   0.5220000000000004   0.5362318840579717 
523   0.5230000000000004   0.5398550724637688 
524   0.5250000000000004   0.5398550724637688 
525   0.5250000000000004   0.543478260869566 
526   0.5270000000000004   0.543478260869566 
527   0.5280000000000004   0.543478260869566 
528   0.5290000000000004   0.543478260869566 
529   0.5300000000000004   0.543478260869566 
530   0.5300000000000004   0.5471014492753631 
531   0.5320000000000004   0.5471014492753631 
532   0.5320000000000004   0.5507246376811602 
533   0.5330000000000004   0.5543478260869573 
534   0.5340000000000004   0.5579710144927544 
535   0.5360000000000004   0.5579710144927544 
536   0.5370000000000004   0.5579710144927544 
537   0.5380000000000004   0.5579710144927544 
538   0.5390000000000004   0.5579710144927544 
539   0.5400000000000004   0.5579710144927544 
540   0.5400000000000004   0.5615942028985516 
541   0.5410000000000004   0.5652173913043487 
542   0.5430000000000004   0.5652173913043487 
543   0.5430000000000004   0.5688405797101458 
544   0.5440000000000004   0.5724637681159429 
545   0.5460000000000004   0.5724637681159429 
546   0.5470000000000004   0.5724637681159429 
547   0.5480000000000004   0.5724637681159429 
548   0.5490000000000004   0.5724637681159429 
549   0.5490000000000004   0.57608695652174 
550   0.5510000000000004   0.57608695652174 
551   0.5510000000000004   0.5797101449275371 
552   0.5530000000000004   0.5797101449275371 
553   0.5540000000000004   0.5797101449275371 
554   0.5550000000000004   0.5797101449275371 
555   0.5560000000000004   0.5797101449275371 
556   0.5570000000000004   0.5797101449275371 
557   0.5580000000000004   0.5797101449275371 
558   0.5590000000000004   0.5797101449275371 
559   0.5600000000000004   0.5797101449275371 
560   0.5610000000000004   0.5797101449275371 
561   0.5620000000000004   0.5797101449275371 
562   0.5630000000000004   0.5797101449275371 
563   0.5640000000000004   0.5797101449275371 
564   0.5650000000000004   0.5797101449275371 
565   0.5660000000000004   0.5797101449275371 
566   0.5670000000000004   0.5797101449275371 
567   0.5680000000000004   0.5797101449275371 
568   0.5690000000000004   0.5797101449275371 
569   0.5700000000000004   0.5797101449275371 
570   0.5710000000000004   0.5797101449275371 
571   0.5720000000000004   0.5797101449275371 
572   0.5720000000000004   0.5833333333333343 
573   0.5730000000000004   0.5869565217391314 
574   0.5750000000000004   0.5869565217391314 
575   0.5760000000000004   0.5869565217391314 
576   0.5770000000000004   0.5869565217391314 
577   0.5780000000000004   0.5869565217391314 
578   0.5780000000000004   0.5905797101449285 
579   0.5800000000000004   0.5905797101449285 
580   0.5800000000000004   0.5942028985507256 
581   0.5820000000000004   0.5942028985507256 
582   0.5820000000000004   0.5978260869565227 
583   0.5830000000000004   0.6014492753623198 
584   0.5850000000000004   0.6014492753623198 
585   0.5860000000000004   0.6014492753623198 
586   0.5870000000000004   0.6014492753623198 
587   0.5880000000000004   0.6014492753623198 
588   0.5880000000000004   0.605072463768117 
589   0.5900000000000004   0.605072463768117 
590   0.5900000000000004   0.6086956521739141 
591   0.5910000000000004   0.6123188405797112 
592   0.5920000000000004   0.6159420289855083 
593   0.5940000000000004   0.6159420289855083 
594   0.5950000000000004   0.6159420289855083 
595   0.5960000000000004   0.6159420289855083 
596   0.5970000000000004   0.6159420289855083 
597   0.5980000000000004   0.6159420289855083 
598   0.5980000000000004   0.6195652173913054 
599   0.6000000000000004   0.6195652173913054 
600   0.6000000000000004   0.6231884057971026 
601   0.6020000000000004   0.6231884057971026 
602   0.6030000000000004   0.6231884057971026 
603   0.6040000000000004   0.6231884057971026 
604   0.6050000000000004   0.6231884057971026 
605   0.6060000000000004   0.6231884057971026 
606   0.6070000000000004   0.6231884057971026 
607   0.6080000000000004   0.6231884057971026 
608   0.6090000000000004   0.6231884057971026 
609   0.6100000000000004   0.6231884057971026 
610   0.6110000000000004   0.6231884057971026 
611   0.6120000000000004   0.6231884057971026 
612   0.6130000000000004   0.6231884057971026 
613   0.6140000000000004   0.6231884057971026 
614   0.6150000000000004   0.6231884057971026 
615   0.6160000000000004   0.6231884057971026 
616   0.6170000000000004   0.6231884057971026 
617   0.6180000000000004   0.6231884057971026 
618   0.6190000000000004   0.6231884057971026 
619   0.6200000000000004   0.6231884057971026 
620   0.6210000000000004   0.6231884057971026 
621   0.6220000000000004   0.6231884057971026 
622   0.6230000000000004   0.6231884057971026 
623   0.6240000000000004   0.6231884057971026 
624   0.6250000000000004   0.6231884057971026 
625   0.6260000000000004   0.6231884057971026 
626   0.6260000000000004   0.6304347826086968 
627   0.6280000000000004   0.6304347826086968 
628   0.6290000000000004   0.6304347826086968 
629   0.6300000000000004   0.6304347826086968 
630   0.6310000000000004   0.6304347826086968 
631   0.6320000000000005   0.6304347826086968 
632   0.6330000000000005   0.6304347826086968 
633   0.6340000000000005   0.6304347826086968 
634   0.6340000000000005   0.6340579710144939 
635   0.6350000000000005   0.637681159420291 
636   0.6370000000000005   0.637681159420291 
637   0.6380000000000005   0.637681159420291 
638   0.6390000000000005   0.637681159420291 
639   0.6400000000000005   0.637681159420291 
640   0.6410000000000005   0.637681159420291 
641   0.6410000000000005   0.6413043478260881 
642   0.6420000000000005   0.6449275362318853 
643   0.6440000000000005   0.6449275362318853 
644   0.6440000000000005   0.6485507246376824 
645   0.6450000000000005   0.6521739130434795 
646   0.6470000000000005   0.6521739130434795 
647   0.6480000000000005   0.6521739130434795 
648   0.6490000000000005   0.6521739130434795 
649   0.6500000000000005   0.6521739130434795 
650   0.6500000000000005   0.6557971014492766 
651   0.6520000000000005   0.6557971014492766 
652   0.6520000000000005   0.6594202898550737 
653   0.6540000000000005   0.6594202898550737 
654   0.6550000000000005   0.6594202898550737 
655   0.6560000000000005   0.6594202898550737 
656   0.6570000000000005   0.6594202898550737 
657   0.6580000000000005   0.6594202898550737 
658   0.6590000000000005   0.6594202898550737 
659   0.6600000000000005   0.6594202898550737 
660   0.6610000000000005   0.6594202898550737 
661   0.6620000000000005   0.6594202898550737 
662   0.6620000000000005   0.6739130434782621 
663   0.6640000000000005   0.6739130434782621 
664   0.6650000000000005   0.6739130434782621 
665   0.6650000000000005   0.6775362318840592 
666   0.6670000000000005   0.6775362318840592 
667   0.6680000000000005   0.6775362318840592 
668   0.6690000000000005   0.6775362318840592 
669   0.6700000000000005   0.6775362318840592 
670   0.6710000000000005   0.6775362318840592 
671   0.6710000000000005   0.6847826086956534 
672   0.6730000000000005   0.6847826086956534 
673   0.6740000000000005   0.6847826086956534 
674   0.6750000000000005   0.6847826086956534 
675   0.6760000000000005   0.6847826086956534 
676   0.6770000000000005   0.6847826086956534 
677   0.6780000000000005   0.6847826086956534 
678   0.6790000000000005   0.6847826086956534 
679   0.6790000000000005   0.6884057971014506 
680   0.6800000000000005   0.6920289855072477 
681   0.6820000000000005   0.6920289855072477 
682   0.6830000000000005   0.6920289855072477 
683   0.6840000000000005   0.6920289855072477 
684   0.6850000000000005   0.6920289855072477 
685   0.6850000000000005   0.6956521739130448 
686   0.6870000000000005   0.6956521739130448 
687   0.6870000000000005   0.6992753623188419 
688   0.6890000000000005   0.6992753623188419 
689   0.6890000000000005   0.702898550724639 
690   0.6900000000000005   0.7065217391304361 
691   0.6920000000000005   0.7065217391304361 
692   0.6930000000000005   0.7065217391304361 
693   0.6940000000000005   0.7065217391304361 
694   0.6950000000000005   0.7065217391304361 
695   0.6950000000000005   0.7101449275362333 
696   0.6970000000000005   0.7101449275362333 
697   0.6970000000000005   0.7137681159420304 
698   0.6980000000000005   0.7173913043478275 
699   0.7000000000000005   0.7173913043478275 
700   0.7010000000000005   0.7173913043478275 
701   0.7020000000000005   0.7173913043478275 
702   0.7030000000000005   0.7173913043478275 
703   0.7040000000000005   0.7173913043478275 
704   0.7050000000000005   0.7173913043478275 
705   0.7050000000000005   0.7210144927536246 
706   0.7070000000000005   0.7210144927536246 
707   0.7070000000000005   0.7246376811594217 
708   0.7090000000000005   0.7246376811594217 
709   0.7100000000000005   0.7246376811594217 
710   0.7110000000000005   0.7246376811594217 
711   0.7120000000000005   0.7246376811594217 
712   0.7130000000000005   0.7246376811594217 
713   0.7140000000000005   0.7246376811594217 
714   0.7150000000000005   0.7246376811594217 
715   0.7160000000000005   0.7246376811594217 
716   0.7170000000000005   0.7246376811594217 
717   0.7170000000000005   0.7391304347826101 
718   0.7190000000000005   0.7391304347826101 
719   0.7200000000000005   0.7391304347826101 
720   0.7200000000000005   0.7427536231884072 
721   0.7220000000000005   0.7427536231884072 
722   0.7230000000000005   0.7427536231884072 
723   0.7240000000000005   0.7427536231884072 
724   0.7250000000000005   0.7427536231884072 
725   0.7260000000000005   0.7427536231884072 
726   0.7270000000000005   0.7427536231884072 
727   0.7280000000000005   0.7427536231884072 
728   0.7290000000000005   0.7427536231884072 
729   0.7300000000000005   0.7427536231884072 
730   0.7310000000000005   0.7427536231884072 
731   0.7320000000000005   0.7427536231884072 
732   0.7330000000000005   0.7427536231884072 
733   0.7340000000000005   0.7427536231884072 
734   0.7340000000000005   0.7463768115942043 
735   0.7350000000000005   0.7500000000000014 
736   0.7370000000000005   0.7500000000000014 
737   0.7380000000000005   0.7500000000000014 
738   0.7390000000000005   0.7500000000000014 
739   0.7400000000000005   0.7500000000000014 
740   0.7410000000000005   0.7500000000000014 
741   0.7410000000000005   0.7536231884057986 
742   0.7420000000000005   0.7572463768115957 
743   0.7440000000000005   0.7572463768115957 
744   0.7440000000000005   0.7608695652173928 
745   0.7450000000000006   0.7644927536231899 
746   0.7470000000000006   0.7644927536231899 
747   0.7480000000000006   0.7644927536231899 
748   0.7490000000000006   0.7644927536231899 
749   0.7500000000000006   0.7644927536231899 
750   0.7500000000000006   0.768115942028987 
751   0.7520000000000006   0.768115942028987 
752   0.7520000000000006   0.7717391304347841 
753   0.7530000000000006   0.7753623188405813 
754   0.7550000000000006   0.7753623188405813 
755   0.7550000000000006   0.7789855072463784 
756   0.7570000000000006   0.7789855072463784 
757   0.7580000000000006   0.7789855072463784 
758   0.7590000000000006   0.7789855072463784 
759   0.7600000000000006   0.7789855072463784 
760   0.7600000000000006   0.7826086956521755 
761   0.7620000000000006   0.7826086956521755 
762   0.7620000000000006   0.7862318840579726 
763   0.7630000000000006   0.7898550724637697 
764   0.7650000000000006   0.7898550724637697 
765   0.7660000000000006   0.7898550724637697 
766   0.7670000000000006   0.7898550724637697 
767   0.7680000000000006   0.7898550724637697 
768   0.7690000000000006   0.7898550724637697 
769   0.7690000000000006   0.7934782608695669 
770   0.7710000000000006   0.7934782608695669 
771   0.7710000000000006   0.797101449275364 
772   0.7730000000000006   0.797101449275364 
773   0.7740000000000006   0.797101449275364 
774   0.7750000000000006   0.797101449275364 
775   0.7760000000000006   0.797101449275364 
776   0.7770000000000006   0.797101449275364 
777   0.7780000000000006   0.797101449275364 
778   0.7790000000000006   0.797101449275364 
779   0.7800000000000006   0.797101449275364 
780   0.7810000000000006   0.797101449275364 
781   0.7820000000000006   0.797101449275364 
782   0.7830000000000006   0.797101449275364 
783   0.7840000000000006   0.797101449275364 
784   0.7850000000000006   0.797101449275364 
785   0.7850000000000006   0.8007246376811611 
786   0.7870000000000006   0.8007246376811611 
787   0.7880000000000006   0.8007246376811611 
788   0.7880000000000006   0.8043478260869582 
789   0.7890000000000006   0.8079710144927553 
790   0.7910000000000006   0.8079710144927553 
791   0.7920000000000006   0.8079710144927553 
792   0.7930000000000006   0.8079710144927553 
793   0.7940000000000006   0.8079710144927553 
794   0.7950000000000006   0.8079710144927553 
795   0.7950000000000006   0.8115942028985524 
796   0.7970000000000006   0.8115942028985524 
797   0.7970000000000006   0.8152173913043496 
798   0.7980000000000006   0.8188405797101467 
799   0.7990000000000006   0.8224637681159438 
800   0.8010000000000006   0.8224637681159438 
801   0.8020000000000006   0.8224637681159438 
802   0.8030000000000006   0.8224637681159438 
803   0.8040000000000006   0.8224637681159438 
804   0.8040000000000006   0.8260869565217409 
805   0.8060000000000006   0.8260869565217409 
806   0.8060000000000006   0.829710144927538 
807   0.8080000000000006   0.829710144927538 
808   0.8080000000000006   0.8333333333333351 
809   0.8090000000000006   0.8369565217391323 
810   0.8110000000000006   0.8369565217391323 
811   0.8120000000000006   0.8369565217391323 
812   0.8130000000000006   0.8369565217391323 
813   0.8140000000000006   0.8369565217391323 
814   0.8140000000000006   0.8405797101449294 
815   0.8160000000000006   0.8405797101449294 
816   0.8160000000000006   0.8442028985507265 
817   0.8170000000000006   0.8478260869565236 
818   0.8180000000000006   0.8514492753623207 
819   0.8200000000000006   0.8514492753623207 
820   0.8210000000000006   0.8514492753623207 
821   0.8220000000000006   0.8514492753623207 
822   0.8230000000000006   0.8514492753623207 
823   0.8240000000000006   0.8514492753623207 
824   0.8240000000000006   0.8550724637681179 
825   0.8260000000000006   0.8550724637681179 
826   0.8260000000000006   0.858695652173915 
827   0.8270000000000006   0.8623188405797121 
828   0.8290000000000006   0.8623188405797121 
829   0.8300000000000006   0.8623188405797121 
830   0.8310000000000006   0.8623188405797121 
831   0.8320000000000006   0.8623188405797121 
832   0.8330000000000006   0.8623188405797121 
833   0.8330000000000006   0.8659420289855092 
834   0.8350000000000006   0.8659420289855092 
835   0.8350000000000006   0.8695652173913063 
836   0.8370000000000006   0.8695652173913063 
837   0.8380000000000006   0.8695652173913063 
838   0.8390000000000006   0.8695652173913063 
839   0.8400000000000006   0.8695652173913063 
840   0.8410000000000006   0.8695652173913063 
841   0.8420000000000006   0.8695652173913063 
842   0.8430000000000006   0.8695652173913063 
843   0.8440000000000006   0.8695652173913063 
844   0.8450000000000006   0.8695652173913063 
845   0.8460000000000006   0.8695652173913063 
846   0.8470000000000006   0.8695652173913063 
847   0.8480000000000006   0.8695652173913063 
848   0.8490000000000006   0.8695652173913063 
849   0.8500000000000006   0.8695652173913063 
850   0.8510000000000006   0.8695652173913063 
851   0.8520000000000006   0.8695652173913063 
852   0.8530000000000006   0.8695652173913063 
853   0.8540000000000006   0.8695652173913063 
854   0.8550000000000006   0.8695652173913063 
855   0.8560000000000006   0.8695652173913063 
856   0.8570000000000007   0.8695652173913063 
857   0.8570000000000007   0.8731884057971034 
858   0.8580000000000007   0.8768115942029006 
859   0.8600000000000007   0.8768115942029006 
860   0.8610000000000007   0.8768115942029006 
861   0.8620000000000007   0.8768115942029006 
862   0.8630000000000007   0.8768115942029006 
863   0.8630000000000007   0.8804347826086977 
864   0.8650000000000007   0.8804347826086977 
865   0.8650000000000007   0.8840579710144948 
866   0.8660000000000007   0.8876811594202919 
867   0.8680000000000007   0.8876811594202919 
868   0.8680000000000007   0.891304347826089 
869   0.8700000000000007   0.891304347826089 
870   0.8710000000000007   0.891304347826089 
871   0.8720000000000007   0.891304347826089 
872   0.8730000000000007   0.891304347826089 
873   0.8730000000000007   0.8949275362318861 
874   0.8750000000000007   0.8949275362318861 
875   0.8750000000000007   0.8985507246376833 
876   0.8760000000000007   0.9021739130434804 
877   0.8770000000000007   0.9057971014492775 
878   0.8790000000000007   0.9057971014492775 
879   0.8800000000000007   0.9057971014492775 
880   0.8810000000000007   0.9057971014492775 
881   0.8820000000000007   0.9057971014492775 
882   0.8820000000000007   0.9094202898550746 
883   0.8840000000000007   0.9094202898550746 
884   0.8840000000000007   0.9130434782608717 
885   0.8850000000000007   0.9166666666666689 
886   0.8870000000000007   0.9166666666666689 
887   0.8870000000000007   0.920289855072466 
888   0.8890000000000007   0.920289855072466 
889   0.8900000000000007   0.920289855072466 
890   0.8910000000000007   0.920289855072466 
891   0.8920000000000007   0.920289855072466 
892   0.8920000000000007   0.9239130434782631 
893   0.8940000000000007   0.9239130434782631 
894   0.8940000000000007   0.9275362318840602 
895   0.8960000000000007   0.9275362318840602 
896   0.8970000000000007   0.9275362318840602 
897   0.8980000000000007   0.9275362318840602 
898   0.8990000000000007   0.9275362318840602 
899   0.9000000000000007   0.9275362318840602 
900   0.9010000000000007   0.9275362318840602 
901   0.9020000000000007   0.9275362318840602 
902   0.9030000000000007   0.9275362318840602 
903   0.9040000000000007   0.9275362318840602 
904   0.9050000000000007   0.9275362318840602 
905   0.9060000000000007   0.9275362318840602 
906   0.9070000000000007   0.9275362318840602 
907   0.9080000000000007   0.9275362318840602 
908   0.9090000000000007   0.9275362318840602 
909   0.9100000000000007   0.9275362318840602 
910   0.9110000000000007   0.9275362318840602 
911   0.9120000000000007   0.9275362318840602 
912   0.9130000000000007   0.9275362318840602 
913   0.9140000000000007   0.9275362318840602 
914   0.9150000000000007   0.9275362318840602 
915   0.9150000000000007   0.9311594202898573 
916   0.9160000000000007   0.9347826086956544 
917   0.9180000000000007   0.9347826086956544 
918   0.9190000000000007   0.9347826086956544 
919   0.9200000000000007   0.9347826086956544 
920   0.9210000000000007   0.9347826086956544 
921   0.9210000000000007   0.9384057971014516 
922   0.9230000000000007   0.9384057971014516 
923   0.9230000000000007   0.9420289855072487 
924   0.9250000000000007   0.9420289855072487 
925   0.9250000000000007   0.9456521739130458 
926   0.9260000000000007   0.9492753623188429 
927   0.9280000000000007   0.9492753623188429 
928   0.9290000000000007   0.9492753623188429 
929   0.9300000000000007   0.9492753623188429 
930   0.9310000000000007   0.9492753623188429 
931   0.9310000000000007   0.95289855072464 
932   0.9330000000000007   0.95289855072464 
933   0.9330000000000007   0.9565217391304371 
934   0.9340000000000007   0.9601449275362343 
935   0.9350000000000007   0.9637681159420314 
936   0.9370000000000007   0.9637681159420314 
937   0.9380000000000007   0.9637681159420314 
938   0.9390000000000007   0.9637681159420314 
939   0.9400000000000007   0.9637681159420314 
940   0.9410000000000007   0.9637681159420314 
941   0.9410000000000007   0.9673913043478285 
942   0.9430000000000007   0.9673913043478285 
943   0.9430000000000007   0.9710144927536256 
944   0.9450000000000007   0.9710144927536256 
945   0.9460000000000007   0.9710144927536256 
946   0.9470000000000007   0.9710144927536256 
947   0.9480000000000007   0.9710144927536256 
948   0.9490000000000007   0.9710144927536256 
949   0.9500000000000007   0.9710144927536256 
950   0.9510000000000007   0.9710144927536256 
951   0.9520000000000007   0.9710144927536256 
952   0.9530000000000007   0.9710144927536256 
953   0.9540000000000007   0.9710144927536256 
954   0.9550000000000007   0.9710144927536256 
955   0.9560000000000007   0.9710144927536256 
956   0.9570000000000007   0.9710144927536256 
957   0.9580000000000007   0.9710144927536256 
958   0.9590000000000007   0.9710144927536256 
959   0.9600000000000007   0.9710144927536256 
960   0.9610000000000007   0.9710144927536256 
961   0.9620000000000007   0.9710144927536256 
962   0.9630000000000007   0.9710144927536256 
963   0.9630000000000007   0.9746376811594227 
964   0.9640000000000007   0.9782608695652198 
965   0.9660000000000007   0.9782608695652198 
966   0.9670000000000007   0.9782608695652198 
967   0.9680000000000007   0.9782608695652198 
968   0.9690000000000007   0.9782608695652198 
969   0.9700000000000008   0.9782608695652198 
970   0.9700000000000008   0.981884057971017 
971   0.9720000000000008   0.981884057971017 
972   0.9720000000000008   0.9855072463768141 
973   0.9730000000000008   0.9891304347826112 
974   0.9740000000000008   0.9927536231884083 
975   0.9760000000000008   0.9927536231884083 
976   0.9770000000000008   0.9927536231884083 
977   0.9780000000000008   0.9927536231884083 
978   0.9790000000000008   0.9927536231884083 
979   0.9790000000000008   0.9963768115942054 
980   0.9810000000000008   0.9963768115942054 
981   0.9810000000000008   1.0000000000000024 
982   0.9830000000000008   1.0000000000000024 
983   0.9840000000000008   1.0000000000000024 
984   0.9850000000000008   1.0000000000000024 
985   0.9860000000000008   1.0000000000000024 
986   0.9870000000000008   1.0000000000000024 
987   0.9880000000000008   1.0000000000000024 
988   0.9890000000000008   1.0000000000000024 
989   0.9900000000000008   1.0000000000000024 
990   0.9910000000000008   1.0000000000000024 
991   0.9920000000000008   1.0000000000000024 
992   0.9930000000000008   1.0000000000000024 
993   0.9940000000000008   1.0000000000000024 
994   0.9950000000000008   1.0000000000000024 
995   0.9960000000000008   1.0000000000000024 
996   0.9970000000000008   1.0000000000000024 
997   0.9980000000000008   1.0000000000000024 
998   0.9990000000000008   1.0000000000000024 
999   1.0000000000000007   1.0000000000000024 
