0   0.001   0 
1   0.002   0 
2   0.002   0.03225806451612903 
3   0.004   0.03225806451612903 
4   0.005   0.03225806451612903 
5   0.006   0.03225806451612903 
6   0.007   0.03225806451612903 
7   0.008   0.03225806451612903 
8   0.009000000000000001   0.03225806451612903 
9   0.010000000000000002   0.03225806451612903 
10   0.011000000000000003   0.03225806451612903 
11   0.012000000000000004   0.03225806451612903 
12   0.013000000000000005   0.03225806451612903 
13   0.014000000000000005   0.03225806451612903 
14   0.015000000000000006   0.03225806451612903 
15   0.016000000000000007   0.03225806451612903 
16   0.017000000000000008   0.03225806451612903 
17   0.01800000000000001   0.03225806451612903 
18   0.01900000000000001   0.03225806451612903 
19   0.02000000000000001   0.03225806451612903 
20   0.02100000000000001   0.03225806451612903 
21   0.022000000000000013   0.03225806451612903 
22   0.023000000000000013   0.03225806451612903 
23   0.023000000000000013   0.06451612903225806 
24   0.025000000000000015   0.06451612903225806 
25   0.026000000000000016   0.06451612903225806 
26   0.027000000000000017   0.06451612903225806 
27   0.028000000000000018   0.06451612903225806 
28   0.02900000000000002   0.06451612903225806 
29   0.03000000000000002   0.06451612903225806 
30   0.03100000000000002   0.06451612903225806 
31   0.03200000000000002   0.06451612903225806 
32   0.03300000000000002   0.06451612903225806 
33   0.03400000000000002   0.06451612903225806 
34   0.035000000000000024   0.06451612903225806 
35   0.036000000000000025   0.06451612903225806 
36   0.037000000000000026   0.06451612903225806 
37   0.03800000000000003   0.06451612903225806 
38   0.03900000000000003   0.06451612903225806 
39   0.04000000000000003   0.06451612903225806 
40   0.04100000000000003   0.06451612903225806 
41   0.04200000000000003   0.06451612903225806 
42   0.04300000000000003   0.06451612903225806 
43   0.04300000000000003   0.0967741935483871 
44   0.04500000000000003   0.0967741935483871 
45   0.046000000000000034   0.0967741935483871 
46   0.047000000000000035   0.0967741935483871 
47   0.048000000000000036   0.0967741935483871 
48   0.04900000000000004   0.0967741935483871 
49   0.05000000000000004   0.0967741935483871 
50   0.05100000000000004   0.0967741935483871 
51   0.05200000000000004   0.0967741935483871 
52   0.05300000000000004   0.0967741935483871 
53   0.05400000000000004   0.0967741935483871 
54   0.05500000000000004   0.0967741935483871 
55   0.05600000000000004   0.0967741935483871 
56   0.05600000000000004   0.12903225806451613 
57   0.058000000000000045   0.12903225806451613 
58   0.059000000000000045   0.12903225806451613 
59   0.060000000000000046   0.12903225806451613 
60   0.06100000000000005   0.12903225806451613 
61   0.06200000000000005   0.12903225806451613 
62   0.06300000000000004   0.12903225806451613 
63   0.06400000000000004   0.12903225806451613 
64   0.06500000000000004   0.12903225806451613 
65   0.06600000000000004   0.12903225806451613 
66   0.06700000000000005   0.12903225806451613 
67   0.06800000000000005   0.12903225806451613 
68   0.06900000000000005   0.12903225806451613 
69   0.07000000000000005   0.12903225806451613 
70   0.07100000000000005   0.12903225806451613 
71   0.07200000000000005   0.12903225806451613 
72   0.07300000000000005   0.12903225806451613 
73   0.07400000000000005   0.12903225806451613 
74   0.07500000000000005   0.12903225806451613 
75   0.07600000000000005   0.12903225806451613 
76   0.07700000000000005   0.12903225806451613 
77   0.07800000000000006   0.12903225806451613 
78   0.07900000000000006   0.12903225806451613 
79   0.08000000000000006   0.12903225806451613 
80   0.08100000000000006   0.12903225806451613 
81   0.08200000000000006   0.12903225806451613 
82   0.08300000000000006   0.12903225806451613 
83   0.08400000000000006   0.12903225806451613 
84   0.08500000000000006   0.12903225806451613 
85   0.08500000000000006   0.16129032258064516 
86   0.08700000000000006   0.16129032258064516 
87   0.08800000000000006   0.16129032258064516 
88   0.08900000000000007   0.16129032258064516 
89   0.09000000000000007   0.16129032258064516 
90   0.09100000000000007   0.16129032258064516 
91   0.09200000000000007   0.16129032258064516 
92   0.09300000000000007   0.16129032258064516 
93   0.09400000000000007   0.16129032258064516 
94   0.09500000000000007   0.16129032258064516 
95   0.09600000000000007   0.16129032258064516 
96   0.09700000000000007   0.16129032258064516 
97   0.09800000000000007   0.16129032258064516 
98   0.09900000000000007   0.16129032258064516 
99   0.09900000000000007   0.1935483870967742 
100   0.10100000000000008   0.1935483870967742 
101   0.10200000000000008   0.1935483870967742 
102   0.10300000000000008   0.1935483870967742 
103   0.10400000000000008   0.1935483870967742 
104   0.10500000000000008   0.1935483870967742 
105   0.10600000000000008   0.1935483870967742 
106   0.10700000000000008   0.1935483870967742 
107   0.10800000000000008   0.1935483870967742 
108   0.10900000000000008   0.1935483870967742 
109   0.11000000000000008   0.1935483870967742 
110   0.11100000000000008   0.1935483870967742 
111   0.11200000000000009   0.1935483870967742 
112   0.11300000000000009   0.1935483870967742 
113   0.11400000000000009   0.1935483870967742 
114   0.11500000000000009   0.1935483870967742 
115   0.11600000000000009   0.1935483870967742 
116   0.11700000000000009   0.1935483870967742 
117   0.11800000000000009   0.1935483870967742 
118   0.11900000000000009   0.1935483870967742 
119   0.12000000000000009   0.1935483870967742 
120   0.1210000000000001   0.1935483870967742 
121   0.1220000000000001   0.1935483870967742 
122   0.1230000000000001   0.1935483870967742 
123   0.1240000000000001   0.1935483870967742 
124   0.12500000000000008   0.1935483870967742 
125   0.12600000000000008   0.1935483870967742 
126   0.12700000000000009   0.1935483870967742 
127   0.12800000000000009   0.1935483870967742 
128   0.1290000000000001   0.1935483870967742 
129   0.1290000000000001   0.22580645161290322 
130   0.1310000000000001   0.22580645161290322 
131   0.1320000000000001   0.22580645161290322 
132   0.1330000000000001   0.22580645161290322 
133   0.1340000000000001   0.22580645161290322 
134   0.1350000000000001   0.22580645161290322 
135   0.1360000000000001   0.22580645161290322 
136   0.1370000000000001   0.22580645161290322 
137   0.1380000000000001   0.22580645161290322 
138   0.1390000000000001   0.22580645161290322 
139   0.1400000000000001   0.22580645161290322 
140   0.1410000000000001   0.22580645161290322 
141   0.1420000000000001   0.22580645161290322 
142   0.1430000000000001   0.22580645161290322 
143   0.1440000000000001   0.22580645161290322 
144   0.1450000000000001   0.22580645161290322 
145   0.1460000000000001   0.22580645161290322 
146   0.1470000000000001   0.22580645161290322 
147   0.1480000000000001   0.22580645161290322 
148   0.1490000000000001   0.22580645161290322 
149   0.1500000000000001   0.22580645161290322 
150   0.1510000000000001   0.22580645161290322 
151   0.1520000000000001   0.22580645161290322 
152   0.1530000000000001   0.22580645161290322 
153   0.1540000000000001   0.22580645161290322 
154   0.1550000000000001   0.22580645161290322 
155   0.1560000000000001   0.22580645161290322 
156   0.1570000000000001   0.22580645161290322 
157   0.1580000000000001   0.22580645161290322 
158   0.1590000000000001   0.22580645161290322 
159   0.16000000000000011   0.22580645161290322 
160   0.16100000000000012   0.22580645161290322 
161   0.16200000000000012   0.22580645161290322 
162   0.16300000000000012   0.22580645161290322 
163   0.16400000000000012   0.22580645161290322 
164   0.16500000000000012   0.22580645161290322 
165   0.16600000000000012   0.22580645161290322 
166   0.16700000000000012   0.22580645161290322 
167   0.16700000000000012   0.25806451612903225 
168   0.16900000000000012   0.25806451612903225 
169   0.17000000000000012   0.25806451612903225 
170   0.17100000000000012   0.25806451612903225 
171   0.17200000000000013   0.25806451612903225 
172   0.17300000000000013   0.25806451612903225 
173   0.17400000000000013   0.25806451612903225 
174   0.17500000000000013   0.25806451612903225 
175   0.17600000000000013   0.25806451612903225 
176   0.17700000000000013   0.25806451612903225 
177   0.17800000000000013   0.25806451612903225 
178   0.17900000000000013   0.25806451612903225 
179   0.18000000000000013   0.25806451612903225 
180   0.18100000000000013   0.25806451612903225 
181   0.18200000000000013   0.25806451612903225 
182   0.18300000000000013   0.25806451612903225 
183   0.18400000000000014   0.25806451612903225 
184   0.18500000000000014   0.25806451612903225 
185   0.18600000000000014   0.25806451612903225 
186   0.18700000000000014   0.25806451612903225 
187   0.18800000000000014   0.25806451612903225 
188   0.18900000000000014   0.25806451612903225 
189   0.19000000000000014   0.25806451612903225 
190   0.19100000000000014   0.25806451612903225 
191   0.19200000000000014   0.25806451612903225 
192   0.19300000000000014   0.25806451612903225 
193   0.19400000000000014   0.25806451612903225 
194   0.19500000000000015   0.25806451612903225 
195   0.19600000000000015   0.25806451612903225 
196   0.19600000000000015   0.29032258064516125 
197   0.19800000000000015   0.29032258064516125 
198   0.19900000000000015   0.29032258064516125 
199   0.20000000000000015   0.29032258064516125 
200   0.20100000000000015   0.29032258064516125 
201   0.20200000000000015   0.29032258064516125 
202   0.20300000000000015   0.29032258064516125 
203   0.20400000000000015   0.29032258064516125 
204   0.20500000000000015   0.29032258064516125 
205   0.20600000000000016   0.29032258064516125 
206   0.20700000000000016   0.29032258064516125 
207   0.20800000000000016   0.29032258064516125 
208   0.20900000000000016   0.29032258064516125 
209   0.21000000000000016   0.29032258064516125 
210   0.21100000000000016   0.29032258064516125 
211   0.21200000000000016   0.29032258064516125 
212   0.21300000000000016   0.29032258064516125 
213   0.21400000000000016   0.29032258064516125 
214   0.21500000000000016   0.29032258064516125 
215   0.21600000000000016   0.29032258064516125 
216   0.21600000000000016   0.32258064516129026 
217   0.21800000000000017   0.32258064516129026 
218   0.21900000000000017   0.32258064516129026 
219   0.22000000000000017   0.32258064516129026 
220   0.22100000000000017   0.32258064516129026 
221   0.22200000000000017   0.32258064516129026 
222   0.22300000000000017   0.32258064516129026 
223   0.22400000000000017   0.32258064516129026 
224   0.22500000000000017   0.32258064516129026 
225   0.22600000000000017   0.32258064516129026 
226   0.22700000000000017   0.32258064516129026 
227   0.22800000000000017   0.32258064516129026 
228   0.22900000000000018   0.32258064516129026 
229   0.23000000000000018   0.32258064516129026 
230   0.23100000000000018   0.32258064516129026 
231   0.23200000000000018   0.32258064516129026 
232   0.23300000000000018   0.32258064516129026 
233   0.23400000000000018   0.32258064516129026 
234   0.23500000000000018   0.32258064516129026 
235   0.23600000000000018   0.32258064516129026 
236   0.23700000000000018   0.32258064516129026 
237   0.23800000000000018   0.32258064516129026 
238   0.23900000000000018   0.32258064516129026 
239   0.23900000000000018   0.35483870967741926 
240   0.2410000000000002   0.35483870967741926 
241   0.2420000000000002   0.35483870967741926 
242   0.2430000000000002   0.35483870967741926 
243   0.2440000000000002   0.35483870967741926 
244   0.2450000000000002   0.35483870967741926 
245   0.2460000000000002   0.35483870967741926 
246   0.2470000000000002   0.35483870967741926 
247   0.2480000000000002   0.35483870967741926 
248   0.2490000000000002   0.35483870967741926 
249   0.25000000000000017   0.35483870967741926 
250   0.25100000000000017   0.35483870967741926 
251   0.25200000000000017   0.35483870967741926 
252   0.25300000000000017   0.35483870967741926 
253   0.25400000000000017   0.35483870967741926 
254   0.25500000000000017   0.35483870967741926 
255   0.25600000000000017   0.35483870967741926 
256   0.2570000000000002   0.35483870967741926 
257   0.2580000000000002   0.35483870967741926 
258   0.2590000000000002   0.35483870967741926 
259   0.2600000000000002   0.35483870967741926 
260   0.2600000000000002   0.38709677419354827 
261   0.2620000000000002   0.38709677419354827 
262   0.2630000000000002   0.38709677419354827 
263   0.2640000000000002   0.38709677419354827 
264   0.2650000000000002   0.38709677419354827 
265   0.2660000000000002   0.38709677419354827 
266   0.2670000000000002   0.38709677419354827 
267   0.2680000000000002   0.38709677419354827 
268   0.2690000000000002   0.38709677419354827 
269   0.2700000000000002   0.38709677419354827 
270   0.2710000000000002   0.38709677419354827 
271   0.2720000000000002   0.38709677419354827 
272   0.2730000000000002   0.38709677419354827 
273   0.2740000000000002   0.38709677419354827 
274   0.2740000000000002   0.41935483870967727 
275   0.2760000000000002   0.41935483870967727 
276   0.2770000000000002   0.41935483870967727 
277   0.2780000000000002   0.41935483870967727 
278   0.2790000000000002   0.41935483870967727 
279   0.2800000000000002   0.41935483870967727 
280   0.2810000000000002   0.41935483870967727 
281   0.2820000000000002   0.41935483870967727 
282   0.2830000000000002   0.41935483870967727 
283   0.2840000000000002   0.41935483870967727 
284   0.2850000000000002   0.41935483870967727 
285   0.2860000000000002   0.41935483870967727 
286   0.2870000000000002   0.41935483870967727 
287   0.2880000000000002   0.41935483870967727 
288   0.2890000000000002   0.41935483870967727 
289   0.2900000000000002   0.41935483870967727 
290   0.2910000000000002   0.41935483870967727 
291   0.2920000000000002   0.41935483870967727 
292   0.2930000000000002   0.41935483870967727 
293   0.2940000000000002   0.41935483870967727 
294   0.2950000000000002   0.41935483870967727 
295   0.2960000000000002   0.41935483870967727 
296   0.2970000000000002   0.41935483870967727 
297   0.2980000000000002   0.41935483870967727 
298   0.2990000000000002   0.41935483870967727 
299   0.3000000000000002   0.41935483870967727 
300   0.3010000000000002   0.41935483870967727 
301   0.3020000000000002   0.41935483870967727 
302   0.3030000000000002   0.41935483870967727 
303   0.3040000000000002   0.41935483870967727 
304   0.3050000000000002   0.41935483870967727 
305   0.3050000000000002   0.4516129032258063 
306   0.3070000000000002   0.4516129032258063 
307   0.3080000000000002   0.4516129032258063 
308   0.3090000000000002   0.4516129032258063 
309   0.3100000000000002   0.4516129032258063 
310   0.3110000000000002   0.4516129032258063 
311   0.3120000000000002   0.4516129032258063 
312   0.3130000000000002   0.4516129032258063 
313   0.3140000000000002   0.4516129032258063 
314   0.3150000000000002   0.4516129032258063 
315   0.3160000000000002   0.4516129032258063 
316   0.3170000000000002   0.4516129032258063 
317   0.3180000000000002   0.4516129032258063 
318   0.31900000000000023   0.4516129032258063 
319   0.31900000000000023   0.4838709677419353 
320   0.32100000000000023   0.4838709677419353 
321   0.32200000000000023   0.4838709677419353 
322   0.32300000000000023   0.4838709677419353 
323   0.32400000000000023   0.4838709677419353 
324   0.32500000000000023   0.4838709677419353 
325   0.32600000000000023   0.4838709677419353 
326   0.32700000000000023   0.4838709677419353 
327   0.32800000000000024   0.4838709677419353 
328   0.32900000000000024   0.4838709677419353 
329   0.33000000000000024   0.4838709677419353 
330   0.33100000000000024   0.4838709677419353 
331   0.33200000000000024   0.4838709677419353 
332   0.33300000000000024   0.4838709677419353 
333   0.33400000000000024   0.4838709677419353 
334   0.33500000000000024   0.4838709677419353 
335   0.33600000000000024   0.4838709677419353 
336   0.33700000000000024   0.4838709677419353 
337   0.33800000000000024   0.4838709677419353 
338   0.33900000000000025   0.4838709677419353 
339   0.34000000000000025   0.4838709677419353 
340   0.34100000000000025   0.4838709677419353 
341   0.34200000000000025   0.4838709677419353 
342   0.34300000000000025   0.4838709677419353 
343   0.34400000000000025   0.4838709677419353 
344   0.34500000000000025   0.4838709677419353 
345   0.34600000000000025   0.4838709677419353 
346   0.34700000000000025   0.4838709677419353 
347   0.34800000000000025   0.4838709677419353 
348   0.34900000000000025   0.4838709677419353 
349   0.35000000000000026   0.4838709677419353 
350   0.35100000000000026   0.4838709677419353 
351   0.35200000000000026   0.4838709677419353 
352   0.35300000000000026   0.4838709677419353 
353   0.35400000000000026   0.4838709677419353 
354   0.35500000000000026   0.4838709677419353 
355   0.35600000000000026   0.4838709677419353 
356   0.35700000000000026   0.4838709677419353 
357   0.35800000000000026   0.4838709677419353 
358   0.35900000000000026   0.4838709677419353 
359   0.36000000000000026   0.4838709677419353 
360   0.36100000000000027   0.4838709677419353 
361   0.36200000000000027   0.4838709677419353 
362   0.36200000000000027   0.5161290322580643 
363   0.36400000000000027   0.5161290322580643 
364   0.36500000000000027   0.5161290322580643 
365   0.36600000000000027   0.5161290322580643 
366   0.36700000000000027   0.5161290322580643 
367   0.36800000000000027   0.5161290322580643 
368   0.36900000000000027   0.5161290322580643 
369   0.3700000000000003   0.5161290322580643 
370   0.3710000000000003   0.5161290322580643 
371   0.3720000000000003   0.5161290322580643 
372   0.3730000000000003   0.5161290322580643 
373   0.3740000000000003   0.5161290322580643 
374   0.3750000000000003   0.5161290322580643 
375   0.3760000000000003   0.5161290322580643 
376   0.3770000000000003   0.5161290322580643 
377   0.3770000000000003   0.5483870967741933 
378   0.3790000000000003   0.5483870967741933 
379   0.3800000000000003   0.5483870967741933 
380   0.3810000000000003   0.5483870967741933 
381   0.3820000000000003   0.5483870967741933 
382   0.3830000000000003   0.5483870967741933 
383   0.3840000000000003   0.5483870967741933 
384   0.3850000000000003   0.5483870967741933 
385   0.3860000000000003   0.5483870967741933 
386   0.3870000000000003   0.5483870967741933 
387   0.3880000000000003   0.5483870967741933 
388   0.3890000000000003   0.5483870967741933 
389   0.3900000000000003   0.5483870967741933 
390   0.3910000000000003   0.5483870967741933 
391   0.3920000000000003   0.5483870967741933 
392   0.3930000000000003   0.5483870967741933 
393   0.3940000000000003   0.5483870967741933 
394   0.3950000000000003   0.5483870967741933 
395   0.3960000000000003   0.5483870967741933 
396   0.3970000000000003   0.5483870967741933 
397   0.3980000000000003   0.5483870967741933 
398   0.3990000000000003   0.5483870967741933 
399   0.4000000000000003   0.5483870967741933 
400   0.4010000000000003   0.5483870967741933 
401   0.4020000000000003   0.5483870967741933 
402   0.4030000000000003   0.5483870967741933 
403   0.4040000000000003   0.5483870967741933 
404   0.4050000000000003   0.5483870967741933 
405   0.4060000000000003   0.5483870967741933 
406   0.4070000000000003   0.5483870967741933 
407   0.4080000000000003   0.5483870967741933 
408   0.4090000000000003   0.5483870967741933 
409   0.4100000000000003   0.5483870967741933 
410   0.4110000000000003   0.5483870967741933 
411   0.4120000000000003   0.5483870967741933 
412   0.4130000000000003   0.5483870967741933 
413   0.4140000000000003   0.5483870967741933 
414   0.4150000000000003   0.5483870967741933 
415   0.4160000000000003   0.5483870967741933 
416   0.4170000000000003   0.5483870967741933 
417   0.4180000000000003   0.5483870967741933 
418   0.4190000000000003   0.5483870967741933 
419   0.4200000000000003   0.5483870967741933 
420   0.4210000000000003   0.5483870967741933 
421   0.4220000000000003   0.5483870967741933 
422   0.4230000000000003   0.5483870967741933 
423   0.4240000000000003   0.5483870967741933 
424   0.4250000000000003   0.5483870967741933 
425   0.4260000000000003   0.5483870967741933 
426   0.4270000000000003   0.5483870967741933 
427   0.4280000000000003   0.5483870967741933 
428   0.4290000000000003   0.5483870967741933 
429   0.4300000000000003   0.5483870967741933 
430   0.4300000000000003   0.5806451612903223 
431   0.43200000000000033   0.5806451612903223 
432   0.43300000000000033   0.5806451612903223 
433   0.43400000000000033   0.5806451612903223 
434   0.43500000000000033   0.5806451612903223 
435   0.43600000000000033   0.5806451612903223 
436   0.43700000000000033   0.5806451612903223 
437   0.43800000000000033   0.5806451612903223 
438   0.43900000000000033   0.5806451612903223 
439   0.44000000000000034   0.5806451612903223 
440   0.44100000000000034   0.5806451612903223 
441   0.44200000000000034   0.5806451612903223 
442   0.44300000000000034   0.5806451612903223 
443   0.44400000000000034   0.5806451612903223 
444   0.44500000000000034   0.5806451612903223 
445   0.44600000000000034   0.5806451612903223 
446   0.44700000000000034   0.5806451612903223 
447   0.44800000000000034   0.5806451612903223 
448   0.44900000000000034   0.5806451612903223 
449   0.45000000000000034   0.5806451612903223 
450   0.45100000000000035   0.5806451612903223 
451   0.45200000000000035   0.5806451612903223 
452   0.45300000000000035   0.5806451612903223 
453   0.45400000000000035   0.5806451612903223 
454   0.45500000000000035   0.5806451612903223 
455   0.45600000000000035   0.5806451612903223 
456   0.45700000000000035   0.5806451612903223 
457   0.45800000000000035   0.5806451612903223 
458   0.45900000000000035   0.5806451612903223 
459   0.46000000000000035   0.5806451612903223 
460   0.46100000000000035   0.5806451612903223 
461   0.46200000000000035   0.5806451612903223 
462   0.46300000000000036   0.5806451612903223 
463   0.46400000000000036   0.5806451612903223 
464   0.46500000000000036   0.5806451612903223 
465   0.46600000000000036   0.5806451612903223 
466   0.46700000000000036   0.5806451612903223 
467   0.46800000000000036   0.5806451612903223 
468   0.46900000000000036   0.5806451612903223 
469   0.47000000000000036   0.5806451612903223 
470   0.47100000000000036   0.5806451612903223 
471   0.47200000000000036   0.5806451612903223 
472   0.47300000000000036   0.5806451612903223 
473   0.47400000000000037   0.5806451612903223 
474   0.47500000000000037   0.5806451612903223 
475   0.47600000000000037   0.5806451612903223 
476   0.47700000000000037   0.5806451612903223 
477   0.47800000000000037   0.5806451612903223 
478   0.47900000000000037   0.5806451612903223 
479   0.48000000000000037   0.5806451612903223 
480   0.48100000000000037   0.5806451612903223 
481   0.4820000000000004   0.5806451612903223 
482   0.4830000000000004   0.5806451612903223 
483   0.4840000000000004   0.5806451612903223 
484   0.4850000000000004   0.5806451612903223 
485   0.4860000000000004   0.5806451612903223 
486   0.4870000000000004   0.5806451612903223 
487   0.4880000000000004   0.5806451612903223 
488   0.4890000000000004   0.5806451612903223 
489   0.4900000000000004   0.5806451612903223 
490   0.4910000000000004   0.5806451612903223 
491   0.4920000000000004   0.5806451612903223 
492   0.4930000000000004   0.5806451612903223 
493   0.4940000000000004   0.5806451612903223 
494   0.4940000000000004   0.6129032258064513 
495   0.4960000000000004   0.6129032258064513 
496   0.4970000000000004   0.6129032258064513 
497   0.4980000000000004   0.6129032258064513 
498   0.4990000000000004   0.6129032258064513 
499   0.5000000000000003   0.6129032258064513 
500   0.5010000000000003   0.6129032258064513 
501   0.5020000000000003   0.6129032258064513 
502   0.5030000000000003   0.6129032258064513 
503   0.5040000000000003   0.6129032258064513 
504   0.5050000000000003   0.6129032258064513 
505   0.5060000000000003   0.6129032258064513 
506   0.5070000000000003   0.6129032258064513 
507   0.5080000000000003   0.6129032258064513 
508   0.5090000000000003   0.6129032258064513 
509   0.5100000000000003   0.6129032258064513 
510   0.5110000000000003   0.6129032258064513 
511   0.5120000000000003   0.6129032258064513 
512   0.5130000000000003   0.6129032258064513 
513   0.5140000000000003   0.6129032258064513 
514   0.5150000000000003   0.6129032258064513 
515   0.5160000000000003   0.6129032258064513 
516   0.5170000000000003   0.6129032258064513 
517   0.5180000000000003   0.6129032258064513 
518   0.5190000000000003   0.6129032258064513 
519   0.5200000000000004   0.6129032258064513 
520   0.5210000000000004   0.6129032258064513 
521   0.5220000000000004   0.6129032258064513 
522   0.5230000000000004   0.6129032258064513 
523   0.5240000000000004   0.6129032258064513 
524   0.5250000000000004   0.6129032258064513 
525   0.5260000000000004   0.6129032258064513 
526   0.5270000000000004   0.6129032258064513 
527   0.5280000000000004   0.6129032258064513 
528   0.5290000000000004   0.6129032258064513 
529   0.5300000000000004   0.6129032258064513 
530   0.5310000000000004   0.6129032258064513 
531   0.5320000000000004   0.6129032258064513 
532   0.5330000000000004   0.6129032258064513 
533   0.5340000000000004   0.6129032258064513 
534   0.5350000000000004   0.6129032258064513 
535   0.5360000000000004   0.6129032258064513 
536   0.5370000000000004   0.6129032258064513 
537   0.5380000000000004   0.6129032258064513 
538   0.5390000000000004   0.6129032258064513 
539   0.5400000000000004   0.6129032258064513 
540   0.5410000000000004   0.6129032258064513 
541   0.5420000000000004   0.6129032258064513 
542   0.5430000000000004   0.6129032258064513 
543   0.5440000000000004   0.6129032258064513 
544   0.5450000000000004   0.6129032258064513 
545   0.5460000000000004   0.6129032258064513 
546   0.5470000000000004   0.6129032258064513 
547   0.5480000000000004   0.6129032258064513 
548   0.5490000000000004   0.6129032258064513 
549   0.5500000000000004   0.6129032258064513 
550   0.5510000000000004   0.6129032258064513 
551   0.5520000000000004   0.6129032258064513 
552   0.5520000000000004   0.6451612903225803 
553   0.5540000000000004   0.6451612903225803 
554   0.5550000000000004   0.6451612903225803 
555   0.5560000000000004   0.6451612903225803 
556   0.5570000000000004   0.6451612903225803 
557   0.5580000000000004   0.6451612903225803 
558   0.5590000000000004   0.6451612903225803 
559   0.5600000000000004   0.6451612903225803 
560   0.5610000000000004   0.6451612903225803 
561   0.5620000000000004   0.6451612903225803 
562   0.5630000000000004   0.6451612903225803 
563   0.5640000000000004   0.6451612903225803 
564   0.5650000000000004   0.6451612903225803 
565   0.5660000000000004   0.6451612903225803 
566   0.5670000000000004   0.6451612903225803 
567   0.5680000000000004   0.6451612903225803 
568   0.5690000000000004   0.6451612903225803 
569   0.5700000000000004   0.6451612903225803 
570   0.5710000000000004   0.6451612903225803 
571   0.5720000000000004   0.6451612903225803 
572   0.5730000000000004   0.6451612903225803 
573   0.5740000000000004   0.6451612903225803 
574   0.5750000000000004   0.6451612903225803 
575   0.5760000000000004   0.6451612903225803 
576   0.5770000000000004   0.6451612903225803 
577   0.5780000000000004   0.6451612903225803 
578   0.5790000000000004   0.6451612903225803 
579   0.5800000000000004   0.6451612903225803 
580   0.5810000000000004   0.6451612903225803 
581   0.5820000000000004   0.6451612903225803 
582   0.5830000000000004   0.6451612903225803 
583   0.5840000000000004   0.6451612903225803 
584   0.5850000000000004   0.6451612903225803 
585   0.5860000000000004   0.6451612903225803 
586   0.5870000000000004   0.6451612903225803 
587   0.5880000000000004   0.6451612903225803 
588   0.5890000000000004   0.6451612903225803 
589   0.5900000000000004   0.6451612903225803 
590   0.5910000000000004   0.6451612903225803 
591   0.5920000000000004   0.6451612903225803 
592   0.5930000000000004   0.6451612903225803 
593   0.5940000000000004   0.6451612903225803 
594   0.5950000000000004   0.6451612903225803 
595   0.5960000000000004   0.6451612903225803 
596   0.5970000000000004   0.6451612903225803 
597   0.5980000000000004   0.6451612903225803 
598   0.5990000000000004   0.6451612903225803 
599   0.6000000000000004   0.6451612903225803 
600   0.6010000000000004   0.6451612903225803 
601   0.6010000000000004   0.6774193548387093 
602   0.6030000000000004   0.6774193548387093 
603   0.6040000000000004   0.6774193548387093 
604   0.6050000000000004   0.6774193548387093 
605   0.6060000000000004   0.6774193548387093 
606   0.6070000000000004   0.6774193548387093 
607   0.6080000000000004   0.6774193548387093 
608   0.6090000000000004   0.6774193548387093 
609   0.6100000000000004   0.6774193548387093 
610   0.6110000000000004   0.6774193548387093 
611   0.6120000000000004   0.6774193548387093 
612   0.6130000000000004   0.6774193548387093 
613   0.6140000000000004   0.6774193548387093 
614   0.6150000000000004   0.6774193548387093 
615   0.6160000000000004   0.6774193548387093 
616   0.6170000000000004   0.6774193548387093 
617   0.6180000000000004   0.6774193548387093 
618   0.6190000000000004   0.6774193548387093 
619   0.6200000000000004   0.6774193548387093 
620   0.6210000000000004   0.6774193548387093 
621   0.6220000000000004   0.6774193548387093 
622   0.6230000000000004   0.6774193548387093 
623   0.6230000000000004   0.7096774193548383 
624   0.6250000000000004   0.7096774193548383 
625   0.6260000000000004   0.7096774193548383 
626   0.6270000000000004   0.7096774193548383 
627   0.6280000000000004   0.7096774193548383 
628   0.6290000000000004   0.7096774193548383 
629   0.6300000000000004   0.7096774193548383 
630   0.6310000000000004   0.7096774193548383 
631   0.6320000000000005   0.7096774193548383 
632   0.6330000000000005   0.7096774193548383 
633   0.6340000000000005   0.7096774193548383 
634   0.6350000000000005   0.7096774193548383 
635   0.6360000000000005   0.7096774193548383 
636   0.6370000000000005   0.7096774193548383 
637   0.6380000000000005   0.7096774193548383 
638   0.6390000000000005   0.7096774193548383 
639   0.6400000000000005   0.7096774193548383 
640   0.6410000000000005   0.7096774193548383 
641   0.6420000000000005   0.7096774193548383 
642   0.6430000000000005   0.7096774193548383 
643   0.6440000000000005   0.7096774193548383 
644   0.6450000000000005   0.7096774193548383 
645   0.6460000000000005   0.7096774193548383 
646   0.6470000000000005   0.7096774193548383 
647   0.6480000000000005   0.7096774193548383 
648   0.6490000000000005   0.7096774193548383 
649   0.6500000000000005   0.7096774193548383 
650   0.6510000000000005   0.7096774193548383 
651   0.6520000000000005   0.7096774193548383 
652   0.6530000000000005   0.7096774193548383 
653   0.6530000000000005   0.7419354838709673 
654   0.6550000000000005   0.7419354838709673 
655   0.6560000000000005   0.7419354838709673 
656   0.6570000000000005   0.7419354838709673 
657   0.6580000000000005   0.7419354838709673 
658   0.6590000000000005   0.7419354838709673 
659   0.6600000000000005   0.7419354838709673 
660   0.6610000000000005   0.7419354838709673 
661   0.6620000000000005   0.7419354838709673 
662   0.6630000000000005   0.7419354838709673 
663   0.6640000000000005   0.7419354838709673 
664   0.6650000000000005   0.7419354838709673 
665   0.6660000000000005   0.7419354838709673 
666   0.6670000000000005   0.7419354838709673 
667   0.6680000000000005   0.7419354838709673 
668   0.6680000000000005   0.7741935483870963 
669   0.6700000000000005   0.7741935483870963 
670   0.6710000000000005   0.7741935483870963 
671   0.6720000000000005   0.7741935483870963 
672   0.6730000000000005   0.7741935483870963 
673   0.6740000000000005   0.7741935483870963 
674   0.6750000000000005   0.7741935483870963 
675   0.6760000000000005   0.7741935483870963 
676   0.6770000000000005   0.7741935483870963 
677   0.6780000000000005   0.7741935483870963 
678   0.6790000000000005   0.7741935483870963 
679   0.6800000000000005   0.7741935483870963 
680   0.6810000000000005   0.7741935483870963 
681   0.6820000000000005   0.7741935483870963 
682   0.6830000000000005   0.7741935483870963 
683   0.6840000000000005   0.7741935483870963 
684   0.6850000000000005   0.7741935483870963 
685   0.6860000000000005   0.7741935483870963 
686   0.6870000000000005   0.7741935483870963 
687   0.6880000000000005   0.7741935483870963 
688   0.6890000000000005   0.7741935483870963 
689   0.6900000000000005   0.7741935483870963 
690   0.6910000000000005   0.7741935483870963 
691   0.6920000000000005   0.7741935483870963 
692   0.6930000000000005   0.7741935483870963 
693   0.6940000000000005   0.7741935483870963 
694   0.6950000000000005   0.7741935483870963 
695   0.6960000000000005   0.7741935483870963 
696   0.6970000000000005   0.7741935483870963 
697   0.6980000000000005   0.7741935483870963 
698   0.6990000000000005   0.7741935483870963 
699   0.7000000000000005   0.7741935483870963 
700   0.7010000000000005   0.7741935483870963 
701   0.7020000000000005   0.7741935483870963 
702   0.7030000000000005   0.7741935483870963 
703   0.7040000000000005   0.7741935483870963 
704   0.7050000000000005   0.7741935483870963 
705   0.7060000000000005   0.7741935483870963 
706   0.7070000000000005   0.7741935483870963 
707   0.7080000000000005   0.7741935483870963 
708   0.7080000000000005   0.8064516129032253 
709   0.7100000000000005   0.8064516129032253 
710   0.7110000000000005   0.8064516129032253 
711   0.7120000000000005   0.8064516129032253 
712   0.7130000000000005   0.8064516129032253 
713   0.7140000000000005   0.8064516129032253 
714   0.7150000000000005   0.8064516129032253 
715   0.7160000000000005   0.8064516129032253 
716   0.7170000000000005   0.8064516129032253 
717   0.7180000000000005   0.8064516129032253 
718   0.7190000000000005   0.8064516129032253 
719   0.7200000000000005   0.8064516129032253 
720   0.7210000000000005   0.8064516129032253 
721   0.7220000000000005   0.8064516129032253 
722   0.7230000000000005   0.8064516129032253 
723   0.7230000000000005   0.8387096774193543 
724   0.7250000000000005   0.8387096774193543 
725   0.7260000000000005   0.8387096774193543 
726   0.7270000000000005   0.8387096774193543 
727   0.7280000000000005   0.8387096774193543 
728   0.7290000000000005   0.8387096774193543 
729   0.7300000000000005   0.8387096774193543 
730   0.7310000000000005   0.8387096774193543 
731   0.7320000000000005   0.8387096774193543 
732   0.7330000000000005   0.8387096774193543 
733   0.7340000000000005   0.8387096774193543 
734   0.7350000000000005   0.8387096774193543 
735   0.7360000000000005   0.8387096774193543 
736   0.7370000000000005   0.8387096774193543 
737   0.7380000000000005   0.8387096774193543 
738   0.7390000000000005   0.8387096774193543 
739   0.7400000000000005   0.8387096774193543 
740   0.7410000000000005   0.8387096774193543 
741   0.7420000000000005   0.8387096774193543 
742   0.7430000000000005   0.8387096774193543 
743   0.7440000000000005   0.8387096774193543 
744   0.7450000000000006   0.8387096774193543 
745   0.7460000000000006   0.8387096774193543 
746   0.7470000000000006   0.8387096774193543 
747   0.7480000000000006   0.8387096774193543 
748   0.7490000000000006   0.8387096774193543 
749   0.7500000000000006   0.8387096774193543 
750   0.7510000000000006   0.8387096774193543 
751   0.7520000000000006   0.8387096774193543 
752   0.7530000000000006   0.8387096774193543 
753   0.7540000000000006   0.8387096774193543 
754   0.7550000000000006   0.8387096774193543 
755   0.7560000000000006   0.8387096774193543 
756   0.7570000000000006   0.8387096774193543 
757   0.7580000000000006   0.8387096774193543 
758   0.7590000000000006   0.8387096774193543 
759   0.7600000000000006   0.8387096774193543 
760   0.7610000000000006   0.8387096774193543 
761   0.7620000000000006   0.8387096774193543 
762   0.7630000000000006   0.8387096774193543 
763   0.7640000000000006   0.8387096774193543 
764   0.7650000000000006   0.8387096774193543 
765   0.7660000000000006   0.8387096774193543 
766   0.7670000000000006   0.8387096774193543 
767   0.7680000000000006   0.8387096774193543 
768   0.7690000000000006   0.8387096774193543 
769   0.7700000000000006   0.8387096774193543 
770   0.7710000000000006   0.8387096774193543 
771   0.7720000000000006   0.8387096774193543 
772   0.7730000000000006   0.8387096774193543 
773   0.7730000000000006   0.8709677419354833 
774   0.7750000000000006   0.8709677419354833 
775   0.7760000000000006   0.8709677419354833 
776   0.7770000000000006   0.8709677419354833 
777   0.7780000000000006   0.8709677419354833 
778   0.7790000000000006   0.8709677419354833 
779   0.7800000000000006   0.8709677419354833 
780   0.7810000000000006   0.8709677419354833 
781   0.7820000000000006   0.8709677419354833 
782   0.7830000000000006   0.8709677419354833 
783   0.7840000000000006   0.8709677419354833 
784   0.7850000000000006   0.8709677419354833 
785   0.7860000000000006   0.8709677419354833 
786   0.7870000000000006   0.8709677419354833 
787   0.7880000000000006   0.8709677419354833 
788   0.7890000000000006   0.8709677419354833 
789   0.7900000000000006   0.8709677419354833 
790   0.7910000000000006   0.8709677419354833 
791   0.7920000000000006   0.8709677419354833 
792   0.7930000000000006   0.8709677419354833 
793   0.7940000000000006   0.8709677419354833 
794   0.7950000000000006   0.8709677419354833 
795   0.7960000000000006   0.8709677419354833 
796   0.7970000000000006   0.8709677419354833 
797   0.7980000000000006   0.8709677419354833 
798   0.7990000000000006   0.8709677419354833 
799   0.8000000000000006   0.8709677419354833 
800   0.8010000000000006   0.8709677419354833 
801   0.8020000000000006   0.8709677419354833 
802   0.8030000000000006   0.8709677419354833 
803   0.8040000000000006   0.8709677419354833 
804   0.8050000000000006   0.8709677419354833 
805   0.8060000000000006   0.8709677419354833 
806   0.8070000000000006   0.8709677419354833 
807   0.8080000000000006   0.8709677419354833 
808   0.8090000000000006   0.8709677419354833 
809   0.8100000000000006   0.8709677419354833 
810   0.8110000000000006   0.8709677419354833 
811   0.8120000000000006   0.8709677419354833 
812   0.8130000000000006   0.8709677419354833 
813   0.8140000000000006   0.8709677419354833 
814   0.8150000000000006   0.8709677419354833 
815   0.8160000000000006   0.8709677419354833 
816   0.8170000000000006   0.8709677419354833 
817   0.8180000000000006   0.8709677419354833 
818   0.8190000000000006   0.8709677419354833 
819   0.8200000000000006   0.8709677419354833 
820   0.8210000000000006   0.8709677419354833 
821   0.8220000000000006   0.8709677419354833 
822   0.8230000000000006   0.8709677419354833 
823   0.8240000000000006   0.8709677419354833 
824   0.8250000000000006   0.8709677419354833 
825   0.8260000000000006   0.8709677419354833 
826   0.8270000000000006   0.8709677419354833 
827   0.8280000000000006   0.8709677419354833 
828   0.8290000000000006   0.8709677419354833 
829   0.8300000000000006   0.8709677419354833 
830   0.8310000000000006   0.8709677419354833 
831   0.8320000000000006   0.8709677419354833 
832   0.8330000000000006   0.8709677419354833 
833   0.8340000000000006   0.8709677419354833 
834   0.8350000000000006   0.8709677419354833 
835   0.8360000000000006   0.8709677419354833 
836   0.8370000000000006   0.8709677419354833 
837   0.8370000000000006   0.9032258064516123 
838   0.8390000000000006   0.9032258064516123 
839   0.8400000000000006   0.9032258064516123 
840   0.8410000000000006   0.9032258064516123 
841   0.8420000000000006   0.9032258064516123 
842   0.8430000000000006   0.9032258064516123 
843   0.8440000000000006   0.9032258064516123 
844   0.8450000000000006   0.9032258064516123 
845   0.8460000000000006   0.9032258064516123 
846   0.8470000000000006   0.9032258064516123 
847   0.8480000000000006   0.9032258064516123 
848   0.8490000000000006   0.9032258064516123 
849   0.8500000000000006   0.9032258064516123 
850   0.8510000000000006   0.9032258064516123 
851   0.8520000000000006   0.9032258064516123 
852   0.8530000000000006   0.9032258064516123 
853   0.8540000000000006   0.9032258064516123 
854   0.8550000000000006   0.9032258064516123 
855   0.8560000000000006   0.9032258064516123 
856   0.8570000000000007   0.9032258064516123 
857   0.8580000000000007   0.9032258064516123 
858   0.8590000000000007   0.9032258064516123 
859   0.8600000000000007   0.9032258064516123 
860   0.8610000000000007   0.9032258064516123 
861   0.8620000000000007   0.9032258064516123 
862   0.8630000000000007   0.9032258064516123 
863   0.8640000000000007   0.9032258064516123 
864   0.8650000000000007   0.9032258064516123 
865   0.8660000000000007   0.9032258064516123 
866   0.8670000000000007   0.9032258064516123 
867   0.8680000000000007   0.9032258064516123 
868   0.8690000000000007   0.9032258064516123 
869   0.8700000000000007   0.9032258064516123 
870   0.8710000000000007   0.9032258064516123 
871   0.8720000000000007   0.9032258064516123 
872   0.8730000000000007   0.9032258064516123 
873   0.8740000000000007   0.9032258064516123 
874   0.8750000000000007   0.9032258064516123 
875   0.8760000000000007   0.9032258064516123 
876   0.8770000000000007   0.9032258064516123 
877   0.8780000000000007   0.9032258064516123 
878   0.8790000000000007   0.9032258064516123 
879   0.8800000000000007   0.9032258064516123 
880   0.8810000000000007   0.9032258064516123 
881   0.8820000000000007   0.9032258064516123 
882   0.8830000000000007   0.9032258064516123 
883   0.8840000000000007   0.9032258064516123 
884   0.8850000000000007   0.9032258064516123 
885   0.8860000000000007   0.9032258064516123 
886   0.8870000000000007   0.9032258064516123 
887   0.8880000000000007   0.9032258064516123 
888   0.8890000000000007   0.9032258064516123 
889   0.8900000000000007   0.9032258064516123 
890   0.8910000000000007   0.9032258064516123 
891   0.8920000000000007   0.9032258064516123 
892   0.8930000000000007   0.9032258064516123 
893   0.8940000000000007   0.9032258064516123 
894   0.8950000000000007   0.9032258064516123 
895   0.8950000000000007   0.9354838709677413 
896   0.8970000000000007   0.9354838709677413 
897   0.8980000000000007   0.9354838709677413 
898   0.8990000000000007   0.9354838709677413 
899   0.9000000000000007   0.9354838709677413 
900   0.9010000000000007   0.9354838709677413 
901   0.9020000000000007   0.9354838709677413 
902   0.9030000000000007   0.9354838709677413 
903   0.9040000000000007   0.9354838709677413 
904   0.9050000000000007   0.9354838709677413 
905   0.9060000000000007   0.9354838709677413 
906   0.9070000000000007   0.9354838709677413 
907   0.9080000000000007   0.9354838709677413 
908   0.9090000000000007   0.9354838709677413 
909   0.9100000000000007   0.9354838709677413 
910   0.9110000000000007   0.9354838709677413 
911   0.9120000000000007   0.9354838709677413 
912   0.9130000000000007   0.9354838709677413 
913   0.9140000000000007   0.9354838709677413 
914   0.9150000000000007   0.9354838709677413 
915   0.9160000000000007   0.9354838709677413 
916   0.9170000000000007   0.9354838709677413 
917   0.9180000000000007   0.9354838709677413 
918   0.9190000000000007   0.9354838709677413 
919   0.9200000000000007   0.9354838709677413 
920   0.9210000000000007   0.9354838709677413 
921   0.9220000000000007   0.9354838709677413 
922   0.9230000000000007   0.9354838709677413 
923   0.9240000000000007   0.9354838709677413 
924   0.9250000000000007   0.9354838709677413 
925   0.9260000000000007   0.9354838709677413 
926   0.9270000000000007   0.9354838709677413 
927   0.9280000000000007   0.9354838709677413 
928   0.9290000000000007   0.9354838709677413 
929   0.9300000000000007   0.9354838709677413 
930   0.9310000000000007   0.9354838709677413 
931   0.9320000000000007   0.9354838709677413 
932   0.9330000000000007   0.9354838709677413 
933   0.9340000000000007   0.9354838709677413 
934   0.9350000000000007   0.9354838709677413 
935   0.9360000000000007   0.9354838709677413 
936   0.9370000000000007   0.9354838709677413 
937   0.9380000000000007   0.9354838709677413 
938   0.9390000000000007   0.9354838709677413 
939   0.9400000000000007   0.9354838709677413 
940   0.9410000000000007   0.9354838709677413 
941   0.9420000000000007   0.9354838709677413 
942   0.9430000000000007   0.9354838709677413 
943   0.9440000000000007   0.9354838709677413 
944   0.9440000000000007   0.9677419354838703 
945   0.9460000000000007   0.9677419354838703 
946   0.9470000000000007   0.9677419354838703 
947   0.9480000000000007   0.9677419354838703 
948   0.9490000000000007   0.9677419354838703 
949   0.9500000000000007   0.9677419354838703 
950   0.9510000000000007   0.9677419354838703 
951   0.9520000000000007   0.9677419354838703 
952   0.9530000000000007   0.9677419354838703 
953   0.9540000000000007   0.9677419354838703 
954   0.9550000000000007   0.9677419354838703 
955   0.9560000000000007   0.9677419354838703 
956   0.9570000000000007   0.9677419354838703 
957   0.9580000000000007   0.9677419354838703 
958   0.9590000000000007   0.9677419354838703 
959   0.9600000000000007   0.9677419354838703 
960   0.9610000000000007   0.9677419354838703 
961   0.9620000000000007   0.9677419354838703 
962   0.9630000000000007   0.9677419354838703 
963   0.9640000000000007   0.9677419354838703 
964   0.9650000000000007   0.9677419354838703 
965   0.9660000000000007   0.9677419354838703 
966   0.9670000000000007   0.9677419354838703 
967   0.9680000000000007   0.9677419354838703 
968   0.9690000000000007   0.9677419354838703 
969   0.9700000000000008   0.9677419354838703 
970   0.9710000000000008   0.9677419354838703 
971   0.9720000000000008   0.9677419354838703 
972   0.9730000000000008   0.9677419354838703 
973   0.9740000000000008   0.9677419354838703 
974   0.9750000000000008   0.9677419354838703 
975   0.9760000000000008   0.9677419354838703 
976   0.9770000000000008   0.9677419354838703 
977   0.9780000000000008   0.9677419354838703 
978   0.9790000000000008   0.9677419354838703 
979   0.9800000000000008   0.9677419354838703 
980   0.9810000000000008   0.9677419354838703 
981   0.9820000000000008   0.9677419354838703 
982   0.9830000000000008   0.9677419354838703 
983   0.9830000000000008   0.9999999999999993 
984   0.9850000000000008   0.9999999999999993 
985   0.9860000000000008   0.9999999999999993 
986   0.9870000000000008   0.9999999999999993 
987   0.9880000000000008   0.9999999999999993 
988   0.9890000000000008   0.9999999999999993 
989   0.9900000000000008   0.9999999999999993 
990   0.9910000000000008   0.9999999999999993 
991   0.9920000000000008   0.9999999999999993 
992   0.9930000000000008   0.9999999999999993 
993   0.9940000000000008   0.9999999999999993 
994   0.9950000000000008   0.9999999999999993 
995   0.9960000000000008   0.9999999999999993 
996   0.9970000000000008   0.9999999999999993 
997   0.9980000000000008   0.9999999999999993 
998   0.9990000000000008   0.9999999999999993 
999   1.0000000000000007   0.9999999999999993 
