0   0.001   0 
1   0.002   0 
2   0.003   0 
3   0.004   0 
4   0.004   0.018518518518518517 
5   0.006   0.018518518518518517 
6   0.007   0.018518518518518517 
7   0.008   0.018518518518518517 
8   0.009000000000000001   0.018518518518518517 
9   0.010000000000000002   0.018518518518518517 
10   0.011000000000000003   0.018518518518518517 
11   0.012000000000000004   0.018518518518518517 
12   0.013000000000000005   0.018518518518518517 
13   0.014000000000000005   0.018518518518518517 
14   0.015000000000000006   0.018518518518518517 
15   0.016000000000000007   0.018518518518518517 
16   0.017000000000000008   0.018518518518518517 
17   0.01800000000000001   0.018518518518518517 
18   0.01900000000000001   0.018518518518518517 
19   0.02000000000000001   0.018518518518518517 
20   0.02100000000000001   0.018518518518518517 
21   0.022000000000000013   0.018518518518518517 
22   0.023000000000000013   0.018518518518518517 
23   0.024000000000000014   0.018518518518518517 
24   0.025000000000000015   0.018518518518518517 
25   0.025000000000000015   0.037037037037037035 
26   0.027000000000000017   0.037037037037037035 
27   0.028000000000000018   0.037037037037037035 
28   0.02900000000000002   0.037037037037037035 
29   0.03000000000000002   0.037037037037037035 
30   0.03100000000000002   0.037037037037037035 
31   0.03200000000000002   0.037037037037037035 
32   0.03300000000000002   0.037037037037037035 
33   0.03400000000000002   0.037037037037037035 
34   0.035000000000000024   0.037037037037037035 
35   0.036000000000000025   0.037037037037037035 
36   0.037000000000000026   0.037037037037037035 
37   0.03800000000000003   0.037037037037037035 
38   0.03900000000000003   0.037037037037037035 
39   0.04000000000000003   0.037037037037037035 
40   0.04100000000000003   0.037037037037037035 
41   0.04200000000000003   0.037037037037037035 
42   0.04300000000000003   0.037037037037037035 
43   0.04400000000000003   0.037037037037037035 
44   0.04500000000000003   0.037037037037037035 
45   0.046000000000000034   0.037037037037037035 
46   0.047000000000000035   0.037037037037037035 
47   0.048000000000000036   0.037037037037037035 
48   0.04900000000000004   0.037037037037037035 
49   0.05000000000000004   0.037037037037037035 
50   0.05100000000000004   0.037037037037037035 
51   0.05200000000000004   0.037037037037037035 
52   0.05300000000000004   0.037037037037037035 
53   0.05400000000000004   0.037037037037037035 
54   0.05500000000000004   0.037037037037037035 
55   0.05600000000000004   0.037037037037037035 
56   0.057000000000000044   0.037037037037037035 
57   0.058000000000000045   0.037037037037037035 
58   0.058000000000000045   0.05555555555555555 
59   0.060000000000000046   0.05555555555555555 
60   0.06100000000000005   0.05555555555555555 
61   0.06200000000000005   0.05555555555555555 
62   0.06300000000000004   0.05555555555555555 
63   0.06400000000000004   0.05555555555555555 
64   0.06500000000000004   0.05555555555555555 
65   0.06600000000000004   0.05555555555555555 
66   0.06700000000000005   0.05555555555555555 
67   0.06700000000000005   0.07407407407407407 
68   0.06900000000000005   0.07407407407407407 
69   0.07000000000000005   0.07407407407407407 
70   0.07100000000000005   0.07407407407407407 
71   0.07200000000000005   0.07407407407407407 
72   0.07300000000000005   0.07407407407407407 
73   0.07400000000000005   0.07407407407407407 
74   0.07500000000000005   0.07407407407407407 
75   0.07600000000000005   0.07407407407407407 
76   0.07700000000000005   0.07407407407407407 
77   0.07800000000000006   0.07407407407407407 
78   0.07900000000000006   0.07407407407407407 
79   0.08000000000000006   0.07407407407407407 
80   0.08100000000000006   0.07407407407407407 
81   0.08200000000000006   0.07407407407407407 
82   0.08300000000000006   0.07407407407407407 
83   0.08400000000000006   0.07407407407407407 
84   0.08500000000000006   0.07407407407407407 
85   0.08600000000000006   0.07407407407407407 
86   0.08700000000000006   0.07407407407407407 
87   0.08800000000000006   0.07407407407407407 
88   0.08900000000000007   0.07407407407407407 
89   0.09000000000000007   0.07407407407407407 
90   0.09100000000000007   0.07407407407407407 
91   0.09200000000000007   0.07407407407407407 
92   0.09300000000000007   0.07407407407407407 
93   0.09400000000000007   0.07407407407407407 
94   0.09500000000000007   0.07407407407407407 
95   0.09600000000000007   0.07407407407407407 
96   0.09700000000000007   0.07407407407407407 
97   0.09800000000000007   0.07407407407407407 
98   0.09900000000000007   0.07407407407407407 
99   0.10000000000000007   0.07407407407407407 
100   0.10100000000000008   0.07407407407407407 
101   0.10100000000000008   0.09259259259259259 
102   0.10300000000000008   0.09259259259259259 
103   0.10400000000000008   0.09259259259259259 
104   0.10500000000000008   0.09259259259259259 
105   0.10600000000000008   0.09259259259259259 
106   0.10700000000000008   0.09259259259259259 
107   0.10800000000000008   0.09259259259259259 
108   0.10900000000000008   0.09259259259259259 
109   0.11000000000000008   0.09259259259259259 
110   0.11100000000000008   0.09259259259259259 
111   0.11100000000000008   0.1111111111111111 
112   0.11300000000000009   0.1111111111111111 
113   0.11400000000000009   0.1111111111111111 
114   0.11500000000000009   0.1111111111111111 
115   0.11600000000000009   0.1111111111111111 
116   0.11700000000000009   0.1111111111111111 
117   0.11800000000000009   0.1111111111111111 
118   0.11900000000000009   0.1111111111111111 
119   0.12000000000000009   0.1111111111111111 
120   0.1210000000000001   0.1111111111111111 
121   0.1220000000000001   0.1111111111111111 
122   0.1230000000000001   0.1111111111111111 
123   0.1240000000000001   0.1111111111111111 
124   0.12500000000000008   0.1111111111111111 
125   0.12600000000000008   0.1111111111111111 
126   0.12700000000000009   0.1111111111111111 
127   0.12800000000000009   0.1111111111111111 
128   0.1290000000000001   0.1111111111111111 
129   0.1300000000000001   0.1111111111111111 
130   0.1310000000000001   0.1111111111111111 
131   0.1320000000000001   0.1111111111111111 
132   0.1330000000000001   0.1111111111111111 
133   0.1340000000000001   0.1111111111111111 
134   0.1350000000000001   0.1111111111111111 
135   0.1360000000000001   0.1111111111111111 
136   0.1370000000000001   0.1111111111111111 
137   0.1380000000000001   0.1111111111111111 
138   0.1390000000000001   0.1111111111111111 
139   0.1400000000000001   0.1111111111111111 
140   0.1410000000000001   0.1111111111111111 
141   0.1420000000000001   0.1111111111111111 
142   0.1430000000000001   0.1111111111111111 
143   0.1440000000000001   0.1111111111111111 
144   0.1450000000000001   0.1111111111111111 
145   0.1460000000000001   0.1111111111111111 
146   0.1470000000000001   0.1111111111111111 
147   0.1480000000000001   0.1111111111111111 
148   0.1490000000000001   0.1111111111111111 
149   0.1490000000000001   0.12962962962962962 
150   0.1510000000000001   0.12962962962962962 
151   0.1520000000000001   0.12962962962962962 
152   0.1530000000000001   0.12962962962962962 
153   0.1540000000000001   0.12962962962962962 
154   0.1550000000000001   0.12962962962962962 
155   0.1560000000000001   0.12962962962962962 
156   0.1570000000000001   0.12962962962962962 
157   0.1580000000000001   0.12962962962962962 
158   0.1590000000000001   0.12962962962962962 
159   0.1590000000000001   0.14814814814814814 
160   0.16100000000000012   0.14814814814814814 
161   0.16200000000000012   0.14814814814814814 
162   0.16300000000000012   0.14814814814814814 
163   0.16400000000000012   0.14814814814814814 
164   0.16500000000000012   0.14814814814814814 
165   0.16600000000000012   0.14814814814814814 
166   0.16700000000000012   0.14814814814814814 
167   0.16800000000000012   0.14814814814814814 
168   0.16900000000000012   0.14814814814814814 
169   0.17000000000000012   0.14814814814814814 
170   0.17100000000000012   0.14814814814814814 
171   0.17200000000000013   0.14814814814814814 
172   0.17300000000000013   0.14814814814814814 
173   0.17400000000000013   0.14814814814814814 
174   0.17500000000000013   0.14814814814814814 
175   0.17600000000000013   0.14814814814814814 
176   0.17700000000000013   0.14814814814814814 
177   0.17800000000000013   0.14814814814814814 
178   0.17900000000000013   0.14814814814814814 
179   0.18000000000000013   0.14814814814814814 
180   0.18100000000000013   0.14814814814814814 
181   0.18200000000000013   0.14814814814814814 
182   0.18300000000000013   0.14814814814814814 
183   0.18400000000000014   0.14814814814814814 
184   0.18500000000000014   0.14814814814814814 
185   0.18600000000000014   0.14814814814814814 
186   0.18700000000000014   0.14814814814814814 
187   0.18700000000000014   0.16666666666666666 
188   0.18900000000000014   0.16666666666666666 
189   0.19000000000000014   0.16666666666666666 
190   0.19100000000000014   0.16666666666666666 
191   0.19200000000000014   0.16666666666666666 
192   0.19300000000000014   0.16666666666666666 
193   0.19400000000000014   0.16666666666666666 
194   0.19500000000000015   0.16666666666666666 
195   0.19600000000000015   0.16666666666666666 
196   0.19700000000000015   0.16666666666666666 
197   0.19800000000000015   0.16666666666666666 
198   0.19900000000000015   0.16666666666666666 
199   0.20000000000000015   0.16666666666666666 
200   0.20100000000000015   0.16666666666666666 
201   0.20200000000000015   0.16666666666666666 
202   0.20300000000000015   0.16666666666666666 
203   0.20400000000000015   0.16666666666666666 
204   0.20500000000000015   0.16666666666666666 
205   0.20600000000000016   0.16666666666666666 
206   0.20700000000000016   0.16666666666666666 
207   0.20800000000000016   0.16666666666666666 
208   0.20900000000000016   0.16666666666666666 
209   0.21000000000000016   0.16666666666666666 
210   0.21100000000000016   0.16666666666666666 
211   0.21200000000000016   0.16666666666666666 
212   0.21300000000000016   0.16666666666666666 
213   0.21400000000000016   0.16666666666666666 
214   0.21500000000000016   0.16666666666666666 
215   0.21600000000000016   0.16666666666666666 
216   0.21700000000000016   0.16666666666666666 
217   0.21800000000000017   0.16666666666666666 
218   0.21900000000000017   0.16666666666666666 
219   0.21900000000000017   0.18518518518518517 
220   0.22100000000000017   0.18518518518518517 
221   0.22200000000000017   0.18518518518518517 
222   0.22300000000000017   0.18518518518518517 
223   0.22400000000000017   0.18518518518518517 
224   0.22500000000000017   0.18518518518518517 
225   0.22600000000000017   0.18518518518518517 
226   0.22700000000000017   0.18518518518518517 
227   0.22800000000000017   0.18518518518518517 
228   0.22900000000000018   0.18518518518518517 
229   0.23000000000000018   0.18518518518518517 
230   0.23100000000000018   0.18518518518518517 
231   0.23200000000000018   0.18518518518518517 
232   0.23300000000000018   0.18518518518518517 
233   0.23400000000000018   0.18518518518518517 
234   0.23500000000000018   0.18518518518518517 
235   0.23600000000000018   0.18518518518518517 
236   0.23700000000000018   0.18518518518518517 
237   0.23800000000000018   0.18518518518518517 
238   0.23900000000000018   0.18518518518518517 
239   0.24000000000000019   0.18518518518518517 
240   0.2410000000000002   0.18518518518518517 
241   0.2420000000000002   0.18518518518518517 
242   0.2420000000000002   0.2037037037037037 
243   0.2440000000000002   0.2037037037037037 
244   0.2450000000000002   0.2037037037037037 
245   0.2460000000000002   0.2037037037037037 
246   0.2470000000000002   0.2037037037037037 
247   0.2480000000000002   0.2037037037037037 
248   0.2490000000000002   0.2037037037037037 
249   0.25000000000000017   0.2037037037037037 
250   0.25100000000000017   0.2037037037037037 
251   0.25200000000000017   0.2037037037037037 
252   0.25300000000000017   0.2037037037037037 
253   0.25400000000000017   0.2037037037037037 
254   0.25500000000000017   0.2037037037037037 
255   0.25600000000000017   0.2037037037037037 
256   0.2570000000000002   0.2037037037037037 
257   0.2580000000000002   0.2037037037037037 
258   0.2590000000000002   0.2037037037037037 
259   0.2600000000000002   0.2037037037037037 
260   0.2610000000000002   0.2037037037037037 
261   0.2620000000000002   0.2037037037037037 
262   0.2630000000000002   0.2037037037037037 
263   0.2640000000000002   0.2037037037037037 
264   0.2650000000000002   0.2037037037037037 
265   0.2660000000000002   0.2037037037037037 
266   0.2670000000000002   0.2037037037037037 
267   0.2680000000000002   0.2037037037037037 
268   0.2690000000000002   0.2037037037037037 
269   0.2700000000000002   0.2037037037037037 
270   0.2710000000000002   0.2037037037037037 
271   0.2720000000000002   0.2037037037037037 
272   0.2730000000000002   0.2037037037037037 
273   0.2740000000000002   0.2037037037037037 
274   0.2750000000000002   0.2037037037037037 
275   0.2760000000000002   0.2037037037037037 
276   0.2760000000000002   0.2222222222222222 
277   0.2780000000000002   0.2222222222222222 
278   0.2790000000000002   0.2222222222222222 
279   0.2800000000000002   0.2222222222222222 
280   0.2810000000000002   0.2222222222222222 
281   0.2820000000000002   0.2222222222222222 
282   0.2830000000000002   0.2222222222222222 
283   0.2840000000000002   0.2222222222222222 
284   0.2850000000000002   0.2222222222222222 
285   0.2860000000000002   0.2222222222222222 
286   0.2870000000000002   0.2222222222222222 
287   0.2870000000000002   0.24074074074074073 
288   0.2890000000000002   0.24074074074074073 
289   0.2900000000000002   0.24074074074074073 
290   0.2910000000000002   0.24074074074074073 
291   0.2920000000000002   0.24074074074074073 
292   0.2930000000000002   0.24074074074074073 
293   0.2940000000000002   0.24074074074074073 
294   0.2950000000000002   0.24074074074074073 
295   0.2960000000000002   0.24074074074074073 
296   0.2970000000000002   0.24074074074074073 
297   0.2980000000000002   0.24074074074074073 
298   0.2990000000000002   0.24074074074074073 
299   0.3000000000000002   0.24074074074074073 
300   0.3010000000000002   0.24074074074074073 
301   0.3020000000000002   0.24074074074074073 
302   0.3030000000000002   0.24074074074074073 
303   0.3040000000000002   0.24074074074074073 
304   0.3050000000000002   0.24074074074074073 
305   0.3060000000000002   0.24074074074074073 
306   0.3070000000000002   0.24074074074074073 
307   0.3080000000000002   0.24074074074074073 
308   0.3090000000000002   0.24074074074074073 
309   0.3100000000000002   0.24074074074074073 
310   0.3110000000000002   0.24074074074074073 
311   0.3120000000000002   0.24074074074074073 
312   0.3130000000000002   0.24074074074074073 
313   0.3140000000000002   0.24074074074074073 
314   0.3150000000000002   0.24074074074074073 
315   0.3160000000000002   0.24074074074074073 
316   0.3170000000000002   0.24074074074074073 
317   0.3180000000000002   0.24074074074074073 
318   0.31900000000000023   0.24074074074074073 
319   0.32000000000000023   0.24074074074074073 
320   0.32100000000000023   0.24074074074074073 
321   0.32100000000000023   0.25925925925925924 
322   0.32300000000000023   0.25925925925925924 
323   0.32400000000000023   0.25925925925925924 
324   0.32500000000000023   0.25925925925925924 
325   0.32600000000000023   0.25925925925925924 
326   0.32700000000000023   0.25925925925925924 
327   0.32800000000000024   0.25925925925925924 
328   0.32900000000000024   0.25925925925925924 
329   0.33000000000000024   0.25925925925925924 
330   0.33100000000000024   0.25925925925925924 
331   0.33200000000000024   0.25925925925925924 
332   0.33300000000000024   0.25925925925925924 
333   0.33400000000000024   0.25925925925925924 
334   0.33400000000000024   0.2777777777777778 
335   0.33600000000000024   0.2777777777777778 
336   0.33700000000000024   0.2777777777777778 
337   0.33800000000000024   0.2777777777777778 
338   0.33900000000000025   0.2777777777777778 
339   0.34000000000000025   0.2777777777777778 
340   0.34100000000000025   0.2777777777777778 
341   0.34200000000000025   0.2777777777777778 
342   0.34300000000000025   0.2777777777777778 
343   0.34400000000000025   0.2777777777777778 
344   0.34400000000000025   0.2962962962962963 
345   0.34600000000000025   0.2962962962962963 
346   0.34700000000000025   0.2962962962962963 
347   0.34800000000000025   0.2962962962962963 
348   0.34900000000000025   0.2962962962962963 
349   0.35000000000000026   0.2962962962962963 
350   0.35100000000000026   0.2962962962962963 
351   0.35200000000000026   0.2962962962962963 
352   0.35300000000000026   0.2962962962962963 
353   0.35400000000000026   0.2962962962962963 
354   0.35500000000000026   0.2962962962962963 
355   0.35600000000000026   0.2962962962962963 
356   0.35700000000000026   0.2962962962962963 
357   0.35800000000000026   0.2962962962962963 
358   0.35900000000000026   0.2962962962962963 
359   0.36000000000000026   0.2962962962962963 
360   0.36100000000000027   0.2962962962962963 
361   0.36200000000000027   0.2962962962962963 
362   0.36300000000000027   0.2962962962962963 
363   0.36400000000000027   0.2962962962962963 
364   0.36500000000000027   0.2962962962962963 
365   0.36600000000000027   0.2962962962962963 
366   0.36700000000000027   0.2962962962962963 
367   0.36800000000000027   0.2962962962962963 
368   0.36900000000000027   0.2962962962962963 
369   0.3700000000000003   0.2962962962962963 
370   0.3710000000000003   0.2962962962962963 
371   0.3720000000000003   0.2962962962962963 
372   0.3730000000000003   0.2962962962962963 
373   0.3740000000000003   0.2962962962962963 
374   0.3750000000000003   0.2962962962962963 
375   0.3760000000000003   0.2962962962962963 
376   0.3770000000000003   0.2962962962962963 
377   0.3780000000000003   0.2962962962962963 
378   0.3790000000000003   0.2962962962962963 
379   0.3790000000000003   0.31481481481481477 
380   0.3810000000000003   0.31481481481481477 
381   0.3820000000000003   0.31481481481481477 
382   0.3830000000000003   0.31481481481481477 
383   0.3840000000000003   0.31481481481481477 
384   0.3850000000000003   0.31481481481481477 
385   0.3860000000000003   0.31481481481481477 
386   0.3870000000000003   0.31481481481481477 
387   0.3880000000000003   0.31481481481481477 
388   0.3890000000000003   0.31481481481481477 
389   0.3900000000000003   0.31481481481481477 
390   0.3910000000000003   0.31481481481481477 
391   0.3920000000000003   0.31481481481481477 
392   0.3920000000000003   0.33333333333333326 
393   0.3940000000000003   0.33333333333333326 
394   0.3950000000000003   0.33333333333333326 
395   0.3960000000000003   0.33333333333333326 
396   0.3970000000000003   0.33333333333333326 
397   0.3980000000000003   0.33333333333333326 
398   0.3990000000000003   0.33333333333333326 
399   0.4000000000000003   0.33333333333333326 
400   0.4010000000000003   0.33333333333333326 
401   0.4020000000000003   0.33333333333333326 
402   0.4020000000000003   0.35185185185185175 
403   0.4040000000000003   0.35185185185185175 
404   0.4050000000000003   0.35185185185185175 
405   0.4060000000000003   0.35185185185185175 
406   0.4070000000000003   0.35185185185185175 
407   0.4080000000000003   0.35185185185185175 
408   0.4090000000000003   0.35185185185185175 
409   0.4100000000000003   0.35185185185185175 
410   0.4110000000000003   0.35185185185185175 
411   0.4110000000000003   0.37037037037037024 
412   0.4130000000000003   0.37037037037037024 
413   0.4140000000000003   0.37037037037037024 
414   0.4150000000000003   0.37037037037037024 
415   0.4160000000000003   0.37037037037037024 
416   0.4170000000000003   0.37037037037037024 
417   0.4180000000000003   0.37037037037037024 
418   0.4190000000000003   0.37037037037037024 
419   0.4200000000000003   0.37037037037037024 
420   0.4210000000000003   0.37037037037037024 
421   0.4220000000000003   0.37037037037037024 
422   0.4230000000000003   0.37037037037037024 
423   0.4240000000000003   0.37037037037037024 
424   0.4250000000000003   0.37037037037037024 
425   0.4260000000000003   0.37037037037037024 
426   0.4270000000000003   0.37037037037037024 
427   0.4280000000000003   0.37037037037037024 
428   0.4290000000000003   0.37037037037037024 
429   0.4300000000000003   0.37037037037037024 
430   0.4310000000000003   0.37037037037037024 
431   0.43200000000000033   0.37037037037037024 
432   0.43300000000000033   0.37037037037037024 
433   0.43400000000000033   0.37037037037037024 
434   0.43500000000000033   0.37037037037037024 
435   0.43600000000000033   0.37037037037037024 
436   0.43700000000000033   0.37037037037037024 
437   0.43800000000000033   0.37037037037037024 
438   0.43900000000000033   0.37037037037037024 
439   0.44000000000000034   0.37037037037037024 
440   0.44100000000000034   0.37037037037037024 
441   0.44200000000000034   0.37037037037037024 
442   0.44300000000000034   0.37037037037037024 
443   0.44400000000000034   0.37037037037037024 
444   0.44500000000000034   0.37037037037037024 
445   0.44600000000000034   0.37037037037037024 
446   0.44700000000000034   0.37037037037037024 
447   0.44700000000000034   0.38888888888888873 
448   0.44900000000000034   0.38888888888888873 
449   0.45000000000000034   0.38888888888888873 
450   0.45100000000000035   0.38888888888888873 
451   0.45200000000000035   0.38888888888888873 
452   0.45300000000000035   0.38888888888888873 
453   0.45400000000000035   0.38888888888888873 
454   0.45500000000000035   0.38888888888888873 
455   0.45600000000000035   0.38888888888888873 
456   0.45600000000000035   0.4074074074074072 
457   0.45800000000000035   0.4074074074074072 
458   0.45900000000000035   0.4074074074074072 
459   0.46000000000000035   0.4074074074074072 
460   0.46100000000000035   0.4074074074074072 
461   0.46200000000000035   0.4074074074074072 
462   0.46300000000000036   0.4074074074074072 
463   0.46400000000000036   0.4074074074074072 
464   0.46500000000000036   0.4074074074074072 
465   0.46600000000000036   0.4074074074074072 
466   0.46600000000000036   0.4259259259259257 
467   0.46800000000000036   0.4259259259259257 
468   0.46900000000000036   0.4259259259259257 
469   0.47000000000000036   0.4259259259259257 
470   0.47100000000000036   0.4259259259259257 
471   0.47200000000000036   0.4259259259259257 
472   0.47300000000000036   0.4259259259259257 
473   0.47400000000000037   0.4259259259259257 
474   0.47500000000000037   0.4259259259259257 
475   0.47600000000000037   0.4259259259259257 
476   0.47600000000000037   0.4444444444444442 
477   0.47800000000000037   0.4444444444444442 
478   0.47900000000000037   0.4444444444444442 
479   0.48000000000000037   0.4444444444444442 
480   0.48100000000000037   0.4444444444444442 
481   0.4820000000000004   0.4444444444444442 
482   0.4830000000000004   0.4444444444444442 
483   0.4840000000000004   0.4444444444444442 
484   0.4850000000000004   0.4444444444444442 
485   0.4860000000000004   0.4444444444444442 
486   0.4870000000000004   0.4444444444444442 
487   0.4880000000000004   0.4444444444444442 
488   0.4890000000000004   0.4444444444444442 
489   0.4900000000000004   0.4444444444444442 
490   0.4910000000000004   0.4444444444444442 
491   0.4920000000000004   0.4444444444444442 
492   0.4930000000000004   0.4444444444444442 
493   0.4940000000000004   0.4444444444444442 
494   0.4950000000000004   0.4444444444444442 
495   0.4960000000000004   0.4444444444444442 
496   0.4970000000000004   0.4444444444444442 
497   0.4980000000000004   0.4444444444444442 
498   0.4990000000000004   0.4444444444444442 
499   0.5000000000000003   0.4444444444444442 
500   0.5010000000000003   0.4444444444444442 
501   0.5020000000000003   0.4444444444444442 
502   0.5030000000000003   0.4444444444444442 
503   0.5040000000000003   0.4444444444444442 
504   0.5050000000000003   0.4444444444444442 
505   0.5060000000000003   0.4444444444444442 
506   0.5070000000000003   0.4444444444444442 
507   0.5080000000000003   0.4444444444444442 
508   0.5090000000000003   0.4444444444444442 
509   0.5100000000000003   0.4444444444444442 
510   0.5110000000000003   0.4444444444444442 
511   0.5120000000000003   0.4444444444444442 
512   0.5130000000000003   0.4444444444444442 
513   0.5140000000000003   0.4444444444444442 
514   0.5150000000000003   0.4444444444444442 
515   0.5150000000000003   0.4629629629629627 
516   0.5170000000000003   0.4629629629629627 
517   0.5180000000000003   0.4629629629629627 
518   0.5190000000000003   0.4629629629629627 
519   0.5200000000000004   0.4629629629629627 
520   0.5210000000000004   0.4629629629629627 
521   0.5220000000000004   0.4629629629629627 
522   0.5230000000000004   0.4629629629629627 
523   0.5240000000000004   0.4629629629629627 
524   0.5250000000000004   0.4629629629629627 
525   0.5250000000000004   0.4814814814814812 
526   0.5270000000000004   0.4814814814814812 
527   0.5280000000000004   0.4814814814814812 
528   0.5290000000000004   0.4814814814814812 
529   0.5300000000000004   0.4814814814814812 
530   0.5310000000000004   0.4814814814814812 
531   0.5320000000000004   0.4814814814814812 
532   0.5330000000000004   0.4814814814814812 
533   0.5340000000000004   0.4814814814814812 
534   0.5340000000000004   0.49999999999999967 
535   0.5360000000000004   0.49999999999999967 
536   0.5370000000000004   0.49999999999999967 
537   0.5380000000000004   0.49999999999999967 
538   0.5390000000000004   0.49999999999999967 
539   0.5400000000000004   0.49999999999999967 
540   0.5410000000000004   0.49999999999999967 
541   0.5420000000000004   0.49999999999999967 
542   0.5430000000000004   0.49999999999999967 
543   0.5440000000000004   0.49999999999999967 
544   0.5440000000000004   0.5185185185185182 
545   0.5460000000000004   0.5185185185185182 
546   0.5470000000000004   0.5185185185185182 
547   0.5480000000000004   0.5185185185185182 
548   0.5490000000000004   0.5185185185185182 
549   0.5500000000000004   0.5185185185185182 
550   0.5510000000000004   0.5185185185185182 
551   0.5520000000000004   0.5185185185185182 
552   0.5530000000000004   0.5185185185185182 
553   0.5540000000000004   0.5185185185185182 
554   0.5550000000000004   0.5185185185185182 
555   0.5560000000000004   0.5185185185185182 
556   0.5570000000000004   0.5185185185185182 
557   0.5580000000000004   0.5185185185185182 
558   0.5590000000000004   0.5185185185185182 
559   0.5600000000000004   0.5185185185185182 
560   0.5610000000000004   0.5185185185185182 
561   0.5620000000000004   0.5185185185185182 
562   0.5630000000000004   0.5185185185185182 
563   0.5640000000000004   0.5185185185185182 
564   0.5650000000000004   0.5185185185185182 
565   0.5660000000000004   0.5185185185185182 
566   0.5670000000000004   0.5185185185185182 
567   0.5680000000000004   0.5185185185185182 
568   0.5690000000000004   0.5185185185185182 
569   0.5700000000000004   0.5185185185185182 
570   0.5710000000000004   0.5185185185185182 
571   0.5720000000000004   0.5185185185185182 
572   0.5730000000000004   0.5185185185185182 
573   0.5730000000000004   0.5370370370370366 
574   0.5750000000000004   0.5370370370370366 
575   0.5760000000000004   0.5370370370370366 
576   0.5770000000000004   0.5370370370370366 
577   0.5780000000000004   0.5370370370370366 
578   0.5790000000000004   0.5370370370370366 
579   0.5800000000000004   0.5370370370370366 
580   0.5810000000000004   0.5370370370370366 
581   0.5820000000000004   0.5370370370370366 
582   0.5830000000000004   0.5370370370370366 
583   0.5830000000000004   0.5555555555555551 
584   0.5850000000000004   0.5555555555555551 
585   0.5860000000000004   0.5555555555555551 
586   0.5870000000000004   0.5555555555555551 
587   0.5880000000000004   0.5555555555555551 
588   0.5890000000000004   0.5555555555555551 
589   0.5900000000000004   0.5555555555555551 
590   0.5910000000000004   0.5555555555555551 
591   0.5920000000000004   0.5555555555555551 
592   0.5930000000000004   0.5555555555555551 
593   0.5930000000000004   0.5740740740740736 
594   0.5950000000000004   0.5740740740740736 
595   0.5960000000000004   0.5740740740740736 
596   0.5970000000000004   0.5740740740740736 
597   0.5980000000000004   0.5740740740740736 
598   0.5990000000000004   0.5740740740740736 
599   0.6000000000000004   0.5740740740740736 
600   0.6010000000000004   0.5740740740740736 
601   0.6020000000000004   0.5740740740740736 
602   0.6030000000000004   0.5740740740740736 
603   0.6040000000000004   0.5740740740740736 
604   0.6050000000000004   0.5740740740740736 
605   0.6060000000000004   0.5740740740740736 
606   0.6070000000000004   0.5740740740740736 
607   0.6080000000000004   0.5740740740740736 
608   0.6090000000000004   0.5740740740740736 
609   0.6100000000000004   0.5740740740740736 
610   0.6110000000000004   0.5740740740740736 
611   0.6120000000000004   0.5740740740740736 
612   0.6130000000000004   0.5740740740740736 
613   0.6140000000000004   0.5740740740740736 
614   0.6150000000000004   0.5740740740740736 
615   0.6160000000000004   0.5740740740740736 
616   0.6170000000000004   0.5740740740740736 
617   0.6180000000000004   0.5740740740740736 
618   0.6190000000000004   0.5740740740740736 
619   0.6200000000000004   0.5740740740740736 
620   0.6210000000000004   0.5740740740740736 
621   0.6220000000000004   0.5740740740740736 
622   0.6230000000000004   0.5740740740740736 
623   0.6240000000000004   0.5740740740740736 
624   0.6250000000000004   0.5740740740740736 
625   0.6250000000000004   0.5925925925925921 
626   0.6270000000000004   0.5925925925925921 
627   0.6280000000000004   0.5925925925925921 
628   0.6290000000000004   0.5925925925925921 
629   0.6300000000000004   0.5925925925925921 
630   0.6310000000000004   0.5925925925925921 
631   0.6320000000000005   0.5925925925925921 
632   0.6330000000000005   0.5925925925925921 
633   0.6340000000000005   0.5925925925925921 
634   0.6350000000000005   0.5925925925925921 
635   0.6350000000000005   0.6111111111111106 
636   0.6370000000000005   0.6111111111111106 
637   0.6380000000000005   0.6111111111111106 
638   0.6390000000000005   0.6111111111111106 
639   0.6400000000000005   0.6111111111111106 
640   0.6410000000000005   0.6111111111111106 
641   0.6420000000000005   0.6111111111111106 
642   0.6430000000000005   0.6111111111111106 
643   0.6440000000000005   0.6111111111111106 
644   0.6450000000000005   0.6111111111111106 
645   0.6450000000000005   0.6296296296296291 
646   0.6470000000000005   0.6296296296296291 
647   0.6480000000000005   0.6296296296296291 
648   0.6490000000000005   0.6296296296296291 
649   0.6500000000000005   0.6296296296296291 
650   0.6510000000000005   0.6296296296296291 
651   0.6520000000000005   0.6296296296296291 
652   0.6530000000000005   0.6296296296296291 
653   0.6540000000000005   0.6296296296296291 
654   0.6550000000000005   0.6296296296296291 
655   0.6560000000000005   0.6296296296296291 
656   0.6570000000000005   0.6296296296296291 
657   0.6580000000000005   0.6296296296296291 
658   0.6590000000000005   0.6296296296296291 
659   0.6600000000000005   0.6296296296296291 
660   0.6610000000000005   0.6296296296296291 
661   0.6620000000000005   0.6296296296296291 
662   0.6630000000000005   0.6296296296296291 
663   0.6640000000000005   0.6296296296296291 
664   0.6650000000000005   0.6296296296296291 
665   0.6660000000000005   0.6296296296296291 
666   0.6670000000000005   0.6296296296296291 
667   0.6680000000000005   0.6296296296296291 
668   0.6690000000000005   0.6296296296296291 
669   0.6700000000000005   0.6296296296296291 
670   0.6700000000000005   0.6481481481481476 
671   0.6720000000000005   0.6481481481481476 
672   0.6730000000000005   0.6481481481481476 
673   0.6740000000000005   0.6481481481481476 
674   0.6750000000000005   0.6481481481481476 
675   0.6760000000000005   0.6481481481481476 
676   0.6770000000000005   0.6481481481481476 
677   0.6780000000000005   0.6481481481481476 
678   0.6790000000000005   0.6481481481481476 
679   0.6800000000000005   0.6481481481481476 
680   0.6800000000000005   0.6666666666666661 
681   0.6820000000000005   0.6666666666666661 
682   0.6830000000000005   0.6666666666666661 
683   0.6840000000000005   0.6666666666666661 
684   0.6850000000000005   0.6666666666666661 
685   0.6860000000000005   0.6666666666666661 
686   0.6870000000000005   0.6666666666666661 
687   0.6880000000000005   0.6666666666666661 
688   0.6890000000000005   0.6666666666666661 
689   0.6900000000000005   0.6666666666666661 
690   0.6900000000000005   0.6851851851851846 
691   0.6920000000000005   0.6851851851851846 
692   0.6930000000000005   0.6851851851851846 
693   0.6940000000000005   0.6851851851851846 
694   0.6950000000000005   0.6851851851851846 
695   0.6960000000000005   0.6851851851851846 
696   0.6970000000000005   0.6851851851851846 
697   0.6980000000000005   0.6851851851851846 
698   0.6990000000000005   0.6851851851851846 
699   0.7000000000000005   0.6851851851851846 
700   0.7010000000000005   0.6851851851851846 
701   0.7020000000000005   0.6851851851851846 
702   0.7030000000000005   0.6851851851851846 
703   0.7040000000000005   0.6851851851851846 
704   0.7050000000000005   0.6851851851851846 
705   0.7060000000000005   0.6851851851851846 
706   0.7070000000000005   0.6851851851851846 
707   0.7080000000000005   0.6851851851851846 
708   0.7090000000000005   0.6851851851851846 
709   0.7100000000000005   0.6851851851851846 
710   0.7110000000000005   0.6851851851851846 
711   0.7120000000000005   0.6851851851851846 
712   0.7130000000000005   0.6851851851851846 
713   0.7140000000000005   0.6851851851851846 
714   0.7150000000000005   0.6851851851851846 
715   0.7160000000000005   0.6851851851851846 
716   0.7170000000000005   0.6851851851851846 
717   0.7180000000000005   0.6851851851851846 
718   0.7190000000000005   0.6851851851851846 
719   0.7200000000000005   0.6851851851851846 
720   0.7210000000000005   0.6851851851851846 
721   0.7220000000000005   0.6851851851851846 
722   0.7230000000000005   0.6851851851851846 
723   0.7240000000000005   0.6851851851851846 
724   0.7250000000000005   0.6851851851851846 
725   0.7250000000000005   0.703703703703703 
726   0.7270000000000005   0.703703703703703 
727   0.7280000000000005   0.703703703703703 
728   0.7290000000000005   0.703703703703703 
729   0.7300000000000005   0.703703703703703 
730   0.7310000000000005   0.703703703703703 
731   0.7320000000000005   0.703703703703703 
732   0.7330000000000005   0.703703703703703 
733   0.7340000000000005   0.703703703703703 
734   0.7350000000000005   0.703703703703703 
735   0.7350000000000005   0.7222222222222215 
736   0.7370000000000005   0.7222222222222215 
737   0.7380000000000005   0.7222222222222215 
738   0.7390000000000005   0.7222222222222215 
739   0.7400000000000005   0.7222222222222215 
740   0.7410000000000005   0.7222222222222215 
741   0.7420000000000005   0.7222222222222215 
742   0.7430000000000005   0.7222222222222215 
743   0.7440000000000005   0.7222222222222215 
744   0.7450000000000006   0.7222222222222215 
745   0.7450000000000006   0.74074074074074 
746   0.7470000000000006   0.74074074074074 
747   0.7480000000000006   0.74074074074074 
748   0.7490000000000006   0.74074074074074 
749   0.7500000000000006   0.74074074074074 
750   0.7510000000000006   0.74074074074074 
751   0.7520000000000006   0.74074074074074 
752   0.7530000000000006   0.74074074074074 
753   0.7540000000000006   0.74074074074074 
754   0.7550000000000006   0.74074074074074 
755   0.7550000000000006   0.7592592592592585 
756   0.7570000000000006   0.7592592592592585 
757   0.7580000000000006   0.7592592592592585 
758   0.7590000000000006   0.7592592592592585 
759   0.7600000000000006   0.7592592592592585 
760   0.7610000000000006   0.7592592592592585 
761   0.7620000000000006   0.7592592592592585 
762   0.7630000000000006   0.7592592592592585 
763   0.7640000000000006   0.7592592592592585 
764   0.7650000000000006   0.7592592592592585 
765   0.7660000000000006   0.7592592592592585 
766   0.7670000000000006   0.7592592592592585 
767   0.7680000000000006   0.7592592592592585 
768   0.7690000000000006   0.7592592592592585 
769   0.7700000000000006   0.7592592592592585 
770   0.7710000000000006   0.7592592592592585 
771   0.7720000000000006   0.7592592592592585 
772   0.7730000000000006   0.7592592592592585 
773   0.7740000000000006   0.7592592592592585 
774   0.7750000000000006   0.7592592592592585 
775   0.7760000000000006   0.7592592592592585 
776   0.7770000000000006   0.7592592592592585 
777   0.7780000000000006   0.7592592592592585 
778   0.7790000000000006   0.7592592592592585 
779   0.7800000000000006   0.7592592592592585 
780   0.7810000000000006   0.7592592592592585 
781   0.7820000000000006   0.7592592592592585 
782   0.7830000000000006   0.7592592592592585 
783   0.7840000000000006   0.7592592592592585 
784   0.7850000000000006   0.7592592592592585 
785   0.7860000000000006   0.7592592592592585 
786   0.7870000000000006   0.7592592592592585 
787   0.7880000000000006   0.7592592592592585 
788   0.7890000000000006   0.7592592592592585 
789   0.7900000000000006   0.7592592592592585 
790   0.7900000000000006   0.777777777777777 
791   0.7920000000000006   0.777777777777777 
792   0.7930000000000006   0.777777777777777 
793   0.7940000000000006   0.777777777777777 
794   0.7950000000000006   0.777777777777777 
795   0.7960000000000006   0.777777777777777 
796   0.7970000000000006   0.777777777777777 
797   0.7980000000000006   0.777777777777777 
798   0.7990000000000006   0.777777777777777 
799   0.7990000000000006   0.7962962962962955 
800   0.8010000000000006   0.7962962962962955 
801   0.8020000000000006   0.7962962962962955 
802   0.8030000000000006   0.7962962962962955 
803   0.8040000000000006   0.7962962962962955 
804   0.8050000000000006   0.7962962962962955 
805   0.8060000000000006   0.7962962962962955 
806   0.8070000000000006   0.7962962962962955 
807   0.8080000000000006   0.7962962962962955 
808   0.8090000000000006   0.7962962962962955 
809   0.8090000000000006   0.814814814814814 
810   0.8110000000000006   0.814814814814814 
811   0.8120000000000006   0.814814814814814 
812   0.8130000000000006   0.814814814814814 
813   0.8140000000000006   0.814814814814814 
814   0.8150000000000006   0.814814814814814 
815   0.8160000000000006   0.814814814814814 
816   0.8170000000000006   0.814814814814814 
817   0.8180000000000006   0.814814814814814 
818   0.8190000000000006   0.814814814814814 
819   0.8190000000000006   0.8333333333333325 
820   0.8210000000000006   0.8333333333333325 
821   0.8220000000000006   0.8333333333333325 
822   0.8230000000000006   0.8333333333333325 
823   0.8240000000000006   0.8333333333333325 
824   0.8250000000000006   0.8333333333333325 
825   0.8260000000000006   0.8333333333333325 
826   0.8270000000000006   0.8333333333333325 
827   0.8280000000000006   0.8333333333333325 
828   0.8290000000000006   0.8333333333333325 
829   0.8300000000000006   0.8333333333333325 
830   0.8310000000000006   0.8333333333333325 
831   0.8320000000000006   0.8333333333333325 
832   0.8330000000000006   0.8333333333333325 
833   0.8340000000000006   0.8333333333333325 
834   0.8350000000000006   0.8333333333333325 
835   0.8360000000000006   0.8333333333333325 
836   0.8370000000000006   0.8333333333333325 
837   0.8380000000000006   0.8333333333333325 
838   0.8390000000000006   0.8333333333333325 
839   0.8400000000000006   0.8333333333333325 
840   0.8410000000000006   0.8333333333333325 
841   0.8420000000000006   0.8333333333333325 
842   0.8430000000000006   0.8333333333333325 
843   0.8440000000000006   0.8333333333333325 
844   0.8450000000000006   0.8333333333333325 
845   0.8460000000000006   0.8333333333333325 
846   0.8470000000000006   0.8333333333333325 
847   0.8480000000000006   0.8333333333333325 
848   0.8490000000000006   0.8333333333333325 
849   0.8500000000000006   0.8333333333333325 
850   0.8510000000000006   0.8333333333333325 
851   0.8520000000000006   0.8333333333333325 
852   0.8530000000000006   0.8333333333333325 
853   0.8540000000000006   0.8333333333333325 
854   0.8550000000000006   0.8333333333333325 
855   0.8560000000000006   0.8333333333333325 
856   0.8570000000000007   0.8333333333333325 
857   0.8580000000000007   0.8333333333333325 
858   0.8580000000000007   0.851851851851851 
859   0.8600000000000007   0.851851851851851 
860   0.8610000000000007   0.851851851851851 
861   0.8620000000000007   0.851851851851851 
862   0.8630000000000007   0.851851851851851 
863   0.8640000000000007   0.851851851851851 
864   0.8650000000000007   0.851851851851851 
865   0.8660000000000007   0.851851851851851 
866   0.8670000000000007   0.851851851851851 
867   0.8680000000000007   0.851851851851851 
868   0.8680000000000007   0.8703703703703695 
869   0.8700000000000007   0.8703703703703695 
870   0.8710000000000007   0.8703703703703695 
871   0.8720000000000007   0.8703703703703695 
872   0.8730000000000007   0.8703703703703695 
873   0.8740000000000007   0.8703703703703695 
874   0.8750000000000007   0.8703703703703695 
875   0.8760000000000007   0.8703703703703695 
876   0.8770000000000007   0.8703703703703695 
877   0.8770000000000007   0.888888888888888 
878   0.8790000000000007   0.888888888888888 
879   0.8800000000000007   0.888888888888888 
880   0.8810000000000007   0.888888888888888 
881   0.8820000000000007   0.888888888888888 
882   0.8830000000000007   0.888888888888888 
883   0.8840000000000007   0.888888888888888 
884   0.8850000000000007   0.888888888888888 
885   0.8860000000000007   0.888888888888888 
886   0.8870000000000007   0.888888888888888 
887   0.8870000000000007   0.9074074074074064 
888   0.8890000000000007   0.9074074074074064 
889   0.8900000000000007   0.9074074074074064 
890   0.8910000000000007   0.9074074074074064 
891   0.8920000000000007   0.9074074074074064 
892   0.8930000000000007   0.9074074074074064 
893   0.8940000000000007   0.9074074074074064 
894   0.8950000000000007   0.9074074074074064 
895   0.8960000000000007   0.9074074074074064 
896   0.8970000000000007   0.9074074074074064 
897   0.8980000000000007   0.9074074074074064 
898   0.8990000000000007   0.9074074074074064 
899   0.9000000000000007   0.9074074074074064 
900   0.9010000000000007   0.9074074074074064 
901   0.9020000000000007   0.9074074074074064 
902   0.9030000000000007   0.9074074074074064 
903   0.9040000000000007   0.9074074074074064 
904   0.9050000000000007   0.9074074074074064 
905   0.9060000000000007   0.9074074074074064 
906   0.9070000000000007   0.9074074074074064 
907   0.9080000000000007   0.9074074074074064 
908   0.9090000000000007   0.9074074074074064 
909   0.9100000000000007   0.9074074074074064 
910   0.9110000000000007   0.9074074074074064 
911   0.9120000000000007   0.9074074074074064 
912   0.9130000000000007   0.9074074074074064 
913   0.9140000000000007   0.9074074074074064 
914   0.9150000000000007   0.9074074074074064 
915   0.9160000000000007   0.9074074074074064 
916   0.9160000000000007   0.9259259259259249 
917   0.9180000000000007   0.9259259259259249 
918   0.9190000000000007   0.9259259259259249 
919   0.9200000000000007   0.9259259259259249 
920   0.9210000000000007   0.9259259259259249 
921   0.9220000000000007   0.9259259259259249 
922   0.9230000000000007   0.9259259259259249 
923   0.9240000000000007   0.9259259259259249 
924   0.9250000000000007   0.9259259259259249 
925   0.9260000000000007   0.9259259259259249 
926   0.9260000000000007   0.9444444444444434 
927   0.9280000000000007   0.9444444444444434 
928   0.9290000000000007   0.9444444444444434 
929   0.9300000000000007   0.9444444444444434 
930   0.9310000000000007   0.9444444444444434 
931   0.9320000000000007   0.9444444444444434 
932   0.9330000000000007   0.9444444444444434 
933   0.9340000000000007   0.9444444444444434 
934   0.9350000000000007   0.9444444444444434 
935   0.9360000000000007   0.9444444444444434 
936   0.9360000000000007   0.9629629629629619 
937   0.9380000000000007   0.9629629629629619 
938   0.9390000000000007   0.9629629629629619 
939   0.9400000000000007   0.9629629629629619 
940   0.9410000000000007   0.9629629629629619 
941   0.9420000000000007   0.9629629629629619 
942   0.9430000000000007   0.9629629629629619 
943   0.9440000000000007   0.9629629629629619 
944   0.9450000000000007   0.9629629629629619 
945   0.9460000000000007   0.9629629629629619 
946   0.9470000000000007   0.9629629629629619 
947   0.9480000000000007   0.9629629629629619 
948   0.9490000000000007   0.9629629629629619 
949   0.9500000000000007   0.9629629629629619 
950   0.9510000000000007   0.9629629629629619 
951   0.9520000000000007   0.9629629629629619 
952   0.9530000000000007   0.9629629629629619 
953   0.9540000000000007   0.9629629629629619 
954   0.9550000000000007   0.9629629629629619 
955   0.9560000000000007   0.9629629629629619 
956   0.9570000000000007   0.9629629629629619 
957   0.9580000000000007   0.9629629629629619 
958   0.9590000000000007   0.9629629629629619 
959   0.9600000000000007   0.9629629629629619 
960   0.9610000000000007   0.9629629629629619 
961   0.9620000000000007   0.9629629629629619 
962   0.9630000000000007   0.9629629629629619 
963   0.9640000000000007   0.9629629629629619 
964   0.9640000000000007   0.9814814814814804 
965   0.9660000000000007   0.9814814814814804 
966   0.9670000000000007   0.9814814814814804 
967   0.9680000000000007   0.9814814814814804 
968   0.9690000000000007   0.9814814814814804 
969   0.9700000000000008   0.9814814814814804 
970   0.9710000000000008   0.9814814814814804 
971   0.9720000000000008   0.9814814814814804 
972   0.9730000000000008   0.9814814814814804 
973   0.9740000000000008   0.9814814814814804 
974   0.9740000000000008   0.9999999999999989 
975   0.9760000000000008   0.9999999999999989 
976   0.9770000000000008   0.9999999999999989 
977   0.9780000000000008   0.9999999999999989 
978   0.9790000000000008   0.9999999999999989 
979   0.9800000000000008   0.9999999999999989 
980   0.9810000000000008   0.9999999999999989 
981   0.9820000000000008   0.9999999999999989 
982   0.9830000000000008   0.9999999999999989 
983   0.9840000000000008   0.9999999999999989 
984   0.9850000000000008   0.9999999999999989 
985   0.9860000000000008   0.9999999999999989 
986   0.9870000000000008   0.9999999999999989 
987   0.9880000000000008   0.9999999999999989 
988   0.9890000000000008   0.9999999999999989 
989   0.9900000000000008   0.9999999999999989 
990   0.9910000000000008   0.9999999999999989 
991   0.9920000000000008   0.9999999999999989 
992   0.9930000000000008   0.9999999999999989 
993   0.9940000000000008   0.9999999999999989 
994   0.9950000000000008   0.9999999999999989 
995   0.9960000000000008   0.9999999999999989 
996   0.9970000000000008   0.9999999999999989 
997   0.9980000000000008   0.9999999999999989 
998   0.9990000000000008   0.9999999999999989 
999   1.0000000000000007   0.9999999999999989 
