0   0.001   0 
1   0.002   0 
2   0.003   0 
3   0.004   0 
4   0.005   0 
5   0.006   0 
6   0.007   0 
7   0.008   0 
8   0.009000000000000001   0 
9   0.010000000000000002   0 
10   0.011000000000000003   0 
11   0.011000000000000003   0.003703703703703704 
12   0.013000000000000005   0.003703703703703704 
13   0.014000000000000005   0.003703703703703704 
14   0.015000000000000006   0.003703703703703704 
15   0.016000000000000007   0.003703703703703704 
16   0.017000000000000008   0.003703703703703704 
17   0.01800000000000001   0.003703703703703704 
18   0.01900000000000001   0.003703703703703704 
19   0.02000000000000001   0.003703703703703704 
20   0.02100000000000001   0.003703703703703704 
21   0.022000000000000013   0.003703703703703704 
22   0.023000000000000013   0.003703703703703704 
23   0.023000000000000013   0.007407407407407408 
24   0.025000000000000015   0.007407407407407408 
25   0.026000000000000016   0.007407407407407408 
26   0.027000000000000017   0.007407407407407408 
27   0.028000000000000018   0.007407407407407408 
28   0.02900000000000002   0.007407407407407408 
29   0.03000000000000002   0.007407407407407408 
30   0.03100000000000002   0.007407407407407408 
31   0.03200000000000002   0.007407407407407408 
32   0.03200000000000002   0.011111111111111112 
33   0.03400000000000002   0.011111111111111112 
34   0.035000000000000024   0.011111111111111112 
35   0.035000000000000024   0.014814814814814815 
36   0.036000000000000025   0.022222222222222223 
37   0.03800000000000003   0.022222222222222223 
38   0.03900000000000003   0.022222222222222223 
39   0.04000000000000003   0.022222222222222223 
40   0.04100000000000003   0.022222222222222223 
41   0.04200000000000003   0.022222222222222223 
42   0.04300000000000003   0.022222222222222223 
43   0.04400000000000003   0.022222222222222223 
44   0.04500000000000003   0.022222222222222223 
45   0.046000000000000034   0.022222222222222223 
46   0.047000000000000035   0.022222222222222223 
47   0.048000000000000036   0.022222222222222223 
48   0.04900000000000004   0.022222222222222223 
49   0.05000000000000004   0.022222222222222223 
50   0.05100000000000004   0.022222222222222223 
51   0.05200000000000004   0.022222222222222223 
52   0.05300000000000004   0.022222222222222223 
53   0.05400000000000004   0.022222222222222223 
54   0.05500000000000004   0.022222222222222223 
55   0.05600000000000004   0.022222222222222223 
56   0.05600000000000004   0.02592592592592593 
57   0.058000000000000045   0.02592592592592593 
58   0.059000000000000045   0.02592592592592593 
59   0.060000000000000046   0.02592592592592593 
60   0.06100000000000005   0.02592592592592593 
61   0.06200000000000005   0.02592592592592593 
62   0.06300000000000004   0.02592592592592593 
63   0.06400000000000004   0.02592592592592593 
64   0.06500000000000004   0.02592592592592593 
65   0.06500000000000004   0.02962962962962963 
66   0.06700000000000005   0.02962962962962963 
67   0.06700000000000005   0.03333333333333333 
68   0.06800000000000005   0.040740740740740744 
69   0.06900000000000005   0.04814814814814815 
70   0.07100000000000005   0.04814814814814815 
71   0.07200000000000005   0.04814814814814815 
72   0.07300000000000005   0.04814814814814815 
73   0.07400000000000005   0.04814814814814815 
74   0.07500000000000005   0.04814814814814815 
75   0.07600000000000005   0.04814814814814815 
76   0.07700000000000005   0.04814814814814815 
77   0.07700000000000005   0.05185185185185185 
78   0.07900000000000006   0.05185185185185185 
79   0.07900000000000006   0.05925925925925926 
80   0.08100000000000006   0.05925925925925926 
81   0.08200000000000006   0.05925925925925926 
82   0.08300000000000006   0.05925925925925926 
83   0.08400000000000006   0.05925925925925926 
84   0.08500000000000006   0.05925925925925926 
85   0.08600000000000006   0.05925925925925926 
86   0.08700000000000006   0.05925925925925926 
87   0.08800000000000006   0.05925925925925926 
88   0.08900000000000007   0.05925925925925926 
89   0.09000000000000007   0.05925925925925926 
90   0.09100000000000007   0.05925925925925926 
91   0.09200000000000007   0.05925925925925926 
92   0.09300000000000007   0.05925925925925926 
93   0.09400000000000007   0.05925925925925926 
94   0.09500000000000007   0.05925925925925926 
95   0.09600000000000007   0.05925925925925926 
96   0.09700000000000007   0.05925925925925926 
97   0.09800000000000007   0.05925925925925926 
98   0.09900000000000007   0.05925925925925926 
99   0.09900000000000007   0.06296296296296297 
100   0.10100000000000008   0.06296296296296297 
101   0.10100000000000008   0.07037037037037037 
102   0.10200000000000008   0.07407407407407408 
103   0.10300000000000008   0.08148148148148149 
104   0.10500000000000008   0.08148148148148149 
105   0.10600000000000008   0.08148148148148149 
106   0.10700000000000008   0.08148148148148149 
107   0.10800000000000008   0.08148148148148149 
108   0.10900000000000008   0.08148148148148149 
109   0.11000000000000008   0.08148148148148149 
110   0.11100000000000008   0.08148148148148149 
111   0.11100000000000008   0.08888888888888889 
112   0.11200000000000009   0.0962962962962963 
113   0.11300000000000009   0.1 
114   0.11500000000000009   0.1 
115   0.11600000000000009   0.1 
116   0.11700000000000009   0.1 
117   0.11800000000000009   0.1 
118   0.11900000000000009   0.1 
119   0.12000000000000009   0.1 
120   0.1210000000000001   0.1 
121   0.1210000000000001   0.10370370370370371 
122   0.1220000000000001   0.10740740740740742 
123   0.1230000000000001   0.11111111111111113 
124   0.12500000000000008   0.11111111111111113 
125   0.12600000000000008   0.11111111111111113 
126   0.12700000000000009   0.11111111111111113 
127   0.12800000000000009   0.11111111111111113 
128   0.1290000000000001   0.11111111111111113 
129   0.1300000000000001   0.11111111111111113 
130   0.1310000000000001   0.11111111111111113 
131   0.1320000000000001   0.11111111111111113 
132   0.1330000000000001   0.11111111111111113 
133   0.1340000000000001   0.11111111111111113 
134   0.1350000000000001   0.11111111111111113 
135   0.1360000000000001   0.11111111111111113 
136   0.1370000000000001   0.11111111111111113 
137   0.1380000000000001   0.11111111111111113 
138   0.1390000000000001   0.11111111111111113 
139   0.1400000000000001   0.11111111111111113 
140   0.1410000000000001   0.11111111111111113 
141   0.1420000000000001   0.11111111111111113 
142   0.1430000000000001   0.11111111111111113 
143   0.1440000000000001   0.11111111111111113 
144   0.1450000000000001   0.11111111111111113 
145   0.1460000000000001   0.11111111111111113 
146   0.1470000000000001   0.11111111111111113 
147   0.1480000000000001   0.11111111111111113 
148   0.1490000000000001   0.11111111111111113 
149   0.1490000000000001   0.11851851851851854 
150   0.1500000000000001   0.12222222222222225 
151   0.1510000000000001   0.12962962962962965 
152   0.1530000000000001   0.12962962962962965 
153   0.1540000000000001   0.12962962962962965 
154   0.1550000000000001   0.12962962962962965 
155   0.1560000000000001   0.12962962962962965 
156   0.1570000000000001   0.12962962962962965 
157   0.1580000000000001   0.12962962962962965 
158   0.1590000000000001   0.12962962962962965 
159   0.1590000000000001   0.13703703703703707 
160   0.16000000000000011   0.14074074074074078 
161   0.16100000000000012   0.1481481481481482 
162   0.16300000000000012   0.1481481481481482 
163   0.16400000000000012   0.1481481481481482 
164   0.16500000000000012   0.1481481481481482 
165   0.16600000000000012   0.1481481481481482 
166   0.16700000000000012   0.1481481481481482 
167   0.16800000000000012   0.1481481481481482 
168   0.16900000000000012   0.1481481481481482 
169   0.17000000000000012   0.1481481481481482 
170   0.17100000000000012   0.1481481481481482 
171   0.17200000000000013   0.1481481481481482 
172   0.17300000000000013   0.1481481481481482 
173   0.17400000000000013   0.1481481481481482 
174   0.17500000000000013   0.1481481481481482 
175   0.17600000000000013   0.1481481481481482 
176   0.17700000000000013   0.1481481481481482 
177   0.17800000000000013   0.1481481481481482 
178   0.17900000000000013   0.1481481481481482 
179   0.18000000000000013   0.1481481481481482 
180   0.18100000000000013   0.1481481481481482 
181   0.18200000000000013   0.1481481481481482 
182   0.18300000000000013   0.1481481481481482 
183   0.18400000000000014   0.1481481481481482 
184   0.18500000000000014   0.1481481481481482 
185   0.18600000000000014   0.1481481481481482 
186   0.18700000000000014   0.1481481481481482 
187   0.18700000000000014   0.1518518518518519 
188   0.18800000000000014   0.15925925925925932 
189   0.18900000000000014   0.16666666666666674 
190   0.19100000000000014   0.16666666666666674 
191   0.19200000000000014   0.16666666666666674 
192   0.19300000000000014   0.16666666666666674 
193   0.19400000000000014   0.16666666666666674 
194   0.19500000000000015   0.16666666666666674 
195   0.19600000000000015   0.16666666666666674 
196   0.19700000000000015   0.16666666666666674 
197   0.19800000000000015   0.16666666666666674 
198   0.19900000000000015   0.16666666666666674 
199   0.20000000000000015   0.16666666666666674 
200   0.20100000000000015   0.16666666666666674 
201   0.20200000000000015   0.16666666666666674 
202   0.20300000000000015   0.16666666666666674 
203   0.20400000000000015   0.16666666666666674 
204   0.20500000000000015   0.16666666666666674 
205   0.20600000000000016   0.16666666666666674 
206   0.20700000000000016   0.16666666666666674 
207   0.20800000000000016   0.16666666666666674 
208   0.20900000000000016   0.16666666666666674 
209   0.21000000000000016   0.16666666666666674 
210   0.21100000000000016   0.16666666666666674 
211   0.21200000000000016   0.16666666666666674 
212   0.21300000000000016   0.16666666666666674 
213   0.21400000000000016   0.16666666666666674 
214   0.21500000000000016   0.16666666666666674 
215   0.21600000000000016   0.16666666666666674 
216   0.21700000000000016   0.16666666666666674 
217   0.21800000000000017   0.16666666666666674 
218   0.21900000000000017   0.16666666666666674 
219   0.22000000000000017   0.16666666666666674 
220   0.22100000000000017   0.16666666666666674 
221   0.22200000000000017   0.16666666666666674 
222   0.22300000000000017   0.16666666666666674 
223   0.22400000000000017   0.16666666666666674 
224   0.22500000000000017   0.16666666666666674 
225   0.22600000000000017   0.16666666666666674 
226   0.22700000000000017   0.16666666666666674 
227   0.22700000000000017   0.17037037037037045 
228   0.22900000000000018   0.17037037037037045 
229   0.23000000000000018   0.17037037037037045 
230   0.23100000000000018   0.17037037037037045 
231   0.23200000000000018   0.17037037037037045 
232   0.23300000000000018   0.17037037037037045 
233   0.23400000000000018   0.17037037037037045 
234   0.23500000000000018   0.17037037037037045 
235   0.23600000000000018   0.17037037037037045 
236   0.23700000000000018   0.17037037037037045 
237   0.23800000000000018   0.17037037037037045 
238   0.23900000000000018   0.17037037037037045 
239   0.23900000000000018   0.17407407407407416 
240   0.2410000000000002   0.17407407407407416 
241   0.2420000000000002   0.17407407407407416 
242   0.2430000000000002   0.17407407407407416 
243   0.2440000000000002   0.17407407407407416 
244   0.2450000000000002   0.17407407407407416 
245   0.2460000000000002   0.17407407407407416 
246   0.2470000000000002   0.17407407407407416 
247   0.2480000000000002   0.17407407407407416 
248   0.2490000000000002   0.17407407407407416 
249   0.25000000000000017   0.17407407407407416 
250   0.25000000000000017   0.17777777777777787 
251   0.25200000000000017   0.17777777777777787 
252   0.25200000000000017   0.18148148148148158 
253   0.25400000000000017   0.18148148148148158 
254   0.25400000000000017   0.188888888888889 
255   0.25600000000000017   0.188888888888889 
256   0.2570000000000002   0.188888888888889 
257   0.2580000000000002   0.188888888888889 
258   0.2590000000000002   0.188888888888889 
259   0.2600000000000002   0.188888888888889 
260   0.2610000000000002   0.188888888888889 
261   0.2620000000000002   0.188888888888889 
262   0.2630000000000002   0.188888888888889 
263   0.2640000000000002   0.188888888888889 
264   0.2650000000000002   0.188888888888889 
265   0.2660000000000002   0.188888888888889 
266   0.2670000000000002   0.188888888888889 
267   0.2680000000000002   0.188888888888889 
268   0.2690000000000002   0.188888888888889 
269   0.2700000000000002   0.188888888888889 
270   0.2710000000000002   0.188888888888889 
271   0.2720000000000002   0.188888888888889 
272   0.2730000000000002   0.188888888888889 
273   0.2740000000000002   0.188888888888889 
274   0.2740000000000002   0.1925925925925927 
275   0.2760000000000002   0.1925925925925927 
276   0.2770000000000002   0.1925925925925927 
277   0.2780000000000002   0.1925925925925927 
278   0.2790000000000002   0.1925925925925927 
279   0.2800000000000002   0.1925925925925927 
280   0.2810000000000002   0.1925925925925927 
281   0.2820000000000002   0.1925925925925927 
282   0.2830000000000002   0.1925925925925927 
283   0.2840000000000002   0.1925925925925927 
284   0.2850000000000002   0.1925925925925927 
285   0.2850000000000002   0.1962962962962964 
286   0.2870000000000002   0.1962962962962964 
287   0.2870000000000002   0.20370370370370383 
288   0.2880000000000002   0.20740740740740754 
289   0.2890000000000002   0.21481481481481496 
290   0.2910000000000002   0.21481481481481496 
291   0.2920000000000002   0.21481481481481496 
292   0.2930000000000002   0.21481481481481496 
293   0.2940000000000002   0.21481481481481496 
294   0.2950000000000002   0.21481481481481496 
295   0.2960000000000002   0.21481481481481496 
296   0.2970000000000002   0.21481481481481496 
297   0.2970000000000002   0.21851851851851867 
298   0.2980000000000002   0.22222222222222238 
299   0.2990000000000002   0.22592592592592609 
300   0.3010000000000002   0.22592592592592609 
301   0.3020000000000002   0.22592592592592609 
302   0.3030000000000002   0.22592592592592609 
303   0.3040000000000002   0.22592592592592609 
304   0.3050000000000002   0.22592592592592609 
305   0.3060000000000002   0.22592592592592609 
306   0.3070000000000002   0.22592592592592609 
307   0.3080000000000002   0.22592592592592609 
308   0.3090000000000002   0.22592592592592609 
309   0.3100000000000002   0.22592592592592609 
310   0.3110000000000002   0.22592592592592609 
311   0.3120000000000002   0.22592592592592609 
312   0.3130000000000002   0.22592592592592609 
313   0.3140000000000002   0.22592592592592609 
314   0.3150000000000002   0.22592592592592609 
315   0.3160000000000002   0.22592592592592609 
316   0.3170000000000002   0.22592592592592609 
317   0.3180000000000002   0.22592592592592609 
318   0.31900000000000023   0.22592592592592609 
319   0.31900000000000023   0.2296296296296298 
320   0.32100000000000023   0.2296296296296298 
321   0.32200000000000023   0.2296296296296298 
322   0.32300000000000023   0.2296296296296298 
323   0.32400000000000023   0.2296296296296298 
324   0.32500000000000023   0.2296296296296298 
325   0.32600000000000023   0.2296296296296298 
326   0.32700000000000023   0.2296296296296298 
327   0.32800000000000024   0.2296296296296298 
328   0.32900000000000024   0.2296296296296298 
329   0.33000000000000024   0.2296296296296298 
330   0.33100000000000024   0.2296296296296298 
331   0.33200000000000024   0.2296296296296298 
332   0.33200000000000024   0.2333333333333335 
333   0.33400000000000024   0.2333333333333335 
334   0.33400000000000024   0.2370370370370372 
335   0.33500000000000024   0.24444444444444463 
336   0.33600000000000024   0.24814814814814834 
337   0.33700000000000024   0.25185185185185205 
338   0.33900000000000025   0.25185185185185205 
339   0.34000000000000025   0.25185185185185205 
340   0.34100000000000025   0.25185185185185205 
341   0.34200000000000025   0.25185185185185205 
342   0.34300000000000025   0.25185185185185205 
343   0.34400000000000025   0.25185185185185205 
344   0.34400000000000025   0.25925925925925947 
345   0.34500000000000025   0.2629629629629632 
346   0.34600000000000025   0.2703703703703706 
347   0.34800000000000025   0.2703703703703706 
348   0.34900000000000025   0.2703703703703706 
349   0.35000000000000026   0.2703703703703706 
350   0.35100000000000026   0.2703703703703706 
351   0.35200000000000026   0.2703703703703706 
352   0.35300000000000026   0.2703703703703706 
353   0.35400000000000026   0.2703703703703706 
354   0.35400000000000026   0.2740740740740743 
355   0.35500000000000026   0.277777777777778 
356   0.35600000000000026   0.2814814814814817 
357   0.35800000000000026   0.2814814814814817 
358   0.35900000000000026   0.2814814814814817 
359   0.36000000000000026   0.2814814814814817 
360   0.36100000000000027   0.2814814814814817 
361   0.36200000000000027   0.2814814814814817 
362   0.36300000000000027   0.2814814814814817 
363   0.36400000000000027   0.2814814814814817 
364   0.36500000000000027   0.2814814814814817 
365   0.36600000000000027   0.2814814814814817 
366   0.36700000000000027   0.2814814814814817 
367   0.36800000000000027   0.2814814814814817 
368   0.36900000000000027   0.2814814814814817 
369   0.3700000000000003   0.2814814814814817 
370   0.3710000000000003   0.2814814814814817 
371   0.3720000000000003   0.2814814814814817 
372   0.3730000000000003   0.2814814814814817 
373   0.3740000000000003   0.2814814814814817 
374   0.3750000000000003   0.2814814814814817 
375   0.3760000000000003   0.2814814814814817 
376   0.3770000000000003   0.2814814814814817 
377   0.3770000000000003   0.28518518518518543 
378   0.3790000000000003   0.28518518518518543 
379   0.3800000000000003   0.28518518518518543 
380   0.3810000000000003   0.28518518518518543 
381   0.3820000000000003   0.28518518518518543 
382   0.3830000000000003   0.28518518518518543 
383   0.3840000000000003   0.28518518518518543 
384   0.3850000000000003   0.28518518518518543 
385   0.3860000000000003   0.28518518518518543 
386   0.3870000000000003   0.28518518518518543 
387   0.3880000000000003   0.28518518518518543 
388   0.3890000000000003   0.28518518518518543 
389   0.3900000000000003   0.28518518518518543 
390   0.3900000000000003   0.28888888888888914 
391   0.3920000000000003   0.28888888888888914 
392   0.3920000000000003   0.29259259259259285 
393   0.3930000000000003   0.30000000000000027 
394   0.3940000000000003   0.303703703703704 
395   0.3950000000000003   0.3074074074074077 
396   0.3970000000000003   0.3074074074074077 
397   0.3980000000000003   0.3074074074074077 
398   0.3990000000000003   0.3074074074074077 
399   0.4000000000000003   0.3074074074074077 
400   0.4010000000000003   0.3074074074074077 
401   0.4020000000000003   0.3074074074074077 
402   0.4020000000000003   0.3148148148148151 
403   0.4030000000000003   0.3185185185185188 
404   0.4040000000000003   0.32592592592592623 
405   0.4060000000000003   0.32592592592592623 
406   0.4070000000000003   0.32592592592592623 
407   0.4080000000000003   0.32592592592592623 
408   0.4090000000000003   0.32592592592592623 
409   0.4100000000000003   0.32592592592592623 
410   0.4110000000000003   0.32592592592592623 
411   0.4110000000000003   0.32962962962962994 
412   0.4120000000000003   0.33333333333333365 
413   0.4130000000000003   0.34074074074074107 
414   0.4140000000000003   0.3444444444444448 
415   0.4160000000000003   0.3444444444444448 
416   0.4170000000000003   0.3444444444444448 
417   0.4180000000000003   0.3444444444444448 
418   0.4190000000000003   0.3444444444444448 
419   0.4200000000000003   0.3444444444444448 
420   0.4210000000000003   0.3444444444444448 
421   0.4220000000000003   0.3444444444444448 
422   0.4220000000000003   0.3481481481481485 
423   0.4230000000000003   0.3555555555555559 
424   0.4250000000000003   0.3555555555555559 
425   0.4260000000000003   0.3555555555555559 
426   0.4270000000000003   0.3555555555555559 
427   0.4280000000000003   0.3555555555555559 
428   0.4290000000000003   0.3555555555555559 
429   0.4300000000000003   0.3555555555555559 
430   0.4310000000000003   0.3555555555555559 
431   0.43200000000000033   0.3555555555555559 
432   0.43300000000000033   0.3555555555555559 
433   0.43400000000000033   0.3555555555555559 
434   0.43500000000000033   0.3555555555555559 
435   0.43600000000000033   0.3555555555555559 
436   0.43700000000000033   0.3555555555555559 
437   0.43800000000000033   0.3555555555555559 
438   0.43900000000000033   0.3555555555555559 
439   0.44000000000000034   0.3555555555555559 
440   0.44100000000000034   0.3555555555555559 
441   0.44200000000000034   0.3555555555555559 
442   0.44300000000000034   0.3555555555555559 
443   0.44400000000000034   0.3555555555555559 
444   0.44500000000000034   0.3555555555555559 
445   0.44500000000000034   0.3592592592592596 
446   0.44700000000000034   0.3592592592592596 
447   0.44700000000000034   0.36666666666666703 
448   0.44800000000000034   0.37037037037037074 
449   0.44900000000000034   0.37777777777777816 
450   0.45100000000000035   0.37777777777777816 
451   0.45200000000000035   0.37777777777777816 
452   0.45300000000000035   0.37777777777777816 
453   0.45400000000000035   0.37777777777777816 
454   0.45500000000000035   0.37777777777777816 
455   0.45600000000000035   0.37777777777777816 
456   0.45600000000000035   0.38148148148148187 
457   0.45700000000000035   0.3888888888888893 
458   0.45800000000000035   0.392592592592593 
459   0.45900000000000035   0.3962962962962967 
460   0.46100000000000035   0.3962962962962967 
461   0.46200000000000035   0.3962962962962967 
462   0.46300000000000036   0.3962962962962967 
463   0.46400000000000036   0.3962962962962967 
464   0.46500000000000036   0.3962962962962967 
465   0.46600000000000036   0.3962962962962967 
466   0.46600000000000036   0.4037037037037041 
467   0.46700000000000036   0.40740740740740783 
468   0.46800000000000036   0.41481481481481525 
469   0.47000000000000036   0.41481481481481525 
470   0.47100000000000036   0.41481481481481525 
471   0.47200000000000036   0.41481481481481525 
472   0.47300000000000036   0.41481481481481525 
473   0.47400000000000037   0.41481481481481525 
474   0.47500000000000037   0.41481481481481525 
475   0.47600000000000037   0.41481481481481525 
476   0.47600000000000037   0.42222222222222267 
477   0.47700000000000037   0.4296296296296301 
478   0.47800000000000037   0.4333333333333338 
479   0.48000000000000037   0.4333333333333338 
480   0.48100000000000037   0.4333333333333338 
481   0.4820000000000004   0.4333333333333338 
482   0.4830000000000004   0.4333333333333338 
483   0.4840000000000004   0.4333333333333338 
484   0.4850000000000004   0.4333333333333338 
485   0.4860000000000004   0.4333333333333338 
486   0.4860000000000004   0.4370370370370375 
487   0.4870000000000004   0.4407407407407412 
488   0.4880000000000004   0.4444444444444449 
489   0.4900000000000004   0.4444444444444449 
490   0.4910000000000004   0.4444444444444449 
491   0.4920000000000004   0.4444444444444449 
492   0.4930000000000004   0.4444444444444449 
493   0.4940000000000004   0.4444444444444449 
494   0.4950000000000004   0.4444444444444449 
495   0.4960000000000004   0.4444444444444449 
496   0.4970000000000004   0.4444444444444449 
497   0.4980000000000004   0.4444444444444449 
498   0.4990000000000004   0.4444444444444449 
499   0.5000000000000003   0.4444444444444449 
500   0.5010000000000003   0.4444444444444449 
501   0.5020000000000003   0.4444444444444449 
502   0.5030000000000003   0.4444444444444449 
503   0.5040000000000003   0.4444444444444449 
504   0.5050000000000003   0.4444444444444449 
505   0.5060000000000003   0.4444444444444449 
506   0.5070000000000003   0.4444444444444449 
507   0.5080000000000003   0.4444444444444449 
508   0.5090000000000003   0.4444444444444449 
509   0.5100000000000003   0.4444444444444449 
510   0.5110000000000003   0.4444444444444449 
511   0.5120000000000003   0.4444444444444449 
512   0.5130000000000003   0.4444444444444449 
513   0.5140000000000003   0.4444444444444449 
514   0.5150000000000003   0.4444444444444449 
515   0.5150000000000003   0.45185185185185234 
516   0.5160000000000003   0.45555555555555605 
517   0.5170000000000003   0.46296296296296346 
518   0.5190000000000003   0.46296296296296346 
519   0.5200000000000004   0.46296296296296346 
520   0.5210000000000004   0.46296296296296346 
521   0.5220000000000004   0.46296296296296346 
522   0.5230000000000004   0.46296296296296346 
523   0.5240000000000004   0.46296296296296346 
524   0.5250000000000004   0.46296296296296346 
525   0.5250000000000004   0.4703703703703709 
526   0.5260000000000004   0.4740740740740746 
527   0.5270000000000004   0.481481481481482 
528   0.5290000000000004   0.481481481481482 
529   0.5300000000000004   0.481481481481482 
530   0.5310000000000004   0.481481481481482 
531   0.5320000000000004   0.481481481481482 
532   0.5330000000000004   0.481481481481482 
533   0.5340000000000004   0.481481481481482 
534   0.5340000000000004   0.4851851851851857 
535   0.5350000000000004   0.49259259259259314 
536   0.5360000000000004   0.49629629629629685 
537   0.5370000000000004   0.5000000000000006 
538   0.5390000000000004   0.5000000000000006 
539   0.5400000000000004   0.5000000000000006 
540   0.5410000000000004   0.5000000000000006 
541   0.5420000000000004   0.5000000000000006 
542   0.5430000000000004   0.5000000000000006 
543   0.5440000000000004   0.5000000000000006 
544   0.5440000000000004   0.507407407407408 
545   0.5450000000000004   0.5111111111111116 
546   0.5460000000000004   0.518518518518519 
547   0.5480000000000004   0.518518518518519 
548   0.5490000000000004   0.518518518518519 
549   0.5500000000000004   0.518518518518519 
550   0.5510000000000004   0.518518518518519 
551   0.5520000000000004   0.518518518518519 
552   0.5530000000000004   0.518518518518519 
553   0.5540000000000004   0.518518518518519 
554   0.5550000000000004   0.518518518518519 
555   0.5560000000000004   0.518518518518519 
556   0.5570000000000004   0.518518518518519 
557   0.5580000000000004   0.518518518518519 
558   0.5590000000000004   0.518518518518519 
559   0.5600000000000004   0.518518518518519 
560   0.5610000000000004   0.518518518518519 
561   0.5620000000000004   0.518518518518519 
562   0.5630000000000004   0.518518518518519 
563   0.5640000000000004   0.518518518518519 
564   0.5650000000000004   0.518518518518519 
565   0.5660000000000004   0.518518518518519 
566   0.5670000000000004   0.518518518518519 
567   0.5680000000000004   0.518518518518519 
568   0.5690000000000004   0.518518518518519 
569   0.5700000000000004   0.518518518518519 
570   0.5710000000000004   0.518518518518519 
571   0.5720000000000004   0.518518518518519 
572   0.5730000000000004   0.518518518518519 
573   0.5730000000000004   0.5222222222222227 
574   0.5740000000000004   0.5296296296296301 
575   0.5750000000000004   0.5333333333333338 
576   0.5760000000000004   0.5370370370370374 
577   0.5780000000000004   0.5370370370370374 
578   0.5790000000000004   0.5370370370370374 
579   0.5800000000000004   0.5370370370370374 
580   0.5810000000000004   0.5370370370370374 
581   0.5820000000000004   0.5370370370370374 
582   0.5830000000000004   0.5370370370370374 
583   0.5830000000000004   0.5444444444444448 
584   0.5840000000000004   0.5481481481481485 
585   0.5850000000000004   0.5555555555555559 
586   0.5870000000000004   0.5555555555555559 
587   0.5880000000000004   0.5555555555555559 
588   0.5890000000000004   0.5555555555555559 
589   0.5900000000000004   0.5555555555555559 
590   0.5910000000000004   0.5555555555555559 
591   0.5920000000000004   0.5555555555555559 
592   0.5930000000000004   0.5555555555555559 
593   0.5930000000000004   0.5629629629629633 
594   0.5940000000000004   0.5703703703703707 
595   0.5950000000000004   0.5740740740740744 
596   0.5970000000000004   0.5740740740740744 
597   0.5980000000000004   0.5740740740740744 
598   0.5990000000000004   0.5740740740740744 
599   0.6000000000000004   0.5740740740740744 
600   0.6010000000000004   0.5740740740740744 
601   0.6020000000000004   0.5740740740740744 
602   0.6030000000000004   0.5740740740740744 
603   0.6040000000000004   0.5740740740740744 
604   0.6050000000000004   0.5740740740740744 
605   0.6060000000000004   0.5740740740740744 
606   0.6070000000000004   0.5740740740740744 
607   0.6080000000000004   0.5740740740740744 
608   0.6090000000000004   0.5740740740740744 
609   0.6100000000000004   0.5740740740740744 
610   0.6110000000000004   0.5740740740740744 
611   0.6120000000000004   0.5740740740740744 
612   0.6130000000000004   0.5740740740740744 
613   0.6140000000000004   0.5740740740740744 
614   0.6150000000000004   0.5740740740740744 
615   0.6160000000000004   0.5740740740740744 
616   0.6170000000000004   0.5740740740740744 
617   0.6180000000000004   0.5740740740740744 
618   0.6190000000000004   0.5740740740740744 
619   0.6200000000000004   0.5740740740740744 
620   0.6210000000000004   0.5740740740740744 
621   0.6220000000000004   0.5740740740740744 
622   0.6230000000000004   0.5740740740740744 
623   0.6240000000000004   0.5740740740740744 
624   0.6250000000000004   0.5740740740740744 
625   0.6260000000000004   0.5740740740740744 
626   0.6270000000000004   0.5740740740740744 
627   0.6280000000000004   0.5740740740740744 
628   0.6290000000000004   0.5740740740740744 
629   0.6300000000000004   0.5740740740740744 
630   0.6310000000000004   0.5740740740740744 
631   0.6320000000000005   0.5740740740740744 
632   0.6330000000000005   0.5740740740740744 
633   0.6330000000000005   0.5777777777777781 
634   0.6350000000000005   0.5777777777777781 
635   0.6350000000000005   0.5814814814814817 
636   0.6360000000000005   0.5888888888888891 
637   0.6370000000000005   0.5925925925925928 
638   0.6380000000000005   0.5962962962962964 
639   0.6400000000000005   0.5962962962962964 
640   0.6410000000000005   0.5962962962962964 
641   0.6420000000000005   0.5962962962962964 
642   0.6430000000000005   0.5962962962962964 
643   0.6440000000000005   0.5962962962962964 
644   0.6450000000000005   0.5962962962962964 
645   0.6450000000000005   0.6037037037037039 
646   0.6460000000000005   0.6074074074074075 
647   0.6470000000000005   0.6148148148148149 
648   0.6490000000000005   0.6148148148148149 
649   0.6500000000000005   0.6148148148148149 
650   0.6510000000000005   0.6148148148148149 
651   0.6520000000000005   0.6148148148148149 
652   0.6530000000000005   0.6148148148148149 
653   0.6540000000000005   0.6148148148148149 
654   0.6550000000000005   0.6148148148148149 
655   0.6560000000000005   0.6148148148148149 
656   0.6570000000000005   0.6148148148148149 
657   0.6580000000000005   0.6148148148148149 
658   0.6590000000000005   0.6148148148148149 
659   0.6600000000000005   0.6148148148148149 
660   0.6610000000000005   0.6148148148148149 
661   0.6620000000000005   0.6148148148148149 
662   0.6630000000000005   0.6148148148148149 
663   0.6640000000000005   0.6148148148148149 
664   0.6650000000000005   0.6148148148148149 
665   0.6660000000000005   0.6148148148148149 
666   0.6670000000000005   0.6148148148148149 
667   0.6670000000000005   0.6185185185185186 
668   0.6690000000000005   0.6185185185185186 
669   0.6700000000000005   0.6185185185185186 
670   0.6710000000000005   0.6185185185185186 
671   0.6720000000000005   0.6185185185185186 
672   0.6730000000000005   0.6185185185185186 
673   0.6740000000000005   0.6185185185185186 
674   0.6750000000000005   0.6185185185185186 
675   0.6760000000000005   0.6185185185185186 
676   0.6770000000000005   0.6185185185185186 
677   0.6780000000000005   0.6185185185185186 
678   0.6780000000000005   0.6222222222222222 
679   0.6800000000000005   0.6222222222222222 
680   0.6800000000000005   0.6259259259259259 
681   0.6810000000000005   0.6333333333333333 
682   0.6820000000000005   0.637037037037037 
683   0.6830000000000005   0.6407407407407406 
684   0.6850000000000005   0.6407407407407406 
685   0.6860000000000005   0.6407407407407406 
686   0.6870000000000005   0.6407407407407406 
687   0.6880000000000005   0.6407407407407406 
688   0.6890000000000005   0.6407407407407406 
689   0.6900000000000005   0.6407407407407406 
690   0.6900000000000005   0.648148148148148 
691   0.6910000000000005   0.6518518518518517 
692   0.6920000000000005   0.6592592592592591 
693   0.6940000000000005   0.6592592592592591 
694   0.6950000000000005   0.6592592592592591 
695   0.6960000000000005   0.6592592592592591 
696   0.6970000000000005   0.6592592592592591 
697   0.6980000000000005   0.6592592592592591 
698   0.6990000000000005   0.6592592592592591 
699   0.7000000000000005   0.6592592592592591 
700   0.7000000000000005   0.6629629629629628 
701   0.7010000000000005   0.6666666666666664 
702   0.7020000000000005   0.6703703703703701 
703   0.7040000000000005   0.6703703703703701 
704   0.7050000000000005   0.6703703703703701 
705   0.7060000000000005   0.6703703703703701 
706   0.7070000000000005   0.6703703703703701 
707   0.7080000000000005   0.6703703703703701 
708   0.7090000000000005   0.6703703703703701 
709   0.7100000000000005   0.6703703703703701 
710   0.7110000000000005   0.6703703703703701 
711   0.7120000000000005   0.6703703703703701 
712   0.7130000000000005   0.6703703703703701 
713   0.7140000000000005   0.6703703703703701 
714   0.7150000000000005   0.6703703703703701 
715   0.7160000000000005   0.6703703703703701 
716   0.7170000000000005   0.6703703703703701 
717   0.7180000000000005   0.6703703703703701 
718   0.7190000000000005   0.6703703703703701 
719   0.7200000000000005   0.6703703703703701 
720   0.7210000000000005   0.6703703703703701 
721   0.7220000000000005   0.6703703703703701 
722   0.7220000000000005   0.6740740740740737 
723   0.7240000000000005   0.6740740740740737 
724   0.7250000000000005   0.6740740740740737 
725   0.7260000000000005   0.6740740740740737 
726   0.7270000000000005   0.6740740740740737 
727   0.7280000000000005   0.6740740740740737 
728   0.7290000000000005   0.6740740740740737 
729   0.7300000000000005   0.6740740740740737 
730   0.7310000000000005   0.6740740740740737 
731   0.7320000000000005   0.6740740740740737 
732   0.7330000000000005   0.6740740740740737 
733   0.7330000000000005   0.6777777777777774 
734   0.7350000000000005   0.6777777777777774 
735   0.7350000000000005   0.681481481481481 
736   0.7360000000000005   0.6851851851851847 
737   0.7370000000000005   0.6925925925925921 
738   0.7380000000000005   0.6962962962962957 
739   0.7400000000000005   0.6962962962962957 
740   0.7410000000000005   0.6962962962962957 
741   0.7420000000000005   0.6962962962962957 
742   0.7430000000000005   0.6962962962962957 
743   0.7440000000000005   0.6962962962962957 
744   0.7450000000000006   0.6962962962962957 
745   0.7450000000000006   0.7037037037037032 
746   0.7460000000000006   0.7074074074074068 
747   0.7470000000000006   0.7148148148148142 
748   0.7490000000000006   0.7148148148148142 
749   0.7500000000000006   0.7148148148148142 
750   0.7510000000000006   0.7148148148148142 
751   0.7520000000000006   0.7148148148148142 
752   0.7530000000000006   0.7148148148148142 
753   0.7540000000000006   0.7148148148148142 
754   0.7550000000000006   0.7148148148148142 
755   0.7550000000000006   0.7222222222222217 
756   0.7560000000000006   0.7296296296296291 
757   0.7570000000000006   0.7333333333333327 
758   0.7590000000000006   0.7333333333333327 
759   0.7600000000000006   0.7333333333333327 
760   0.7610000000000006   0.7333333333333327 
761   0.7620000000000006   0.7333333333333327 
762   0.7630000000000006   0.7333333333333327 
763   0.7640000000000006   0.7333333333333327 
764   0.7650000000000006   0.7333333333333327 
765   0.7650000000000006   0.7370370370370364 
766   0.7660000000000006   0.74074074074074 
767   0.7670000000000006   0.7444444444444437 
768   0.7690000000000006   0.7444444444444437 
769   0.7700000000000006   0.7444444444444437 
770   0.7710000000000006   0.7444444444444437 
771   0.7720000000000006   0.7444444444444437 
772   0.7730000000000006   0.7444444444444437 
773   0.7740000000000006   0.7444444444444437 
774   0.7750000000000006   0.7444444444444437 
775   0.7760000000000006   0.7444444444444437 
776   0.7770000000000006   0.7444444444444437 
777   0.7780000000000006   0.7444444444444437 
778   0.7790000000000006   0.7444444444444437 
779   0.7800000000000006   0.7444444444444437 
780   0.7810000000000006   0.7444444444444437 
781   0.7820000000000006   0.7444444444444437 
782   0.7830000000000006   0.7444444444444437 
783   0.7840000000000006   0.7444444444444437 
784   0.7850000000000006   0.7444444444444437 
785   0.7860000000000006   0.7444444444444437 
786   0.7870000000000006   0.7444444444444437 
787   0.7870000000000006   0.7481481481481473 
788   0.7890000000000006   0.7481481481481473 
789   0.7900000000000006   0.7481481481481473 
790   0.7900000000000006   0.7555555555555548 
791   0.7910000000000006   0.7629629629629622 
792   0.7920000000000006   0.7666666666666658 
793   0.7940000000000006   0.7666666666666658 
794   0.7950000000000006   0.7666666666666658 
795   0.7960000000000006   0.7666666666666658 
796   0.7970000000000006   0.7666666666666658 
797   0.7980000000000006   0.7666666666666658 
798   0.7990000000000006   0.7666666666666658 
799   0.7990000000000006   0.7703703703703695 
800   0.8000000000000006   0.7777777777777769 
801   0.8010000000000006   0.7814814814814806 
802   0.8020000000000006   0.7851851851851842 
803   0.8040000000000006   0.7851851851851842 
804   0.8050000000000006   0.7851851851851842 
805   0.8060000000000006   0.7851851851851842 
806   0.8070000000000006   0.7851851851851842 
807   0.8080000000000006   0.7851851851851842 
808   0.8090000000000006   0.7851851851851842 
809   0.8090000000000006   0.7925925925925916 
810   0.8100000000000006   0.7962962962962953 
811   0.8110000000000006   0.8037037037037027 
812   0.8130000000000006   0.8037037037037027 
813   0.8140000000000006   0.8037037037037027 
814   0.8150000000000006   0.8037037037037027 
815   0.8160000000000006   0.8037037037037027 
816   0.8170000000000006   0.8037037037037027 
817   0.8180000000000006   0.8037037037037027 
818   0.8190000000000006   0.8037037037037027 
819   0.8190000000000006   0.8111111111111101 
820   0.8200000000000006   0.8185185185185175 
821   0.8210000000000006   0.8222222222222212 
822   0.8230000000000006   0.8222222222222212 
823   0.8240000000000006   0.8222222222222212 
824   0.8250000000000006   0.8222222222222212 
825   0.8260000000000006   0.8222222222222212 
826   0.8270000000000006   0.8222222222222212 
827   0.8280000000000006   0.8222222222222212 
828   0.8290000000000006   0.8222222222222212 
829   0.8290000000000006   0.8259259259259248 
830   0.8300000000000006   0.8296296296296285 
831   0.8310000000000006   0.8333333333333321 
832   0.8330000000000006   0.8333333333333321 
833   0.8340000000000006   0.8333333333333321 
834   0.8350000000000006   0.8333333333333321 
835   0.8360000000000006   0.8333333333333321 
836   0.8370000000000006   0.8333333333333321 
837   0.8380000000000006   0.8333333333333321 
838   0.8390000000000006   0.8333333333333321 
839   0.8400000000000006   0.8333333333333321 
840   0.8410000000000006   0.8333333333333321 
841   0.8420000000000006   0.8333333333333321 
842   0.8430000000000006   0.8333333333333321 
843   0.8440000000000006   0.8333333333333321 
844   0.8450000000000006   0.8333333333333321 
845   0.8460000000000006   0.8333333333333321 
846   0.8470000000000006   0.8333333333333321 
847   0.8480000000000006   0.8333333333333321 
848   0.8490000000000006   0.8333333333333321 
849   0.8500000000000006   0.8333333333333321 
850   0.8510000000000006   0.8333333333333321 
851   0.8520000000000006   0.8333333333333321 
852   0.8530000000000006   0.8333333333333321 
853   0.8540000000000006   0.8333333333333321 
854   0.8550000000000006   0.8333333333333321 
855   0.8560000000000006   0.8333333333333321 
856   0.8570000000000007   0.8333333333333321 
857   0.8580000000000007   0.8333333333333321 
858   0.8580000000000007   0.8407407407407396 
859   0.8590000000000007   0.8444444444444432 
860   0.8600000000000007   0.8518518518518506 
861   0.8620000000000007   0.8518518518518506 
862   0.8630000000000007   0.8518518518518506 
863   0.8640000000000007   0.8518518518518506 
864   0.8650000000000007   0.8518518518518506 
865   0.8660000000000007   0.8518518518518506 
866   0.8670000000000007   0.8518518518518506 
867   0.8680000000000007   0.8518518518518506 
868   0.8680000000000007   0.8592592592592581 
869   0.8690000000000007   0.8629629629629617 
870   0.8700000000000007   0.8703703703703691 
871   0.8720000000000007   0.8703703703703691 
872   0.8730000000000007   0.8703703703703691 
873   0.8740000000000007   0.8703703703703691 
874   0.8750000000000007   0.8703703703703691 
875   0.8760000000000007   0.8703703703703691 
876   0.8770000000000007   0.8703703703703691 
877   0.8770000000000007   0.8740740740740728 
878   0.8780000000000007   0.8814814814814802 
879   0.8790000000000007   0.8851851851851839 
880   0.8800000000000007   0.8888888888888875 
881   0.8820000000000007   0.8888888888888875 
882   0.8830000000000007   0.8888888888888875 
883   0.8840000000000007   0.8888888888888875 
884   0.8850000000000007   0.8888888888888875 
885   0.8860000000000007   0.8888888888888875 
886   0.8870000000000007   0.8888888888888875 
887   0.8870000000000007   0.8962962962962949 
888   0.8880000000000007   0.8999999999999986 
889   0.8890000000000007   0.907407407407406 
890   0.8910000000000007   0.907407407407406 
891   0.8920000000000007   0.907407407407406 
892   0.8930000000000007   0.907407407407406 
893   0.8940000000000007   0.907407407407406 
894   0.8950000000000007   0.907407407407406 
895   0.8960000000000007   0.907407407407406 
896   0.8970000000000007   0.907407407407406 
897   0.8980000000000007   0.907407407407406 
898   0.8990000000000007   0.907407407407406 
899   0.9000000000000007   0.907407407407406 
900   0.9010000000000007   0.907407407407406 
901   0.9020000000000007   0.907407407407406 
902   0.9030000000000007   0.907407407407406 
903   0.9040000000000007   0.907407407407406 
904   0.9050000000000007   0.907407407407406 
905   0.9060000000000007   0.907407407407406 
906   0.9070000000000007   0.907407407407406 
907   0.9080000000000007   0.907407407407406 
908   0.9090000000000007   0.907407407407406 
909   0.9100000000000007   0.907407407407406 
910   0.9110000000000007   0.907407407407406 
911   0.9120000000000007   0.907407407407406 
912   0.9130000000000007   0.907407407407406 
913   0.9140000000000007   0.907407407407406 
914   0.9150000000000007   0.907407407407406 
915   0.9160000000000007   0.907407407407406 
916   0.9160000000000007   0.9111111111111097 
917   0.9170000000000007   0.9185185185185171 
918   0.9180000000000007   0.9222222222222207 
919   0.9190000000000007   0.9259259259259244 
920   0.9210000000000007   0.9259259259259244 
921   0.9220000000000007   0.9259259259259244 
922   0.9230000000000007   0.9259259259259244 
923   0.9240000000000007   0.9259259259259244 
924   0.9250000000000007   0.9259259259259244 
925   0.9260000000000007   0.9259259259259244 
926   0.9260000000000007   0.9333333333333318 
927   0.9270000000000007   0.9370370370370354 
928   0.9280000000000007   0.9444444444444429 
929   0.9300000000000007   0.9444444444444429 
930   0.9310000000000007   0.9444444444444429 
931   0.9320000000000007   0.9444444444444429 
932   0.9330000000000007   0.9444444444444429 
933   0.9340000000000007   0.9444444444444429 
934   0.9350000000000007   0.9444444444444429 
935   0.9360000000000007   0.9444444444444429 
936   0.9360000000000007   0.9518518518518503 
937   0.9370000000000007   0.9592592592592577 
938   0.9380000000000007   0.9629629629629614 
939   0.9400000000000007   0.9629629629629614 
940   0.9410000000000007   0.9629629629629614 
941   0.9420000000000007   0.9629629629629614 
942   0.9430000000000007   0.9629629629629614 
943   0.9440000000000007   0.9629629629629614 
944   0.9450000000000007   0.9629629629629614 
945   0.9460000000000007   0.9629629629629614 
946   0.9470000000000007   0.9629629629629614 
947   0.9480000000000007   0.9629629629629614 
948   0.9490000000000007   0.9629629629629614 
949   0.9500000000000007   0.9629629629629614 
950   0.9510000000000007   0.9629629629629614 
951   0.9520000000000007   0.9629629629629614 
952   0.9530000000000007   0.9629629629629614 
953   0.9540000000000007   0.9629629629629614 
954   0.9550000000000007   0.9629629629629614 
955   0.9560000000000007   0.9629629629629614 
956   0.9570000000000007   0.9629629629629614 
957   0.9580000000000007   0.9629629629629614 
958   0.9590000000000007   0.9629629629629614 
959   0.9600000000000007   0.9629629629629614 
960   0.9610000000000007   0.9629629629629614 
961   0.9620000000000007   0.9629629629629614 
962   0.9630000000000007   0.9629629629629614 
963   0.9640000000000007   0.9629629629629614 
964   0.9640000000000007   0.966666666666665 
965   0.9650000000000007   0.9740740740740724 
966   0.9660000000000007   0.9777777777777761 
967   0.9670000000000007   0.9814814814814797 
968   0.9690000000000007   0.9814814814814797 
969   0.9700000000000008   0.9814814814814797 
970   0.9710000000000008   0.9814814814814797 
971   0.9720000000000008   0.9814814814814797 
972   0.9730000000000008   0.9814814814814797 
973   0.9740000000000008   0.9814814814814797 
974   0.9740000000000008   0.9851851851851834 
975   0.9750000000000008   0.9925925925925908 
976   0.9760000000000008   0.9962962962962945 
977   0.9770000000000008   0.9999999999999981 
978   0.9790000000000008   0.9999999999999981 
979   0.9800000000000008   0.9999999999999981 
980   0.9810000000000008   0.9999999999999981 
981   0.9820000000000008   0.9999999999999981 
982   0.9830000000000008   0.9999999999999981 
983   0.9840000000000008   0.9999999999999981 
984   0.9850000000000008   0.9999999999999981 
985   0.9860000000000008   0.9999999999999981 
986   0.9870000000000008   0.9999999999999981 
987   0.9880000000000008   0.9999999999999981 
988   0.9890000000000008   0.9999999999999981 
989   0.9900000000000008   0.9999999999999981 
990   0.9910000000000008   0.9999999999999981 
991   0.9920000000000008   0.9999999999999981 
992   0.9930000000000008   0.9999999999999981 
993   0.9940000000000008   0.9999999999999981 
994   0.9950000000000008   0.9999999999999981 
995   0.9960000000000008   0.9999999999999981 
996   0.9970000000000008   0.9999999999999981 
997   0.9980000000000008   0.9999999999999981 
998   0.9990000000000008   0.9999999999999981 
999   1.0000000000000007   0.9999999999999981 
