0   0.001   0 
1   0.002   0 
2   0.003   0 
3   0.004   0 
4   0.004   0.02564102564102564 
5   0.006   0.02564102564102564 
6   0.007   0.02564102564102564 
7   0.007   0.038461538461538464 
8   0.009000000000000001   0.038461538461538464 
9   0.010000000000000002   0.038461538461538464 
10   0.011000000000000003   0.038461538461538464 
11   0.012000000000000004   0.038461538461538464 
12   0.013000000000000005   0.038461538461538464 
13   0.014000000000000005   0.038461538461538464 
14   0.015000000000000006   0.038461538461538464 
15   0.016000000000000007   0.038461538461538464 
16   0.017000000000000008   0.038461538461538464 
17   0.01800000000000001   0.038461538461538464 
18   0.01900000000000001   0.038461538461538464 
19   0.02000000000000001   0.038461538461538464 
20   0.02100000000000001   0.038461538461538464 
21   0.022000000000000013   0.038461538461538464 
22   0.023000000000000013   0.038461538461538464 
23   0.024000000000000014   0.038461538461538464 
24   0.025000000000000015   0.038461538461538464 
25   0.025000000000000015   0.0641025641025641 
26   0.027000000000000017   0.0641025641025641 
27   0.028000000000000018   0.0641025641025641 
28   0.02900000000000002   0.0641025641025641 
29   0.03000000000000002   0.0641025641025641 
30   0.03100000000000002   0.0641025641025641 
31   0.03200000000000002   0.0641025641025641 
32   0.03300000000000002   0.0641025641025641 
33   0.03400000000000002   0.0641025641025641 
34   0.03400000000000002   0.07692307692307691 
35   0.036000000000000025   0.07692307692307691 
36   0.037000000000000026   0.07692307692307691 
37   0.03800000000000003   0.07692307692307691 
38   0.03900000000000003   0.07692307692307691 
39   0.04000000000000003   0.07692307692307691 
40   0.04100000000000003   0.07692307692307691 
41   0.04200000000000003   0.07692307692307691 
42   0.04300000000000003   0.07692307692307691 
43   0.04400000000000003   0.07692307692307691 
44   0.04500000000000003   0.07692307692307691 
45   0.046000000000000034   0.07692307692307691 
46   0.047000000000000035   0.07692307692307691 
47   0.048000000000000036   0.07692307692307691 
48   0.04900000000000004   0.07692307692307691 
49   0.05000000000000004   0.07692307692307691 
50   0.05100000000000004   0.07692307692307691 
51   0.05200000000000004   0.07692307692307691 
52   0.05300000000000004   0.07692307692307691 
53   0.05400000000000004   0.07692307692307691 
54   0.05500000000000004   0.07692307692307691 
55   0.05600000000000004   0.07692307692307691 
56   0.057000000000000044   0.07692307692307691 
57   0.058000000000000045   0.07692307692307691 
58   0.058000000000000045   0.10256410256410256 
59   0.060000000000000046   0.10256410256410256 
60   0.06100000000000005   0.10256410256410256 
61   0.06200000000000005   0.10256410256410256 
62   0.06300000000000004   0.10256410256410256 
63   0.06400000000000004   0.10256410256410256 
64   0.06500000000000004   0.10256410256410256 
65   0.06600000000000004   0.10256410256410256 
66   0.06700000000000005   0.10256410256410256 
67   0.06700000000000005   0.11538461538461538 
68   0.06900000000000005   0.11538461538461538 
69   0.07000000000000005   0.11538461538461538 
70   0.07100000000000005   0.11538461538461538 
71   0.07200000000000005   0.11538461538461538 
72   0.07300000000000005   0.11538461538461538 
73   0.07400000000000005   0.11538461538461538 
74   0.07500000000000005   0.11538461538461538 
75   0.07600000000000005   0.11538461538461538 
76   0.07700000000000005   0.11538461538461538 
77   0.07700000000000005   0.1282051282051282 
78   0.07900000000000006   0.1282051282051282 
79   0.08000000000000006   0.1282051282051282 
80   0.08100000000000006   0.1282051282051282 
81   0.08200000000000006   0.1282051282051282 
82   0.08300000000000006   0.1282051282051282 
83   0.08400000000000006   0.1282051282051282 
84   0.08500000000000006   0.1282051282051282 
85   0.08600000000000006   0.1282051282051282 
86   0.08700000000000006   0.1282051282051282 
87   0.08800000000000006   0.1282051282051282 
88   0.08900000000000007   0.1282051282051282 
89   0.09000000000000007   0.1282051282051282 
90   0.09100000000000007   0.1282051282051282 
91   0.09200000000000007   0.1282051282051282 
92   0.09300000000000007   0.1282051282051282 
93   0.09400000000000007   0.1282051282051282 
94   0.09500000000000007   0.1282051282051282 
95   0.09600000000000007   0.1282051282051282 
96   0.09700000000000007   0.1282051282051282 
97   0.09800000000000007   0.1282051282051282 
98   0.09900000000000007   0.1282051282051282 
99   0.09900000000000007   0.14102564102564102 
100   0.10100000000000008   0.14102564102564102 
101   0.10100000000000008   0.15384615384615385 
102   0.10300000000000008   0.15384615384615385 
103   0.10400000000000008   0.15384615384615385 
104   0.10500000000000008   0.15384615384615385 
105   0.10600000000000008   0.15384615384615385 
106   0.10700000000000008   0.15384615384615385 
107   0.10800000000000008   0.15384615384615385 
108   0.10900000000000008   0.15384615384615385 
109   0.11000000000000008   0.15384615384615385 
110   0.11000000000000008   0.16666666666666669 
111   0.11200000000000009   0.16666666666666669 
112   0.11300000000000009   0.16666666666666669 
113   0.11400000000000009   0.16666666666666669 
114   0.11500000000000009   0.16666666666666669 
115   0.11600000000000009   0.16666666666666669 
116   0.11700000000000009   0.16666666666666669 
117   0.11800000000000009   0.16666666666666669 
118   0.11900000000000009   0.16666666666666669 
119   0.12000000000000009   0.16666666666666669 
120   0.12000000000000009   0.17948717948717952 
121   0.1220000000000001   0.17948717948717952 
122   0.1230000000000001   0.17948717948717952 
123   0.1240000000000001   0.17948717948717952 
124   0.12500000000000008   0.17948717948717952 
125   0.12600000000000008   0.17948717948717952 
126   0.12700000000000009   0.17948717948717952 
127   0.12800000000000009   0.17948717948717952 
128   0.1290000000000001   0.17948717948717952 
129   0.1300000000000001   0.17948717948717952 
130   0.1310000000000001   0.17948717948717952 
131   0.1320000000000001   0.17948717948717952 
132   0.1330000000000001   0.17948717948717952 
133   0.1340000000000001   0.17948717948717952 
134   0.1350000000000001   0.17948717948717952 
135   0.1360000000000001   0.17948717948717952 
136   0.1370000000000001   0.17948717948717952 
137   0.1380000000000001   0.17948717948717952 
138   0.1390000000000001   0.17948717948717952 
139   0.1400000000000001   0.17948717948717952 
140   0.1410000000000001   0.17948717948717952 
141   0.1420000000000001   0.17948717948717952 
142   0.1430000000000001   0.17948717948717952 
143   0.1440000000000001   0.17948717948717952 
144   0.1450000000000001   0.17948717948717952 
145   0.1460000000000001   0.17948717948717952 
146   0.1470000000000001   0.17948717948717952 
147   0.1480000000000001   0.17948717948717952 
148   0.1490000000000001   0.17948717948717952 
149   0.1490000000000001   0.19230769230769235 
150   0.1510000000000001   0.19230769230769235 
151   0.1520000000000001   0.19230769230769235 
152   0.1530000000000001   0.19230769230769235 
153   0.1540000000000001   0.19230769230769235 
154   0.1550000000000001   0.19230769230769235 
155   0.1560000000000001   0.19230769230769235 
156   0.1570000000000001   0.19230769230769235 
157   0.1580000000000001   0.19230769230769235 
158   0.1590000000000001   0.19230769230769235 
159   0.1590000000000001   0.20512820512820518 
160   0.16100000000000012   0.20512820512820518 
161   0.16200000000000012   0.20512820512820518 
162   0.16300000000000012   0.20512820512820518 
163   0.16400000000000012   0.20512820512820518 
164   0.16500000000000012   0.20512820512820518 
165   0.16600000000000012   0.20512820512820518 
166   0.16700000000000012   0.20512820512820518 
167   0.16800000000000012   0.20512820512820518 
168   0.16900000000000012   0.20512820512820518 
169   0.17000000000000012   0.20512820512820518 
170   0.17100000000000012   0.20512820512820518 
171   0.17200000000000013   0.20512820512820518 
172   0.17300000000000013   0.20512820512820518 
173   0.17400000000000013   0.20512820512820518 
174   0.17500000000000013   0.20512820512820518 
175   0.17600000000000013   0.20512820512820518 
176   0.17700000000000013   0.20512820512820518 
177   0.17800000000000013   0.20512820512820518 
178   0.17900000000000013   0.20512820512820518 
179   0.18000000000000013   0.20512820512820518 
180   0.18100000000000013   0.20512820512820518 
181   0.18200000000000013   0.20512820512820518 
182   0.18300000000000013   0.20512820512820518 
183   0.18400000000000014   0.20512820512820518 
184   0.18500000000000014   0.20512820512820518 
185   0.18600000000000014   0.20512820512820518 
186   0.18700000000000014   0.20512820512820518 
187   0.18700000000000014   0.217948717948718 
188   0.18900000000000014   0.217948717948718 
189   0.19000000000000014   0.217948717948718 
190   0.19100000000000014   0.217948717948718 
191   0.19200000000000014   0.217948717948718 
192   0.19300000000000014   0.217948717948718 
193   0.19400000000000014   0.217948717948718 
194   0.19500000000000015   0.217948717948718 
195   0.19600000000000015   0.217948717948718 
196   0.19700000000000015   0.217948717948718 
197   0.19800000000000015   0.217948717948718 
198   0.19900000000000015   0.217948717948718 
199   0.20000000000000015   0.217948717948718 
200   0.20100000000000015   0.217948717948718 
201   0.20200000000000015   0.217948717948718 
202   0.20300000000000015   0.217948717948718 
203   0.20400000000000015   0.217948717948718 
204   0.20500000000000015   0.217948717948718 
205   0.20600000000000016   0.217948717948718 
206   0.20700000000000016   0.217948717948718 
207   0.20800000000000016   0.217948717948718 
208   0.20900000000000016   0.217948717948718 
209   0.21000000000000016   0.217948717948718 
210   0.21100000000000016   0.217948717948718 
211   0.21200000000000016   0.217948717948718 
212   0.21300000000000016   0.217948717948718 
213   0.21400000000000016   0.217948717948718 
214   0.21500000000000016   0.217948717948718 
215   0.21600000000000016   0.217948717948718 
216   0.21700000000000016   0.217948717948718 
217   0.21800000000000017   0.217948717948718 
218   0.21900000000000017   0.217948717948718 
219   0.21900000000000017   0.24358974358974364 
220   0.22100000000000017   0.24358974358974364 
221   0.22200000000000017   0.24358974358974364 
222   0.22300000000000017   0.24358974358974364 
223   0.22400000000000017   0.24358974358974364 
224   0.22500000000000017   0.24358974358974364 
225   0.22600000000000017   0.24358974358974364 
226   0.22700000000000017   0.24358974358974364 
227   0.22800000000000017   0.24358974358974364 
228   0.22900000000000018   0.24358974358974364 
229   0.23000000000000018   0.24358974358974364 
230   0.23100000000000018   0.24358974358974364 
231   0.23200000000000018   0.24358974358974364 
232   0.23300000000000018   0.24358974358974364 
233   0.23400000000000018   0.24358974358974364 
234   0.23500000000000018   0.24358974358974364 
235   0.23600000000000018   0.24358974358974364 
236   0.23700000000000018   0.24358974358974364 
237   0.23800000000000018   0.24358974358974364 
238   0.23900000000000018   0.24358974358974364 
239   0.24000000000000019   0.24358974358974364 
240   0.2410000000000002   0.24358974358974364 
241   0.2420000000000002   0.24358974358974364 
242   0.2420000000000002   0.2692307692307693 
243   0.2440000000000002   0.2692307692307693 
244   0.2450000000000002   0.2692307692307693 
245   0.2460000000000002   0.2692307692307693 
246   0.2470000000000002   0.2692307692307693 
247   0.2480000000000002   0.2692307692307693 
248   0.2490000000000002   0.2692307692307693 
249   0.25000000000000017   0.2692307692307693 
250   0.25100000000000017   0.2692307692307693 
251   0.25200000000000017   0.2692307692307693 
252   0.25200000000000017   0.2820512820512821 
253   0.25400000000000017   0.2820512820512821 
254   0.25500000000000017   0.2820512820512821 
255   0.25600000000000017   0.2820512820512821 
256   0.2570000000000002   0.2820512820512821 
257   0.2580000000000002   0.2820512820512821 
258   0.2590000000000002   0.2820512820512821 
259   0.2600000000000002   0.2820512820512821 
260   0.2610000000000002   0.2820512820512821 
261   0.2620000000000002   0.2820512820512821 
262   0.2630000000000002   0.2820512820512821 
263   0.2640000000000002   0.2820512820512821 
264   0.2650000000000002   0.2820512820512821 
265   0.2660000000000002   0.2820512820512821 
266   0.2670000000000002   0.2820512820512821 
267   0.2680000000000002   0.2820512820512821 
268   0.2690000000000002   0.2820512820512821 
269   0.2700000000000002   0.2820512820512821 
270   0.2710000000000002   0.2820512820512821 
271   0.2720000000000002   0.2820512820512821 
272   0.2730000000000002   0.2820512820512821 
273   0.2740000000000002   0.2820512820512821 
274   0.2750000000000002   0.2820512820512821 
275   0.2760000000000002   0.2820512820512821 
276   0.2760000000000002   0.30769230769230776 
277   0.2780000000000002   0.30769230769230776 
278   0.2790000000000002   0.30769230769230776 
279   0.2800000000000002   0.30769230769230776 
280   0.2810000000000002   0.30769230769230776 
281   0.2820000000000002   0.30769230769230776 
282   0.2830000000000002   0.30769230769230776 
283   0.2840000000000002   0.30769230769230776 
284   0.2850000000000002   0.30769230769230776 
285   0.2860000000000002   0.30769230769230776 
286   0.2870000000000002   0.30769230769230776 
287   0.2870000000000002   0.3205128205128206 
288   0.2890000000000002   0.3205128205128206 
289   0.2900000000000002   0.3205128205128206 
290   0.2910000000000002   0.3205128205128206 
291   0.2920000000000002   0.3205128205128206 
292   0.2930000000000002   0.3205128205128206 
293   0.2940000000000002   0.3205128205128206 
294   0.2950000000000002   0.3205128205128206 
295   0.2960000000000002   0.3205128205128206 
296   0.2960000000000002   0.3333333333333334 
297   0.2980000000000002   0.3333333333333334 
298   0.2990000000000002   0.3333333333333334 
299   0.3000000000000002   0.3333333333333334 
300   0.3010000000000002   0.3333333333333334 
301   0.3020000000000002   0.3333333333333334 
302   0.3030000000000002   0.3333333333333334 
303   0.3040000000000002   0.3333333333333334 
304   0.3050000000000002   0.3333333333333334 
305   0.3060000000000002   0.3333333333333334 
306   0.3070000000000002   0.3333333333333334 
307   0.3080000000000002   0.3333333333333334 
308   0.3090000000000002   0.3333333333333334 
309   0.3100000000000002   0.3333333333333334 
310   0.3110000000000002   0.3333333333333334 
311   0.3120000000000002   0.3333333333333334 
312   0.3130000000000002   0.3333333333333334 
313   0.3140000000000002   0.3333333333333334 
314   0.3150000000000002   0.3333333333333334 
315   0.3160000000000002   0.3333333333333334 
316   0.3170000000000002   0.3333333333333334 
317   0.3180000000000002   0.3333333333333334 
318   0.31900000000000023   0.3333333333333334 
319   0.32000000000000023   0.3333333333333334 
320   0.32100000000000023   0.3333333333333334 
321   0.32100000000000023   0.3589743589743591 
322   0.32300000000000023   0.3589743589743591 
323   0.32400000000000023   0.3589743589743591 
324   0.32500000000000023   0.3589743589743591 
325   0.32600000000000023   0.3589743589743591 
326   0.32700000000000023   0.3589743589743591 
327   0.32800000000000024   0.3589743589743591 
328   0.32900000000000024   0.3589743589743591 
329   0.33000000000000024   0.3589743589743591 
330   0.33100000000000024   0.3589743589743591 
331   0.33200000000000024   0.3589743589743591 
332   0.33300000000000024   0.3589743589743591 
333   0.33400000000000024   0.3589743589743591 
334   0.33400000000000024   0.3717948717948719 
335   0.33600000000000024   0.3717948717948719 
336   0.33700000000000024   0.3717948717948719 
337   0.33800000000000024   0.3717948717948719 
338   0.33900000000000025   0.3717948717948719 
339   0.34000000000000025   0.3717948717948719 
340   0.34100000000000025   0.3717948717948719 
341   0.34200000000000025   0.3717948717948719 
342   0.34300000000000025   0.3717948717948719 
343   0.34400000000000025   0.3717948717948719 
344   0.34400000000000025   0.38461538461538475 
345   0.34600000000000025   0.38461538461538475 
346   0.34700000000000025   0.38461538461538475 
347   0.34800000000000025   0.38461538461538475 
348   0.34900000000000025   0.38461538461538475 
349   0.35000000000000026   0.38461538461538475 
350   0.35100000000000026   0.38461538461538475 
351   0.35200000000000026   0.38461538461538475 
352   0.35300000000000026   0.38461538461538475 
353   0.35400000000000026   0.38461538461538475 
354   0.35400000000000026   0.3974358974358976 
355   0.35600000000000026   0.3974358974358976 
356   0.35700000000000026   0.3974358974358976 
357   0.35800000000000026   0.3974358974358976 
358   0.35900000000000026   0.3974358974358976 
359   0.36000000000000026   0.3974358974358976 
360   0.36100000000000027   0.3974358974358976 
361   0.36200000000000027   0.3974358974358976 
362   0.36300000000000027   0.3974358974358976 
363   0.36400000000000027   0.3974358974358976 
364   0.36500000000000027   0.3974358974358976 
365   0.36600000000000027   0.3974358974358976 
366   0.36700000000000027   0.3974358974358976 
367   0.36800000000000027   0.3974358974358976 
368   0.36900000000000027   0.3974358974358976 
369   0.3700000000000003   0.3974358974358976 
370   0.3710000000000003   0.3974358974358976 
371   0.3720000000000003   0.3974358974358976 
372   0.3730000000000003   0.3974358974358976 
373   0.3740000000000003   0.3974358974358976 
374   0.3750000000000003   0.3974358974358976 
375   0.3760000000000003   0.3974358974358976 
376   0.3770000000000003   0.3974358974358976 
377   0.3780000000000003   0.3974358974358976 
378   0.3790000000000003   0.3974358974358976 
379   0.3790000000000003   0.42307692307692324 
380   0.3810000000000003   0.42307692307692324 
381   0.3820000000000003   0.42307692307692324 
382   0.3830000000000003   0.42307692307692324 
383   0.3840000000000003   0.42307692307692324 
384   0.3850000000000003   0.42307692307692324 
385   0.3860000000000003   0.42307692307692324 
386   0.3870000000000003   0.42307692307692324 
387   0.3880000000000003   0.42307692307692324 
388   0.3890000000000003   0.42307692307692324 
389   0.3900000000000003   0.42307692307692324 
390   0.3910000000000003   0.42307692307692324 
391   0.3920000000000003   0.42307692307692324 
392   0.3920000000000003   0.43589743589743607 
393   0.3940000000000003   0.43589743589743607 
394   0.3950000000000003   0.43589743589743607 
395   0.3960000000000003   0.43589743589743607 
396   0.3970000000000003   0.43589743589743607 
397   0.3980000000000003   0.43589743589743607 
398   0.3990000000000003   0.43589743589743607 
399   0.4000000000000003   0.43589743589743607 
400   0.4010000000000003   0.43589743589743607 
401   0.4020000000000003   0.43589743589743607 
402   0.4020000000000003   0.4487179487179489 
403   0.4040000000000003   0.4487179487179489 
404   0.4050000000000003   0.4487179487179489 
405   0.4060000000000003   0.4487179487179489 
406   0.4070000000000003   0.4487179487179489 
407   0.4080000000000003   0.4487179487179489 
408   0.4090000000000003   0.4487179487179489 
409   0.4100000000000003   0.4487179487179489 
410   0.4110000000000003   0.4487179487179489 
411   0.4110000000000003   0.46153846153846173 
412   0.4130000000000003   0.46153846153846173 
413   0.4140000000000003   0.46153846153846173 
414   0.4150000000000003   0.46153846153846173 
415   0.4160000000000003   0.46153846153846173 
416   0.4170000000000003   0.46153846153846173 
417   0.4180000000000003   0.46153846153846173 
418   0.4190000000000003   0.46153846153846173 
419   0.4200000000000003   0.46153846153846173 
420   0.4210000000000003   0.46153846153846173 
421   0.4210000000000003   0.47435897435897456 
422   0.4230000000000003   0.47435897435897456 
423   0.4240000000000003   0.47435897435897456 
424   0.4250000000000003   0.47435897435897456 
425   0.4260000000000003   0.47435897435897456 
426   0.4270000000000003   0.47435897435897456 
427   0.4280000000000003   0.47435897435897456 
428   0.4290000000000003   0.47435897435897456 
429   0.4300000000000003   0.47435897435897456 
430   0.4310000000000003   0.47435897435897456 
431   0.43200000000000033   0.47435897435897456 
432   0.43300000000000033   0.47435897435897456 
433   0.43400000000000033   0.47435897435897456 
434   0.43500000000000033   0.47435897435897456 
435   0.43600000000000033   0.47435897435897456 
436   0.43700000000000033   0.47435897435897456 
437   0.43800000000000033   0.47435897435897456 
438   0.43900000000000033   0.47435897435897456 
439   0.44000000000000034   0.47435897435897456 
440   0.44100000000000034   0.47435897435897456 
441   0.44200000000000034   0.47435897435897456 
442   0.44300000000000034   0.47435897435897456 
443   0.44400000000000034   0.47435897435897456 
444   0.44500000000000034   0.47435897435897456 
445   0.44600000000000034   0.47435897435897456 
446   0.44700000000000034   0.47435897435897456 
447   0.44700000000000034   0.4871794871794874 
448   0.44900000000000034   0.4871794871794874 
449   0.45000000000000034   0.4871794871794874 
450   0.45100000000000035   0.4871794871794874 
451   0.45200000000000035   0.4871794871794874 
452   0.45300000000000035   0.4871794871794874 
453   0.45400000000000035   0.4871794871794874 
454   0.45500000000000035   0.4871794871794874 
455   0.45600000000000035   0.4871794871794874 
456   0.45600000000000035   0.5000000000000002 
457   0.45800000000000035   0.5000000000000002 
458   0.45900000000000035   0.5000000000000002 
459   0.46000000000000035   0.5000000000000002 
460   0.46100000000000035   0.5000000000000002 
461   0.46200000000000035   0.5000000000000002 
462   0.46300000000000036   0.5000000000000002 
463   0.46400000000000036   0.5000000000000002 
464   0.46500000000000036   0.5000000000000002 
465   0.46600000000000036   0.5000000000000002 
466   0.46600000000000036   0.512820512820513 
467   0.46800000000000036   0.512820512820513 
468   0.46900000000000036   0.512820512820513 
469   0.47000000000000036   0.512820512820513 
470   0.47100000000000036   0.512820512820513 
471   0.47200000000000036   0.512820512820513 
472   0.47300000000000036   0.512820512820513 
473   0.47400000000000037   0.512820512820513 
474   0.47500000000000037   0.512820512820513 
475   0.47600000000000037   0.512820512820513 
476   0.47600000000000037   0.5256410256410258 
477   0.47800000000000037   0.5256410256410258 
478   0.47900000000000037   0.5256410256410258 
479   0.48000000000000037   0.5256410256410258 
480   0.48100000000000037   0.5256410256410258 
481   0.4820000000000004   0.5256410256410258 
482   0.4830000000000004   0.5256410256410258 
483   0.4840000000000004   0.5256410256410258 
484   0.4850000000000004   0.5256410256410258 
485   0.4850000000000004   0.5384615384615385 
486   0.4870000000000004   0.5384615384615385 
487   0.4880000000000004   0.5384615384615385 
488   0.4890000000000004   0.5384615384615385 
489   0.4900000000000004   0.5384615384615385 
490   0.4910000000000004   0.5384615384615385 
491   0.4920000000000004   0.5384615384615385 
492   0.4930000000000004   0.5384615384615385 
493   0.4940000000000004   0.5384615384615385 
494   0.4950000000000004   0.5384615384615385 
495   0.4960000000000004   0.5384615384615385 
496   0.4970000000000004   0.5384615384615385 
497   0.4980000000000004   0.5384615384615385 
498   0.4990000000000004   0.5384615384615385 
499   0.5000000000000003   0.5384615384615385 
500   0.5010000000000003   0.5384615384615385 
501   0.5020000000000003   0.5384615384615385 
502   0.5030000000000003   0.5384615384615385 
503   0.5040000000000003   0.5384615384615385 
504   0.5050000000000003   0.5384615384615385 
505   0.5060000000000003   0.5384615384615385 
506   0.5070000000000003   0.5384615384615385 
507   0.5080000000000003   0.5384615384615385 
508   0.5090000000000003   0.5384615384615385 
509   0.5100000000000003   0.5384615384615385 
510   0.5110000000000003   0.5384615384615385 
511   0.5120000000000003   0.5384615384615385 
512   0.5130000000000003   0.5384615384615385 
513   0.5140000000000003   0.5384615384615385 
514   0.5150000000000003   0.5384615384615385 
515   0.5150000000000003   0.5512820512820513 
516   0.5170000000000003   0.5512820512820513 
517   0.5180000000000003   0.5512820512820513 
518   0.5190000000000003   0.5512820512820513 
519   0.5200000000000004   0.5512820512820513 
520   0.5210000000000004   0.5512820512820513 
521   0.5220000000000004   0.5512820512820513 
522   0.5230000000000004   0.5512820512820513 
523   0.5240000000000004   0.5512820512820513 
524   0.5250000000000004   0.5512820512820513 
525   0.5250000000000004   0.5641025641025641 
526   0.5270000000000004   0.5641025641025641 
527   0.5280000000000004   0.5641025641025641 
528   0.5290000000000004   0.5641025641025641 
529   0.5300000000000004   0.5641025641025641 
530   0.5310000000000004   0.5641025641025641 
531   0.5320000000000004   0.5641025641025641 
532   0.5330000000000004   0.5641025641025641 
533   0.5340000000000004   0.5641025641025641 
534   0.5340000000000004   0.5769230769230769 
535   0.5360000000000004   0.5769230769230769 
536   0.5370000000000004   0.5769230769230769 
537   0.5380000000000004   0.5769230769230769 
538   0.5390000000000004   0.5769230769230769 
539   0.5400000000000004   0.5769230769230769 
540   0.5410000000000004   0.5769230769230769 
541   0.5420000000000004   0.5769230769230769 
542   0.5430000000000004   0.5769230769230769 
543   0.5440000000000004   0.5769230769230769 
544   0.5440000000000004   0.5897435897435896 
545   0.5460000000000004   0.5897435897435896 
546   0.5470000000000004   0.5897435897435896 
547   0.5480000000000004   0.5897435897435896 
548   0.5490000000000004   0.5897435897435896 
549   0.5500000000000004   0.5897435897435896 
550   0.5510000000000004   0.5897435897435896 
551   0.5520000000000004   0.5897435897435896 
552   0.5530000000000004   0.5897435897435896 
553   0.5540000000000004   0.5897435897435896 
554   0.5550000000000004   0.5897435897435896 
555   0.5560000000000004   0.5897435897435896 
556   0.5570000000000004   0.5897435897435896 
557   0.5580000000000004   0.5897435897435896 
558   0.5590000000000004   0.5897435897435896 
559   0.5600000000000004   0.5897435897435896 
560   0.5610000000000004   0.5897435897435896 
561   0.5620000000000004   0.5897435897435896 
562   0.5630000000000004   0.5897435897435896 
563   0.5640000000000004   0.5897435897435896 
564   0.5650000000000004   0.5897435897435896 
565   0.5660000000000004   0.5897435897435896 
566   0.5670000000000004   0.5897435897435896 
567   0.5680000000000004   0.5897435897435896 
568   0.5690000000000004   0.5897435897435896 
569   0.5700000000000004   0.5897435897435896 
570   0.5710000000000004   0.5897435897435896 
571   0.5720000000000004   0.5897435897435896 
572   0.5730000000000004   0.5897435897435896 
573   0.5730000000000004   0.6025641025641024 
574   0.5750000000000004   0.6025641025641024 
575   0.5760000000000004   0.6025641025641024 
576   0.5770000000000004   0.6025641025641024 
577   0.5780000000000004   0.6025641025641024 
578   0.5790000000000004   0.6025641025641024 
579   0.5800000000000004   0.6025641025641024 
580   0.5810000000000004   0.6025641025641024 
581   0.5820000000000004   0.6025641025641024 
582   0.5830000000000004   0.6025641025641024 
583   0.5830000000000004   0.6153846153846152 
584   0.5850000000000004   0.6153846153846152 
585   0.5860000000000004   0.6153846153846152 
586   0.5870000000000004   0.6153846153846152 
587   0.5880000000000004   0.6153846153846152 
588   0.5890000000000004   0.6153846153846152 
589   0.5900000000000004   0.6153846153846152 
590   0.5910000000000004   0.6153846153846152 
591   0.5920000000000004   0.6153846153846152 
592   0.5930000000000004   0.6153846153846152 
593   0.5930000000000004   0.628205128205128 
594   0.5950000000000004   0.628205128205128 
595   0.5960000000000004   0.628205128205128 
596   0.5970000000000004   0.628205128205128 
597   0.5980000000000004   0.628205128205128 
598   0.5990000000000004   0.628205128205128 
599   0.6000000000000004   0.628205128205128 
600   0.6010000000000004   0.628205128205128 
601   0.6020000000000004   0.628205128205128 
602   0.6030000000000004   0.628205128205128 
603   0.6040000000000004   0.628205128205128 
604   0.6050000000000004   0.628205128205128 
605   0.6060000000000004   0.628205128205128 
606   0.6070000000000004   0.628205128205128 
607   0.6080000000000004   0.628205128205128 
608   0.6090000000000004   0.628205128205128 
609   0.6100000000000004   0.628205128205128 
610   0.6110000000000004   0.628205128205128 
611   0.6120000000000004   0.628205128205128 
612   0.6130000000000004   0.628205128205128 
613   0.6140000000000004   0.628205128205128 
614   0.6150000000000004   0.628205128205128 
615   0.6160000000000004   0.628205128205128 
616   0.6170000000000004   0.628205128205128 
617   0.6180000000000004   0.628205128205128 
618   0.6190000000000004   0.628205128205128 
619   0.6200000000000004   0.628205128205128 
620   0.6210000000000004   0.628205128205128 
621   0.6220000000000004   0.628205128205128 
622   0.6230000000000004   0.628205128205128 
623   0.6240000000000004   0.628205128205128 
624   0.6250000000000004   0.628205128205128 
625   0.6250000000000004   0.6538461538461536 
626   0.6270000000000004   0.6538461538461536 
627   0.6280000000000004   0.6538461538461536 
628   0.6290000000000004   0.6538461538461536 
629   0.6300000000000004   0.6538461538461536 
630   0.6310000000000004   0.6538461538461536 
631   0.6320000000000005   0.6538461538461536 
632   0.6330000000000005   0.6538461538461536 
633   0.6340000000000005   0.6538461538461536 
634   0.6350000000000005   0.6538461538461536 
635   0.6350000000000005   0.6666666666666664 
636   0.6370000000000005   0.6666666666666664 
637   0.6380000000000005   0.6666666666666664 
638   0.6390000000000005   0.6666666666666664 
639   0.6400000000000005   0.6666666666666664 
640   0.6410000000000005   0.6666666666666664 
641   0.6420000000000005   0.6666666666666664 
642   0.6430000000000005   0.6666666666666664 
643   0.6440000000000005   0.6666666666666664 
644   0.6450000000000005   0.6666666666666664 
645   0.6450000000000005   0.6794871794871792 
646   0.6470000000000005   0.6794871794871792 
647   0.6480000000000005   0.6794871794871792 
648   0.6490000000000005   0.6794871794871792 
649   0.6500000000000005   0.6794871794871792 
650   0.6510000000000005   0.6794871794871792 
651   0.6520000000000005   0.6794871794871792 
652   0.6530000000000005   0.6794871794871792 
653   0.6540000000000005   0.6794871794871792 
654   0.6550000000000005   0.6794871794871792 
655   0.6560000000000005   0.6794871794871792 
656   0.6570000000000005   0.6794871794871792 
657   0.6580000000000005   0.6794871794871792 
658   0.6590000000000005   0.6794871794871792 
659   0.6600000000000005   0.6794871794871792 
660   0.6610000000000005   0.6794871794871792 
661   0.6620000000000005   0.6794871794871792 
662   0.6630000000000005   0.6794871794871792 
663   0.6640000000000005   0.6794871794871792 
664   0.6650000000000005   0.6794871794871792 
665   0.6660000000000005   0.6794871794871792 
666   0.6670000000000005   0.6794871794871792 
667   0.6680000000000005   0.6794871794871792 
668   0.6690000000000005   0.6794871794871792 
669   0.6700000000000005   0.6794871794871792 
670   0.6700000000000005   0.7051282051282048 
671   0.6720000000000005   0.7051282051282048 
672   0.6730000000000005   0.7051282051282048 
673   0.6740000000000005   0.7051282051282048 
674   0.6750000000000005   0.7051282051282048 
675   0.6760000000000005   0.7051282051282048 
676   0.6770000000000005   0.7051282051282048 
677   0.6780000000000005   0.7051282051282048 
678   0.6790000000000005   0.7051282051282048 
679   0.6800000000000005   0.7051282051282048 
680   0.6800000000000005   0.7179487179487176 
681   0.6820000000000005   0.7179487179487176 
682   0.6830000000000005   0.7179487179487176 
683   0.6840000000000005   0.7179487179487176 
684   0.6850000000000005   0.7179487179487176 
685   0.6860000000000005   0.7179487179487176 
686   0.6870000000000005   0.7179487179487176 
687   0.6880000000000005   0.7179487179487176 
688   0.6890000000000005   0.7179487179487176 
689   0.6900000000000005   0.7179487179487176 
690   0.6900000000000005   0.7307692307692304 
691   0.6920000000000005   0.7307692307692304 
692   0.6930000000000005   0.7307692307692304 
693   0.6940000000000005   0.7307692307692304 
694   0.6950000000000005   0.7307692307692304 
695   0.6960000000000005   0.7307692307692304 
696   0.6970000000000005   0.7307692307692304 
697   0.6980000000000005   0.7307692307692304 
698   0.6990000000000005   0.7307692307692304 
699   0.6990000000000005   0.7435897435897432 
700   0.7010000000000005   0.7435897435897432 
701   0.7020000000000005   0.7435897435897432 
702   0.7030000000000005   0.7435897435897432 
703   0.7040000000000005   0.7435897435897432 
704   0.7050000000000005   0.7435897435897432 
705   0.7060000000000005   0.7435897435897432 
706   0.7070000000000005   0.7435897435897432 
707   0.7080000000000005   0.7435897435897432 
708   0.7090000000000005   0.7435897435897432 
709   0.7100000000000005   0.7435897435897432 
710   0.7110000000000005   0.7435897435897432 
711   0.7120000000000005   0.7435897435897432 
712   0.7130000000000005   0.7435897435897432 
713   0.7140000000000005   0.7435897435897432 
714   0.7150000000000005   0.7435897435897432 
715   0.7160000000000005   0.7435897435897432 
716   0.7170000000000005   0.7435897435897432 
717   0.7180000000000005   0.7435897435897432 
718   0.7190000000000005   0.7435897435897432 
719   0.7200000000000005   0.7435897435897432 
720   0.7210000000000005   0.7435897435897432 
721   0.7220000000000005   0.7435897435897432 
722   0.7230000000000005   0.7435897435897432 
723   0.7240000000000005   0.7435897435897432 
724   0.7250000000000005   0.7435897435897432 
725   0.7250000000000005   0.7692307692307688 
726   0.7270000000000005   0.7692307692307688 
727   0.7280000000000005   0.7692307692307688 
728   0.7290000000000005   0.7692307692307688 
729   0.7300000000000005   0.7692307692307688 
730   0.7310000000000005   0.7692307692307688 
731   0.7320000000000005   0.7692307692307688 
732   0.7330000000000005   0.7692307692307688 
733   0.7340000000000005   0.7692307692307688 
734   0.7350000000000005   0.7692307692307688 
735   0.7350000000000005   0.7820512820512816 
736   0.7370000000000005   0.7820512820512816 
737   0.7380000000000005   0.7820512820512816 
738   0.7390000000000005   0.7820512820512816 
739   0.7400000000000005   0.7820512820512816 
740   0.7410000000000005   0.7820512820512816 
741   0.7420000000000005   0.7820512820512816 
742   0.7430000000000005   0.7820512820512816 
743   0.7440000000000005   0.7820512820512816 
744   0.7450000000000006   0.7820512820512816 
745   0.7450000000000006   0.7948717948717944 
746   0.7470000000000006   0.7948717948717944 
747   0.7480000000000006   0.7948717948717944 
748   0.7490000000000006   0.7948717948717944 
749   0.7500000000000006   0.7948717948717944 
750   0.7510000000000006   0.7948717948717944 
751   0.7520000000000006   0.7948717948717944 
752   0.7530000000000006   0.7948717948717944 
753   0.7540000000000006   0.7948717948717944 
754   0.7550000000000006   0.7948717948717944 
755   0.7550000000000006   0.8076923076923072 
756   0.7570000000000006   0.8076923076923072 
757   0.7580000000000006   0.8076923076923072 
758   0.7590000000000006   0.8076923076923072 
759   0.7600000000000006   0.8076923076923072 
760   0.7610000000000006   0.8076923076923072 
761   0.7620000000000006   0.8076923076923072 
762   0.7630000000000006   0.8076923076923072 
763   0.7640000000000006   0.8076923076923072 
764   0.7640000000000006   0.8205128205128199 
765   0.7660000000000006   0.8205128205128199 
766   0.7670000000000006   0.8205128205128199 
767   0.7680000000000006   0.8205128205128199 
768   0.7690000000000006   0.8205128205128199 
769   0.7700000000000006   0.8205128205128199 
770   0.7710000000000006   0.8205128205128199 
771   0.7720000000000006   0.8205128205128199 
772   0.7730000000000006   0.8205128205128199 
773   0.7740000000000006   0.8205128205128199 
774   0.7750000000000006   0.8205128205128199 
775   0.7760000000000006   0.8205128205128199 
776   0.7770000000000006   0.8205128205128199 
777   0.7780000000000006   0.8205128205128199 
778   0.7790000000000006   0.8205128205128199 
779   0.7800000000000006   0.8205128205128199 
780   0.7810000000000006   0.8205128205128199 
781   0.7820000000000006   0.8205128205128199 
782   0.7830000000000006   0.8205128205128199 
783   0.7840000000000006   0.8205128205128199 
784   0.7850000000000006   0.8205128205128199 
785   0.7860000000000006   0.8205128205128199 
786   0.7870000000000006   0.8205128205128199 
787   0.7880000000000006   0.8205128205128199 
788   0.7890000000000006   0.8205128205128199 
789   0.7900000000000006   0.8205128205128199 
790   0.7900000000000006   0.8333333333333327 
791   0.7920000000000006   0.8333333333333327 
792   0.7930000000000006   0.8333333333333327 
793   0.7940000000000006   0.8333333333333327 
794   0.7950000000000006   0.8333333333333327 
795   0.7960000000000006   0.8333333333333327 
796   0.7970000000000006   0.8333333333333327 
797   0.7980000000000006   0.8333333333333327 
798   0.7990000000000006   0.8333333333333327 
799   0.7990000000000006   0.8461538461538455 
800   0.8010000000000006   0.8461538461538455 
801   0.8020000000000006   0.8461538461538455 
802   0.8030000000000006   0.8461538461538455 
803   0.8040000000000006   0.8461538461538455 
804   0.8050000000000006   0.8461538461538455 
805   0.8060000000000006   0.8461538461538455 
806   0.8070000000000006   0.8461538461538455 
807   0.8080000000000006   0.8461538461538455 
808   0.8090000000000006   0.8461538461538455 
809   0.8090000000000006   0.8589743589743583 
810   0.8110000000000006   0.8589743589743583 
811   0.8120000000000006   0.8589743589743583 
812   0.8130000000000006   0.8589743589743583 
813   0.8140000000000006   0.8589743589743583 
814   0.8150000000000006   0.8589743589743583 
815   0.8160000000000006   0.8589743589743583 
816   0.8170000000000006   0.8589743589743583 
817   0.8180000000000006   0.8589743589743583 
818   0.8180000000000006   0.871794871794871 
819   0.8200000000000006   0.871794871794871 
820   0.8210000000000006   0.871794871794871 
821   0.8220000000000006   0.871794871794871 
822   0.8230000000000006   0.871794871794871 
823   0.8240000000000006   0.871794871794871 
824   0.8250000000000006   0.871794871794871 
825   0.8260000000000006   0.871794871794871 
826   0.8270000000000006   0.871794871794871 
827   0.8280000000000006   0.871794871794871 
828   0.8280000000000006   0.8846153846153838 
829   0.8300000000000006   0.8846153846153838 
830   0.8310000000000006   0.8846153846153838 
831   0.8320000000000006   0.8846153846153838 
832   0.8330000000000006   0.8846153846153838 
833   0.8340000000000006   0.8846153846153838 
834   0.8350000000000006   0.8846153846153838 
835   0.8360000000000006   0.8846153846153838 
836   0.8370000000000006   0.8846153846153838 
837   0.8380000000000006   0.8846153846153838 
838   0.8390000000000006   0.8846153846153838 
839   0.8400000000000006   0.8846153846153838 
840   0.8410000000000006   0.8846153846153838 
841   0.8420000000000006   0.8846153846153838 
842   0.8430000000000006   0.8846153846153838 
843   0.8440000000000006   0.8846153846153838 
844   0.8450000000000006   0.8846153846153838 
845   0.8460000000000006   0.8846153846153838 
846   0.8470000000000006   0.8846153846153838 
847   0.8480000000000006   0.8846153846153838 
848   0.8490000000000006   0.8846153846153838 
849   0.8500000000000006   0.8846153846153838 
850   0.8510000000000006   0.8846153846153838 
851   0.8520000000000006   0.8846153846153838 
852   0.8530000000000006   0.8846153846153838 
853   0.8540000000000006   0.8846153846153838 
854   0.8550000000000006   0.8846153846153838 
855   0.8560000000000006   0.8846153846153838 
856   0.8570000000000007   0.8846153846153838 
857   0.8580000000000007   0.8846153846153838 
858   0.8580000000000007   0.8974358974358966 
859   0.8600000000000007   0.8974358974358966 
860   0.8610000000000007   0.8974358974358966 
861   0.8620000000000007   0.8974358974358966 
862   0.8630000000000007   0.8974358974358966 
863   0.8640000000000007   0.8974358974358966 
864   0.8650000000000007   0.8974358974358966 
865   0.8660000000000007   0.8974358974358966 
866   0.8670000000000007   0.8974358974358966 
867   0.8680000000000007   0.8974358974358966 
868   0.8680000000000007   0.9102564102564094 
869   0.8700000000000007   0.9102564102564094 
870   0.8710000000000007   0.9102564102564094 
871   0.8720000000000007   0.9102564102564094 
872   0.8730000000000007   0.9102564102564094 
873   0.8740000000000007   0.9102564102564094 
874   0.8750000000000007   0.9102564102564094 
875   0.8760000000000007   0.9102564102564094 
876   0.8770000000000007   0.9102564102564094 
877   0.8770000000000007   0.9230769230769221 
878   0.8790000000000007   0.9230769230769221 
879   0.8800000000000007   0.9230769230769221 
880   0.8810000000000007   0.9230769230769221 
881   0.8820000000000007   0.9230769230769221 
882   0.8830000000000007   0.9230769230769221 
883   0.8840000000000007   0.9230769230769221 
884   0.8850000000000007   0.9230769230769221 
885   0.8860000000000007   0.9230769230769221 
886   0.8870000000000007   0.9230769230769221 
887   0.8870000000000007   0.9358974358974349 
888   0.8890000000000007   0.9358974358974349 
889   0.8900000000000007   0.9358974358974349 
890   0.8910000000000007   0.9358974358974349 
891   0.8920000000000007   0.9358974358974349 
892   0.8930000000000007   0.9358974358974349 
893   0.8940000000000007   0.9358974358974349 
894   0.8950000000000007   0.9358974358974349 
895   0.8960000000000007   0.9358974358974349 
896   0.8970000000000007   0.9358974358974349 
897   0.8980000000000007   0.9358974358974349 
898   0.8990000000000007   0.9358974358974349 
899   0.9000000000000007   0.9358974358974349 
900   0.9010000000000007   0.9358974358974349 
901   0.9020000000000007   0.9358974358974349 
902   0.9030000000000007   0.9358974358974349 
903   0.9040000000000007   0.9358974358974349 
904   0.9050000000000007   0.9358974358974349 
905   0.9060000000000007   0.9358974358974349 
906   0.9070000000000007   0.9358974358974349 
907   0.9080000000000007   0.9358974358974349 
908   0.9090000000000007   0.9358974358974349 
909   0.9100000000000007   0.9358974358974349 
910   0.9110000000000007   0.9358974358974349 
911   0.9120000000000007   0.9358974358974349 
912   0.9130000000000007   0.9358974358974349 
913   0.9140000000000007   0.9358974358974349 
914   0.9150000000000007   0.9358974358974349 
915   0.9160000000000007   0.9358974358974349 
916   0.9160000000000007   0.9487179487179477 
917   0.9180000000000007   0.9487179487179477 
918   0.9190000000000007   0.9487179487179477 
919   0.9200000000000007   0.9487179487179477 
920   0.9210000000000007   0.9487179487179477 
921   0.9220000000000007   0.9487179487179477 
922   0.9230000000000007   0.9487179487179477 
923   0.9240000000000007   0.9487179487179477 
924   0.9250000000000007   0.9487179487179477 
925   0.9260000000000007   0.9487179487179477 
926   0.9260000000000007   0.9615384615384605 
927   0.9280000000000007   0.9615384615384605 
928   0.9290000000000007   0.9615384615384605 
929   0.9300000000000007   0.9615384615384605 
930   0.9310000000000007   0.9615384615384605 
931   0.9320000000000007   0.9615384615384605 
932   0.9330000000000007   0.9615384615384605 
933   0.9340000000000007   0.9615384615384605 
934   0.9350000000000007   0.9615384615384605 
935   0.9350000000000007   0.9743589743589732 
936   0.9370000000000007   0.9743589743589732 
937   0.9380000000000007   0.9743589743589732 
938   0.9390000000000007   0.9743589743589732 
939   0.9400000000000007   0.9743589743589732 
940   0.9410000000000007   0.9743589743589732 
941   0.9420000000000007   0.9743589743589732 
942   0.9430000000000007   0.9743589743589732 
943   0.9440000000000007   0.9743589743589732 
944   0.9450000000000007   0.9743589743589732 
945   0.9460000000000007   0.9743589743589732 
946   0.9470000000000007   0.9743589743589732 
947   0.9480000000000007   0.9743589743589732 
948   0.9490000000000007   0.9743589743589732 
949   0.9500000000000007   0.9743589743589732 
950   0.9510000000000007   0.9743589743589732 
951   0.9520000000000007   0.9743589743589732 
952   0.9530000000000007   0.9743589743589732 
953   0.9540000000000007   0.9743589743589732 
954   0.9550000000000007   0.9743589743589732 
955   0.9560000000000007   0.9743589743589732 
956   0.9570000000000007   0.9743589743589732 
957   0.9580000000000007   0.9743589743589732 
958   0.9590000000000007   0.9743589743589732 
959   0.9600000000000007   0.9743589743589732 
960   0.9610000000000007   0.9743589743589732 
961   0.9620000000000007   0.9743589743589732 
962   0.9630000000000007   0.9743589743589732 
963   0.9640000000000007   0.9743589743589732 
964   0.9640000000000007   0.987179487179486 
965   0.9660000000000007   0.987179487179486 
966   0.9670000000000007   0.987179487179486 
967   0.9680000000000007   0.987179487179486 
968   0.9690000000000007   0.987179487179486 
969   0.9700000000000008   0.987179487179486 
970   0.9710000000000008   0.987179487179486 
971   0.9720000000000008   0.987179487179486 
972   0.9730000000000008   0.987179487179486 
973   0.9740000000000008   0.987179487179486 
974   0.9740000000000008   0.9999999999999988 
975   0.9760000000000008   0.9999999999999988 
976   0.9770000000000008   0.9999999999999988 
977   0.9780000000000008   0.9999999999999988 
978   0.9790000000000008   0.9999999999999988 
979   0.9800000000000008   0.9999999999999988 
980   0.9810000000000008   0.9999999999999988 
981   0.9820000000000008   0.9999999999999988 
982   0.9830000000000008   0.9999999999999988 
983   0.9840000000000008   0.9999999999999988 
984   0.9850000000000008   0.9999999999999988 
985   0.9860000000000008   0.9999999999999988 
986   0.9870000000000008   0.9999999999999988 
987   0.9880000000000008   0.9999999999999988 
988   0.9890000000000008   0.9999999999999988 
989   0.9900000000000008   0.9999999999999988 
990   0.9910000000000008   0.9999999999999988 
991   0.9920000000000008   0.9999999999999988 
992   0.9930000000000008   0.9999999999999988 
993   0.9940000000000008   0.9999999999999988 
994   0.9950000000000008   0.9999999999999988 
995   0.9960000000000008   0.9999999999999988 
996   0.9970000000000008   0.9999999999999988 
997   0.9980000000000008   0.9999999999999988 
998   0.9990000000000008   0.9999999999999988 
999   1.0000000000000007   0.9999999999999988 
