0   0.001   0 
1   0.002   0 
2   0.003   0 
3   0.004   0 
4   0.005   0 
5   0.005   0.009009009009009009 
6   0.007   0.009009009009009009 
7   0.008   0.009009009009009009 
8   0.009000000000000001   0.009009009009009009 
9   0.010000000000000002   0.009009009009009009 
10   0.011000000000000003   0.009009009009009009 
11   0.012000000000000004   0.009009009009009009 
12   0.013000000000000005   0.009009009009009009 
13   0.014000000000000005   0.009009009009009009 
14   0.015000000000000006   0.009009009009009009 
15   0.016000000000000007   0.009009009009009009 
16   0.017000000000000008   0.009009009009009009 
17   0.01800000000000001   0.009009009009009009 
18   0.01800000000000001   0.02702702702702703 
19   0.02000000000000001   0.02702702702702703 
20   0.02100000000000001   0.02702702702702703 
21   0.022000000000000013   0.02702702702702703 
22   0.023000000000000013   0.02702702702702703 
23   0.024000000000000014   0.02702702702702703 
24   0.025000000000000015   0.02702702702702703 
25   0.026000000000000016   0.02702702702702703 
26   0.026000000000000016   0.036036036036036036 
27   0.028000000000000018   0.036036036036036036 
28   0.02900000000000002   0.036036036036036036 
29   0.03000000000000002   0.036036036036036036 
30   0.03100000000000002   0.036036036036036036 
31   0.03200000000000002   0.036036036036036036 
32   0.03300000000000002   0.036036036036036036 
33   0.03300000000000002   0.04054054054054054 
34   0.035000000000000024   0.04054054054054054 
35   0.036000000000000025   0.04054054054054054 
36   0.037000000000000026   0.04054054054054054 
37   0.03800000000000003   0.04054054054054054 
38   0.03900000000000003   0.04054054054054054 
39   0.03900000000000003   0.04504504504504505 
40   0.04100000000000003   0.04504504504504505 
41   0.04100000000000003   0.04954954954954956 
42   0.04300000000000003   0.04954954954954956 
43   0.04400000000000003   0.04954954954954956 
44   0.04500000000000003   0.04954954954954956 
45   0.046000000000000034   0.04954954954954956 
46   0.047000000000000035   0.04954954954954956 
47   0.048000000000000036   0.04954954954954956 
48   0.04900000000000004   0.04954954954954956 
49   0.05000000000000004   0.04954954954954956 
50   0.05100000000000004   0.04954954954954956 
51   0.05100000000000004   0.06756756756756757 
52   0.05300000000000004   0.06756756756756757 
53   0.05400000000000004   0.06756756756756757 
54   0.05500000000000004   0.06756756756756757 
55   0.05600000000000004   0.06756756756756757 
56   0.057000000000000044   0.06756756756756757 
57   0.058000000000000045   0.06756756756756757 
58   0.059000000000000045   0.06756756756756757 
59   0.059000000000000045   0.07657657657657659 
60   0.06100000000000005   0.07657657657657659 
61   0.06200000000000005   0.07657657657657659 
62   0.06300000000000004   0.07657657657657659 
63   0.06400000000000004   0.07657657657657659 
64   0.06500000000000004   0.07657657657657659 
65   0.06600000000000004   0.07657657657657659 
66   0.06600000000000004   0.08108108108108109 
67   0.06800000000000005   0.08108108108108109 
68   0.06900000000000005   0.08108108108108109 
69   0.07000000000000005   0.08108108108108109 
70   0.07100000000000005   0.08108108108108109 
71   0.07200000000000005   0.08108108108108109 
72   0.07200000000000005   0.08558558558558559 
73   0.07400000000000005   0.08558558558558559 
74   0.07400000000000005   0.09009009009009009 
75   0.07500000000000005   0.09459459459459459 
76   0.07700000000000005   0.09459459459459459 
77   0.07800000000000006   0.09459459459459459 
78   0.07900000000000006   0.09459459459459459 
79   0.08000000000000006   0.09459459459459459 
80   0.08100000000000006   0.09459459459459459 
81   0.08200000000000006   0.09459459459459459 
82   0.08200000000000006   0.09909909909909909 
83   0.08400000000000006   0.09909909909909909 
84   0.08400000000000006   0.10360360360360359 
85   0.08600000000000006   0.10360360360360359 
86   0.08700000000000006   0.10360360360360359 
87   0.08800000000000006   0.10360360360360359 
88   0.08900000000000007   0.10360360360360359 
89   0.09000000000000007   0.10360360360360359 
90   0.09100000000000007   0.10360360360360359 
91   0.09200000000000007   0.10360360360360359 
92   0.09300000000000007   0.10360360360360359 
93   0.09400000000000007   0.10360360360360359 
94   0.09400000000000007   0.1216216216216216 
95   0.09600000000000007   0.1216216216216216 
96   0.09700000000000007   0.1216216216216216 
97   0.09800000000000007   0.1216216216216216 
98   0.09900000000000007   0.1216216216216216 
99   0.09900000000000007   0.12612612612612611 
100   0.10100000000000008   0.12612612612612611 
101   0.10200000000000008   0.12612612612612611 
102   0.10300000000000008   0.12612612612612611 
103   0.10400000000000008   0.12612612612612611 
104   0.10500000000000008   0.12612612612612611 
105   0.10600000000000008   0.12612612612612611 
106   0.10600000000000008   0.13063063063063063 
107   0.10800000000000008   0.13063063063063063 
108   0.10800000000000008   0.13513513513513514 
109   0.10900000000000008   0.13963963963963966 
110   0.11100000000000008   0.13963963963963966 
111   0.11200000000000009   0.13963963963963966 
112   0.11300000000000009   0.13963963963963966 
113   0.11400000000000009   0.13963963963963966 
114   0.11500000000000009   0.13963963963963966 
115   0.11600000000000009   0.13963963963963966 
116   0.11600000000000009   0.14414414414414417 
117   0.11800000000000009   0.14414414414414417 
118   0.11800000000000009   0.14864864864864868 
119   0.11900000000000009   0.1531531531531532 
120   0.1210000000000001   0.1531531531531532 
121   0.1220000000000001   0.1531531531531532 
122   0.1230000000000001   0.1531531531531532 
123   0.1240000000000001   0.1531531531531532 
124   0.12500000000000008   0.1531531531531532 
125   0.12500000000000008   0.1576576576576577 
126   0.12700000000000009   0.1576576576576577 
127   0.12700000000000009   0.16216216216216223 
128   0.1290000000000001   0.16216216216216223 
129   0.1300000000000001   0.16216216216216223 
130   0.1310000000000001   0.16216216216216223 
131   0.1320000000000001   0.16216216216216223 
132   0.1330000000000001   0.16216216216216223 
133   0.1340000000000001   0.16216216216216223 
134   0.1350000000000001   0.16216216216216223 
135   0.1360000000000001   0.16216216216216223 
136   0.1370000000000001   0.16216216216216223 
137   0.1380000000000001   0.16216216216216223 
138   0.1390000000000001   0.16216216216216223 
139   0.1400000000000001   0.16216216216216223 
140   0.1410000000000001   0.16216216216216223 
141   0.1420000000000001   0.16216216216216223 
142   0.1430000000000001   0.16216216216216223 
143   0.1440000000000001   0.16216216216216223 
144   0.1450000000000001   0.16216216216216223 
145   0.1460000000000001   0.16216216216216223 
146   0.1470000000000001   0.16216216216216223 
147   0.1480000000000001   0.16216216216216223 
148   0.1480000000000001   0.16666666666666674 
149   0.1500000000000001   0.16666666666666674 
150   0.1510000000000001   0.16666666666666674 
151   0.1520000000000001   0.16666666666666674 
152   0.1530000000000001   0.16666666666666674 
153   0.1540000000000001   0.16666666666666674 
154   0.1540000000000001   0.17117117117117125 
155   0.1560000000000001   0.17117117117117125 
156   0.1560000000000001   0.17567567567567577 
157   0.1570000000000001   0.18018018018018028 
158   0.1590000000000001   0.18018018018018028 
159   0.16000000000000011   0.18018018018018028 
160   0.16100000000000012   0.18018018018018028 
161   0.16200000000000012   0.18018018018018028 
162   0.16300000000000012   0.18018018018018028 
163   0.16400000000000012   0.18018018018018028 
164   0.16400000000000012   0.1846846846846848 
165   0.16600000000000012   0.1846846846846848 
166   0.16600000000000012   0.1891891891891893 
167   0.16800000000000012   0.1891891891891893 
168   0.16900000000000012   0.1891891891891893 
169   0.17000000000000012   0.1891891891891893 
170   0.17100000000000012   0.1891891891891893 
171   0.17200000000000013   0.1891891891891893 
172   0.17300000000000013   0.1891891891891893 
173   0.17400000000000013   0.1891891891891893 
174   0.17500000000000013   0.1891891891891893 
175   0.17600000000000013   0.1891891891891893 
176   0.17700000000000013   0.1891891891891893 
177   0.17800000000000013   0.1891891891891893 
178   0.17900000000000013   0.1891891891891893 
179   0.18000000000000013   0.1891891891891893 
180   0.18100000000000013   0.1891891891891893 
181   0.18200000000000013   0.1891891891891893 
182   0.18300000000000013   0.1891891891891893 
183   0.18400000000000014   0.1891891891891893 
184   0.18500000000000014   0.1891891891891893 
185   0.18600000000000014   0.1891891891891893 
186   0.18600000000000014   0.19369369369369382 
187   0.18800000000000014   0.19369369369369382 
188   0.18900000000000014   0.19369369369369382 
189   0.19000000000000014   0.19369369369369382 
190   0.19100000000000014   0.19369369369369382 
191   0.19200000000000014   0.19369369369369382 
192   0.19200000000000014   0.19819819819819834 
193   0.19400000000000014   0.19819819819819834 
194   0.19400000000000014   0.20270270270270285 
195   0.19600000000000015   0.20270270270270285 
196   0.19700000000000015   0.20270270270270285 
197   0.19800000000000015   0.20270270270270285 
198   0.19900000000000015   0.20270270270270285 
199   0.20000000000000015   0.20270270270270285 
200   0.20100000000000015   0.20270270270270285 
201   0.20200000000000015   0.20270270270270285 
202   0.20300000000000015   0.20270270270270285 
203   0.20400000000000015   0.20270270270270285 
204   0.20500000000000015   0.20270270270270285 
205   0.20600000000000016   0.20270270270270285 
206   0.20700000000000016   0.20270270270270285 
207   0.20800000000000016   0.20270270270270285 
208   0.20900000000000016   0.20270270270270285 
209   0.21000000000000016   0.20270270270270285 
210   0.21100000000000016   0.20270270270270285 
211   0.21200000000000016   0.20270270270270285 
212   0.21300000000000016   0.20270270270270285 
213   0.21400000000000016   0.20270270270270285 
214   0.21500000000000016   0.20270270270270285 
215   0.21600000000000016   0.20270270270270285 
216   0.21700000000000016   0.20270270270270285 
217   0.21800000000000017   0.20270270270270285 
218   0.21900000000000017   0.20270270270270285 
219   0.22000000000000017   0.20270270270270285 
220   0.22000000000000017   0.21171171171171185 
221   0.22200000000000017   0.21171171171171185 
222   0.22300000000000017   0.21171171171171185 
223   0.22400000000000017   0.21171171171171185 
224   0.22500000000000017   0.21171171171171185 
225   0.22600000000000017   0.21171171171171185 
226   0.22700000000000017   0.21171171171171185 
227   0.22800000000000017   0.21171171171171185 
228   0.22900000000000018   0.21171171171171185 
229   0.23000000000000018   0.21171171171171185 
230   0.23100000000000018   0.21171171171171185 
231   0.23200000000000018   0.21171171171171185 
232   0.23300000000000018   0.21171171171171185 
233   0.23400000000000018   0.21171171171171185 
234   0.23400000000000018   0.22972972972972988 
235   0.23600000000000018   0.22972972972972988 
236   0.23700000000000018   0.22972972972972988 
237   0.23800000000000018   0.22972972972972988 
238   0.23900000000000018   0.22972972972972988 
239   0.24000000000000019   0.22972972972972988 
240   0.2410000000000002   0.22972972972972988 
241   0.2420000000000002   0.22972972972972988 
242   0.2430000000000002   0.22972972972972988 
243   0.2430000000000002   0.23873873873873888 
244   0.2450000000000002   0.23873873873873888 
245   0.2460000000000002   0.23873873873873888 
246   0.2470000000000002   0.23873873873873888 
247   0.2480000000000002   0.23873873873873888 
248   0.2490000000000002   0.23873873873873888 
249   0.25000000000000017   0.23873873873873888 
250   0.25100000000000017   0.23873873873873888 
251   0.25100000000000017   0.2432432432432434 
252   0.25300000000000017   0.2432432432432434 
253   0.25400000000000017   0.2432432432432434 
254   0.25500000000000017   0.2432432432432434 
255   0.25600000000000017   0.2432432432432434 
256   0.2570000000000002   0.2432432432432434 
257   0.2570000000000002   0.2477477477477479 
258   0.2590000000000002   0.2477477477477479 
259   0.2590000000000002   0.2522522522522524 
260   0.2610000000000002   0.2522522522522524 
261   0.2620000000000002   0.2522522522522524 
262   0.2630000000000002   0.2522522522522524 
263   0.2640000000000002   0.2522522522522524 
264   0.2650000000000002   0.2522522522522524 
265   0.2660000000000002   0.2522522522522524 
266   0.2670000000000002   0.2522522522522524 
267   0.2680000000000002   0.2522522522522524 
268   0.2690000000000002   0.2522522522522524 
269   0.2690000000000002   0.2702702702702704 
270   0.2710000000000002   0.2702702702702704 
271   0.2720000000000002   0.2702702702702704 
272   0.2730000000000002   0.2702702702702704 
273   0.2740000000000002   0.2702702702702704 
274   0.2750000000000002   0.2702702702702704 
275   0.2760000000000002   0.2702702702702704 
276   0.2770000000000002   0.2702702702702704 
277   0.2780000000000002   0.2702702702702704 
278   0.2780000000000002   0.2792792792792794 
279   0.2800000000000002   0.2792792792792794 
280   0.2810000000000002   0.2792792792792794 
281   0.2820000000000002   0.2792792792792794 
282   0.2830000000000002   0.2792792792792794 
283   0.2840000000000002   0.2792792792792794 
284   0.2850000000000002   0.2792792792792794 
285   0.2850000000000002   0.28378378378378394 
286   0.2870000000000002   0.28378378378378394 
287   0.2880000000000002   0.28378378378378394 
288   0.2890000000000002   0.28378378378378394 
289   0.2900000000000002   0.28378378378378394 
290   0.2910000000000002   0.28378378378378394 
291   0.2920000000000002   0.28378378378378394 
292   0.2920000000000002   0.28828828828828845 
293   0.2940000000000002   0.28828828828828845 
294   0.2940000000000002   0.29279279279279297 
295   0.2950000000000002   0.2972972972972975 
296   0.2970000000000002   0.2972972972972975 
297   0.2980000000000002   0.2972972972972975 
298   0.2990000000000002   0.2972972972972975 
299   0.3000000000000002   0.2972972972972975 
300   0.3010000000000002   0.2972972972972975 
301   0.3020000000000002   0.2972972972972975 
302   0.3020000000000002   0.301801801801802 
303   0.3040000000000002   0.301801801801802 
304   0.3040000000000002   0.3063063063063065 
305   0.3060000000000002   0.3063063063063065 
306   0.3070000000000002   0.3063063063063065 
307   0.3080000000000002   0.3063063063063065 
308   0.3090000000000002   0.3063063063063065 
309   0.3100000000000002   0.3063063063063065 
310   0.3110000000000002   0.3063063063063065 
311   0.3120000000000002   0.3063063063063065 
312   0.3130000000000002   0.3063063063063065 
313   0.3140000000000002   0.3063063063063065 
314   0.3140000000000002   0.3243243243243245 
315   0.3160000000000002   0.3243243243243245 
316   0.3170000000000002   0.3243243243243245 
317   0.3180000000000002   0.3243243243243245 
318   0.31900000000000023   0.3243243243243245 
319   0.32000000000000023   0.3243243243243245 
320   0.32100000000000023   0.3243243243243245 
321   0.32200000000000023   0.3243243243243245 
322   0.32300000000000023   0.3243243243243245 
323   0.32300000000000023   0.328828828828829 
324   0.32400000000000023   0.33333333333333354 
325   0.32600000000000023   0.33333333333333354 
326   0.32700000000000023   0.33333333333333354 
327   0.32800000000000024   0.33333333333333354 
328   0.32900000000000024   0.33333333333333354 
329   0.33000000000000024   0.33333333333333354 
330   0.33100000000000024   0.33333333333333354 
331   0.33200000000000024   0.33333333333333354 
332   0.33300000000000024   0.33333333333333354 
333   0.33300000000000024   0.33783783783783805 
334   0.33500000000000024   0.33783783783783805 
335   0.33600000000000024   0.33783783783783805 
336   0.33700000000000024   0.33783783783783805 
337   0.33800000000000024   0.33783783783783805 
338   0.33900000000000025   0.33783783783783805 
339   0.33900000000000025   0.34234234234234256 
340   0.34100000000000025   0.34234234234234256 
341   0.34100000000000025   0.3468468468468471 
342   0.34300000000000025   0.3468468468468471 
343   0.34300000000000025   0.3513513513513516 
344   0.34500000000000025   0.3513513513513516 
345   0.34600000000000025   0.3513513513513516 
346   0.34700000000000025   0.3513513513513516 
347   0.34800000000000025   0.3513513513513516 
348   0.34900000000000025   0.3513513513513516 
349   0.34900000000000025   0.3558558558558561 
350   0.35100000000000026   0.3558558558558561 
351   0.35100000000000026   0.3603603603603606 
352   0.35200000000000026   0.36486486486486513 
353   0.35400000000000026   0.36486486486486513 
354   0.35500000000000026   0.36486486486486513 
355   0.35600000000000026   0.36486486486486513 
356   0.35700000000000026   0.36486486486486513 
357   0.35800000000000026   0.36486486486486513 
358   0.35900000000000026   0.36486486486486513 
359   0.35900000000000026   0.36936936936936965 
360   0.36100000000000027   0.36936936936936965 
361   0.36100000000000027   0.37387387387387416 
362   0.36300000000000027   0.37387387387387416 
363   0.36400000000000027   0.37387387387387416 
364   0.36500000000000027   0.37387387387387416 
365   0.36600000000000027   0.37387387387387416 
366   0.36700000000000027   0.37387387387387416 
367   0.36800000000000027   0.37387387387387416 
368   0.36900000000000027   0.37387387387387416 
369   0.3700000000000003   0.37387387387387416 
370   0.3710000000000003   0.37387387387387416 
371   0.3710000000000003   0.39189189189189216 
372   0.3730000000000003   0.39189189189189216 
373   0.3740000000000003   0.39189189189189216 
374   0.3750000000000003   0.39189189189189216 
375   0.3760000000000003   0.39189189189189216 
376   0.3770000000000003   0.39189189189189216 
377   0.3780000000000003   0.39189189189189216 
378   0.3790000000000003   0.39189189189189216 
379   0.3800000000000003   0.39189189189189216 
380   0.3810000000000003   0.39189189189189216 
381   0.3810000000000003   0.4009009009009012 
382   0.3830000000000003   0.4009009009009012 
383   0.3840000000000003   0.4009009009009012 
384   0.3850000000000003   0.4009009009009012 
385   0.3860000000000003   0.4009009009009012 
386   0.3870000000000003   0.4009009009009012 
387   0.3880000000000003   0.4009009009009012 
388   0.3890000000000003   0.4009009009009012 
389   0.3900000000000003   0.4009009009009012 
390   0.3910000000000003   0.4009009009009012 
391   0.3910000000000003   0.4054054054054057 
392   0.3930000000000003   0.4054054054054057 
393   0.3940000000000003   0.4054054054054057 
394   0.3950000000000003   0.4054054054054057 
395   0.3960000000000003   0.4054054054054057 
396   0.3970000000000003   0.4054054054054057 
397   0.3970000000000003   0.4099099099099102 
398   0.3990000000000003   0.4099099099099102 
399   0.3990000000000003   0.41441441441441473 
400   0.4000000000000003   0.41891891891891925 
401   0.4020000000000003   0.41891891891891925 
402   0.4030000000000003   0.41891891891891925 
403   0.4040000000000003   0.41891891891891925 
404   0.4050000000000003   0.41891891891891925 
405   0.4060000000000003   0.41891891891891925 
406   0.4070000000000003   0.41891891891891925 
407   0.4070000000000003   0.42342342342342376 
408   0.4090000000000003   0.42342342342342376 
409   0.4090000000000003   0.4279279279279283 
410   0.4100000000000003   0.4324324324324328 
411   0.4120000000000003   0.4324324324324328 
412   0.4130000000000003   0.4324324324324328 
413   0.4140000000000003   0.4324324324324328 
414   0.4150000000000003   0.4324324324324328 
415   0.4160000000000003   0.4324324324324328 
416   0.4170000000000003   0.4324324324324328 
417   0.4170000000000003   0.4369369369369373 
418   0.4180000000000003   0.4414414414414418 
419   0.4200000000000003   0.4414414414414418 
420   0.4200000000000003   0.44594594594594633 
421   0.4220000000000003   0.44594594594594633 
422   0.4230000000000003   0.44594594594594633 
423   0.4240000000000003   0.44594594594594633 
424   0.4250000000000003   0.44594594594594633 
425   0.4260000000000003   0.44594594594594633 
426   0.4260000000000003   0.45045045045045085 
427   0.4280000000000003   0.45045045045045085 
428   0.4280000000000003   0.45495495495495536 
429   0.4300000000000003   0.45495495495495536 
430   0.4310000000000003   0.45495495495495536 
431   0.43200000000000033   0.45495495495495536 
432   0.43300000000000033   0.45495495495495536 
433   0.43400000000000033   0.45495495495495536 
434   0.43500000000000033   0.45495495495495536 
435   0.43600000000000033   0.45495495495495536 
436   0.43700000000000033   0.45495495495495536 
437   0.43800000000000033   0.45495495495495536 
438   0.43900000000000033   0.45495495495495536 
439   0.43900000000000033   0.47297297297297336 
440   0.44100000000000034   0.47297297297297336 
441   0.44200000000000034   0.47297297297297336 
442   0.44300000000000034   0.47297297297297336 
443   0.44400000000000034   0.47297297297297336 
444   0.44500000000000034   0.47297297297297336 
445   0.44500000000000034   0.4774774774774779 
446   0.44700000000000034   0.4774774774774779 
447   0.44800000000000034   0.4774774774774779 
448   0.44900000000000034   0.4774774774774779 
449   0.45000000000000034   0.4774774774774779 
450   0.45100000000000035   0.4774774774774779 
451   0.45200000000000035   0.4774774774774779 
452   0.45200000000000035   0.4819819819819824 
453   0.45400000000000035   0.4819819819819824 
454   0.45400000000000035   0.4864864864864869 
455   0.45500000000000035   0.4909909909909914 
456   0.45700000000000035   0.4909909909909914 
457   0.45800000000000035   0.4909909909909914 
458   0.45900000000000035   0.4909909909909914 
459   0.46000000000000035   0.4909909909909914 
460   0.46100000000000035   0.4909909909909914 
461   0.46200000000000035   0.4909909909909914 
462   0.46200000000000035   0.49549549549549593 
463   0.46300000000000036   0.5000000000000004 
464   0.46500000000000036   0.5000000000000004 
465   0.46500000000000036   0.5045045045045049 
466   0.46700000000000036   0.5045045045045049 
467   0.46800000000000036   0.5045045045045049 
468   0.46900000000000036   0.5045045045045049 
469   0.47000000000000036   0.5045045045045049 
470   0.47100000000000036   0.5045045045045049 
471   0.47100000000000036   0.5090090090090094 
472   0.47300000000000036   0.5090090090090094 
473   0.47300000000000036   0.5135135135135138 
474   0.47400000000000037   0.5180180180180183 
475   0.47600000000000037   0.5180180180180183 
476   0.47700000000000037   0.5180180180180183 
477   0.47800000000000037   0.5180180180180183 
478   0.47900000000000037   0.5180180180180183 
479   0.48000000000000037   0.5180180180180183 
480   0.48100000000000037   0.5180180180180183 
481   0.48100000000000037   0.5225225225225227 
482   0.4830000000000004   0.5225225225225227 
483   0.4830000000000004   0.5270270270270272 
484   0.4840000000000004   0.5315315315315317 
485   0.4860000000000004   0.5315315315315317 
486   0.4870000000000004   0.5315315315315317 
487   0.4880000000000004   0.5315315315315317 
488   0.4890000000000004   0.5315315315315317 
489   0.4900000000000004   0.5315315315315317 
490   0.4900000000000004   0.5360360360360361 
491   0.4920000000000004   0.5360360360360361 
492   0.4920000000000004   0.5405405405405406 
493   0.4940000000000004   0.5405405405405406 
494   0.4950000000000004   0.5405405405405406 
495   0.4960000000000004   0.5405405405405406 
496   0.4970000000000004   0.5405405405405406 
497   0.4980000000000004   0.5405405405405406 
498   0.4990000000000004   0.5405405405405406 
499   0.5000000000000003   0.5405405405405406 
500   0.5010000000000003   0.5405405405405406 
501   0.5020000000000003   0.5405405405405406 
502   0.5030000000000003   0.5405405405405406 
503   0.5040000000000003   0.5405405405405406 
504   0.5050000000000003   0.5405405405405406 
505   0.5060000000000003   0.5405405405405406 
506   0.5070000000000003   0.5405405405405406 
507   0.5080000000000003   0.5405405405405406 
508   0.5090000000000003   0.5405405405405406 
509   0.5100000000000003   0.5405405405405406 
510   0.5110000000000003   0.5405405405405406 
511   0.5120000000000003   0.5405405405405406 
512   0.5130000000000003   0.5405405405405406 
513   0.5140000000000003   0.5405405405405406 
514   0.5140000000000003   0.545045045045045 
515   0.5160000000000003   0.545045045045045 
516   0.5170000000000003   0.545045045045045 
517   0.5180000000000003   0.545045045045045 
518   0.5190000000000003   0.545045045045045 
519   0.5200000000000004   0.545045045045045 
520   0.5200000000000004   0.5495495495495495 
521   0.5220000000000004   0.5495495495495495 
522   0.5220000000000004   0.554054054054054 
523   0.5230000000000004   0.5585585585585584 
524   0.5250000000000004   0.5585585585585584 
525   0.5260000000000004   0.5585585585585584 
526   0.5270000000000004   0.5585585585585584 
527   0.5280000000000004   0.5585585585585584 
528   0.5290000000000004   0.5585585585585584 
529   0.5300000000000004   0.5585585585585584 
530   0.5300000000000004   0.5630630630630629 
531   0.5320000000000004   0.5630630630630629 
532   0.5320000000000004   0.5675675675675673 
533   0.5330000000000004   0.5720720720720718 
534   0.5350000000000004   0.5720720720720718 
535   0.5360000000000004   0.5720720720720718 
536   0.5370000000000004   0.5720720720720718 
537   0.5380000000000004   0.5720720720720718 
538   0.5390000000000004   0.5720720720720718 
539   0.5400000000000004   0.5720720720720718 
540   0.5400000000000004   0.5765765765765762 
541   0.5410000000000004   0.5810810810810807 
542   0.5430000000000004   0.5810810810810807 
543   0.5430000000000004   0.5855855855855852 
544   0.5450000000000004   0.5855855855855852 
545   0.5460000000000004   0.5855855855855852 
546   0.5470000000000004   0.5855855855855852 
547   0.5480000000000004   0.5855855855855852 
548   0.5490000000000004   0.5855855855855852 
549   0.5490000000000004   0.5900900900900896 
550   0.5510000000000004   0.5900900900900896 
551   0.5510000000000004   0.5945945945945941 
552   0.5530000000000004   0.5945945945945941 
553   0.5540000000000004   0.5945945945945941 
554   0.5550000000000004   0.5945945945945941 
555   0.5560000000000004   0.5945945945945941 
556   0.5570000000000004   0.5945945945945941 
557   0.5580000000000004   0.5945945945945941 
558   0.5590000000000004   0.5945945945945941 
559   0.5600000000000004   0.5945945945945941 
560   0.5610000000000004   0.5945945945945941 
561   0.5620000000000004   0.5945945945945941 
562   0.5630000000000004   0.5945945945945941 
563   0.5640000000000004   0.5945945945945941 
564   0.5650000000000004   0.5945945945945941 
565   0.5660000000000004   0.5945945945945941 
566   0.5670000000000004   0.5945945945945941 
567   0.5680000000000004   0.5945945945945941 
568   0.5690000000000004   0.5945945945945941 
569   0.5700000000000004   0.5945945945945941 
570   0.5710000000000004   0.5945945945945941 
571   0.5720000000000004   0.5945945945945941 
572   0.5720000000000004   0.5990990990990985 
573   0.5740000000000004   0.5990990990990985 
574   0.5750000000000004   0.5990990990990985 
575   0.5760000000000004   0.5990990990990985 
576   0.5770000000000004   0.5990990990990985 
577   0.5780000000000004   0.5990990990990985 
578   0.5780000000000004   0.603603603603603 
579   0.5800000000000004   0.603603603603603 
580   0.5800000000000004   0.6081081081081074 
581   0.5820000000000004   0.6081081081081074 
582   0.5820000000000004   0.6126126126126119 
583   0.5840000000000004   0.6126126126126119 
584   0.5850000000000004   0.6126126126126119 
585   0.5860000000000004   0.6126126126126119 
586   0.5870000000000004   0.6126126126126119 
587   0.5880000000000004   0.6126126126126119 
588   0.5880000000000004   0.6171171171171164 
589   0.5900000000000004   0.6171171171171164 
590   0.5900000000000004   0.6216216216216208 
591   0.5910000000000004   0.6261261261261253 
592   0.5930000000000004   0.6261261261261253 
593   0.5940000000000004   0.6261261261261253 
594   0.5950000000000004   0.6261261261261253 
595   0.5960000000000004   0.6261261261261253 
596   0.5970000000000004   0.6261261261261253 
597   0.5980000000000004   0.6261261261261253 
598   0.5980000000000004   0.6306306306306297 
599   0.6000000000000004   0.6306306306306297 
600   0.6000000000000004   0.6351351351351342 
601   0.6020000000000004   0.6351351351351342 
602   0.6030000000000004   0.6351351351351342 
603   0.6040000000000004   0.6351351351351342 
604   0.6050000000000004   0.6351351351351342 
605   0.6060000000000004   0.6351351351351342 
606   0.6070000000000004   0.6351351351351342 
607   0.6080000000000004   0.6351351351351342 
608   0.6090000000000004   0.6351351351351342 
609   0.6100000000000004   0.6351351351351342 
610   0.6110000000000004   0.6351351351351342 
611   0.6120000000000004   0.6351351351351342 
612   0.6130000000000004   0.6351351351351342 
613   0.6140000000000004   0.6351351351351342 
614   0.6150000000000004   0.6351351351351342 
615   0.6160000000000004   0.6351351351351342 
616   0.6170000000000004   0.6351351351351342 
617   0.6180000000000004   0.6351351351351342 
618   0.6190000000000004   0.6351351351351342 
619   0.6200000000000004   0.6351351351351342 
620   0.6210000000000004   0.6351351351351342 
621   0.6220000000000004   0.6351351351351342 
622   0.6230000000000004   0.6351351351351342 
623   0.6240000000000004   0.6351351351351342 
624   0.6250000000000004   0.6351351351351342 
625   0.6260000000000004   0.6351351351351342 
626   0.6260000000000004   0.6441441441441432 
627   0.6280000000000004   0.6441441441441432 
628   0.6290000000000004   0.6441441441441432 
629   0.6300000000000004   0.6441441441441432 
630   0.6310000000000004   0.6441441441441432 
631   0.6320000000000005   0.6441441441441432 
632   0.6330000000000005   0.6441441441441432 
633   0.6340000000000005   0.6441441441441432 
634   0.6340000000000005   0.6486486486486477 
635   0.6360000000000005   0.6486486486486477 
636   0.6370000000000005   0.6486486486486477 
637   0.6380000000000005   0.6486486486486477 
638   0.6390000000000005   0.6486486486486477 
639   0.6400000000000005   0.6486486486486477 
640   0.6410000000000005   0.6486486486486477 
641   0.6410000000000005   0.6531531531531521 
642   0.6420000000000005   0.6576576576576566 
643   0.6440000000000005   0.6576576576576566 
644   0.6440000000000005   0.6621621621621611 
645   0.6460000000000005   0.6621621621621611 
646   0.6470000000000005   0.6621621621621611 
647   0.6480000000000005   0.6621621621621611 
648   0.6490000000000005   0.6621621621621611 
649   0.6500000000000005   0.6621621621621611 
650   0.6500000000000005   0.6666666666666655 
651   0.6520000000000005   0.6666666666666655 
652   0.6520000000000005   0.67117117117117 
653   0.6540000000000005   0.67117117117117 
654   0.6550000000000005   0.67117117117117 
655   0.6560000000000005   0.67117117117117 
656   0.6570000000000005   0.67117117117117 
657   0.6580000000000005   0.67117117117117 
658   0.6590000000000005   0.67117117117117 
659   0.6600000000000005   0.67117117117117 
660   0.6610000000000005   0.67117117117117 
661   0.6620000000000005   0.67117117117117 
662   0.6620000000000005   0.689189189189188 
663   0.6640000000000005   0.689189189189188 
664   0.6650000000000005   0.689189189189188 
665   0.6660000000000005   0.689189189189188 
666   0.6670000000000005   0.689189189189188 
667   0.6680000000000005   0.689189189189188 
668   0.6690000000000005   0.689189189189188 
669   0.6700000000000005   0.689189189189188 
670   0.6710000000000005   0.689189189189188 
671   0.6710000000000005   0.6981981981981971 
672   0.6730000000000005   0.6981981981981971 
673   0.6740000000000005   0.6981981981981971 
674   0.6750000000000005   0.6981981981981971 
675   0.6760000000000005   0.6981981981981971 
676   0.6770000000000005   0.6981981981981971 
677   0.6780000000000005   0.6981981981981971 
678   0.6790000000000005   0.6981981981981971 
679   0.6790000000000005   0.7027027027027015 
680   0.6810000000000005   0.7027027027027015 
681   0.6820000000000005   0.7027027027027015 
682   0.6830000000000005   0.7027027027027015 
683   0.6840000000000005   0.7027027027027015 
684   0.6850000000000005   0.7027027027027015 
685   0.6850000000000005   0.707207207207206 
686   0.6870000000000005   0.707207207207206 
687   0.6870000000000005   0.7117117117117104 
688   0.6890000000000005   0.7117117117117104 
689   0.6890000000000005   0.7162162162162149 
690   0.6910000000000005   0.7162162162162149 
691   0.6920000000000005   0.7162162162162149 
692   0.6930000000000005   0.7162162162162149 
693   0.6940000000000005   0.7162162162162149 
694   0.6950000000000005   0.7162162162162149 
695   0.6950000000000005   0.7207207207207194 
696   0.6970000000000005   0.7207207207207194 
697   0.6970000000000005   0.7252252252252238 
698   0.6980000000000005   0.7297297297297283 
699   0.7000000000000005   0.7297297297297283 
700   0.7010000000000005   0.7297297297297283 
701   0.7020000000000005   0.7297297297297283 
702   0.7030000000000005   0.7297297297297283 
703   0.7040000000000005   0.7297297297297283 
704   0.7050000000000005   0.7297297297297283 
705   0.7050000000000005   0.7342342342342327 
706   0.7070000000000005   0.7342342342342327 
707   0.7070000000000005   0.7387387387387372 
708   0.7090000000000005   0.7387387387387372 
709   0.7100000000000005   0.7387387387387372 
710   0.7110000000000005   0.7387387387387372 
711   0.7120000000000005   0.7387387387387372 
712   0.7130000000000005   0.7387387387387372 
713   0.7140000000000005   0.7387387387387372 
714   0.7150000000000005   0.7387387387387372 
715   0.7160000000000005   0.7387387387387372 
716   0.7170000000000005   0.7387387387387372 
717   0.7170000000000005   0.7567567567567552 
718   0.7190000000000005   0.7567567567567552 
719   0.7200000000000005   0.7567567567567552 
720   0.7210000000000005   0.7567567567567552 
721   0.7220000000000005   0.7567567567567552 
722   0.7230000000000005   0.7567567567567552 
723   0.7240000000000005   0.7567567567567552 
724   0.7250000000000005   0.7567567567567552 
725   0.7260000000000005   0.7567567567567552 
726   0.7270000000000005   0.7567567567567552 
727   0.7280000000000005   0.7567567567567552 
728   0.7290000000000005   0.7567567567567552 
729   0.7300000000000005   0.7567567567567552 
730   0.7310000000000005   0.7567567567567552 
731   0.7320000000000005   0.7567567567567552 
732   0.7330000000000005   0.7567567567567552 
733   0.7340000000000005   0.7567567567567552 
734   0.7340000000000005   0.7612612612612597 
735   0.7360000000000005   0.7612612612612597 
736   0.7370000000000005   0.7612612612612597 
737   0.7380000000000005   0.7612612612612597 
738   0.7390000000000005   0.7612612612612597 
739   0.7400000000000005   0.7612612612612597 
740   0.7410000000000005   0.7612612612612597 
741   0.7410000000000005   0.7657657657657642 
742   0.7420000000000005   0.7702702702702686 
743   0.7440000000000005   0.7702702702702686 
744   0.7440000000000005   0.7747747747747731 
745   0.7460000000000006   0.7747747747747731 
746   0.7470000000000006   0.7747747747747731 
747   0.7480000000000006   0.7747747747747731 
748   0.7490000000000006   0.7747747747747731 
749   0.7500000000000006   0.7747747747747731 
750   0.7500000000000006   0.7792792792792775 
751   0.7520000000000006   0.7792792792792775 
752   0.7520000000000006   0.783783783783782 
753   0.7530000000000006   0.7882882882882865 
754   0.7550000000000006   0.7882882882882865 
755   0.7560000000000006   0.7882882882882865 
756   0.7570000000000006   0.7882882882882865 
757   0.7580000000000006   0.7882882882882865 
758   0.7590000000000006   0.7882882882882865 
759   0.7600000000000006   0.7882882882882865 
760   0.7600000000000006   0.7927927927927909 
761   0.7620000000000006   0.7927927927927909 
762   0.7620000000000006   0.7972972972972954 
763   0.7630000000000006   0.8018018018017998 
764   0.7650000000000006   0.8018018018017998 
765   0.7660000000000006   0.8018018018017998 
766   0.7670000000000006   0.8018018018017998 
767   0.7680000000000006   0.8018018018017998 
768   0.7690000000000006   0.8018018018017998 
769   0.7690000000000006   0.8063063063063043 
770   0.7710000000000006   0.8063063063063043 
771   0.7710000000000006   0.8108108108108087 
772   0.7730000000000006   0.8108108108108087 
773   0.7740000000000006   0.8108108108108087 
774   0.7750000000000006   0.8108108108108087 
775   0.7760000000000006   0.8108108108108087 
776   0.7770000000000006   0.8108108108108087 
777   0.7780000000000006   0.8108108108108087 
778   0.7790000000000006   0.8108108108108087 
779   0.7800000000000006   0.8108108108108087 
780   0.7810000000000006   0.8108108108108087 
781   0.7820000000000006   0.8108108108108087 
782   0.7830000000000006   0.8108108108108087 
783   0.7840000000000006   0.8108108108108087 
784   0.7850000000000006   0.8108108108108087 
785   0.7860000000000006   0.8108108108108087 
786   0.7870000000000006   0.8108108108108087 
787   0.7880000000000006   0.8108108108108087 
788   0.7880000000000006   0.8153153153153132 
789   0.7900000000000006   0.8153153153153132 
790   0.7910000000000006   0.8153153153153132 
791   0.7920000000000006   0.8153153153153132 
792   0.7930000000000006   0.8153153153153132 
793   0.7940000000000006   0.8153153153153132 
794   0.7950000000000006   0.8153153153153132 
795   0.7950000000000006   0.8198198198198177 
796   0.7970000000000006   0.8198198198198177 
797   0.7970000000000006   0.8243243243243221 
798   0.7980000000000006   0.8288288288288266 
799   0.8000000000000006   0.8288288288288266 
800   0.8010000000000006   0.8288288288288266 
801   0.8020000000000006   0.8288288288288266 
802   0.8030000000000006   0.8288288288288266 
803   0.8040000000000006   0.8288288288288266 
804   0.8040000000000006   0.833333333333331 
805   0.8060000000000006   0.833333333333331 
806   0.8060000000000006   0.8378378378378355 
807   0.8080000000000006   0.8378378378378355 
808   0.8080000000000006   0.84234234234234 
809   0.8100000000000006   0.84234234234234 
810   0.8110000000000006   0.84234234234234 
811   0.8120000000000006   0.84234234234234 
812   0.8130000000000006   0.84234234234234 
813   0.8140000000000006   0.84234234234234 
814   0.8140000000000006   0.8468468468468444 
815   0.8160000000000006   0.8468468468468444 
816   0.8160000000000006   0.8513513513513489 
817   0.8170000000000006   0.8558558558558533 
818   0.8190000000000006   0.8558558558558533 
819   0.8200000000000006   0.8558558558558533 
820   0.8210000000000006   0.8558558558558533 
821   0.8220000000000006   0.8558558558558533 
822   0.8230000000000006   0.8558558558558533 
823   0.8240000000000006   0.8558558558558533 
824   0.8240000000000006   0.8603603603603578 
825   0.8260000000000006   0.8603603603603578 
826   0.8260000000000006   0.8648648648648622 
827   0.8270000000000006   0.8693693693693667 
828   0.8290000000000006   0.8693693693693667 
829   0.8300000000000006   0.8693693693693667 
830   0.8310000000000006   0.8693693693693667 
831   0.8320000000000006   0.8693693693693667 
832   0.8330000000000006   0.8693693693693667 
833   0.8330000000000006   0.8738738738738712 
834   0.8350000000000006   0.8738738738738712 
835   0.8350000000000006   0.8783783783783756 
836   0.8370000000000006   0.8783783783783756 
837   0.8380000000000006   0.8783783783783756 
838   0.8390000000000006   0.8783783783783756 
839   0.8400000000000006   0.8783783783783756 
840   0.8410000000000006   0.8783783783783756 
841   0.8420000000000006   0.8783783783783756 
842   0.8430000000000006   0.8783783783783756 
843   0.8440000000000006   0.8783783783783756 
844   0.8450000000000006   0.8783783783783756 
845   0.8460000000000006   0.8783783783783756 
846   0.8470000000000006   0.8783783783783756 
847   0.8480000000000006   0.8783783783783756 
848   0.8490000000000006   0.8783783783783756 
849   0.8500000000000006   0.8783783783783756 
850   0.8510000000000006   0.8783783783783756 
851   0.8520000000000006   0.8783783783783756 
852   0.8530000000000006   0.8783783783783756 
853   0.8540000000000006   0.8783783783783756 
854   0.8550000000000006   0.8783783783783756 
855   0.8560000000000006   0.8783783783783756 
856   0.8570000000000007   0.8783783783783756 
857   0.8570000000000007   0.8828828828828801 
858   0.8590000000000007   0.8828828828828801 
859   0.8600000000000007   0.8828828828828801 
860   0.8610000000000007   0.8828828828828801 
861   0.8620000000000007   0.8828828828828801 
862   0.8630000000000007   0.8828828828828801 
863   0.8630000000000007   0.8873873873873845 
864   0.8650000000000007   0.8873873873873845 
865   0.8650000000000007   0.891891891891889 
866   0.8660000000000007   0.8963963963963935 
867   0.8680000000000007   0.8963963963963935 
868   0.8690000000000007   0.8963963963963935 
869   0.8700000000000007   0.8963963963963935 
870   0.8710000000000007   0.8963963963963935 
871   0.8720000000000007   0.8963963963963935 
872   0.8730000000000007   0.8963963963963935 
873   0.8730000000000007   0.9009009009008979 
874   0.8750000000000007   0.9009009009008979 
875   0.8750000000000007   0.9054054054054024 
876   0.8760000000000007   0.9099099099099068 
877   0.8780000000000007   0.9099099099099068 
878   0.8790000000000007   0.9099099099099068 
879   0.8800000000000007   0.9099099099099068 
880   0.8810000000000007   0.9099099099099068 
881   0.8820000000000007   0.9099099099099068 
882   0.8820000000000007   0.9144144144144113 
883   0.8840000000000007   0.9144144144144113 
884   0.8840000000000007   0.9189189189189158 
885   0.8850000000000007   0.9234234234234202 
886   0.8870000000000007   0.9234234234234202 
887   0.8880000000000007   0.9234234234234202 
888   0.8890000000000007   0.9234234234234202 
889   0.8900000000000007   0.9234234234234202 
890   0.8910000000000007   0.9234234234234202 
891   0.8920000000000007   0.9234234234234202 
892   0.8920000000000007   0.9279279279279247 
893   0.8940000000000007   0.9279279279279247 
894   0.8940000000000007   0.9324324324324291 
895   0.8960000000000007   0.9324324324324291 
896   0.8970000000000007   0.9324324324324291 
897   0.8980000000000007   0.9324324324324291 
898   0.8990000000000007   0.9324324324324291 
899   0.9000000000000007   0.9324324324324291 
900   0.9010000000000007   0.9324324324324291 
901   0.9020000000000007   0.9324324324324291 
902   0.9030000000000007   0.9324324324324291 
903   0.9040000000000007   0.9324324324324291 
904   0.9050000000000007   0.9324324324324291 
905   0.9060000000000007   0.9324324324324291 
906   0.9070000000000007   0.9324324324324291 
907   0.9080000000000007   0.9324324324324291 
908   0.9090000000000007   0.9324324324324291 
909   0.9100000000000007   0.9324324324324291 
910   0.9110000000000007   0.9324324324324291 
911   0.9120000000000007   0.9324324324324291 
912   0.9130000000000007   0.9324324324324291 
913   0.9140000000000007   0.9324324324324291 
914   0.9150000000000007   0.9324324324324291 
915   0.9150000000000007   0.9369369369369336 
916   0.9170000000000007   0.9369369369369336 
917   0.9180000000000007   0.9369369369369336 
918   0.9190000000000007   0.9369369369369336 
919   0.9200000000000007   0.9369369369369336 
920   0.9210000000000007   0.9369369369369336 
921   0.9210000000000007   0.941441441441438 
922   0.9230000000000007   0.941441441441438 
923   0.9230000000000007   0.9459459459459425 
924   0.9250000000000007   0.9459459459459425 
925   0.9250000000000007   0.950450450450447 
926   0.9270000000000007   0.950450450450447 
927   0.9280000000000007   0.950450450450447 
928   0.9290000000000007   0.950450450450447 
929   0.9300000000000007   0.950450450450447 
930   0.9310000000000007   0.950450450450447 
931   0.9310000000000007   0.9549549549549514 
932   0.9330000000000007   0.9549549549549514 
933   0.9330000000000007   0.9594594594594559 
934   0.9340000000000007   0.9639639639639603 
935   0.9360000000000007   0.9639639639639603 
936   0.9370000000000007   0.9639639639639603 
937   0.9380000000000007   0.9639639639639603 
938   0.9390000000000007   0.9639639639639603 
939   0.9400000000000007   0.9639639639639603 
940   0.9410000000000007   0.9639639639639603 
941   0.9410000000000007   0.9684684684684648 
942   0.9430000000000007   0.9684684684684648 
943   0.9430000000000007   0.9729729729729693 
944   0.9450000000000007   0.9729729729729693 
945   0.9460000000000007   0.9729729729729693 
946   0.9470000000000007   0.9729729729729693 
947   0.9480000000000007   0.9729729729729693 
948   0.9490000000000007   0.9729729729729693 
949   0.9500000000000007   0.9729729729729693 
950   0.9510000000000007   0.9729729729729693 
951   0.9520000000000007   0.9729729729729693 
952   0.9530000000000007   0.9729729729729693 
953   0.9540000000000007   0.9729729729729693 
954   0.9550000000000007   0.9729729729729693 
955   0.9560000000000007   0.9729729729729693 
956   0.9570000000000007   0.9729729729729693 
957   0.9580000000000007   0.9729729729729693 
958   0.9590000000000007   0.9729729729729693 
959   0.9600000000000007   0.9729729729729693 
960   0.9610000000000007   0.9729729729729693 
961   0.9620000000000007   0.9729729729729693 
962   0.9630000000000007   0.9729729729729693 
963   0.9630000000000007   0.9774774774774737 
964   0.9650000000000007   0.9774774774774737 
965   0.9660000000000007   0.9774774774774737 
966   0.9670000000000007   0.9774774774774737 
967   0.9680000000000007   0.9774774774774737 
968   0.9690000000000007   0.9774774774774737 
969   0.9700000000000008   0.9774774774774737 
970   0.9700000000000008   0.9819819819819782 
971   0.9720000000000008   0.9819819819819782 
972   0.9720000000000008   0.9864864864864826 
973   0.9730000000000008   0.9909909909909871 
974   0.9750000000000008   0.9909909909909871 
975   0.9760000000000008   0.9909909909909871 
976   0.9770000000000008   0.9909909909909871 
977   0.9780000000000008   0.9909909909909871 
978   0.9790000000000008   0.9909909909909871 
979   0.9790000000000008   0.9954954954954915 
980   0.9810000000000008   0.9954954954954915 
981   0.9810000000000008   0.999999999999996 
982   0.9830000000000008   0.999999999999996 
983   0.9840000000000008   0.999999999999996 
984   0.9850000000000008   0.999999999999996 
985   0.9860000000000008   0.999999999999996 
986   0.9870000000000008   0.999999999999996 
987   0.9880000000000008   0.999999999999996 
988   0.9890000000000008   0.999999999999996 
989   0.9900000000000008   0.999999999999996 
990   0.9910000000000008   0.999999999999996 
991   0.9920000000000008   0.999999999999996 
992   0.9930000000000008   0.999999999999996 
993   0.9940000000000008   0.999999999999996 
994   0.9950000000000008   0.999999999999996 
995   0.9960000000000008   0.999999999999996 
996   0.9970000000000008   0.999999999999996 
997   0.9980000000000008   0.999999999999996 
998   0.9990000000000008   0.999999999999996 
999   1.0000000000000007   0.999999999999996 
