0   0.001   0 
1   0.002   0 
2   0.002   0.020134228187919462 
3   0.004   0.020134228187919462 
4   0.005   0.020134228187919462 
5   0.006   0.020134228187919462 
6   0.007   0.020134228187919462 
7   0.008   0.020134228187919462 
8   0.009000000000000001   0.020134228187919462 
9   0.010000000000000002   0.020134228187919462 
10   0.011000000000000003   0.020134228187919462 
11   0.012000000000000004   0.020134228187919462 
12   0.013000000000000005   0.020134228187919462 
13   0.014000000000000005   0.020134228187919462 
14   0.015000000000000006   0.020134228187919462 
15   0.016000000000000007   0.020134228187919462 
16   0.017000000000000008   0.020134228187919462 
17   0.01800000000000001   0.020134228187919462 
18   0.01900000000000001   0.020134228187919462 
19   0.02000000000000001   0.020134228187919462 
20   0.02100000000000001   0.020134228187919462 
21   0.022000000000000013   0.020134228187919462 
22   0.023000000000000013   0.020134228187919462 
23   0.023000000000000013   0.040268456375838924 
24   0.025000000000000015   0.040268456375838924 
25   0.026000000000000016   0.040268456375838924 
26   0.027000000000000017   0.040268456375838924 
27   0.028000000000000018   0.040268456375838924 
28   0.028000000000000018   0.046979865771812075 
29   0.03000000000000002   0.046979865771812075 
30   0.03100000000000002   0.046979865771812075 
31   0.03200000000000002   0.046979865771812075 
32   0.03300000000000002   0.046979865771812075 
33   0.03300000000000002   0.05369127516778523 
34   0.035000000000000024   0.05369127516778523 
35   0.036000000000000025   0.05369127516778523 
36   0.037000000000000026   0.05369127516778523 
37   0.03800000000000003   0.05369127516778523 
38   0.03900000000000003   0.05369127516778523 
39   0.04000000000000003   0.05369127516778523 
40   0.04100000000000003   0.05369127516778523 
41   0.04200000000000003   0.05369127516778523 
42   0.04300000000000003   0.05369127516778523 
43   0.04300000000000003   0.06040268456375838 
44   0.04500000000000003   0.06040268456375838 
45   0.046000000000000034   0.06040268456375838 
46   0.047000000000000035   0.06040268456375838 
47   0.048000000000000036   0.06040268456375838 
48   0.04900000000000004   0.06040268456375838 
49   0.05000000000000004   0.06040268456375838 
50   0.05100000000000004   0.06040268456375838 
51   0.05200000000000004   0.06040268456375838 
52   0.05300000000000004   0.06040268456375838 
53   0.05400000000000004   0.06040268456375838 
54   0.05500000000000004   0.06040268456375838 
55   0.05600000000000004   0.06040268456375838 
56   0.05600000000000004   0.08053691275167785 
57   0.058000000000000045   0.08053691275167785 
58   0.059000000000000045   0.08053691275167785 
59   0.060000000000000046   0.08053691275167785 
60   0.06100000000000005   0.08053691275167785 
61   0.06100000000000005   0.09395973154362415 
62   0.06300000000000004   0.09395973154362415 
63   0.06400000000000004   0.09395973154362415 
64   0.06500000000000004   0.09395973154362415 
65   0.06600000000000004   0.09395973154362415 
66   0.06600000000000004   0.10067114093959731 
67   0.06800000000000005   0.10067114093959731 
68   0.06900000000000005   0.10067114093959731 
69   0.07000000000000005   0.10067114093959731 
70   0.07100000000000005   0.10067114093959731 
71   0.07200000000000005   0.10067114093959731 
72   0.07300000000000005   0.10067114093959731 
73   0.07400000000000005   0.10067114093959731 
74   0.07500000000000005   0.10067114093959731 
75   0.07600000000000005   0.10067114093959731 
76   0.07600000000000005   0.10738255033557047 
77   0.07800000000000006   0.10738255033557047 
78   0.07900000000000006   0.10738255033557047 
79   0.08000000000000006   0.10738255033557047 
80   0.08100000000000006   0.10738255033557047 
81   0.08200000000000006   0.10738255033557047 
82   0.08300000000000006   0.10738255033557047 
83   0.08400000000000006   0.10738255033557047 
84   0.08500000000000006   0.10738255033557047 
85   0.08500000000000006   0.11409395973154363 
86   0.08700000000000006   0.11409395973154363 
87   0.08800000000000006   0.11409395973154363 
88   0.08900000000000007   0.11409395973154363 
89   0.09000000000000007   0.11409395973154363 
90   0.09100000000000007   0.11409395973154363 
91   0.09200000000000007   0.11409395973154363 
92   0.09300000000000007   0.11409395973154363 
93   0.09400000000000007   0.11409395973154363 
94   0.09500000000000007   0.11409395973154363 
95   0.09600000000000007   0.11409395973154363 
96   0.09700000000000007   0.11409395973154363 
97   0.09800000000000007   0.11409395973154363 
98   0.09900000000000007   0.11409395973154363 
99   0.09900000000000007   0.12751677852348994 
100   0.10000000000000007   0.1342281879194631 
101   0.10200000000000008   0.1342281879194631 
102   0.10300000000000008   0.1342281879194631 
103   0.10400000000000008   0.1342281879194631 
104   0.10500000000000008   0.1342281879194631 
105   0.10600000000000008   0.1342281879194631 
106   0.10700000000000008   0.1342281879194631 
107   0.10800000000000008   0.1342281879194631 
108   0.10900000000000008   0.1342281879194631 
109   0.10900000000000008   0.14093959731543623 
110   0.11100000000000008   0.14093959731543623 
111   0.11200000000000009   0.14093959731543623 
112   0.11300000000000009   0.14093959731543623 
113   0.11400000000000009   0.14093959731543623 
114   0.11500000000000009   0.14093959731543623 
115   0.11600000000000009   0.14093959731543623 
116   0.11700000000000009   0.14093959731543623 
117   0.11800000000000009   0.14093959731543623 
118   0.11900000000000009   0.14093959731543623 
119   0.11900000000000009   0.14765100671140938 
120   0.1210000000000001   0.14765100671140938 
121   0.1220000000000001   0.14765100671140938 
122   0.1230000000000001   0.14765100671140938 
123   0.1240000000000001   0.14765100671140938 
124   0.12500000000000008   0.14765100671140938 
125   0.12600000000000008   0.14765100671140938 
126   0.12700000000000009   0.14765100671140938 
127   0.12800000000000009   0.14765100671140938 
128   0.1290000000000001   0.14765100671140938 
129   0.1290000000000001   0.15436241610738252 
130   0.1310000000000001   0.15436241610738252 
131   0.1320000000000001   0.15436241610738252 
132   0.1330000000000001   0.15436241610738252 
133   0.1340000000000001   0.15436241610738252 
134   0.1350000000000001   0.15436241610738252 
135   0.1360000000000001   0.15436241610738252 
136   0.1370000000000001   0.15436241610738252 
137   0.1380000000000001   0.15436241610738252 
138   0.1390000000000001   0.15436241610738252 
139   0.1400000000000001   0.15436241610738252 
140   0.1410000000000001   0.15436241610738252 
141   0.1420000000000001   0.15436241610738252 
142   0.1430000000000001   0.15436241610738252 
143   0.1440000000000001   0.15436241610738252 
144   0.1450000000000001   0.15436241610738252 
145   0.1460000000000001   0.15436241610738252 
146   0.1470000000000001   0.15436241610738252 
147   0.1470000000000001   0.16107382550335567 
148   0.1480000000000001   0.1677852348993288 
149   0.1500000000000001   0.1677852348993288 
150   0.1510000000000001   0.1677852348993288 
151   0.1520000000000001   0.1677852348993288 
152   0.1530000000000001   0.1677852348993288 
153   0.1540000000000001   0.1677852348993288 
154   0.1550000000000001   0.1677852348993288 
155   0.1560000000000001   0.1677852348993288 
156   0.1570000000000001   0.1677852348993288 
157   0.1580000000000001   0.1677852348993288 
158   0.1580000000000001   0.17449664429530196 
159   0.16000000000000011   0.17449664429530196 
160   0.16100000000000012   0.17449664429530196 
161   0.16200000000000012   0.17449664429530196 
162   0.16300000000000012   0.17449664429530196 
163   0.16400000000000012   0.17449664429530196 
164   0.16500000000000012   0.17449664429530196 
165   0.16600000000000012   0.17449664429530196 
166   0.16700000000000012   0.17449664429530196 
167   0.16700000000000012   0.1812080536912751 
168   0.16900000000000012   0.1812080536912751 
169   0.17000000000000012   0.1812080536912751 
170   0.17100000000000012   0.1812080536912751 
171   0.17200000000000013   0.1812080536912751 
172   0.17300000000000013   0.1812080536912751 
173   0.17400000000000013   0.1812080536912751 
174   0.17500000000000013   0.1812080536912751 
175   0.17600000000000013   0.1812080536912751 
176   0.17700000000000013   0.1812080536912751 
177   0.17800000000000013   0.1812080536912751 
178   0.17900000000000013   0.1812080536912751 
179   0.18000000000000013   0.1812080536912751 
180   0.18100000000000013   0.1812080536912751 
181   0.18200000000000013   0.1812080536912751 
182   0.18300000000000013   0.1812080536912751 
183   0.18400000000000014   0.1812080536912751 
184   0.18500000000000014   0.1812080536912751 
185   0.18600000000000014   0.1812080536912751 
186   0.18600000000000014   0.18791946308724825 
187   0.18800000000000014   0.18791946308724825 
188   0.18900000000000014   0.18791946308724825 
189   0.19000000000000014   0.18791946308724825 
190   0.19100000000000014   0.18791946308724825 
191   0.19200000000000014   0.18791946308724825 
192   0.19300000000000014   0.18791946308724825 
193   0.19400000000000014   0.18791946308724825 
194   0.19500000000000015   0.18791946308724825 
195   0.19600000000000015   0.18791946308724825 
196   0.19600000000000015   0.1946308724832214 
197   0.19800000000000015   0.1946308724832214 
198   0.19900000000000015   0.1946308724832214 
199   0.20000000000000015   0.1946308724832214 
200   0.20100000000000015   0.1946308724832214 
201   0.20200000000000015   0.1946308724832214 
202   0.20300000000000015   0.1946308724832214 
203   0.20400000000000015   0.1946308724832214 
204   0.20500000000000015   0.1946308724832214 
205   0.20600000000000016   0.1946308724832214 
206   0.20700000000000016   0.1946308724832214 
207   0.20800000000000016   0.1946308724832214 
208   0.20900000000000016   0.1946308724832214 
209   0.21000000000000016   0.1946308724832214 
210   0.21100000000000016   0.1946308724832214 
211   0.21200000000000016   0.1946308724832214 
212   0.21300000000000016   0.1946308724832214 
213   0.21400000000000016   0.1946308724832214 
214   0.21500000000000016   0.1946308724832214 
215   0.21600000000000016   0.1946308724832214 
216   0.21600000000000016   0.21476510067114085 
217   0.21800000000000017   0.21476510067114085 
218   0.21900000000000017   0.21476510067114085 
219   0.22000000000000017   0.21476510067114085 
220   0.22100000000000017   0.21476510067114085 
221   0.22200000000000017   0.21476510067114085 
222   0.22300000000000017   0.21476510067114085 
223   0.22400000000000017   0.21476510067114085 
224   0.22500000000000017   0.21476510067114085 
225   0.22600000000000017   0.21476510067114085 
226   0.22700000000000017   0.21476510067114085 
227   0.22800000000000017   0.21476510067114085 
228   0.22900000000000018   0.21476510067114085 
229   0.23000000000000018   0.21476510067114085 
230   0.23100000000000018   0.21476510067114085 
231   0.23200000000000018   0.21476510067114085 
232   0.23300000000000018   0.21476510067114085 
233   0.23400000000000018   0.21476510067114085 
234   0.23500000000000018   0.21476510067114085 
235   0.23600000000000018   0.21476510067114085 
236   0.23700000000000018   0.21476510067114085 
237   0.23800000000000018   0.21476510067114085 
238   0.23900000000000018   0.21476510067114085 
239   0.23900000000000018   0.2348993288590603 
240   0.2410000000000002   0.2348993288590603 
241   0.2420000000000002   0.2348993288590603 
242   0.2430000000000002   0.2348993288590603 
243   0.2440000000000002   0.2348993288590603 
244   0.2450000000000002   0.2348993288590603 
245   0.2460000000000002   0.2348993288590603 
246   0.2460000000000002   0.24161073825503346 
247   0.2480000000000002   0.24161073825503346 
248   0.2490000000000002   0.24161073825503346 
249   0.25000000000000017   0.24161073825503346 
250   0.25100000000000017   0.24161073825503346 
251   0.25100000000000017   0.2483221476510066 
252   0.25300000000000017   0.2483221476510066 
253   0.25400000000000017   0.2483221476510066 
254   0.25500000000000017   0.2483221476510066 
255   0.25600000000000017   0.2483221476510066 
256   0.2570000000000002   0.2483221476510066 
257   0.2580000000000002   0.2483221476510066 
258   0.2590000000000002   0.2483221476510066 
259   0.2600000000000002   0.2483221476510066 
260   0.2600000000000002   0.2550335570469798 
261   0.2620000000000002   0.2550335570469798 
262   0.2630000000000002   0.2550335570469798 
263   0.2640000000000002   0.2550335570469798 
264   0.2650000000000002   0.2550335570469798 
265   0.2660000000000002   0.2550335570469798 
266   0.2670000000000002   0.2550335570469798 
267   0.2680000000000002   0.2550335570469798 
268   0.2690000000000002   0.2550335570469798 
269   0.2700000000000002   0.2550335570469798 
270   0.2710000000000002   0.2550335570469798 
271   0.2720000000000002   0.2550335570469798 
272   0.2730000000000002   0.2550335570469798 
273   0.2740000000000002   0.2550335570469798 
274   0.2740000000000002   0.27516778523489926 
275   0.2760000000000002   0.27516778523489926 
276   0.2770000000000002   0.27516778523489926 
277   0.2780000000000002   0.27516778523489926 
278   0.2790000000000002   0.27516778523489926 
279   0.2800000000000002   0.27516778523489926 
280   0.2810000000000002   0.27516778523489926 
281   0.2810000000000002   0.28859060402684555 
282   0.2830000000000002   0.28859060402684555 
283   0.2840000000000002   0.28859060402684555 
284   0.2850000000000002   0.28859060402684555 
285   0.2860000000000002   0.28859060402684555 
286   0.2860000000000002   0.2953020134228187 
287   0.2880000000000002   0.2953020134228187 
288   0.2890000000000002   0.2953020134228187 
289   0.2900000000000002   0.2953020134228187 
290   0.2910000000000002   0.2953020134228187 
291   0.2920000000000002   0.2953020134228187 
292   0.2930000000000002   0.2953020134228187 
293   0.2940000000000002   0.2953020134228187 
294   0.2950000000000002   0.2953020134228187 
295   0.2950000000000002   0.30201342281879184 
296   0.2970000000000002   0.30201342281879184 
297   0.2980000000000002   0.30201342281879184 
298   0.2990000000000002   0.30201342281879184 
299   0.3000000000000002   0.30201342281879184 
300   0.3010000000000002   0.30201342281879184 
301   0.3020000000000002   0.30201342281879184 
302   0.3030000000000002   0.30201342281879184 
303   0.3040000000000002   0.30201342281879184 
304   0.3050000000000002   0.30201342281879184 
305   0.3050000000000002   0.308724832214765 
306   0.3070000000000002   0.308724832214765 
307   0.3080000000000002   0.308724832214765 
308   0.3090000000000002   0.308724832214765 
309   0.3100000000000002   0.308724832214765 
310   0.3110000000000002   0.308724832214765 
311   0.3120000000000002   0.308724832214765 
312   0.3130000000000002   0.308724832214765 
313   0.3140000000000002   0.308724832214765 
314   0.3150000000000002   0.308724832214765 
315   0.3160000000000002   0.308724832214765 
316   0.3170000000000002   0.308724832214765 
317   0.3180000000000002   0.308724832214765 
318   0.31900000000000023   0.308724832214765 
319   0.31900000000000023   0.3288590604026844 
320   0.32100000000000023   0.3288590604026844 
321   0.32200000000000023   0.3288590604026844 
322   0.32300000000000023   0.3288590604026844 
323   0.32400000000000023   0.3288590604026844 
324   0.32500000000000023   0.3288590604026844 
325   0.32600000000000023   0.3288590604026844 
326   0.32700000000000023   0.3288590604026844 
327   0.32800000000000024   0.3288590604026844 
328   0.32800000000000024   0.34899328859060386 
329   0.33000000000000024   0.34899328859060386 
330   0.33100000000000024   0.34899328859060386 
331   0.33200000000000024   0.34899328859060386 
332   0.33300000000000024   0.34899328859060386 
333   0.33300000000000024   0.355704697986577 
334   0.33500000000000024   0.355704697986577 
335   0.33600000000000024   0.355704697986577 
336   0.33700000000000024   0.355704697986577 
337   0.33800000000000024   0.355704697986577 
338   0.33900000000000025   0.355704697986577 
339   0.34000000000000025   0.355704697986577 
340   0.34100000000000025   0.355704697986577 
341   0.34200000000000025   0.355704697986577 
342   0.34300000000000025   0.355704697986577 
343   0.34300000000000025   0.36241610738255015 
344   0.34500000000000025   0.36241610738255015 
345   0.34600000000000025   0.36241610738255015 
346   0.34700000000000025   0.36241610738255015 
347   0.34800000000000025   0.36241610738255015 
348   0.34900000000000025   0.36241610738255015 
349   0.35000000000000026   0.36241610738255015 
350   0.35100000000000026   0.36241610738255015 
351   0.35200000000000026   0.36241610738255015 
352   0.35200000000000026   0.3691275167785233 
353   0.35400000000000026   0.3691275167785233 
354   0.35500000000000026   0.3691275167785233 
355   0.35600000000000026   0.3691275167785233 
356   0.35700000000000026   0.3691275167785233 
357   0.35800000000000026   0.3691275167785233 
358   0.35900000000000026   0.3691275167785233 
359   0.36000000000000026   0.3691275167785233 
360   0.36100000000000027   0.3691275167785233 
361   0.36200000000000027   0.3691275167785233 
362   0.36200000000000027   0.37583892617449643 
363   0.36400000000000027   0.37583892617449643 
364   0.36500000000000027   0.37583892617449643 
365   0.36600000000000027   0.37583892617449643 
366   0.36700000000000027   0.37583892617449643 
367   0.36800000000000027   0.37583892617449643 
368   0.36900000000000027   0.37583892617449643 
369   0.3700000000000003   0.37583892617449643 
370   0.3710000000000003   0.37583892617449643 
371   0.3720000000000003   0.37583892617449643 
372   0.3730000000000003   0.37583892617449643 
373   0.3740000000000003   0.37583892617449643 
374   0.3750000000000003   0.37583892617449643 
375   0.3760000000000003   0.37583892617449643 
376   0.3770000000000003   0.37583892617449643 
377   0.3770000000000003   0.39597315436241587 
378   0.3790000000000003   0.39597315436241587 
379   0.3800000000000003   0.39597315436241587 
380   0.3810000000000003   0.39597315436241587 
381   0.3820000000000003   0.39597315436241587 
382   0.3830000000000003   0.39597315436241587 
383   0.3840000000000003   0.39597315436241587 
384   0.3850000000000003   0.39597315436241587 
385   0.3860000000000003   0.39597315436241587 
386   0.3860000000000003   0.4228187919463085 
387   0.3880000000000003   0.4228187919463085 
388   0.3890000000000003   0.4228187919463085 
389   0.3900000000000003   0.4228187919463085 
390   0.3910000000000003   0.4228187919463085 
391   0.3910000000000003   0.42953020134228165 
392   0.3930000000000003   0.42953020134228165 
393   0.3940000000000003   0.42953020134228165 
394   0.3950000000000003   0.42953020134228165 
395   0.3960000000000003   0.42953020134228165 
396   0.3970000000000003   0.42953020134228165 
397   0.3980000000000003   0.42953020134228165 
398   0.3990000000000003   0.42953020134228165 
399   0.4000000000000003   0.42953020134228165 
400   0.4010000000000003   0.42953020134228165 
401   0.4010000000000003   0.4362416107382548 
402   0.4030000000000003   0.4362416107382548 
403   0.4040000000000003   0.4362416107382548 
404   0.4050000000000003   0.4362416107382548 
405   0.4060000000000003   0.4362416107382548 
406   0.4070000000000003   0.4362416107382548 
407   0.4080000000000003   0.4362416107382548 
408   0.4090000000000003   0.4362416107382548 
409   0.4100000000000003   0.4362416107382548 
410   0.4100000000000003   0.44295302013422794 
411   0.4120000000000003   0.44295302013422794 
412   0.4130000000000003   0.44295302013422794 
413   0.4140000000000003   0.44295302013422794 
414   0.4150000000000003   0.44295302013422794 
415   0.4160000000000003   0.44295302013422794 
416   0.4170000000000003   0.44295302013422794 
417   0.4180000000000003   0.44295302013422794 
418   0.4190000000000003   0.44295302013422794 
419   0.4200000000000003   0.44295302013422794 
420   0.4200000000000003   0.4496644295302011 
421   0.4220000000000003   0.4496644295302011 
422   0.4230000000000003   0.4496644295302011 
423   0.4240000000000003   0.4496644295302011 
424   0.4250000000000003   0.4496644295302011 
425   0.4260000000000003   0.4496644295302011 
426   0.4270000000000003   0.4496644295302011 
427   0.4280000000000003   0.4496644295302011 
428   0.4290000000000003   0.4496644295302011 
429   0.4300000000000003   0.4496644295302011 
430   0.4300000000000003   0.4563758389261742 
431   0.43200000000000033   0.4563758389261742 
432   0.43300000000000033   0.4563758389261742 
433   0.43400000000000033   0.4563758389261742 
434   0.43500000000000033   0.4563758389261742 
435   0.43600000000000033   0.4563758389261742 
436   0.43700000000000033   0.4563758389261742 
437   0.43800000000000033   0.4563758389261742 
438   0.43900000000000033   0.4563758389261742 
439   0.44000000000000034   0.4563758389261742 
440   0.44100000000000034   0.4563758389261742 
441   0.44200000000000034   0.4563758389261742 
442   0.44300000000000034   0.4563758389261742 
443   0.44400000000000034   0.4563758389261742 
444   0.44500000000000034   0.4563758389261742 
445   0.44500000000000034   0.48322147651006686 
446   0.44600000000000034   0.48993288590604 
447   0.44800000000000034   0.48993288590604 
448   0.44900000000000034   0.48993288590604 
449   0.45000000000000034   0.48993288590604 
450   0.45100000000000035   0.48993288590604 
451   0.45200000000000035   0.48993288590604 
452   0.45300000000000035   0.48993288590604 
453   0.45400000000000035   0.48993288590604 
454   0.45500000000000035   0.48993288590604 
455   0.45500000000000035   0.49664429530201315 
456   0.45700000000000035   0.49664429530201315 
457   0.45800000000000035   0.49664429530201315 
458   0.45900000000000035   0.49664429530201315 
459   0.46000000000000035   0.49664429530201315 
460   0.46100000000000035   0.49664429530201315 
461   0.46200000000000035   0.49664429530201315 
462   0.46300000000000036   0.49664429530201315 
463   0.46400000000000036   0.49664429530201315 
464   0.46500000000000036   0.49664429530201315 
465   0.46500000000000036   0.5033557046979863 
466   0.46700000000000036   0.5033557046979863 
467   0.46800000000000036   0.5033557046979863 
468   0.46900000000000036   0.5033557046979863 
469   0.47000000000000036   0.5033557046979863 
470   0.47100000000000036   0.5033557046979863 
471   0.47200000000000036   0.5033557046979863 
472   0.47300000000000036   0.5033557046979863 
473   0.47400000000000037   0.5033557046979863 
474   0.47400000000000037   0.5100671140939594 
475   0.47600000000000037   0.5100671140939594 
476   0.47700000000000037   0.5100671140939594 
477   0.47800000000000037   0.5100671140939594 
478   0.47900000000000037   0.5100671140939594 
479   0.48000000000000037   0.5100671140939594 
480   0.48100000000000037   0.5100671140939594 
481   0.4820000000000004   0.5100671140939594 
482   0.4830000000000004   0.5100671140939594 
483   0.4840000000000004   0.5100671140939594 
484   0.4840000000000004   0.5167785234899326 
485   0.4860000000000004   0.5167785234899326 
486   0.4870000000000004   0.5167785234899326 
487   0.4880000000000004   0.5167785234899326 
488   0.4890000000000004   0.5167785234899326 
489   0.4900000000000004   0.5167785234899326 
490   0.4910000000000004   0.5167785234899326 
491   0.4920000000000004   0.5167785234899326 
492   0.4930000000000004   0.5167785234899326 
493   0.4940000000000004   0.5167785234899326 
494   0.4940000000000004   0.5234899328859057 
495   0.4960000000000004   0.5234899328859057 
496   0.4970000000000004   0.5234899328859057 
497   0.4980000000000004   0.5234899328859057 
498   0.4990000000000004   0.5234899328859057 
499   0.5000000000000003   0.5234899328859057 
500   0.5010000000000003   0.5234899328859057 
501   0.5020000000000003   0.5234899328859057 
502   0.5030000000000003   0.5234899328859057 
503   0.5040000000000003   0.5234899328859057 
504   0.5050000000000003   0.5234899328859057 
505   0.5060000000000003   0.5234899328859057 
506   0.5070000000000003   0.5234899328859057 
507   0.5080000000000003   0.5234899328859057 
508   0.5090000000000003   0.5234899328859057 
509   0.5100000000000003   0.5234899328859057 
510   0.5110000000000003   0.5234899328859057 
511   0.5120000000000003   0.5234899328859057 
512   0.5130000000000003   0.5234899328859057 
513   0.5130000000000003   0.5436241610738252 
514   0.5140000000000003   0.5503355704697983 
515   0.5160000000000003   0.5503355704697983 
516   0.5170000000000003   0.5503355704697983 
517   0.5180000000000003   0.5503355704697983 
518   0.5190000000000003   0.5503355704697983 
519   0.5200000000000004   0.5503355704697983 
520   0.5210000000000004   0.5503355704697983 
521   0.5220000000000004   0.5503355704697983 
522   0.5230000000000004   0.5503355704697983 
523   0.5240000000000004   0.5503355704697983 
524   0.5240000000000004   0.5570469798657715 
525   0.5260000000000004   0.5570469798657715 
526   0.5270000000000004   0.5570469798657715 
527   0.5280000000000004   0.5570469798657715 
528   0.5290000000000004   0.5570469798657715 
529   0.5300000000000004   0.5570469798657715 
530   0.5310000000000004   0.5570469798657715 
531   0.5320000000000004   0.5570469798657715 
532   0.5330000000000004   0.5570469798657715 
533   0.5330000000000004   0.5637583892617446 
534   0.5350000000000004   0.5637583892617446 
535   0.5360000000000004   0.5637583892617446 
536   0.5370000000000004   0.5637583892617446 
537   0.5380000000000004   0.5637583892617446 
538   0.5390000000000004   0.5637583892617446 
539   0.5400000000000004   0.5637583892617446 
540   0.5410000000000004   0.5637583892617446 
541   0.5420000000000004   0.5637583892617446 
542   0.5430000000000004   0.5637583892617446 
543   0.5430000000000004   0.5704697986577177 
544   0.5450000000000004   0.5704697986577177 
545   0.5460000000000004   0.5704697986577177 
546   0.5470000000000004   0.5704697986577177 
547   0.5480000000000004   0.5704697986577177 
548   0.5490000000000004   0.5704697986577177 
549   0.5500000000000004   0.5704697986577177 
550   0.5510000000000004   0.5704697986577177 
551   0.5520000000000004   0.5704697986577177 
552   0.5520000000000004   0.5771812080536909 
553   0.5540000000000004   0.5771812080536909 
554   0.5550000000000004   0.5771812080536909 
555   0.5560000000000004   0.5771812080536909 
556   0.5570000000000004   0.5771812080536909 
557   0.5580000000000004   0.5771812080536909 
558   0.5590000000000004   0.5771812080536909 
559   0.5600000000000004   0.5771812080536909 
560   0.5610000000000004   0.5771812080536909 
561   0.5620000000000004   0.5771812080536909 
562   0.5630000000000004   0.5771812080536909 
563   0.5640000000000004   0.5771812080536909 
564   0.5650000000000004   0.5771812080536909 
565   0.5660000000000004   0.5771812080536909 
566   0.5670000000000004   0.5771812080536909 
567   0.5680000000000004   0.5771812080536909 
568   0.5690000000000004   0.5771812080536909 
569   0.5700000000000004   0.5771812080536909 
570   0.5710000000000004   0.5771812080536909 
571   0.5710000000000004   0.5906040268456372 
572   0.5720000000000004   0.5973154362416103 
573   0.5740000000000004   0.5973154362416103 
574   0.5750000000000004   0.5973154362416103 
575   0.5760000000000004   0.5973154362416103 
576   0.5770000000000004   0.5973154362416103 
577   0.5780000000000004   0.5973154362416103 
578   0.5790000000000004   0.5973154362416103 
579   0.5800000000000004   0.5973154362416103 
580   0.5810000000000004   0.5973154362416103 
581   0.5820000000000004   0.5973154362416103 
582   0.5820000000000004   0.6040268456375835 
583   0.5840000000000004   0.6040268456375835 
584   0.5850000000000004   0.6040268456375835 
585   0.5860000000000004   0.6040268456375835 
586   0.5870000000000004   0.6040268456375835 
587   0.5880000000000004   0.6040268456375835 
588   0.5890000000000004   0.6040268456375835 
589   0.5900000000000004   0.6040268456375835 
590   0.5910000000000004   0.6040268456375835 
591   0.5920000000000004   0.6040268456375835 
592   0.5920000000000004   0.6107382550335566 
593   0.5940000000000004   0.6107382550335566 
594   0.5950000000000004   0.6107382550335566 
595   0.5960000000000004   0.6107382550335566 
596   0.5970000000000004   0.6107382550335566 
597   0.5980000000000004   0.6107382550335566 
598   0.5990000000000004   0.6107382550335566 
599   0.6000000000000004   0.6107382550335566 
600   0.6010000000000004   0.6107382550335566 
601   0.6010000000000004   0.6174496644295298 
602   0.6030000000000004   0.6174496644295298 
603   0.6040000000000004   0.6174496644295298 
604   0.6050000000000004   0.6174496644295298 
605   0.6060000000000004   0.6174496644295298 
606   0.6070000000000004   0.6174496644295298 
607   0.6080000000000004   0.6174496644295298 
608   0.6090000000000004   0.6174496644295298 
609   0.6100000000000004   0.6174496644295298 
610   0.6110000000000004   0.6174496644295298 
611   0.6120000000000004   0.6174496644295298 
612   0.6130000000000004   0.6174496644295298 
613   0.6140000000000004   0.6174496644295298 
614   0.6150000000000004   0.6174496644295298 
615   0.6160000000000004   0.6174496644295298 
616   0.6170000000000004   0.6174496644295298 
617   0.6180000000000004   0.6174496644295298 
618   0.6190000000000004   0.6174496644295298 
619   0.6200000000000004   0.6174496644295298 
620   0.6210000000000004   0.6174496644295298 
621   0.6220000000000004   0.6174496644295298 
622   0.6220000000000004   0.6241610738255029 
623   0.6230000000000004   0.6375838926174492 
624   0.6250000000000004   0.6375838926174492 
625   0.6260000000000004   0.6375838926174492 
626   0.6270000000000004   0.6375838926174492 
627   0.6280000000000004   0.6375838926174492 
628   0.6290000000000004   0.6375838926174492 
629   0.6290000000000004   0.6510067114093955 
630   0.6310000000000004   0.6510067114093955 
631   0.6320000000000005   0.6510067114093955 
632   0.6330000000000005   0.6510067114093955 
633   0.6340000000000005   0.6510067114093955 
634   0.6340000000000005   0.6577181208053686 
635   0.6360000000000005   0.6577181208053686 
636   0.6370000000000005   0.6577181208053686 
637   0.6380000000000005   0.6577181208053686 
638   0.6390000000000005   0.6577181208053686 
639   0.6400000000000005   0.6577181208053686 
640   0.6410000000000005   0.6577181208053686 
641   0.6420000000000005   0.6577181208053686 
642   0.6430000000000005   0.6577181208053686 
643   0.6440000000000005   0.6577181208053686 
644   0.6440000000000005   0.6644295302013418 
645   0.6460000000000005   0.6644295302013418 
646   0.6470000000000005   0.6644295302013418 
647   0.6480000000000005   0.6644295302013418 
648   0.6490000000000005   0.6644295302013418 
649   0.6500000000000005   0.6644295302013418 
650   0.6510000000000005   0.6644295302013418 
651   0.6520000000000005   0.6644295302013418 
652   0.6530000000000005   0.6644295302013418 
653   0.6530000000000005   0.6711409395973149 
654   0.6550000000000005   0.6711409395973149 
655   0.6560000000000005   0.6711409395973149 
656   0.6570000000000005   0.6711409395973149 
657   0.6580000000000005   0.6711409395973149 
658   0.6590000000000005   0.6711409395973149 
659   0.6600000000000005   0.6711409395973149 
660   0.6610000000000005   0.6711409395973149 
661   0.6620000000000005   0.6711409395973149 
662   0.6630000000000005   0.6711409395973149 
663   0.6640000000000005   0.6711409395973149 
664   0.6650000000000005   0.6711409395973149 
665   0.6660000000000005   0.6711409395973149 
666   0.6670000000000005   0.6711409395973149 
667   0.6670000000000005   0.6778523489932881 
668   0.6680000000000005   0.6912751677852343 
669   0.6700000000000005   0.6912751677852343 
670   0.6710000000000005   0.6912751677852343 
671   0.6720000000000005   0.6912751677852343 
672   0.6730000000000005   0.6912751677852343 
673   0.6740000000000005   0.6912751677852343 
674   0.6740000000000005   0.7114093959731538 
675   0.6760000000000005   0.7114093959731538 
676   0.6770000000000005   0.7114093959731538 
677   0.6780000000000005   0.7114093959731538 
678   0.6790000000000005   0.7114093959731538 
679   0.6790000000000005   0.7181208053691269 
680   0.6810000000000005   0.7181208053691269 
681   0.6820000000000005   0.7181208053691269 
682   0.6830000000000005   0.7181208053691269 
683   0.6840000000000005   0.7181208053691269 
684   0.6850000000000005   0.7181208053691269 
685   0.6860000000000005   0.7181208053691269 
686   0.6870000000000005   0.7181208053691269 
687   0.6880000000000005   0.7181208053691269 
688   0.6890000000000005   0.7181208053691269 
689   0.6890000000000005   0.7248322147651001 
690   0.6910000000000005   0.7248322147651001 
691   0.6920000000000005   0.7248322147651001 
692   0.6930000000000005   0.7248322147651001 
693   0.6940000000000005   0.7248322147651001 
694   0.6950000000000005   0.7248322147651001 
695   0.6960000000000005   0.7248322147651001 
696   0.6970000000000005   0.7248322147651001 
697   0.6980000000000005   0.7248322147651001 
698   0.6980000000000005   0.7315436241610732 
699   0.7000000000000005   0.7315436241610732 
700   0.7010000000000005   0.7315436241610732 
701   0.7020000000000005   0.7315436241610732 
702   0.7030000000000005   0.7315436241610732 
703   0.7040000000000005   0.7315436241610732 
704   0.7050000000000005   0.7315436241610732 
705   0.7060000000000005   0.7315436241610732 
706   0.7070000000000005   0.7315436241610732 
707   0.7080000000000005   0.7315436241610732 
708   0.7080000000000005   0.7382550335570464 
709   0.7100000000000005   0.7382550335570464 
710   0.7110000000000005   0.7382550335570464 
711   0.7120000000000005   0.7382550335570464 
712   0.7130000000000005   0.7382550335570464 
713   0.7140000000000005   0.7382550335570464 
714   0.7150000000000005   0.7382550335570464 
715   0.7160000000000005   0.7382550335570464 
716   0.7170000000000005   0.7382550335570464 
717   0.7180000000000005   0.7382550335570464 
718   0.7190000000000005   0.7382550335570464 
719   0.7200000000000005   0.7382550335570464 
720   0.7210000000000005   0.7382550335570464 
721   0.7220000000000005   0.7382550335570464 
722   0.7220000000000005   0.7449664429530195 
723   0.7230000000000005   0.7583892617449658 
724   0.7250000000000005   0.7583892617449658 
725   0.7260000000000005   0.7583892617449658 
726   0.7270000000000005   0.7583892617449658 
727   0.7280000000000005   0.7583892617449658 
728   0.7290000000000005   0.7583892617449658 
729   0.7300000000000005   0.7583892617449658 
730   0.7300000000000005   0.7852348993288584 
731   0.7320000000000005   0.7852348993288584 
732   0.7330000000000005   0.7852348993288584 
733   0.7340000000000005   0.7852348993288584 
734   0.7340000000000005   0.7919463087248315 
735   0.7360000000000005   0.7919463087248315 
736   0.7370000000000005   0.7919463087248315 
737   0.7380000000000005   0.7919463087248315 
738   0.7390000000000005   0.7919463087248315 
739   0.7400000000000005   0.7919463087248315 
740   0.7410000000000005   0.7919463087248315 
741   0.7420000000000005   0.7919463087248315 
742   0.7430000000000005   0.7919463087248315 
743   0.7440000000000005   0.7919463087248315 
744   0.7440000000000005   0.7986577181208047 
745   0.7460000000000006   0.7986577181208047 
746   0.7470000000000006   0.7986577181208047 
747   0.7480000000000006   0.7986577181208047 
748   0.7490000000000006   0.7986577181208047 
749   0.7500000000000006   0.7986577181208047 
750   0.7510000000000006   0.7986577181208047 
751   0.7520000000000006   0.7986577181208047 
752   0.7530000000000006   0.7986577181208047 
753   0.7540000000000006   0.7986577181208047 
754   0.7540000000000006   0.8053691275167778 
755   0.7560000000000006   0.8053691275167778 
756   0.7570000000000006   0.8053691275167778 
757   0.7580000000000006   0.8053691275167778 
758   0.7590000000000006   0.8053691275167778 
759   0.7600000000000006   0.8053691275167778 
760   0.7610000000000006   0.8053691275167778 
761   0.7620000000000006   0.8053691275167778 
762   0.7630000000000006   0.8053691275167778 
763   0.7630000000000006   0.812080536912751 
764   0.7650000000000006   0.812080536912751 
765   0.7660000000000006   0.812080536912751 
766   0.7670000000000006   0.812080536912751 
767   0.7680000000000006   0.812080536912751 
768   0.7690000000000006   0.812080536912751 
769   0.7700000000000006   0.812080536912751 
770   0.7710000000000006   0.812080536912751 
771   0.7720000000000006   0.812080536912751 
772   0.7730000000000006   0.812080536912751 
773   0.7730000000000006   0.8187919463087241 
774   0.7750000000000006   0.8187919463087241 
775   0.7760000000000006   0.8187919463087241 
776   0.7770000000000006   0.8187919463087241 
777   0.7780000000000006   0.8187919463087241 
778   0.7790000000000006   0.8187919463087241 
779   0.7800000000000006   0.8187919463087241 
780   0.7810000000000006   0.8187919463087241 
781   0.7820000000000006   0.8187919463087241 
782   0.7830000000000006   0.8187919463087241 
783   0.7840000000000006   0.8187919463087241 
784   0.7850000000000006   0.8187919463087241 
785   0.7860000000000006   0.8187919463087241 
786   0.7870000000000006   0.8187919463087241 
787   0.7880000000000006   0.8187919463087241 
788   0.7880000000000006   0.8523489932885898 
789   0.7900000000000006   0.8523489932885898 
790   0.7910000000000006   0.8523489932885898 
791   0.7920000000000006   0.8523489932885898 
792   0.7930000000000006   0.8523489932885898 
793   0.7940000000000006   0.8523489932885898 
794   0.7950000000000006   0.8523489932885898 
795   0.7960000000000006   0.8523489932885898 
796   0.7970000000000006   0.8523489932885898 
797   0.7980000000000006   0.8523489932885898 
798   0.7980000000000006   0.859060402684563 
799   0.8000000000000006   0.859060402684563 
800   0.8010000000000006   0.859060402684563 
801   0.8020000000000006   0.859060402684563 
802   0.8030000000000006   0.859060402684563 
803   0.8040000000000006   0.859060402684563 
804   0.8050000000000006   0.859060402684563 
805   0.8060000000000006   0.859060402684563 
806   0.8070000000000006   0.859060402684563 
807   0.8080000000000006   0.859060402684563 
808   0.8080000000000006   0.8657718120805361 
809   0.8100000000000006   0.8657718120805361 
810   0.8110000000000006   0.8657718120805361 
811   0.8120000000000006   0.8657718120805361 
812   0.8130000000000006   0.8657718120805361 
813   0.8140000000000006   0.8657718120805361 
814   0.8150000000000006   0.8657718120805361 
815   0.8160000000000006   0.8657718120805361 
816   0.8170000000000006   0.8657718120805361 
817   0.8170000000000006   0.8724832214765093 
818   0.8190000000000006   0.8724832214765093 
819   0.8200000000000006   0.8724832214765093 
820   0.8210000000000006   0.8724832214765093 
821   0.8220000000000006   0.8724832214765093 
822   0.8230000000000006   0.8724832214765093 
823   0.8240000000000006   0.8724832214765093 
824   0.8250000000000006   0.8724832214765093 
825   0.8260000000000006   0.8724832214765093 
826   0.8270000000000006   0.8724832214765093 
827   0.8270000000000006   0.8791946308724824 
828   0.8290000000000006   0.8791946308724824 
829   0.8300000000000006   0.8791946308724824 
830   0.8310000000000006   0.8791946308724824 
831   0.8320000000000006   0.8791946308724824 
832   0.8330000000000006   0.8791946308724824 
833   0.8340000000000006   0.8791946308724824 
834   0.8350000000000006   0.8791946308724824 
835   0.8360000000000006   0.8791946308724824 
836   0.8370000000000006   0.8791946308724824 
837   0.8370000000000006   0.8859060402684555 
838   0.8390000000000006   0.8859060402684555 
839   0.8400000000000006   0.8859060402684555 
840   0.8410000000000006   0.8859060402684555 
841   0.8420000000000006   0.8859060402684555 
842   0.8430000000000006   0.8859060402684555 
843   0.8440000000000006   0.8859060402684555 
844   0.8450000000000006   0.8859060402684555 
845   0.8460000000000006   0.8859060402684555 
846   0.8470000000000006   0.8859060402684555 
847   0.8480000000000006   0.8859060402684555 
848   0.8490000000000006   0.8859060402684555 
849   0.8500000000000006   0.8859060402684555 
850   0.8510000000000006   0.8859060402684555 
851   0.8520000000000006   0.8859060402684555 
852   0.8530000000000006   0.8859060402684555 
853   0.8540000000000006   0.8859060402684555 
854   0.8550000000000006   0.8859060402684555 
855   0.8560000000000006   0.8859060402684555 
856   0.8560000000000006   0.906040268456375 
857   0.8570000000000007   0.9127516778523481 
858   0.8590000000000007   0.9127516778523481 
859   0.8600000000000007   0.9127516778523481 
860   0.8610000000000007   0.9127516778523481 
861   0.8620000000000007   0.9127516778523481 
862   0.8630000000000007   0.9127516778523481 
863   0.8640000000000007   0.9127516778523481 
864   0.8650000000000007   0.9127516778523481 
865   0.8660000000000007   0.9127516778523481 
866   0.8670000000000007   0.9127516778523481 
867   0.8670000000000007   0.9194630872483213 
868   0.8690000000000007   0.9194630872483213 
869   0.8700000000000007   0.9194630872483213 
870   0.8710000000000007   0.9194630872483213 
871   0.8720000000000007   0.9194630872483213 
872   0.8730000000000007   0.9194630872483213 
873   0.8740000000000007   0.9194630872483213 
874   0.8750000000000007   0.9194630872483213 
875   0.8760000000000007   0.9194630872483213 
876   0.8760000000000007   0.9261744966442944 
877   0.8780000000000007   0.9261744966442944 
878   0.8790000000000007   0.9261744966442944 
879   0.8800000000000007   0.9261744966442944 
880   0.8810000000000007   0.9261744966442944 
881   0.8820000000000007   0.9261744966442944 
882   0.8830000000000007   0.9261744966442944 
883   0.8840000000000007   0.9261744966442944 
884   0.8850000000000007   0.9261744966442944 
885   0.8860000000000007   0.9261744966442944 
886   0.8860000000000007   0.9328859060402676 
887   0.8880000000000007   0.9328859060402676 
888   0.8890000000000007   0.9328859060402676 
889   0.8900000000000007   0.9328859060402676 
890   0.8910000000000007   0.9328859060402676 
891   0.8920000000000007   0.9328859060402676 
892   0.8930000000000007   0.9328859060402676 
893   0.8940000000000007   0.9328859060402676 
894   0.8950000000000007   0.9328859060402676 
895   0.8950000000000007   0.9395973154362407 
896   0.8970000000000007   0.9395973154362407 
897   0.8980000000000007   0.9395973154362407 
898   0.8990000000000007   0.9395973154362407 
899   0.9000000000000007   0.9395973154362407 
900   0.9010000000000007   0.9395973154362407 
901   0.9020000000000007   0.9395973154362407 
902   0.9030000000000007   0.9395973154362407 
903   0.9040000000000007   0.9395973154362407 
904   0.9050000000000007   0.9395973154362407 
905   0.9060000000000007   0.9395973154362407 
906   0.9070000000000007   0.9395973154362407 
907   0.9080000000000007   0.9395973154362407 
908   0.9090000000000007   0.9395973154362407 
909   0.9100000000000007   0.9395973154362407 
910   0.9110000000000007   0.9395973154362407 
911   0.9120000000000007   0.9395973154362407 
912   0.9130000000000007   0.9395973154362407 
913   0.9140000000000007   0.9395973154362407 
914   0.9140000000000007   0.953020134228187 
915   0.9150000000000007   0.9597315436241601 
916   0.9170000000000007   0.9597315436241601 
917   0.9180000000000007   0.9597315436241601 
918   0.9190000000000007   0.9597315436241601 
919   0.9200000000000007   0.9597315436241601 
920   0.9210000000000007   0.9597315436241601 
921   0.9220000000000007   0.9597315436241601 
922   0.9230000000000007   0.9597315436241601 
923   0.9240000000000007   0.9597315436241601 
924   0.9250000000000007   0.9597315436241601 
925   0.9250000000000007   0.9664429530201333 
926   0.9270000000000007   0.9664429530201333 
927   0.9280000000000007   0.9664429530201333 
928   0.9290000000000007   0.9664429530201333 
929   0.9300000000000007   0.9664429530201333 
930   0.9310000000000007   0.9664429530201333 
931   0.9320000000000007   0.9664429530201333 
932   0.9330000000000007   0.9664429530201333 
933   0.9340000000000007   0.9664429530201333 
934   0.9340000000000007   0.9731543624161064 
935   0.9360000000000007   0.9731543624161064 
936   0.9370000000000007   0.9731543624161064 
937   0.9380000000000007   0.9731543624161064 
938   0.9390000000000007   0.9731543624161064 
939   0.9400000000000007   0.9731543624161064 
940   0.9410000000000007   0.9731543624161064 
941   0.9420000000000007   0.9731543624161064 
942   0.9430000000000007   0.9731543624161064 
943   0.9440000000000007   0.9731543624161064 
944   0.9440000000000007   0.9798657718120796 
945   0.9460000000000007   0.9798657718120796 
946   0.9470000000000007   0.9798657718120796 
947   0.9480000000000007   0.9798657718120796 
948   0.9490000000000007   0.9798657718120796 
949   0.9500000000000007   0.9798657718120796 
950   0.9510000000000007   0.9798657718120796 
951   0.9520000000000007   0.9798657718120796 
952   0.9530000000000007   0.9798657718120796 
953   0.9540000000000007   0.9798657718120796 
954   0.9550000000000007   0.9798657718120796 
955   0.9560000000000007   0.9798657718120796 
956   0.9570000000000007   0.9798657718120796 
957   0.9580000000000007   0.9798657718120796 
958   0.9590000000000007   0.9798657718120796 
959   0.9600000000000007   0.9798657718120796 
960   0.9610000000000007   0.9798657718120796 
961   0.9620000000000007   0.9798657718120796 
962   0.9630000000000007   0.9798657718120796 
963   0.9630000000000007   0.9865771812080527 
964   0.9650000000000007   0.9865771812080527 
965   0.9660000000000007   0.9865771812080527 
966   0.9670000000000007   0.9865771812080527 
967   0.9680000000000007   0.9865771812080527 
968   0.9690000000000007   0.9865771812080527 
969   0.9700000000000008   0.9865771812080527 
970   0.9710000000000008   0.9865771812080527 
971   0.9720000000000008   0.9865771812080527 
972   0.9730000000000008   0.9865771812080527 
973   0.9730000000000008   0.9932885906040259 
974   0.9750000000000008   0.9932885906040259 
975   0.9760000000000008   0.9932885906040259 
976   0.9770000000000008   0.9932885906040259 
977   0.9780000000000008   0.9932885906040259 
978   0.9790000000000008   0.9932885906040259 
979   0.9800000000000008   0.9932885906040259 
980   0.9810000000000008   0.9932885906040259 
981   0.9820000000000008   0.9932885906040259 
982   0.9830000000000008   0.9932885906040259 
983   0.9830000000000008   0.999999999999999 
984   0.9850000000000008   0.999999999999999 
985   0.9860000000000008   0.999999999999999 
986   0.9870000000000008   0.999999999999999 
987   0.9880000000000008   0.999999999999999 
988   0.9890000000000008   0.999999999999999 
989   0.9900000000000008   0.999999999999999 
990   0.9910000000000008   0.999999999999999 
991   0.9920000000000008   0.999999999999999 
992   0.9930000000000008   0.999999999999999 
993   0.9940000000000008   0.999999999999999 
994   0.9950000000000008   0.999999999999999 
995   0.9960000000000008   0.999999999999999 
996   0.9970000000000008   0.999999999999999 
997   0.9980000000000008   0.999999999999999 
998   0.9990000000000008   0.999999999999999 
999   1.0000000000000007   0.999999999999999 
