0   0.001   0 
1   0.002   0 
2   0.003   0 
3   0.004   0 
4   0.004   0.034482758620689655 
5   0.006   0.034482758620689655 
6   0.007   0.034482758620689655 
7   0.008   0.034482758620689655 
8   0.009000000000000001   0.034482758620689655 
9   0.010000000000000002   0.034482758620689655 
10   0.011000000000000003   0.034482758620689655 
11   0.012000000000000004   0.034482758620689655 
12   0.013000000000000005   0.034482758620689655 
13   0.014000000000000005   0.034482758620689655 
14   0.015000000000000006   0.034482758620689655 
15   0.016000000000000007   0.034482758620689655 
16   0.017000000000000008   0.034482758620689655 
17   0.01800000000000001   0.034482758620689655 
18   0.01900000000000001   0.034482758620689655 
19   0.02000000000000001   0.034482758620689655 
20   0.02100000000000001   0.034482758620689655 
21   0.022000000000000013   0.034482758620689655 
22   0.023000000000000013   0.034482758620689655 
23   0.024000000000000014   0.034482758620689655 
24   0.025000000000000015   0.034482758620689655 
25   0.025000000000000015   0.05747126436781609 
26   0.026000000000000016   0.06896551724137931 
27   0.028000000000000018   0.06896551724137931 
28   0.02900000000000002   0.06896551724137931 
29   0.03000000000000002   0.06896551724137931 
30   0.03100000000000002   0.06896551724137931 
31   0.03200000000000002   0.06896551724137931 
32   0.03300000000000002   0.06896551724137931 
33   0.03400000000000002   0.06896551724137931 
34   0.03400000000000002   0.08045977011494253 
35   0.036000000000000025   0.08045977011494253 
36   0.037000000000000026   0.08045977011494253 
37   0.03800000000000003   0.08045977011494253 
38   0.03900000000000003   0.08045977011494253 
39   0.04000000000000003   0.08045977011494253 
40   0.04100000000000003   0.08045977011494253 
41   0.04200000000000003   0.08045977011494253 
42   0.04300000000000003   0.08045977011494253 
43   0.04400000000000003   0.08045977011494253 
44   0.04500000000000003   0.08045977011494253 
45   0.046000000000000034   0.08045977011494253 
46   0.047000000000000035   0.08045977011494253 
47   0.048000000000000036   0.08045977011494253 
48   0.04900000000000004   0.08045977011494253 
49   0.05000000000000004   0.08045977011494253 
50   0.05100000000000004   0.08045977011494253 
51   0.05200000000000004   0.08045977011494253 
52   0.05300000000000004   0.08045977011494253 
53   0.05400000000000004   0.08045977011494253 
54   0.05500000000000004   0.08045977011494253 
55   0.05600000000000004   0.08045977011494253 
56   0.057000000000000044   0.08045977011494253 
57   0.058000000000000045   0.08045977011494253 
58   0.058000000000000045   0.10344827586206896 
59   0.059000000000000045   0.11494252873563218 
60   0.06100000000000005   0.11494252873563218 
61   0.06200000000000005   0.11494252873563218 
62   0.06300000000000004   0.11494252873563218 
63   0.06400000000000004   0.11494252873563218 
64   0.06500000000000004   0.11494252873563218 
65   0.06600000000000004   0.11494252873563218 
66   0.06700000000000005   0.11494252873563218 
67   0.06700000000000005   0.12643678160919541 
68   0.06900000000000005   0.12643678160919541 
69   0.07000000000000005   0.12643678160919541 
70   0.07100000000000005   0.12643678160919541 
71   0.07200000000000005   0.12643678160919541 
72   0.07300000000000005   0.12643678160919541 
73   0.07400000000000005   0.12643678160919541 
74   0.07500000000000005   0.12643678160919541 
75   0.07600000000000005   0.12643678160919541 
76   0.07700000000000005   0.12643678160919541 
77   0.07700000000000005   0.13793103448275862 
78   0.07900000000000006   0.13793103448275862 
79   0.08000000000000006   0.13793103448275862 
80   0.08100000000000006   0.13793103448275862 
81   0.08200000000000006   0.13793103448275862 
82   0.08300000000000006   0.13793103448275862 
83   0.08400000000000006   0.13793103448275862 
84   0.08500000000000006   0.13793103448275862 
85   0.08600000000000006   0.13793103448275862 
86   0.08700000000000006   0.13793103448275862 
87   0.08800000000000006   0.13793103448275862 
88   0.08900000000000007   0.13793103448275862 
89   0.09000000000000007   0.13793103448275862 
90   0.09100000000000007   0.13793103448275862 
91   0.09200000000000007   0.13793103448275862 
92   0.09300000000000007   0.13793103448275862 
93   0.09400000000000007   0.13793103448275862 
94   0.09500000000000007   0.13793103448275862 
95   0.09600000000000007   0.13793103448275862 
96   0.09700000000000007   0.13793103448275862 
97   0.09800000000000007   0.13793103448275862 
98   0.09900000000000007   0.13793103448275862 
99   0.10000000000000007   0.13793103448275862 
100   0.10100000000000008   0.13793103448275862 
101   0.10100000000000008   0.14942528735632182 
102   0.10300000000000008   0.14942528735632182 
103   0.10400000000000008   0.14942528735632182 
104   0.10500000000000008   0.14942528735632182 
105   0.10600000000000008   0.14942528735632182 
106   0.10700000000000008   0.14942528735632182 
107   0.10800000000000008   0.14942528735632182 
108   0.10900000000000008   0.14942528735632182 
109   0.11000000000000008   0.14942528735632182 
110   0.11000000000000008   0.16091954022988503 
111   0.11200000000000009   0.16091954022988503 
112   0.11300000000000009   0.16091954022988503 
113   0.11400000000000009   0.16091954022988503 
114   0.11500000000000009   0.16091954022988503 
115   0.11600000000000009   0.16091954022988503 
116   0.11700000000000009   0.16091954022988503 
117   0.11800000000000009   0.16091954022988503 
118   0.11900000000000009   0.16091954022988503 
119   0.12000000000000009   0.16091954022988503 
120   0.12000000000000009   0.17241379310344823 
121   0.1220000000000001   0.17241379310344823 
122   0.1230000000000001   0.17241379310344823 
123   0.1240000000000001   0.17241379310344823 
124   0.12500000000000008   0.17241379310344823 
125   0.12600000000000008   0.17241379310344823 
126   0.12700000000000009   0.17241379310344823 
127   0.12800000000000009   0.17241379310344823 
128   0.1290000000000001   0.17241379310344823 
129   0.1300000000000001   0.17241379310344823 
130   0.1310000000000001   0.17241379310344823 
131   0.1320000000000001   0.17241379310344823 
132   0.1330000000000001   0.17241379310344823 
133   0.1340000000000001   0.17241379310344823 
134   0.1350000000000001   0.17241379310344823 
135   0.1360000000000001   0.17241379310344823 
136   0.1370000000000001   0.17241379310344823 
137   0.1380000000000001   0.17241379310344823 
138   0.1390000000000001   0.17241379310344823 
139   0.1400000000000001   0.17241379310344823 
140   0.1410000000000001   0.17241379310344823 
141   0.1420000000000001   0.17241379310344823 
142   0.1430000000000001   0.17241379310344823 
143   0.1440000000000001   0.17241379310344823 
144   0.1450000000000001   0.17241379310344823 
145   0.1460000000000001   0.17241379310344823 
146   0.1470000000000001   0.17241379310344823 
147   0.1480000000000001   0.17241379310344823 
148   0.1490000000000001   0.17241379310344823 
149   0.1490000000000001   0.18390804597701144 
150   0.1510000000000001   0.18390804597701144 
151   0.1520000000000001   0.18390804597701144 
152   0.1530000000000001   0.18390804597701144 
153   0.1540000000000001   0.18390804597701144 
154   0.1550000000000001   0.18390804597701144 
155   0.1560000000000001   0.18390804597701144 
156   0.1570000000000001   0.18390804597701144 
157   0.1580000000000001   0.18390804597701144 
158   0.1590000000000001   0.18390804597701144 
159   0.1590000000000001   0.19540229885057464 
160   0.16100000000000012   0.19540229885057464 
161   0.16200000000000012   0.19540229885057464 
162   0.16300000000000012   0.19540229885057464 
163   0.16400000000000012   0.19540229885057464 
164   0.16500000000000012   0.19540229885057464 
165   0.16600000000000012   0.19540229885057464 
166   0.16700000000000012   0.19540229885057464 
167   0.16800000000000012   0.19540229885057464 
168   0.16900000000000012   0.19540229885057464 
169   0.17000000000000012   0.19540229885057464 
170   0.17100000000000012   0.19540229885057464 
171   0.17200000000000013   0.19540229885057464 
172   0.17300000000000013   0.19540229885057464 
173   0.17400000000000013   0.19540229885057464 
174   0.17500000000000013   0.19540229885057464 
175   0.17600000000000013   0.19540229885057464 
176   0.17700000000000013   0.19540229885057464 
177   0.17800000000000013   0.19540229885057464 
178   0.17900000000000013   0.19540229885057464 
179   0.18000000000000013   0.19540229885057464 
180   0.18100000000000013   0.19540229885057464 
181   0.18200000000000013   0.19540229885057464 
182   0.18300000000000013   0.19540229885057464 
183   0.18400000000000014   0.19540229885057464 
184   0.18500000000000014   0.19540229885057464 
185   0.18600000000000014   0.19540229885057464 
186   0.18700000000000014   0.19540229885057464 
187   0.18700000000000014   0.20689655172413784 
188   0.18900000000000014   0.20689655172413784 
189   0.19000000000000014   0.20689655172413784 
190   0.19100000000000014   0.20689655172413784 
191   0.19200000000000014   0.20689655172413784 
192   0.19300000000000014   0.20689655172413784 
193   0.19400000000000014   0.20689655172413784 
194   0.19500000000000015   0.20689655172413784 
195   0.19600000000000015   0.20689655172413784 
196   0.19700000000000015   0.20689655172413784 
197   0.19800000000000015   0.20689655172413784 
198   0.19900000000000015   0.20689655172413784 
199   0.20000000000000015   0.20689655172413784 
200   0.20100000000000015   0.20689655172413784 
201   0.20200000000000015   0.20689655172413784 
202   0.20300000000000015   0.20689655172413784 
203   0.20400000000000015   0.20689655172413784 
204   0.20500000000000015   0.20689655172413784 
205   0.20600000000000016   0.20689655172413784 
206   0.20700000000000016   0.20689655172413784 
207   0.20800000000000016   0.20689655172413784 
208   0.20900000000000016   0.20689655172413784 
209   0.21000000000000016   0.20689655172413784 
210   0.21100000000000016   0.20689655172413784 
211   0.21200000000000016   0.20689655172413784 
212   0.21300000000000016   0.20689655172413784 
213   0.21400000000000016   0.20689655172413784 
214   0.21500000000000016   0.20689655172413784 
215   0.21600000000000016   0.20689655172413784 
216   0.21700000000000016   0.20689655172413784 
217   0.21800000000000017   0.20689655172413784 
218   0.21900000000000017   0.20689655172413784 
219   0.21900000000000017   0.2413793103448275 
220   0.22100000000000017   0.2413793103448275 
221   0.22200000000000017   0.2413793103448275 
222   0.22300000000000017   0.2413793103448275 
223   0.22400000000000017   0.2413793103448275 
224   0.22500000000000017   0.2413793103448275 
225   0.22600000000000017   0.2413793103448275 
226   0.22700000000000017   0.2413793103448275 
227   0.22800000000000017   0.2413793103448275 
228   0.22900000000000018   0.2413793103448275 
229   0.23000000000000018   0.2413793103448275 
230   0.23100000000000018   0.2413793103448275 
231   0.23200000000000018   0.2413793103448275 
232   0.23300000000000018   0.2413793103448275 
233   0.23400000000000018   0.2413793103448275 
234   0.23500000000000018   0.2413793103448275 
235   0.23600000000000018   0.2413793103448275 
236   0.23700000000000018   0.2413793103448275 
237   0.23800000000000018   0.2413793103448275 
238   0.23900000000000018   0.2413793103448275 
239   0.24000000000000019   0.2413793103448275 
240   0.2410000000000002   0.2413793103448275 
241   0.2420000000000002   0.2413793103448275 
242   0.2420000000000002   0.2758620689655172 
243   0.2440000000000002   0.2758620689655172 
244   0.2450000000000002   0.2758620689655172 
245   0.2460000000000002   0.2758620689655172 
246   0.2470000000000002   0.2758620689655172 
247   0.2480000000000002   0.2758620689655172 
248   0.2490000000000002   0.2758620689655172 
249   0.25000000000000017   0.2758620689655172 
250   0.25100000000000017   0.2758620689655172 
251   0.25200000000000017   0.2758620689655172 
252   0.25200000000000017   0.2873563218390804 
253   0.25400000000000017   0.2873563218390804 
254   0.25500000000000017   0.2873563218390804 
255   0.25600000000000017   0.2873563218390804 
256   0.2570000000000002   0.2873563218390804 
257   0.2580000000000002   0.2873563218390804 
258   0.2590000000000002   0.2873563218390804 
259   0.2600000000000002   0.2873563218390804 
260   0.2610000000000002   0.2873563218390804 
261   0.2620000000000002   0.2873563218390804 
262   0.2630000000000002   0.2873563218390804 
263   0.2640000000000002   0.2873563218390804 
264   0.2650000000000002   0.2873563218390804 
265   0.2660000000000002   0.2873563218390804 
266   0.2670000000000002   0.2873563218390804 
267   0.2680000000000002   0.2873563218390804 
268   0.2690000000000002   0.2873563218390804 
269   0.2700000000000002   0.2873563218390804 
270   0.2710000000000002   0.2873563218390804 
271   0.2720000000000002   0.2873563218390804 
272   0.2730000000000002   0.2873563218390804 
273   0.2740000000000002   0.2873563218390804 
274   0.2750000000000002   0.2873563218390804 
275   0.2760000000000002   0.2873563218390804 
276   0.2760000000000002   0.31034482758620685 
277   0.2770000000000002   0.32183908045977005 
278   0.2790000000000002   0.32183908045977005 
279   0.2800000000000002   0.32183908045977005 
280   0.2810000000000002   0.32183908045977005 
281   0.2820000000000002   0.32183908045977005 
282   0.2830000000000002   0.32183908045977005 
283   0.2840000000000002   0.32183908045977005 
284   0.2850000000000002   0.32183908045977005 
285   0.2860000000000002   0.32183908045977005 
286   0.2870000000000002   0.32183908045977005 
287   0.2870000000000002   0.33333333333333326 
288   0.2890000000000002   0.33333333333333326 
289   0.2900000000000002   0.33333333333333326 
290   0.2910000000000002   0.33333333333333326 
291   0.2920000000000002   0.33333333333333326 
292   0.2930000000000002   0.33333333333333326 
293   0.2940000000000002   0.33333333333333326 
294   0.2950000000000002   0.33333333333333326 
295   0.2960000000000002   0.33333333333333326 
296   0.2960000000000002   0.34482758620689646 
297   0.2980000000000002   0.34482758620689646 
298   0.2990000000000002   0.34482758620689646 
299   0.3000000000000002   0.34482758620689646 
300   0.3010000000000002   0.34482758620689646 
301   0.3020000000000002   0.34482758620689646 
302   0.3030000000000002   0.34482758620689646 
303   0.3040000000000002   0.34482758620689646 
304   0.3050000000000002   0.34482758620689646 
305   0.3060000000000002   0.34482758620689646 
306   0.3070000000000002   0.34482758620689646 
307   0.3080000000000002   0.34482758620689646 
308   0.3090000000000002   0.34482758620689646 
309   0.3100000000000002   0.34482758620689646 
310   0.3110000000000002   0.34482758620689646 
311   0.3120000000000002   0.34482758620689646 
312   0.3130000000000002   0.34482758620689646 
313   0.3140000000000002   0.34482758620689646 
314   0.3150000000000002   0.34482758620689646 
315   0.3160000000000002   0.34482758620689646 
316   0.3170000000000002   0.34482758620689646 
317   0.3180000000000002   0.34482758620689646 
318   0.31900000000000023   0.34482758620689646 
319   0.32000000000000023   0.34482758620689646 
320   0.32100000000000023   0.34482758620689646 
321   0.32100000000000023   0.3678160919540229 
322   0.32200000000000023   0.3793103448275861 
323   0.32400000000000023   0.3793103448275861 
324   0.32500000000000023   0.3793103448275861 
325   0.32600000000000023   0.3793103448275861 
326   0.32700000000000023   0.3793103448275861 
327   0.32800000000000024   0.3793103448275861 
328   0.32900000000000024   0.3793103448275861 
329   0.33000000000000024   0.3793103448275861 
330   0.33100000000000024   0.3793103448275861 
331   0.33200000000000024   0.3793103448275861 
332   0.33300000000000024   0.3793103448275861 
333   0.33400000000000024   0.3793103448275861 
334   0.33400000000000024   0.3908045977011493 
335   0.33600000000000024   0.3908045977011493 
336   0.33700000000000024   0.3908045977011493 
337   0.33800000000000024   0.3908045977011493 
338   0.33900000000000025   0.3908045977011493 
339   0.34000000000000025   0.3908045977011493 
340   0.34100000000000025   0.3908045977011493 
341   0.34200000000000025   0.3908045977011493 
342   0.34300000000000025   0.3908045977011493 
343   0.34400000000000025   0.3908045977011493 
344   0.34400000000000025   0.4022988505747125 
345   0.34600000000000025   0.4022988505747125 
346   0.34700000000000025   0.4022988505747125 
347   0.34800000000000025   0.4022988505747125 
348   0.34900000000000025   0.4022988505747125 
349   0.35000000000000026   0.4022988505747125 
350   0.35100000000000026   0.4022988505747125 
351   0.35200000000000026   0.4022988505747125 
352   0.35300000000000026   0.4022988505747125 
353   0.35400000000000026   0.4022988505747125 
354   0.35400000000000026   0.4137931034482757 
355   0.35600000000000026   0.4137931034482757 
356   0.35700000000000026   0.4137931034482757 
357   0.35800000000000026   0.4137931034482757 
358   0.35900000000000026   0.4137931034482757 
359   0.36000000000000026   0.4137931034482757 
360   0.36100000000000027   0.4137931034482757 
361   0.36200000000000027   0.4137931034482757 
362   0.36300000000000027   0.4137931034482757 
363   0.36400000000000027   0.4137931034482757 
364   0.36500000000000027   0.4137931034482757 
365   0.36600000000000027   0.4137931034482757 
366   0.36700000000000027   0.4137931034482757 
367   0.36800000000000027   0.4137931034482757 
368   0.36900000000000027   0.4137931034482757 
369   0.3700000000000003   0.4137931034482757 
370   0.3710000000000003   0.4137931034482757 
371   0.3720000000000003   0.4137931034482757 
372   0.3730000000000003   0.4137931034482757 
373   0.3740000000000003   0.4137931034482757 
374   0.3750000000000003   0.4137931034482757 
375   0.3760000000000003   0.4137931034482757 
376   0.3770000000000003   0.4137931034482757 
377   0.3780000000000003   0.4137931034482757 
378   0.3790000000000003   0.4137931034482757 
379   0.3790000000000003   0.4367816091954021 
380   0.3800000000000003   0.4482758620689653 
381   0.3820000000000003   0.4482758620689653 
382   0.3830000000000003   0.4482758620689653 
383   0.3840000000000003   0.4482758620689653 
384   0.3850000000000003   0.4482758620689653 
385   0.3860000000000003   0.4482758620689653 
386   0.3870000000000003   0.4482758620689653 
387   0.3880000000000003   0.4482758620689653 
388   0.3890000000000003   0.4482758620689653 
389   0.3900000000000003   0.4482758620689653 
390   0.3910000000000003   0.4482758620689653 
391   0.3920000000000003   0.4482758620689653 
392   0.3920000000000003   0.4597701149425285 
393   0.3940000000000003   0.4597701149425285 
394   0.3950000000000003   0.4597701149425285 
395   0.3960000000000003   0.4597701149425285 
396   0.3970000000000003   0.4597701149425285 
397   0.3980000000000003   0.4597701149425285 
398   0.3990000000000003   0.4597701149425285 
399   0.4000000000000003   0.4597701149425285 
400   0.4010000000000003   0.4597701149425285 
401   0.4020000000000003   0.4597701149425285 
402   0.4020000000000003   0.4712643678160917 
403   0.4040000000000003   0.4712643678160917 
404   0.4050000000000003   0.4712643678160917 
405   0.4060000000000003   0.4712643678160917 
406   0.4070000000000003   0.4712643678160917 
407   0.4080000000000003   0.4712643678160917 
408   0.4090000000000003   0.4712643678160917 
409   0.4100000000000003   0.4712643678160917 
410   0.4110000000000003   0.4712643678160917 
411   0.4110000000000003   0.4827586206896549 
412   0.4130000000000003   0.4827586206896549 
413   0.4140000000000003   0.4827586206896549 
414   0.4150000000000003   0.4827586206896549 
415   0.4160000000000003   0.4827586206896549 
416   0.4170000000000003   0.4827586206896549 
417   0.4180000000000003   0.4827586206896549 
418   0.4190000000000003   0.4827586206896549 
419   0.4200000000000003   0.4827586206896549 
420   0.4210000000000003   0.4827586206896549 
421   0.4210000000000003   0.4942528735632181 
422   0.4230000000000003   0.4942528735632181 
423   0.4240000000000003   0.4942528735632181 
424   0.4250000000000003   0.4942528735632181 
425   0.4260000000000003   0.4942528735632181 
426   0.4270000000000003   0.4942528735632181 
427   0.4280000000000003   0.4942528735632181 
428   0.4290000000000003   0.4942528735632181 
429   0.4300000000000003   0.4942528735632181 
430   0.4310000000000003   0.4942528735632181 
431   0.43200000000000033   0.4942528735632181 
432   0.43300000000000033   0.4942528735632181 
433   0.43400000000000033   0.4942528735632181 
434   0.43500000000000033   0.4942528735632181 
435   0.43600000000000033   0.4942528735632181 
436   0.43700000000000033   0.4942528735632181 
437   0.43800000000000033   0.4942528735632181 
438   0.43900000000000033   0.4942528735632181 
439   0.44000000000000034   0.4942528735632181 
440   0.44100000000000034   0.4942528735632181 
441   0.44200000000000034   0.4942528735632181 
442   0.44300000000000034   0.4942528735632181 
443   0.44400000000000034   0.4942528735632181 
444   0.44500000000000034   0.4942528735632181 
445   0.44600000000000034   0.4942528735632181 
446   0.44700000000000034   0.4942528735632181 
447   0.44700000000000034   0.5057471264367813 
448   0.44900000000000034   0.5057471264367813 
449   0.45000000000000034   0.5057471264367813 
450   0.45100000000000035   0.5057471264367813 
451   0.45200000000000035   0.5057471264367813 
452   0.45300000000000035   0.5057471264367813 
453   0.45400000000000035   0.5057471264367813 
454   0.45500000000000035   0.5057471264367813 
455   0.45600000000000035   0.5057471264367813 
456   0.45600000000000035   0.5172413793103445 
457   0.45800000000000035   0.5172413793103445 
458   0.45900000000000035   0.5172413793103445 
459   0.46000000000000035   0.5172413793103445 
460   0.46100000000000035   0.5172413793103445 
461   0.46200000000000035   0.5172413793103445 
462   0.46300000000000036   0.5172413793103445 
463   0.46400000000000036   0.5172413793103445 
464   0.46500000000000036   0.5172413793103445 
465   0.46600000000000036   0.5172413793103445 
466   0.46600000000000036   0.5287356321839077 
467   0.46800000000000036   0.5287356321839077 
468   0.46900000000000036   0.5287356321839077 
469   0.47000000000000036   0.5287356321839077 
470   0.47100000000000036   0.5287356321839077 
471   0.47200000000000036   0.5287356321839077 
472   0.47300000000000036   0.5287356321839077 
473   0.47400000000000037   0.5287356321839077 
474   0.47500000000000037   0.5287356321839077 
475   0.47600000000000037   0.5287356321839077 
476   0.47600000000000037   0.5402298850574709 
477   0.47800000000000037   0.5402298850574709 
478   0.47900000000000037   0.5402298850574709 
479   0.48000000000000037   0.5402298850574709 
480   0.48100000000000037   0.5402298850574709 
481   0.4820000000000004   0.5402298850574709 
482   0.4830000000000004   0.5402298850574709 
483   0.4840000000000004   0.5402298850574709 
484   0.4850000000000004   0.5402298850574709 
485   0.4850000000000004   0.5517241379310341 
486   0.4870000000000004   0.5517241379310341 
487   0.4880000000000004   0.5517241379310341 
488   0.4890000000000004   0.5517241379310341 
489   0.4900000000000004   0.5517241379310341 
490   0.4910000000000004   0.5517241379310341 
491   0.4920000000000004   0.5517241379310341 
492   0.4930000000000004   0.5517241379310341 
493   0.4940000000000004   0.5517241379310341 
494   0.4950000000000004   0.5517241379310341 
495   0.4960000000000004   0.5517241379310341 
496   0.4970000000000004   0.5517241379310341 
497   0.4980000000000004   0.5517241379310341 
498   0.4990000000000004   0.5517241379310341 
499   0.5000000000000003   0.5517241379310341 
500   0.5010000000000003   0.5517241379310341 
501   0.5020000000000003   0.5517241379310341 
502   0.5030000000000003   0.5517241379310341 
503   0.5040000000000003   0.5517241379310341 
504   0.5050000000000003   0.5517241379310341 
505   0.5060000000000003   0.5517241379310341 
506   0.5070000000000003   0.5517241379310341 
507   0.5080000000000003   0.5517241379310341 
508   0.5090000000000003   0.5517241379310341 
509   0.5100000000000003   0.5517241379310341 
510   0.5110000000000003   0.5517241379310341 
511   0.5120000000000003   0.5517241379310341 
512   0.5130000000000003   0.5517241379310341 
513   0.5140000000000003   0.5517241379310341 
514   0.5150000000000003   0.5517241379310341 
515   0.5150000000000003   0.5632183908045973 
516   0.5170000000000003   0.5632183908045973 
517   0.5180000000000003   0.5632183908045973 
518   0.5190000000000003   0.5632183908045973 
519   0.5200000000000004   0.5632183908045973 
520   0.5210000000000004   0.5632183908045973 
521   0.5220000000000004   0.5632183908045973 
522   0.5230000000000004   0.5632183908045973 
523   0.5240000000000004   0.5632183908045973 
524   0.5250000000000004   0.5632183908045973 
525   0.5250000000000004   0.5747126436781606 
526   0.5270000000000004   0.5747126436781606 
527   0.5280000000000004   0.5747126436781606 
528   0.5290000000000004   0.5747126436781606 
529   0.5300000000000004   0.5747126436781606 
530   0.5310000000000004   0.5747126436781606 
531   0.5320000000000004   0.5747126436781606 
532   0.5330000000000004   0.5747126436781606 
533   0.5340000000000004   0.5747126436781606 
534   0.5340000000000004   0.5862068965517238 
535   0.5360000000000004   0.5862068965517238 
536   0.5370000000000004   0.5862068965517238 
537   0.5380000000000004   0.5862068965517238 
538   0.5390000000000004   0.5862068965517238 
539   0.5400000000000004   0.5862068965517238 
540   0.5410000000000004   0.5862068965517238 
541   0.5420000000000004   0.5862068965517238 
542   0.5430000000000004   0.5862068965517238 
543   0.5440000000000004   0.5862068965517238 
544   0.5440000000000004   0.597701149425287 
545   0.5460000000000004   0.597701149425287 
546   0.5470000000000004   0.597701149425287 
547   0.5480000000000004   0.597701149425287 
548   0.5490000000000004   0.597701149425287 
549   0.5500000000000004   0.597701149425287 
550   0.5510000000000004   0.597701149425287 
551   0.5520000000000004   0.597701149425287 
552   0.5530000000000004   0.597701149425287 
553   0.5540000000000004   0.597701149425287 
554   0.5550000000000004   0.597701149425287 
555   0.5560000000000004   0.597701149425287 
556   0.5570000000000004   0.597701149425287 
557   0.5580000000000004   0.597701149425287 
558   0.5590000000000004   0.597701149425287 
559   0.5600000000000004   0.597701149425287 
560   0.5610000000000004   0.597701149425287 
561   0.5620000000000004   0.597701149425287 
562   0.5630000000000004   0.597701149425287 
563   0.5640000000000004   0.597701149425287 
564   0.5650000000000004   0.597701149425287 
565   0.5660000000000004   0.597701149425287 
566   0.5670000000000004   0.597701149425287 
567   0.5680000000000004   0.597701149425287 
568   0.5690000000000004   0.597701149425287 
569   0.5700000000000004   0.597701149425287 
570   0.5710000000000004   0.597701149425287 
571   0.5720000000000004   0.597701149425287 
572   0.5730000000000004   0.597701149425287 
573   0.5730000000000004   0.6091954022988502 
574   0.5750000000000004   0.6091954022988502 
575   0.5760000000000004   0.6091954022988502 
576   0.5770000000000004   0.6091954022988502 
577   0.5780000000000004   0.6091954022988502 
578   0.5790000000000004   0.6091954022988502 
579   0.5800000000000004   0.6091954022988502 
580   0.5810000000000004   0.6091954022988502 
581   0.5820000000000004   0.6091954022988502 
582   0.5830000000000004   0.6091954022988502 
583   0.5830000000000004   0.6206896551724134 
584   0.5850000000000004   0.6206896551724134 
585   0.5860000000000004   0.6206896551724134 
586   0.5870000000000004   0.6206896551724134 
587   0.5880000000000004   0.6206896551724134 
588   0.5890000000000004   0.6206896551724134 
589   0.5900000000000004   0.6206896551724134 
590   0.5910000000000004   0.6206896551724134 
591   0.5920000000000004   0.6206896551724134 
592   0.5930000000000004   0.6206896551724134 
593   0.5930000000000004   0.6321839080459766 
594   0.5950000000000004   0.6321839080459766 
595   0.5960000000000004   0.6321839080459766 
596   0.5970000000000004   0.6321839080459766 
597   0.5980000000000004   0.6321839080459766 
598   0.5990000000000004   0.6321839080459766 
599   0.6000000000000004   0.6321839080459766 
600   0.6010000000000004   0.6321839080459766 
601   0.6020000000000004   0.6321839080459766 
602   0.6030000000000004   0.6321839080459766 
603   0.6040000000000004   0.6321839080459766 
604   0.6050000000000004   0.6321839080459766 
605   0.6060000000000004   0.6321839080459766 
606   0.6070000000000004   0.6321839080459766 
607   0.6080000000000004   0.6321839080459766 
608   0.6090000000000004   0.6321839080459766 
609   0.6100000000000004   0.6321839080459766 
610   0.6110000000000004   0.6321839080459766 
611   0.6120000000000004   0.6321839080459766 
612   0.6130000000000004   0.6321839080459766 
613   0.6140000000000004   0.6321839080459766 
614   0.6150000000000004   0.6321839080459766 
615   0.6160000000000004   0.6321839080459766 
616   0.6170000000000004   0.6321839080459766 
617   0.6180000000000004   0.6321839080459766 
618   0.6190000000000004   0.6321839080459766 
619   0.6200000000000004   0.6321839080459766 
620   0.6210000000000004   0.6321839080459766 
621   0.6220000000000004   0.6321839080459766 
622   0.6230000000000004   0.6321839080459766 
623   0.6240000000000004   0.6321839080459766 
624   0.6250000000000004   0.6321839080459766 
625   0.6250000000000004   0.6666666666666662 
626   0.6270000000000004   0.6666666666666662 
627   0.6280000000000004   0.6666666666666662 
628   0.6290000000000004   0.6666666666666662 
629   0.6300000000000004   0.6666666666666662 
630   0.6310000000000004   0.6666666666666662 
631   0.6320000000000005   0.6666666666666662 
632   0.6330000000000005   0.6666666666666662 
633   0.6340000000000005   0.6666666666666662 
634   0.6350000000000005   0.6666666666666662 
635   0.6350000000000005   0.6781609195402294 
636   0.6370000000000005   0.6781609195402294 
637   0.6380000000000005   0.6781609195402294 
638   0.6390000000000005   0.6781609195402294 
639   0.6400000000000005   0.6781609195402294 
640   0.6410000000000005   0.6781609195402294 
641   0.6420000000000005   0.6781609195402294 
642   0.6430000000000005   0.6781609195402294 
643   0.6440000000000005   0.6781609195402294 
644   0.6450000000000005   0.6781609195402294 
645   0.6450000000000005   0.6896551724137926 
646   0.6470000000000005   0.6896551724137926 
647   0.6480000000000005   0.6896551724137926 
648   0.6490000000000005   0.6896551724137926 
649   0.6500000000000005   0.6896551724137926 
650   0.6510000000000005   0.6896551724137926 
651   0.6520000000000005   0.6896551724137926 
652   0.6530000000000005   0.6896551724137926 
653   0.6540000000000005   0.6896551724137926 
654   0.6550000000000005   0.6896551724137926 
655   0.6560000000000005   0.6896551724137926 
656   0.6570000000000005   0.6896551724137926 
657   0.6580000000000005   0.6896551724137926 
658   0.6590000000000005   0.6896551724137926 
659   0.6600000000000005   0.6896551724137926 
660   0.6610000000000005   0.6896551724137926 
661   0.6620000000000005   0.6896551724137926 
662   0.6630000000000005   0.6896551724137926 
663   0.6640000000000005   0.6896551724137926 
664   0.6650000000000005   0.6896551724137926 
665   0.6660000000000005   0.6896551724137926 
666   0.6670000000000005   0.6896551724137926 
667   0.6680000000000005   0.6896551724137926 
668   0.6690000000000005   0.6896551724137926 
669   0.6700000000000005   0.6896551724137926 
670   0.6700000000000005   0.7241379310344822 
671   0.6720000000000005   0.7241379310344822 
672   0.6730000000000005   0.7241379310344822 
673   0.6740000000000005   0.7241379310344822 
674   0.6750000000000005   0.7241379310344822 
675   0.6760000000000005   0.7241379310344822 
676   0.6770000000000005   0.7241379310344822 
677   0.6780000000000005   0.7241379310344822 
678   0.6790000000000005   0.7241379310344822 
679   0.6800000000000005   0.7241379310344822 
680   0.6800000000000005   0.7356321839080454 
681   0.6820000000000005   0.7356321839080454 
682   0.6830000000000005   0.7356321839080454 
683   0.6840000000000005   0.7356321839080454 
684   0.6850000000000005   0.7356321839080454 
685   0.6860000000000005   0.7356321839080454 
686   0.6870000000000005   0.7356321839080454 
687   0.6880000000000005   0.7356321839080454 
688   0.6890000000000005   0.7356321839080454 
689   0.6900000000000005   0.7356321839080454 
690   0.6900000000000005   0.7471264367816086 
691   0.6920000000000005   0.7471264367816086 
692   0.6930000000000005   0.7471264367816086 
693   0.6940000000000005   0.7471264367816086 
694   0.6950000000000005   0.7471264367816086 
695   0.6960000000000005   0.7471264367816086 
696   0.6970000000000005   0.7471264367816086 
697   0.6980000000000005   0.7471264367816086 
698   0.6990000000000005   0.7471264367816086 
699   0.6990000000000005   0.7586206896551718 
700   0.7010000000000005   0.7586206896551718 
701   0.7020000000000005   0.7586206896551718 
702   0.7030000000000005   0.7586206896551718 
703   0.7040000000000005   0.7586206896551718 
704   0.7050000000000005   0.7586206896551718 
705   0.7060000000000005   0.7586206896551718 
706   0.7070000000000005   0.7586206896551718 
707   0.7080000000000005   0.7586206896551718 
708   0.7090000000000005   0.7586206896551718 
709   0.7100000000000005   0.7586206896551718 
710   0.7110000000000005   0.7586206896551718 
711   0.7120000000000005   0.7586206896551718 
712   0.7130000000000005   0.7586206896551718 
713   0.7140000000000005   0.7586206896551718 
714   0.7150000000000005   0.7586206896551718 
715   0.7160000000000005   0.7586206896551718 
716   0.7170000000000005   0.7586206896551718 
717   0.7180000000000005   0.7586206896551718 
718   0.7190000000000005   0.7586206896551718 
719   0.7200000000000005   0.7586206896551718 
720   0.7210000000000005   0.7586206896551718 
721   0.7220000000000005   0.7586206896551718 
722   0.7230000000000005   0.7586206896551718 
723   0.7240000000000005   0.7586206896551718 
724   0.7250000000000005   0.7586206896551718 
725   0.7250000000000005   0.7931034482758614 
726   0.7270000000000005   0.7931034482758614 
727   0.7280000000000005   0.7931034482758614 
728   0.7290000000000005   0.7931034482758614 
729   0.7300000000000005   0.7931034482758614 
730   0.7310000000000005   0.7931034482758614 
731   0.7320000000000005   0.7931034482758614 
732   0.7330000000000005   0.7931034482758614 
733   0.7340000000000005   0.7931034482758614 
734   0.7350000000000005   0.7931034482758614 
735   0.7350000000000005   0.8045977011494246 
736   0.7370000000000005   0.8045977011494246 
737   0.7380000000000005   0.8045977011494246 
738   0.7390000000000005   0.8045977011494246 
739   0.7400000000000005   0.8045977011494246 
740   0.7410000000000005   0.8045977011494246 
741   0.7420000000000005   0.8045977011494246 
742   0.7430000000000005   0.8045977011494246 
743   0.7440000000000005   0.8045977011494246 
744   0.7450000000000006   0.8045977011494246 
745   0.7450000000000006   0.8160919540229878 
746   0.7470000000000006   0.8160919540229878 
747   0.7480000000000006   0.8160919540229878 
748   0.7490000000000006   0.8160919540229878 
749   0.7500000000000006   0.8160919540229878 
750   0.7510000000000006   0.8160919540229878 
751   0.7520000000000006   0.8160919540229878 
752   0.7530000000000006   0.8160919540229878 
753   0.7540000000000006   0.8160919540229878 
754   0.7550000000000006   0.8160919540229878 
755   0.7550000000000006   0.827586206896551 
756   0.7570000000000006   0.827586206896551 
757   0.7580000000000006   0.827586206896551 
758   0.7590000000000006   0.827586206896551 
759   0.7600000000000006   0.827586206896551 
760   0.7610000000000006   0.827586206896551 
761   0.7620000000000006   0.827586206896551 
762   0.7630000000000006   0.827586206896551 
763   0.7640000000000006   0.827586206896551 
764   0.7640000000000006   0.8390804597701143 
765   0.7660000000000006   0.8390804597701143 
766   0.7670000000000006   0.8390804597701143 
767   0.7680000000000006   0.8390804597701143 
768   0.7690000000000006   0.8390804597701143 
769   0.7700000000000006   0.8390804597701143 
770   0.7710000000000006   0.8390804597701143 
771   0.7720000000000006   0.8390804597701143 
772   0.7730000000000006   0.8390804597701143 
773   0.7740000000000006   0.8390804597701143 
774   0.7750000000000006   0.8390804597701143 
775   0.7760000000000006   0.8390804597701143 
776   0.7770000000000006   0.8390804597701143 
777   0.7780000000000006   0.8390804597701143 
778   0.7790000000000006   0.8390804597701143 
779   0.7800000000000006   0.8390804597701143 
780   0.7810000000000006   0.8390804597701143 
781   0.7820000000000006   0.8390804597701143 
782   0.7830000000000006   0.8390804597701143 
783   0.7840000000000006   0.8390804597701143 
784   0.7850000000000006   0.8390804597701143 
785   0.7860000000000006   0.8390804597701143 
786   0.7870000000000006   0.8390804597701143 
787   0.7880000000000006   0.8390804597701143 
788   0.7890000000000006   0.8390804597701143 
789   0.7900000000000006   0.8390804597701143 
790   0.7900000000000006   0.8505747126436775 
791   0.7920000000000006   0.8505747126436775 
792   0.7930000000000006   0.8505747126436775 
793   0.7940000000000006   0.8505747126436775 
794   0.7950000000000006   0.8505747126436775 
795   0.7960000000000006   0.8505747126436775 
796   0.7970000000000006   0.8505747126436775 
797   0.7980000000000006   0.8505747126436775 
798   0.7990000000000006   0.8505747126436775 
799   0.7990000000000006   0.8620689655172407 
800   0.8010000000000006   0.8620689655172407 
801   0.8020000000000006   0.8620689655172407 
802   0.8030000000000006   0.8620689655172407 
803   0.8040000000000006   0.8620689655172407 
804   0.8050000000000006   0.8620689655172407 
805   0.8060000000000006   0.8620689655172407 
806   0.8070000000000006   0.8620689655172407 
807   0.8080000000000006   0.8620689655172407 
808   0.8090000000000006   0.8620689655172407 
809   0.8090000000000006   0.8735632183908039 
810   0.8110000000000006   0.8735632183908039 
811   0.8120000000000006   0.8735632183908039 
812   0.8130000000000006   0.8735632183908039 
813   0.8140000000000006   0.8735632183908039 
814   0.8150000000000006   0.8735632183908039 
815   0.8160000000000006   0.8735632183908039 
816   0.8170000000000006   0.8735632183908039 
817   0.8180000000000006   0.8735632183908039 
818   0.8180000000000006   0.8850574712643671 
819   0.8200000000000006   0.8850574712643671 
820   0.8210000000000006   0.8850574712643671 
821   0.8220000000000006   0.8850574712643671 
822   0.8230000000000006   0.8850574712643671 
823   0.8240000000000006   0.8850574712643671 
824   0.8250000000000006   0.8850574712643671 
825   0.8260000000000006   0.8850574712643671 
826   0.8270000000000006   0.8850574712643671 
827   0.8280000000000006   0.8850574712643671 
828   0.8280000000000006   0.8965517241379303 
829   0.8300000000000006   0.8965517241379303 
830   0.8310000000000006   0.8965517241379303 
831   0.8320000000000006   0.8965517241379303 
832   0.8330000000000006   0.8965517241379303 
833   0.8340000000000006   0.8965517241379303 
834   0.8350000000000006   0.8965517241379303 
835   0.8360000000000006   0.8965517241379303 
836   0.8370000000000006   0.8965517241379303 
837   0.8380000000000006   0.8965517241379303 
838   0.8390000000000006   0.8965517241379303 
839   0.8400000000000006   0.8965517241379303 
840   0.8410000000000006   0.8965517241379303 
841   0.8420000000000006   0.8965517241379303 
842   0.8430000000000006   0.8965517241379303 
843   0.8440000000000006   0.8965517241379303 
844   0.8450000000000006   0.8965517241379303 
845   0.8460000000000006   0.8965517241379303 
846   0.8470000000000006   0.8965517241379303 
847   0.8480000000000006   0.8965517241379303 
848   0.8490000000000006   0.8965517241379303 
849   0.8500000000000006   0.8965517241379303 
850   0.8510000000000006   0.8965517241379303 
851   0.8520000000000006   0.8965517241379303 
852   0.8530000000000006   0.8965517241379303 
853   0.8540000000000006   0.8965517241379303 
854   0.8550000000000006   0.8965517241379303 
855   0.8560000000000006   0.8965517241379303 
856   0.8570000000000007   0.8965517241379303 
857   0.8580000000000007   0.8965517241379303 
858   0.8580000000000007   0.9080459770114935 
859   0.8600000000000007   0.9080459770114935 
860   0.8610000000000007   0.9080459770114935 
861   0.8620000000000007   0.9080459770114935 
862   0.8630000000000007   0.9080459770114935 
863   0.8640000000000007   0.9080459770114935 
864   0.8650000000000007   0.9080459770114935 
865   0.8660000000000007   0.9080459770114935 
866   0.8670000000000007   0.9080459770114935 
867   0.8680000000000007   0.9080459770114935 
868   0.8680000000000007   0.9195402298850567 
869   0.8700000000000007   0.9195402298850567 
870   0.8710000000000007   0.9195402298850567 
871   0.8720000000000007   0.9195402298850567 
872   0.8730000000000007   0.9195402298850567 
873   0.8740000000000007   0.9195402298850567 
874   0.8750000000000007   0.9195402298850567 
875   0.8760000000000007   0.9195402298850567 
876   0.8770000000000007   0.9195402298850567 
877   0.8770000000000007   0.9310344827586199 
878   0.8790000000000007   0.9310344827586199 
879   0.8800000000000007   0.9310344827586199 
880   0.8810000000000007   0.9310344827586199 
881   0.8820000000000007   0.9310344827586199 
882   0.8830000000000007   0.9310344827586199 
883   0.8840000000000007   0.9310344827586199 
884   0.8850000000000007   0.9310344827586199 
885   0.8860000000000007   0.9310344827586199 
886   0.8870000000000007   0.9310344827586199 
887   0.8870000000000007   0.9425287356321831 
888   0.8890000000000007   0.9425287356321831 
889   0.8900000000000007   0.9425287356321831 
890   0.8910000000000007   0.9425287356321831 
891   0.8920000000000007   0.9425287356321831 
892   0.8930000000000007   0.9425287356321831 
893   0.8940000000000007   0.9425287356321831 
894   0.8950000000000007   0.9425287356321831 
895   0.8960000000000007   0.9425287356321831 
896   0.8970000000000007   0.9425287356321831 
897   0.8980000000000007   0.9425287356321831 
898   0.8990000000000007   0.9425287356321831 
899   0.9000000000000007   0.9425287356321831 
900   0.9010000000000007   0.9425287356321831 
901   0.9020000000000007   0.9425287356321831 
902   0.9030000000000007   0.9425287356321831 
903   0.9040000000000007   0.9425287356321831 
904   0.9050000000000007   0.9425287356321831 
905   0.9060000000000007   0.9425287356321831 
906   0.9070000000000007   0.9425287356321831 
907   0.9080000000000007   0.9425287356321831 
908   0.9090000000000007   0.9425287356321831 
909   0.9100000000000007   0.9425287356321831 
910   0.9110000000000007   0.9425287356321831 
911   0.9120000000000007   0.9425287356321831 
912   0.9130000000000007   0.9425287356321831 
913   0.9140000000000007   0.9425287356321831 
914   0.9150000000000007   0.9425287356321831 
915   0.9160000000000007   0.9425287356321831 
916   0.9160000000000007   0.9540229885057463 
917   0.9180000000000007   0.9540229885057463 
918   0.9190000000000007   0.9540229885057463 
919   0.9200000000000007   0.9540229885057463 
920   0.9210000000000007   0.9540229885057463 
921   0.9220000000000007   0.9540229885057463 
922   0.9230000000000007   0.9540229885057463 
923   0.9240000000000007   0.9540229885057463 
924   0.9250000000000007   0.9540229885057463 
925   0.9260000000000007   0.9540229885057463 
926   0.9260000000000007   0.9655172413793095 
927   0.9280000000000007   0.9655172413793095 
928   0.9290000000000007   0.9655172413793095 
929   0.9300000000000007   0.9655172413793095 
930   0.9310000000000007   0.9655172413793095 
931   0.9320000000000007   0.9655172413793095 
932   0.9330000000000007   0.9655172413793095 
933   0.9340000000000007   0.9655172413793095 
934   0.9350000000000007   0.9655172413793095 
935   0.9350000000000007   0.9770114942528727 
936   0.9370000000000007   0.9770114942528727 
937   0.9380000000000007   0.9770114942528727 
938   0.9390000000000007   0.9770114942528727 
939   0.9400000000000007   0.9770114942528727 
940   0.9410000000000007   0.9770114942528727 
941   0.9420000000000007   0.9770114942528727 
942   0.9430000000000007   0.9770114942528727 
943   0.9440000000000007   0.9770114942528727 
944   0.9450000000000007   0.9770114942528727 
945   0.9460000000000007   0.9770114942528727 
946   0.9470000000000007   0.9770114942528727 
947   0.9480000000000007   0.9770114942528727 
948   0.9490000000000007   0.9770114942528727 
949   0.9500000000000007   0.9770114942528727 
950   0.9510000000000007   0.9770114942528727 
951   0.9520000000000007   0.9770114942528727 
952   0.9530000000000007   0.9770114942528727 
953   0.9540000000000007   0.9770114942528727 
954   0.9550000000000007   0.9770114942528727 
955   0.9560000000000007   0.9770114942528727 
956   0.9570000000000007   0.9770114942528727 
957   0.9580000000000007   0.9770114942528727 
958   0.9590000000000007   0.9770114942528727 
959   0.9600000000000007   0.9770114942528727 
960   0.9610000000000007   0.9770114942528727 
961   0.9620000000000007   0.9770114942528727 
962   0.9630000000000007   0.9770114942528727 
963   0.9640000000000007   0.9770114942528727 
964   0.9640000000000007   0.9885057471264359 
965   0.9660000000000007   0.9885057471264359 
966   0.9670000000000007   0.9885057471264359 
967   0.9680000000000007   0.9885057471264359 
968   0.9690000000000007   0.9885057471264359 
969   0.9700000000000008   0.9885057471264359 
970   0.9710000000000008   0.9885057471264359 
971   0.9720000000000008   0.9885057471264359 
972   0.9730000000000008   0.9885057471264359 
973   0.9740000000000008   0.9885057471264359 
974   0.9740000000000008   0.9999999999999991 
975   0.9760000000000008   0.9999999999999991 
976   0.9770000000000008   0.9999999999999991 
977   0.9780000000000008   0.9999999999999991 
978   0.9790000000000008   0.9999999999999991 
979   0.9800000000000008   0.9999999999999991 
980   0.9810000000000008   0.9999999999999991 
981   0.9820000000000008   0.9999999999999991 
982   0.9830000000000008   0.9999999999999991 
983   0.9840000000000008   0.9999999999999991 
984   0.9850000000000008   0.9999999999999991 
985   0.9860000000000008   0.9999999999999991 
986   0.9870000000000008   0.9999999999999991 
987   0.9880000000000008   0.9999999999999991 
988   0.9890000000000008   0.9999999999999991 
989   0.9900000000000008   0.9999999999999991 
990   0.9910000000000008   0.9999999999999991 
991   0.9920000000000008   0.9999999999999991 
992   0.9930000000000008   0.9999999999999991 
993   0.9940000000000008   0.9999999999999991 
994   0.9950000000000008   0.9999999999999991 
995   0.9960000000000008   0.9999999999999991 
996   0.9970000000000008   0.9999999999999991 
997   0.9980000000000008   0.9999999999999991 
998   0.9990000000000008   0.9999999999999991 
999   1.0000000000000007   0.9999999999999991 
