0   0.001   0 
1   0.002   0 
2   0.003   0 
3   0.004   0 
4   0.005   0 
5   0.006   0 
6   0.007   0 
7   0.008   0 
8   0.009000000000000001   0 
9   0.010000000000000002   0 
10   0.011000000000000003   0 
11   0.012000000000000004   0 
12   0.013000000000000005   0 
13   0.014000000000000005   0 
14   0.015000000000000006   0 
15   0.016000000000000007   0 
16   0.017000000000000008   0 
17   0.01800000000000001   0 
18   0.01900000000000001   0 
19   0.02000000000000001   0 
20   0.02100000000000001   0 
21   0.022000000000000013   0 
22   0.023000000000000013   0 
23   0.024000000000000014   0 
24   0.025000000000000015   0 
25   0.026000000000000016   0 
26   0.027000000000000017   0 
27   0.028000000000000018   0 
28   0.02900000000000002   0 
29   0.03000000000000002   0 
30   0.03100000000000002   0 
31   0.03200000000000002   0 
32   0.03300000000000002   0 
33   0.03400000000000002   0 
34   0.03400000000000002   0.007407407407407408 
35   0.035000000000000024   0.011111111111111112 
36   0.036000000000000025   0.014814814814814815 
37   0.037000000000000026   0.018518518518518517 
38   0.03900000000000003   0.018518518518518517 
39   0.04000000000000003   0.018518518518518517 
40   0.04100000000000003   0.018518518518518517 
41   0.04200000000000003   0.018518518518518517 
42   0.04300000000000003   0.018518518518518517 
43   0.04400000000000003   0.018518518518518517 
44   0.04500000000000003   0.018518518518518517 
45   0.046000000000000034   0.018518518518518517 
46   0.047000000000000035   0.018518518518518517 
47   0.048000000000000036   0.018518518518518517 
48   0.04900000000000004   0.018518518518518517 
49   0.05000000000000004   0.018518518518518517 
50   0.05100000000000004   0.018518518518518517 
51   0.05200000000000004   0.018518518518518517 
52   0.05300000000000004   0.018518518518518517 
53   0.05400000000000004   0.018518518518518517 
54   0.05500000000000004   0.018518518518518517 
55   0.05600000000000004   0.018518518518518517 
56   0.057000000000000044   0.018518518518518517 
57   0.058000000000000045   0.018518518518518517 
58   0.059000000000000045   0.018518518518518517 
59   0.060000000000000046   0.018518518518518517 
60   0.06100000000000005   0.018518518518518517 
61   0.06200000000000005   0.018518518518518517 
62   0.06300000000000004   0.018518518518518517 
63   0.06400000000000004   0.018518518518518517 
64   0.06500000000000004   0.018518518518518517 
65   0.06600000000000004   0.018518518518518517 
66   0.06700000000000005   0.018518518518518517 
67   0.06700000000000005   0.025925925925925925 
68   0.06800000000000005   0.02962962962962963 
69   0.06900000000000005   0.03333333333333333 
70   0.07000000000000005   0.037037037037037035 
71   0.07200000000000005   0.037037037037037035 
72   0.07300000000000005   0.037037037037037035 
73   0.07400000000000005   0.037037037037037035 
74   0.07500000000000005   0.037037037037037035 
75   0.07600000000000005   0.037037037037037035 
76   0.07700000000000005   0.037037037037037035 
77   0.07700000000000005   0.04444444444444444 
78   0.07800000000000006   0.04814814814814814 
79   0.07900000000000006   0.05185185185185184 
80   0.08000000000000006   0.055555555555555546 
81   0.08200000000000006   0.055555555555555546 
82   0.08300000000000006   0.055555555555555546 
83   0.08400000000000006   0.055555555555555546 
84   0.08500000000000006   0.055555555555555546 
85   0.08600000000000006   0.055555555555555546 
86   0.08700000000000006   0.055555555555555546 
87   0.08800000000000006   0.055555555555555546 
88   0.08900000000000007   0.055555555555555546 
89   0.09000000000000007   0.055555555555555546 
90   0.09100000000000007   0.055555555555555546 
91   0.09200000000000007   0.055555555555555546 
92   0.09300000000000007   0.055555555555555546 
93   0.09400000000000007   0.055555555555555546 
94   0.09500000000000007   0.055555555555555546 
95   0.09600000000000007   0.055555555555555546 
96   0.09700000000000007   0.055555555555555546 
97   0.09800000000000007   0.055555555555555546 
98   0.09900000000000007   0.055555555555555546 
99   0.10000000000000007   0.055555555555555546 
100   0.10100000000000008   0.055555555555555546 
101   0.10100000000000008   0.06296296296296296 
102   0.10200000000000008   0.06666666666666667 
103   0.10300000000000008   0.07037037037037037 
104   0.10400000000000008   0.07407407407407408 
105   0.10600000000000008   0.07407407407407408 
106   0.10700000000000008   0.07407407407407408 
107   0.10800000000000008   0.07407407407407408 
108   0.10900000000000008   0.07407407407407408 
109   0.11000000000000008   0.07407407407407408 
110   0.11100000000000008   0.07407407407407408 
111   0.11100000000000008   0.08148148148148149 
112   0.11200000000000009   0.0851851851851852 
113   0.11300000000000009   0.0888888888888889 
114   0.11400000000000009   0.09259259259259262 
115   0.11600000000000009   0.09259259259259262 
116   0.11700000000000009   0.09259259259259262 
117   0.11800000000000009   0.09259259259259262 
118   0.11900000000000009   0.09259259259259262 
119   0.12000000000000009   0.09259259259259262 
120   0.12000000000000009   0.09629629629629632 
121   0.1210000000000001   0.10370370370370373 
122   0.1230000000000001   0.10370370370370373 
123   0.1230000000000001   0.11111111111111113 
124   0.12500000000000008   0.11111111111111113 
125   0.12600000000000008   0.11111111111111113 
126   0.12700000000000009   0.11111111111111113 
127   0.12800000000000009   0.11111111111111113 
128   0.1290000000000001   0.11111111111111113 
129   0.1300000000000001   0.11111111111111113 
130   0.1310000000000001   0.11111111111111113 
131   0.1320000000000001   0.11111111111111113 
132   0.1330000000000001   0.11111111111111113 
133   0.1340000000000001   0.11111111111111113 
134   0.1350000000000001   0.11111111111111113 
135   0.1360000000000001   0.11111111111111113 
136   0.1370000000000001   0.11111111111111113 
137   0.1380000000000001   0.11111111111111113 
138   0.1390000000000001   0.11111111111111113 
139   0.1400000000000001   0.11111111111111113 
140   0.1410000000000001   0.11111111111111113 
141   0.1420000000000001   0.11111111111111113 
142   0.1430000000000001   0.11111111111111113 
143   0.1440000000000001   0.11111111111111113 
144   0.1450000000000001   0.11111111111111113 
145   0.1460000000000001   0.11111111111111113 
146   0.1470000000000001   0.11111111111111113 
147   0.1480000000000001   0.11111111111111113 
148   0.1490000000000001   0.11111111111111113 
149   0.1490000000000001   0.11851851851851854 
150   0.1500000000000001   0.12222222222222225 
151   0.1510000000000001   0.12592592592592594 
152   0.1520000000000001   0.12962962962962965 
153   0.1540000000000001   0.12962962962962965 
154   0.1550000000000001   0.12962962962962965 
155   0.1560000000000001   0.12962962962962965 
156   0.1570000000000001   0.12962962962962965 
157   0.1580000000000001   0.12962962962962965 
158   0.1590000000000001   0.12962962962962965 
159   0.1590000000000001   0.13703703703703707 
160   0.16000000000000011   0.14074074074074078 
161   0.16100000000000012   0.1444444444444445 
162   0.16200000000000012   0.1481481481481482 
163   0.16400000000000012   0.1481481481481482 
164   0.16500000000000012   0.1481481481481482 
165   0.16600000000000012   0.1481481481481482 
166   0.16700000000000012   0.1481481481481482 
167   0.16800000000000012   0.1481481481481482 
168   0.16900000000000012   0.1481481481481482 
169   0.17000000000000012   0.1481481481481482 
170   0.17100000000000012   0.1481481481481482 
171   0.17200000000000013   0.1481481481481482 
172   0.17300000000000013   0.1481481481481482 
173   0.17400000000000013   0.1481481481481482 
174   0.17500000000000013   0.1481481481481482 
175   0.17600000000000013   0.1481481481481482 
176   0.17700000000000013   0.1481481481481482 
177   0.17800000000000013   0.1481481481481482 
178   0.17900000000000013   0.1481481481481482 
179   0.18000000000000013   0.1481481481481482 
180   0.18100000000000013   0.1481481481481482 
181   0.18200000000000013   0.1481481481481482 
182   0.18300000000000013   0.1481481481481482 
183   0.18400000000000014   0.1481481481481482 
184   0.18500000000000014   0.1481481481481482 
185   0.18600000000000014   0.1481481481481482 
186   0.18700000000000014   0.1481481481481482 
187   0.18700000000000014   0.1555555555555556 
188   0.18800000000000014   0.15925925925925932 
189   0.18900000000000014   0.16296296296296303 
190   0.19000000000000014   0.16666666666666674 
191   0.19200000000000014   0.16666666666666674 
192   0.19300000000000014   0.16666666666666674 
193   0.19400000000000014   0.16666666666666674 
194   0.19500000000000015   0.16666666666666674 
195   0.19600000000000015   0.16666666666666674 
196   0.19700000000000015   0.16666666666666674 
197   0.19800000000000015   0.16666666666666674 
198   0.19900000000000015   0.16666666666666674 
199   0.20000000000000015   0.16666666666666674 
200   0.20100000000000015   0.16666666666666674 
201   0.20200000000000015   0.16666666666666674 
202   0.20300000000000015   0.16666666666666674 
203   0.20400000000000015   0.16666666666666674 
204   0.20500000000000015   0.16666666666666674 
205   0.20600000000000016   0.16666666666666674 
206   0.20700000000000016   0.16666666666666674 
207   0.20800000000000016   0.16666666666666674 
208   0.20900000000000016   0.16666666666666674 
209   0.21000000000000016   0.16666666666666674 
210   0.21100000000000016   0.16666666666666674 
211   0.21200000000000016   0.16666666666666674 
212   0.21300000000000016   0.16666666666666674 
213   0.21400000000000016   0.16666666666666674 
214   0.21500000000000016   0.16666666666666674 
215   0.21600000000000016   0.16666666666666674 
216   0.21700000000000016   0.16666666666666674 
217   0.21800000000000017   0.16666666666666674 
218   0.21900000000000017   0.16666666666666674 
219   0.22000000000000017   0.16666666666666674 
220   0.22100000000000017   0.16666666666666674 
221   0.22200000000000017   0.16666666666666674 
222   0.22300000000000017   0.16666666666666674 
223   0.22400000000000017   0.16666666666666674 
224   0.22500000000000017   0.16666666666666674 
225   0.22600000000000017   0.16666666666666674 
226   0.22700000000000017   0.16666666666666674 
227   0.22800000000000017   0.16666666666666674 
228   0.22900000000000018   0.16666666666666674 
229   0.23000000000000018   0.16666666666666674 
230   0.23100000000000018   0.16666666666666674 
231   0.23200000000000018   0.16666666666666674 
232   0.23300000000000018   0.16666666666666674 
233   0.23400000000000018   0.16666666666666674 
234   0.23500000000000018   0.16666666666666674 
235   0.23600000000000018   0.16666666666666674 
236   0.23700000000000018   0.16666666666666674 
237   0.23800000000000018   0.16666666666666674 
238   0.23900000000000018   0.16666666666666674 
239   0.24000000000000019   0.16666666666666674 
240   0.2410000000000002   0.16666666666666674 
241   0.2420000000000002   0.16666666666666674 
242   0.2430000000000002   0.16666666666666674 
243   0.2440000000000002   0.16666666666666674 
244   0.2450000000000002   0.16666666666666674 
245   0.2460000000000002   0.16666666666666674 
246   0.2470000000000002   0.16666666666666674 
247   0.2480000000000002   0.16666666666666674 
248   0.2490000000000002   0.16666666666666674 
249   0.25000000000000017   0.16666666666666674 
250   0.25100000000000017   0.16666666666666674 
251   0.25200000000000017   0.16666666666666674 
252   0.25200000000000017   0.17407407407407416 
253   0.25300000000000017   0.17777777777777787 
254   0.25400000000000017   0.18148148148148158 
255   0.25500000000000017   0.18518518518518529 
256   0.2570000000000002   0.18518518518518529 
257   0.2580000000000002   0.18518518518518529 
258   0.2590000000000002   0.18518518518518529 
259   0.2600000000000002   0.18518518518518529 
260   0.2610000000000002   0.18518518518518529 
261   0.2620000000000002   0.18518518518518529 
262   0.2630000000000002   0.18518518518518529 
263   0.2640000000000002   0.18518518518518529 
264   0.2650000000000002   0.18518518518518529 
265   0.2660000000000002   0.18518518518518529 
266   0.2670000000000002   0.18518518518518529 
267   0.2680000000000002   0.18518518518518529 
268   0.2690000000000002   0.18518518518518529 
269   0.2700000000000002   0.18518518518518529 
270   0.2710000000000002   0.18518518518518529 
271   0.2720000000000002   0.18518518518518529 
272   0.2730000000000002   0.18518518518518529 
273   0.2740000000000002   0.18518518518518529 
274   0.2750000000000002   0.18518518518518529 
275   0.2760000000000002   0.18518518518518529 
276   0.2770000000000002   0.18518518518518529 
277   0.2780000000000002   0.18518518518518529 
278   0.2790000000000002   0.18518518518518529 
279   0.2800000000000002   0.18518518518518529 
280   0.2810000000000002   0.18518518518518529 
281   0.2820000000000002   0.18518518518518529 
282   0.2830000000000002   0.18518518518518529 
283   0.2840000000000002   0.18518518518518529 
284   0.2850000000000002   0.18518518518518529 
285   0.2860000000000002   0.18518518518518529 
286   0.2870000000000002   0.18518518518518529 
287   0.2870000000000002   0.1925925925925927 
288   0.2880000000000002   0.1962962962962964 
289   0.2890000000000002   0.20000000000000012 
290   0.2900000000000002   0.20370370370370383 
291   0.2920000000000002   0.20370370370370383 
292   0.2930000000000002   0.20370370370370383 
293   0.2940000000000002   0.20370370370370383 
294   0.2950000000000002   0.20370370370370383 
295   0.2960000000000002   0.20370370370370383 
296   0.2960000000000002   0.20740740740740754 
297   0.2970000000000002   0.21111111111111125 
298   0.2980000000000002   0.21481481481481496 
299   0.2990000000000002   0.21851851851851867 
300   0.3000000000000002   0.22222222222222238 
301   0.3020000000000002   0.22222222222222238 
302   0.3030000000000002   0.22222222222222238 
303   0.3040000000000002   0.22222222222222238 
304   0.3050000000000002   0.22222222222222238 
305   0.3060000000000002   0.22222222222222238 
306   0.3070000000000002   0.22222222222222238 
307   0.3080000000000002   0.22222222222222238 
308   0.3090000000000002   0.22222222222222238 
309   0.3100000000000002   0.22222222222222238 
310   0.3110000000000002   0.22222222222222238 
311   0.3120000000000002   0.22222222222222238 
312   0.3130000000000002   0.22222222222222238 
313   0.3140000000000002   0.22222222222222238 
314   0.3150000000000002   0.22222222222222238 
315   0.3160000000000002   0.22222222222222238 
316   0.3170000000000002   0.22222222222222238 
317   0.3180000000000002   0.22222222222222238 
318   0.31900000000000023   0.22222222222222238 
319   0.32000000000000023   0.22222222222222238 
320   0.32100000000000023   0.22222222222222238 
321   0.32200000000000023   0.22222222222222238 
322   0.32300000000000023   0.22222222222222238 
323   0.32400000000000023   0.22222222222222238 
324   0.32500000000000023   0.22222222222222238 
325   0.32600000000000023   0.22222222222222238 
326   0.32700000000000023   0.22222222222222238 
327   0.32800000000000024   0.22222222222222238 
328   0.32900000000000024   0.22222222222222238 
329   0.33000000000000024   0.22222222222222238 
330   0.33100000000000024   0.22222222222222238 
331   0.33200000000000024   0.22222222222222238 
332   0.33300000000000024   0.22222222222222238 
333   0.33400000000000024   0.22222222222222238 
334   0.33400000000000024   0.22592592592592609 
335   0.33500000000000024   0.2333333333333335 
336   0.33700000000000024   0.2333333333333335 
337   0.33700000000000024   0.24074074074074092 
338   0.33900000000000025   0.24074074074074092 
339   0.34000000000000025   0.24074074074074092 
340   0.34100000000000025   0.24074074074074092 
341   0.34200000000000025   0.24074074074074092 
342   0.34300000000000025   0.24074074074074092 
343   0.34400000000000025   0.24074074074074092 
344   0.34400000000000025   0.24814814814814834 
345   0.34500000000000025   0.25185185185185205 
346   0.34600000000000025   0.25555555555555576 
347   0.34700000000000025   0.25925925925925947 
348   0.34900000000000025   0.25925925925925947 
349   0.35000000000000026   0.25925925925925947 
350   0.35100000000000026   0.25925925925925947 
351   0.35200000000000026   0.25925925925925947 
352   0.35300000000000026   0.25925925925925947 
353   0.35400000000000026   0.25925925925925947 
354   0.35400000000000026   0.2666666666666669 
355   0.35500000000000026   0.2703703703703706 
356   0.35600000000000026   0.2740740740740743 
357   0.35700000000000026   0.277777777777778 
358   0.35900000000000026   0.277777777777778 
359   0.36000000000000026   0.277777777777778 
360   0.36100000000000027   0.277777777777778 
361   0.36200000000000027   0.277777777777778 
362   0.36300000000000027   0.277777777777778 
363   0.36400000000000027   0.277777777777778 
364   0.36500000000000027   0.277777777777778 
365   0.36600000000000027   0.277777777777778 
366   0.36700000000000027   0.277777777777778 
367   0.36800000000000027   0.277777777777778 
368   0.36900000000000027   0.277777777777778 
369   0.3700000000000003   0.277777777777778 
370   0.3710000000000003   0.277777777777778 
371   0.3720000000000003   0.277777777777778 
372   0.3730000000000003   0.277777777777778 
373   0.3740000000000003   0.277777777777778 
374   0.3750000000000003   0.277777777777778 
375   0.3760000000000003   0.277777777777778 
376   0.3770000000000003   0.277777777777778 
377   0.3780000000000003   0.277777777777778 
378   0.3790000000000003   0.277777777777778 
379   0.3800000000000003   0.277777777777778 
380   0.3810000000000003   0.277777777777778 
381   0.3820000000000003   0.277777777777778 
382   0.3830000000000003   0.277777777777778 
383   0.3840000000000003   0.277777777777778 
384   0.3850000000000003   0.277777777777778 
385   0.3860000000000003   0.277777777777778 
386   0.3870000000000003   0.277777777777778 
387   0.3880000000000003   0.277777777777778 
388   0.3890000000000003   0.277777777777778 
389   0.3900000000000003   0.277777777777778 
390   0.3910000000000003   0.277777777777778 
391   0.3920000000000003   0.277777777777778 
392   0.3920000000000003   0.2814814814814817 
393   0.3930000000000003   0.28888888888888914 
394   0.3950000000000003   0.28888888888888914 
395   0.3950000000000003   0.29629629629629656 
396   0.3970000000000003   0.29629629629629656 
397   0.3980000000000003   0.29629629629629656 
398   0.3990000000000003   0.29629629629629656 
399   0.4000000000000003   0.29629629629629656 
400   0.4010000000000003   0.29629629629629656 
401   0.4020000000000003   0.29629629629629656 
402   0.4020000000000003   0.303703703703704 
403   0.4030000000000003   0.3074074074074077 
404   0.4040000000000003   0.3111111111111114 
405   0.4050000000000003   0.3148148148148151 
406   0.4070000000000003   0.3148148148148151 
407   0.4080000000000003   0.3148148148148151 
408   0.4090000000000003   0.3148148148148151 
409   0.4100000000000003   0.3148148148148151 
410   0.4110000000000003   0.3148148148148151 
411   0.4110000000000003   0.3185185185185188 
412   0.4120000000000003   0.3222222222222225 
413   0.4130000000000003   0.32592592592592623 
414   0.4140000000000003   0.32962962962962994 
415   0.4150000000000003   0.33333333333333365 
416   0.4170000000000003   0.33333333333333365 
417   0.4180000000000003   0.33333333333333365 
418   0.4190000000000003   0.33333333333333365 
419   0.4200000000000003   0.33333333333333365 
420   0.4210000000000003   0.33333333333333365 
421   0.4210000000000003   0.34074074074074107 
422   0.4220000000000003   0.3444444444444448 
423   0.4230000000000003   0.3481481481481485 
424   0.4240000000000003   0.3518518518518522 
425   0.4260000000000003   0.3518518518518522 
426   0.4270000000000003   0.3518518518518522 
427   0.4280000000000003   0.3518518518518522 
428   0.4290000000000003   0.3518518518518522 
429   0.4300000000000003   0.3518518518518522 
430   0.4310000000000003   0.3518518518518522 
431   0.43200000000000033   0.3518518518518522 
432   0.43300000000000033   0.3518518518518522 
433   0.43400000000000033   0.3518518518518522 
434   0.43500000000000033   0.3518518518518522 
435   0.43600000000000033   0.3518518518518522 
436   0.43700000000000033   0.3518518518518522 
437   0.43800000000000033   0.3518518518518522 
438   0.43900000000000033   0.3518518518518522 
439   0.44000000000000034   0.3518518518518522 
440   0.44100000000000034   0.3518518518518522 
441   0.44200000000000034   0.3518518518518522 
442   0.44300000000000034   0.3518518518518522 
443   0.44400000000000034   0.3518518518518522 
444   0.44500000000000034   0.3518518518518522 
445   0.44600000000000034   0.3518518518518522 
446   0.44700000000000034   0.3518518518518522 
447   0.44700000000000034   0.3592592592592596 
448   0.44800000000000034   0.3629629629629633 
449   0.44900000000000034   0.36666666666666703 
450   0.45000000000000034   0.37037037037037074 
451   0.45200000000000035   0.37037037037037074 
452   0.45300000000000035   0.37037037037037074 
453   0.45400000000000035   0.37037037037037074 
454   0.45500000000000035   0.37037037037037074 
455   0.45600000000000035   0.37037037037037074 
456   0.45600000000000035   0.37407407407407445 
457   0.45700000000000035   0.38148148148148187 
458   0.45900000000000035   0.38148148148148187 
459   0.45900000000000035   0.3888888888888893 
460   0.46100000000000035   0.3888888888888893 
461   0.46200000000000035   0.3888888888888893 
462   0.46300000000000036   0.3888888888888893 
463   0.46400000000000036   0.3888888888888893 
464   0.46500000000000036   0.3888888888888893 
465   0.46600000000000036   0.3888888888888893 
466   0.46600000000000036   0.3962962962962967 
467   0.46700000000000036   0.4000000000000004 
468   0.46800000000000036   0.4037037037037041 
469   0.46900000000000036   0.40740740740740783 
470   0.47100000000000036   0.40740740740740783 
471   0.47200000000000036   0.40740740740740783 
472   0.47300000000000036   0.40740740740740783 
473   0.47400000000000037   0.40740740740740783 
474   0.47500000000000037   0.40740740740740783 
475   0.47600000000000037   0.40740740740740783 
476   0.47600000000000037   0.41481481481481525 
477   0.47700000000000037   0.41851851851851896 
478   0.47800000000000037   0.42222222222222267 
479   0.47900000000000037   0.4259259259259264 
480   0.48100000000000037   0.4259259259259264 
481   0.4820000000000004   0.4259259259259264 
482   0.4830000000000004   0.4259259259259264 
483   0.4840000000000004   0.4259259259259264 
484   0.4850000000000004   0.4259259259259264 
485   0.4850000000000004   0.4296296296296301 
486   0.4860000000000004   0.4370370370370375 
487   0.4880000000000004   0.4370370370370375 
488   0.4880000000000004   0.4444444444444449 
489   0.4900000000000004   0.4444444444444449 
490   0.4910000000000004   0.4444444444444449 
491   0.4920000000000004   0.4444444444444449 
492   0.4930000000000004   0.4444444444444449 
493   0.4940000000000004   0.4444444444444449 
494   0.4950000000000004   0.4444444444444449 
495   0.4960000000000004   0.4444444444444449 
496   0.4970000000000004   0.4444444444444449 
497   0.4980000000000004   0.4444444444444449 
498   0.4990000000000004   0.4444444444444449 
499   0.5000000000000003   0.4444444444444449 
500   0.5010000000000003   0.4444444444444449 
501   0.5020000000000003   0.4444444444444449 
502   0.5030000000000003   0.4444444444444449 
503   0.5040000000000003   0.4444444444444449 
504   0.5050000000000003   0.4444444444444449 
505   0.5060000000000003   0.4444444444444449 
506   0.5070000000000003   0.4444444444444449 
507   0.5080000000000003   0.4444444444444449 
508   0.5090000000000003   0.4444444444444449 
509   0.5100000000000003   0.4444444444444449 
510   0.5110000000000003   0.4444444444444449 
511   0.5120000000000003   0.4444444444444449 
512   0.5130000000000003   0.4444444444444449 
513   0.5140000000000003   0.4444444444444449 
514   0.5150000000000003   0.4444444444444449 
515   0.5150000000000003   0.45185185185185234 
516   0.5160000000000003   0.45555555555555605 
517   0.5170000000000003   0.45925925925925976 
518   0.5180000000000003   0.46296296296296346 
519   0.5200000000000004   0.46296296296296346 
520   0.5210000000000004   0.46296296296296346 
521   0.5220000000000004   0.46296296296296346 
522   0.5230000000000004   0.46296296296296346 
523   0.5240000000000004   0.46296296296296346 
524   0.5250000000000004   0.46296296296296346 
525   0.5250000000000004   0.4703703703703709 
526   0.5260000000000004   0.4740740740740746 
527   0.5270000000000004   0.4777777777777783 
528   0.5280000000000004   0.481481481481482 
529   0.5300000000000004   0.481481481481482 
530   0.5310000000000004   0.481481481481482 
531   0.5320000000000004   0.481481481481482 
532   0.5330000000000004   0.481481481481482 
533   0.5340000000000004   0.481481481481482 
534   0.5340000000000004   0.4851851851851857 
535   0.5350000000000004   0.49259259259259314 
536   0.5370000000000004   0.49259259259259314 
537   0.5370000000000004   0.5000000000000006 
538   0.5390000000000004   0.5000000000000006 
539   0.5400000000000004   0.5000000000000006 
540   0.5410000000000004   0.5000000000000006 
541   0.5420000000000004   0.5000000000000006 
542   0.5430000000000004   0.5000000000000006 
543   0.5440000000000004   0.5000000000000006 
544   0.5440000000000004   0.507407407407408 
545   0.5450000000000004   0.5111111111111116 
546   0.5460000000000004   0.5148148148148153 
547   0.5470000000000004   0.5185185185185189 
548   0.5490000000000004   0.5185185185185189 
549   0.5500000000000004   0.5185185185185189 
550   0.5510000000000004   0.5185185185185189 
551   0.5520000000000004   0.5185185185185189 
552   0.5530000000000004   0.5185185185185189 
553   0.5540000000000004   0.5185185185185189 
554   0.5550000000000004   0.5185185185185189 
555   0.5560000000000004   0.5185185185185189 
556   0.5570000000000004   0.5185185185185189 
557   0.5580000000000004   0.5185185185185189 
558   0.5590000000000004   0.5185185185185189 
559   0.5600000000000004   0.5185185185185189 
560   0.5610000000000004   0.5185185185185189 
561   0.5620000000000004   0.5185185185185189 
562   0.5630000000000004   0.5185185185185189 
563   0.5640000000000004   0.5185185185185189 
564   0.5650000000000004   0.5185185185185189 
565   0.5660000000000004   0.5185185185185189 
566   0.5670000000000004   0.5185185185185189 
567   0.5680000000000004   0.5185185185185189 
568   0.5690000000000004   0.5185185185185189 
569   0.5700000000000004   0.5185185185185189 
570   0.5710000000000004   0.5185185185185189 
571   0.5720000000000004   0.5185185185185189 
572   0.5730000000000004   0.5185185185185189 
573   0.5730000000000004   0.5222222222222226 
574   0.5740000000000004   0.52962962962963 
575   0.5760000000000004   0.52962962962963 
576   0.5760000000000004   0.5370370370370374 
577   0.5780000000000004   0.5370370370370374 
578   0.5790000000000004   0.5370370370370374 
579   0.5800000000000004   0.5370370370370374 
580   0.5810000000000004   0.5370370370370374 
581   0.5820000000000004   0.5370370370370374 
582   0.5830000000000004   0.5370370370370374 
583   0.5830000000000004   0.5444444444444448 
584   0.5840000000000004   0.5481481481481485 
585   0.5850000000000004   0.5518518518518521 
586   0.5860000000000004   0.5555555555555558 
587   0.5880000000000004   0.5555555555555558 
588   0.5890000000000004   0.5555555555555558 
589   0.5900000000000004   0.5555555555555558 
590   0.5910000000000004   0.5555555555555558 
591   0.5920000000000004   0.5555555555555558 
592   0.5930000000000004   0.5555555555555558 
593   0.5930000000000004   0.5629629629629632 
594   0.5940000000000004   0.5666666666666669 
595   0.5950000000000004   0.5703703703703705 
596   0.5960000000000004   0.5740740740740742 
597   0.5980000000000004   0.5740740740740742 
598   0.5990000000000004   0.5740740740740742 
599   0.6000000000000004   0.5740740740740742 
600   0.6010000000000004   0.5740740740740742 
601   0.6020000000000004   0.5740740740740742 
602   0.6030000000000004   0.5740740740740742 
603   0.6040000000000004   0.5740740740740742 
604   0.6050000000000004   0.5740740740740742 
605   0.6060000000000004   0.5740740740740742 
606   0.6070000000000004   0.5740740740740742 
607   0.6080000000000004   0.5740740740740742 
608   0.6090000000000004   0.5740740740740742 
609   0.6100000000000004   0.5740740740740742 
610   0.6110000000000004   0.5740740740740742 
611   0.6120000000000004   0.5740740740740742 
612   0.6130000000000004   0.5740740740740742 
613   0.6140000000000004   0.5740740740740742 
614   0.6150000000000004   0.5740740740740742 
615   0.6160000000000004   0.5740740740740742 
616   0.6170000000000004   0.5740740740740742 
617   0.6180000000000004   0.5740740740740742 
618   0.6190000000000004   0.5740740740740742 
619   0.6200000000000004   0.5740740740740742 
620   0.6210000000000004   0.5740740740740742 
621   0.6220000000000004   0.5740740740740742 
622   0.6230000000000004   0.5740740740740742 
623   0.6240000000000004   0.5740740740740742 
624   0.6250000000000004   0.5740740740740742 
625   0.6260000000000004   0.5740740740740742 
626   0.6270000000000004   0.5740740740740742 
627   0.6280000000000004   0.5740740740740742 
628   0.6290000000000004   0.5740740740740742 
629   0.6300000000000004   0.5740740740740742 
630   0.6310000000000004   0.5740740740740742 
631   0.6320000000000005   0.5740740740740742 
632   0.6330000000000005   0.5740740740740742 
633   0.6340000000000005   0.5740740740740742 
634   0.6350000000000005   0.5740740740740742 
635   0.6350000000000005   0.5777777777777778 
636   0.6360000000000005   0.5851851851851853 
637   0.6380000000000005   0.5851851851851853 
638   0.6380000000000005   0.5925925925925927 
639   0.6400000000000005   0.5925925925925927 
640   0.6410000000000005   0.5925925925925927 
641   0.6420000000000005   0.5925925925925927 
642   0.6430000000000005   0.5925925925925927 
643   0.6440000000000005   0.5925925925925927 
644   0.6450000000000005   0.5925925925925927 
645   0.6450000000000005   0.6000000000000001 
646   0.6460000000000005   0.6037037037037037 
647   0.6470000000000005   0.6074074074074074 
648   0.6480000000000005   0.611111111111111 
649   0.6500000000000005   0.611111111111111 
650   0.6510000000000005   0.611111111111111 
651   0.6520000000000005   0.611111111111111 
652   0.6530000000000005   0.611111111111111 
653   0.6540000000000005   0.611111111111111 
654   0.6550000000000005   0.611111111111111 
655   0.6560000000000005   0.611111111111111 
656   0.6570000000000005   0.611111111111111 
657   0.6580000000000005   0.611111111111111 
658   0.6590000000000005   0.611111111111111 
659   0.6600000000000005   0.611111111111111 
660   0.6610000000000005   0.611111111111111 
661   0.6620000000000005   0.611111111111111 
662   0.6630000000000005   0.611111111111111 
663   0.6640000000000005   0.611111111111111 
664   0.6650000000000005   0.611111111111111 
665   0.6660000000000005   0.611111111111111 
666   0.6670000000000005   0.611111111111111 
667   0.6680000000000005   0.611111111111111 
668   0.6690000000000005   0.611111111111111 
669   0.6700000000000005   0.611111111111111 
670   0.6710000000000005   0.611111111111111 
671   0.6720000000000005   0.611111111111111 
672   0.6730000000000005   0.611111111111111 
673   0.6740000000000005   0.611111111111111 
674   0.6750000000000005   0.611111111111111 
675   0.6760000000000005   0.611111111111111 
676   0.6770000000000005   0.611111111111111 
677   0.6780000000000005   0.611111111111111 
678   0.6790000000000005   0.611111111111111 
679   0.6800000000000005   0.611111111111111 
680   0.6800000000000005   0.6148148148148147 
681   0.6810000000000005   0.6222222222222221 
682   0.6830000000000005   0.6222222222222221 
683   0.6830000000000005   0.6296296296296295 
684   0.6850000000000005   0.6296296296296295 
685   0.6860000000000005   0.6296296296296295 
686   0.6870000000000005   0.6296296296296295 
687   0.6880000000000005   0.6296296296296295 
688   0.6890000000000005   0.6296296296296295 
689   0.6900000000000005   0.6296296296296295 
690   0.6900000000000005   0.637037037037037 
691   0.6910000000000005   0.6407407407407406 
692   0.6920000000000005   0.6444444444444443 
693   0.6930000000000005   0.6481481481481479 
694   0.6950000000000005   0.6481481481481479 
695   0.6960000000000005   0.6481481481481479 
696   0.6970000000000005   0.6481481481481479 
697   0.6980000000000005   0.6481481481481479 
698   0.6990000000000005   0.6481481481481479 
699   0.7000000000000005   0.6481481481481479 
700   0.7000000000000005   0.6555555555555553 
701   0.7010000000000005   0.659259259259259 
702   0.7020000000000005   0.6629629629629626 
703   0.7030000000000005   0.6666666666666663 
704   0.7050000000000005   0.6666666666666663 
705   0.7060000000000005   0.6666666666666663 
706   0.7070000000000005   0.6666666666666663 
707   0.7080000000000005   0.6666666666666663 
708   0.7090000000000005   0.6666666666666663 
709   0.7100000000000005   0.6666666666666663 
710   0.7110000000000005   0.6666666666666663 
711   0.7120000000000005   0.6666666666666663 
712   0.7130000000000005   0.6666666666666663 
713   0.7140000000000005   0.6666666666666663 
714   0.7150000000000005   0.6666666666666663 
715   0.7160000000000005   0.6666666666666663 
716   0.7170000000000005   0.6666666666666663 
717   0.7180000000000005   0.6666666666666663 
718   0.7190000000000005   0.6666666666666663 
719   0.7200000000000005   0.6666666666666663 
720   0.7210000000000005   0.6666666666666663 
721   0.7220000000000005   0.6666666666666663 
722   0.7230000000000005   0.6666666666666663 
723   0.7240000000000005   0.6666666666666663 
724   0.7250000000000005   0.6666666666666663 
725   0.7260000000000005   0.6666666666666663 
726   0.7270000000000005   0.6666666666666663 
727   0.7280000000000005   0.6666666666666663 
728   0.7290000000000005   0.6666666666666663 
729   0.7300000000000005   0.6666666666666663 
730   0.7310000000000005   0.6666666666666663 
731   0.7320000000000005   0.6666666666666663 
732   0.7330000000000005   0.6666666666666663 
733   0.7340000000000005   0.6666666666666663 
734   0.7350000000000005   0.6666666666666663 
735   0.7350000000000005   0.67037037037037 
736   0.7360000000000005   0.6777777777777774 
737   0.7380000000000005   0.6777777777777774 
738   0.7380000000000005   0.6851851851851848 
739   0.7400000000000005   0.6851851851851848 
740   0.7410000000000005   0.6851851851851848 
741   0.7420000000000005   0.6851851851851848 
742   0.7430000000000005   0.6851851851851848 
743   0.7440000000000005   0.6851851851851848 
744   0.7450000000000006   0.6851851851851848 
745   0.7450000000000006   0.6925925925925922 
746   0.7460000000000006   0.6962962962962959 
747   0.7470000000000006   0.6999999999999995 
748   0.7480000000000006   0.7037037037037032 
749   0.7500000000000006   0.7037037037037032 
750   0.7510000000000006   0.7037037037037032 
751   0.7520000000000006   0.7037037037037032 
752   0.7530000000000006   0.7037037037037032 
753   0.7540000000000006   0.7037037037037032 
754   0.7550000000000006   0.7037037037037032 
755   0.7550000000000006   0.7111111111111106 
756   0.7560000000000006   0.7148148148148142 
757   0.7570000000000006   0.7185185185185179 
758   0.7580000000000006   0.7222222222222215 
759   0.7600000000000006   0.7222222222222215 
760   0.7610000000000006   0.7222222222222215 
761   0.7620000000000006   0.7222222222222215 
762   0.7630000000000006   0.7222222222222215 
763   0.7640000000000006   0.7222222222222215 
764   0.7640000000000006   0.7259259259259252 
765   0.7650000000000006   0.7333333333333326 
766   0.7670000000000006   0.7333333333333326 
767   0.7670000000000006   0.74074074074074 
768   0.7690000000000006   0.74074074074074 
769   0.7700000000000006   0.74074074074074 
770   0.7710000000000006   0.74074074074074 
771   0.7720000000000006   0.74074074074074 
772   0.7730000000000006   0.74074074074074 
773   0.7740000000000006   0.74074074074074 
774   0.7750000000000006   0.74074074074074 
775   0.7760000000000006   0.74074074074074 
776   0.7770000000000006   0.74074074074074 
777   0.7780000000000006   0.74074074074074 
778   0.7790000000000006   0.74074074074074 
779   0.7800000000000006   0.74074074074074 
780   0.7810000000000006   0.74074074074074 
781   0.7820000000000006   0.74074074074074 
782   0.7830000000000006   0.74074074074074 
783   0.7840000000000006   0.74074074074074 
784   0.7850000000000006   0.74074074074074 
785   0.7860000000000006   0.74074074074074 
786   0.7870000000000006   0.74074074074074 
787   0.7880000000000006   0.74074074074074 
788   0.7890000000000006   0.74074074074074 
789   0.7900000000000006   0.74074074074074 
790   0.7900000000000006   0.7481481481481475 
791   0.7910000000000006   0.7518518518518511 
792   0.7920000000000006   0.7555555555555548 
793   0.7930000000000006   0.7592592592592584 
794   0.7950000000000006   0.7592592592592584 
795   0.7960000000000006   0.7592592592592584 
796   0.7970000000000006   0.7592592592592584 
797   0.7980000000000006   0.7592592592592584 
798   0.7990000000000006   0.7592592592592584 
799   0.7990000000000006   0.7629629629629621 
800   0.8000000000000006   0.7703703703703695 
801   0.8020000000000006   0.7703703703703695 
802   0.8020000000000006   0.7777777777777769 
803   0.8040000000000006   0.7777777777777769 
804   0.8050000000000006   0.7777777777777769 
805   0.8060000000000006   0.7777777777777769 
806   0.8070000000000006   0.7777777777777769 
807   0.8080000000000006   0.7777777777777769 
808   0.8090000000000006   0.7777777777777769 
809   0.8090000000000006   0.7851851851851843 
810   0.8100000000000006   0.788888888888888 
811   0.8110000000000006   0.7925925925925916 
812   0.8120000000000006   0.7962962962962953 
813   0.8140000000000006   0.7962962962962953 
814   0.8150000000000006   0.7962962962962953 
815   0.8160000000000006   0.7962962962962953 
816   0.8170000000000006   0.7962962962962953 
817   0.8180000000000006   0.7962962962962953 
818   0.8190000000000006   0.7962962962962953 
819   0.8190000000000006   0.8037037037037027 
820   0.8200000000000006   0.8074074074074064 
821   0.8210000000000006   0.81111111111111 
822   0.8220000000000006   0.8148148148148137 
823   0.8240000000000006   0.8148148148148137 
824   0.8250000000000006   0.8148148148148137 
825   0.8260000000000006   0.8148148148148137 
826   0.8270000000000006   0.8148148148148137 
827   0.8280000000000006   0.8148148148148137 
828   0.8280000000000006   0.8185185185185173 
829   0.8290000000000006   0.8259259259259247 
830   0.8310000000000006   0.8259259259259247 
831   0.8310000000000006   0.8333333333333321 
832   0.8330000000000006   0.8333333333333321 
833   0.8340000000000006   0.8333333333333321 
834   0.8350000000000006   0.8333333333333321 
835   0.8360000000000006   0.8333333333333321 
836   0.8370000000000006   0.8333333333333321 
837   0.8380000000000006   0.8333333333333321 
838   0.8390000000000006   0.8333333333333321 
839   0.8400000000000006   0.8333333333333321 
840   0.8410000000000006   0.8333333333333321 
841   0.8420000000000006   0.8333333333333321 
842   0.8430000000000006   0.8333333333333321 
843   0.8440000000000006   0.8333333333333321 
844   0.8450000000000006   0.8333333333333321 
845   0.8460000000000006   0.8333333333333321 
846   0.8470000000000006   0.8333333333333321 
847   0.8480000000000006   0.8333333333333321 
848   0.8490000000000006   0.8333333333333321 
849   0.8500000000000006   0.8333333333333321 
850   0.8510000000000006   0.8333333333333321 
851   0.8520000000000006   0.8333333333333321 
852   0.8530000000000006   0.8333333333333321 
853   0.8540000000000006   0.8333333333333321 
854   0.8550000000000006   0.8333333333333321 
855   0.8560000000000006   0.8333333333333321 
856   0.8570000000000007   0.8333333333333321 
857   0.8580000000000007   0.8333333333333321 
858   0.8580000000000007   0.8407407407407396 
859   0.8590000000000007   0.8444444444444432 
860   0.8600000000000007   0.8481481481481469 
861   0.8610000000000007   0.8518518518518505 
862   0.8630000000000007   0.8518518518518505 
863   0.8640000000000007   0.8518518518518505 
864   0.8650000000000007   0.8518518518518505 
865   0.8660000000000007   0.8518518518518505 
866   0.8670000000000007   0.8518518518518505 
867   0.8680000000000007   0.8518518518518505 
868   0.8680000000000007   0.859259259259258 
869   0.8690000000000007   0.8629629629629616 
870   0.8700000000000007   0.8666666666666653 
871   0.8710000000000007   0.8703703703703689 
872   0.8730000000000007   0.8703703703703689 
873   0.8740000000000007   0.8703703703703689 
874   0.8750000000000007   0.8703703703703689 
875   0.8760000000000007   0.8703703703703689 
876   0.8770000000000007   0.8703703703703689 
877   0.8770000000000007   0.8740740740740726 
878   0.8780000000000007   0.88148148148148 
879   0.8800000000000007   0.88148148148148 
880   0.8800000000000007   0.8888888888888874 
881   0.8820000000000007   0.8888888888888874 
882   0.8830000000000007   0.8888888888888874 
883   0.8840000000000007   0.8888888888888874 
884   0.8850000000000007   0.8888888888888874 
885   0.8860000000000007   0.8888888888888874 
886   0.8870000000000007   0.8888888888888874 
887   0.8870000000000007   0.8962962962962948 
888   0.8880000000000007   0.8999999999999985 
889   0.8890000000000007   0.9037037037037021 
890   0.8900000000000007   0.9074074074074058 
891   0.8920000000000007   0.9074074074074058 
892   0.8930000000000007   0.9074074074074058 
893   0.8940000000000007   0.9074074074074058 
894   0.8950000000000007   0.9074074074074058 
895   0.8960000000000007   0.9074074074074058 
896   0.8970000000000007   0.9074074074074058 
897   0.8980000000000007   0.9074074074074058 
898   0.8990000000000007   0.9074074074074058 
899   0.9000000000000007   0.9074074074074058 
900   0.9010000000000007   0.9074074074074058 
901   0.9020000000000007   0.9074074074074058 
902   0.9030000000000007   0.9074074074074058 
903   0.9040000000000007   0.9074074074074058 
904   0.9050000000000007   0.9074074074074058 
905   0.9060000000000007   0.9074074074074058 
906   0.9070000000000007   0.9074074074074058 
907   0.9080000000000007   0.9074074074074058 
908   0.9090000000000007   0.9074074074074058 
909   0.9100000000000007   0.9074074074074058 
910   0.9110000000000007   0.9074074074074058 
911   0.9120000000000007   0.9074074074074058 
912   0.9130000000000007   0.9074074074074058 
913   0.9140000000000007   0.9074074074074058 
914   0.9150000000000007   0.9074074074074058 
915   0.9160000000000007   0.9074074074074058 
916   0.9160000000000007   0.9111111111111094 
917   0.9170000000000007   0.9185185185185168 
918   0.9190000000000007   0.9185185185185168 
919   0.9190000000000007   0.9259259259259243 
920   0.9210000000000007   0.9259259259259243 
921   0.9220000000000007   0.9259259259259243 
922   0.9230000000000007   0.9259259259259243 
923   0.9240000000000007   0.9259259259259243 
924   0.9250000000000007   0.9259259259259243 
925   0.9260000000000007   0.9259259259259243 
926   0.9260000000000007   0.9333333333333317 
927   0.9270000000000007   0.9370370370370353 
928   0.9280000000000007   0.940740740740739 
929   0.9290000000000007   0.9444444444444426 
930   0.9310000000000007   0.9444444444444426 
931   0.9320000000000007   0.9444444444444426 
932   0.9330000000000007   0.9444444444444426 
933   0.9340000000000007   0.9444444444444426 
934   0.9350000000000007   0.9444444444444426 
935   0.9360000000000007   0.9444444444444426 
936   0.9360000000000007   0.9518518518518501 
937   0.9370000000000007   0.9555555555555537 
938   0.9380000000000007   0.9592592592592574 
939   0.9390000000000007   0.962962962962961 
940   0.9410000000000007   0.962962962962961 
941   0.9420000000000007   0.962962962962961 
942   0.9430000000000007   0.962962962962961 
943   0.9440000000000007   0.962962962962961 
944   0.9450000000000007   0.962962962962961 
945   0.9460000000000007   0.962962962962961 
946   0.9470000000000007   0.962962962962961 
947   0.9480000000000007   0.962962962962961 
948   0.9490000000000007   0.962962962962961 
949   0.9500000000000007   0.962962962962961 
950   0.9510000000000007   0.962962962962961 
951   0.9520000000000007   0.962962962962961 
952   0.9530000000000007   0.962962962962961 
953   0.9540000000000007   0.962962962962961 
954   0.9550000000000007   0.962962962962961 
955   0.9560000000000007   0.962962962962961 
956   0.9570000000000007   0.962962962962961 
957   0.9580000000000007   0.962962962962961 
958   0.9590000000000007   0.962962962962961 
959   0.9600000000000007   0.962962962962961 
960   0.9610000000000007   0.962962962962961 
961   0.9620000000000007   0.962962962962961 
962   0.9630000000000007   0.962962962962961 
963   0.9640000000000007   0.962962962962961 
964   0.9640000000000007   0.9666666666666647 
965   0.9650000000000007   0.9740740740740721 
966   0.9670000000000007   0.9740740740740721 
967   0.9670000000000007   0.9814814814814795 
968   0.9690000000000007   0.9814814814814795 
969   0.9700000000000008   0.9814814814814795 
970   0.9710000000000008   0.9814814814814795 
971   0.9720000000000008   0.9814814814814795 
972   0.9730000000000008   0.9814814814814795 
973   0.9740000000000008   0.9814814814814795 
974   0.9740000000000008   0.9851851851851832 
975   0.9750000000000008   0.9925925925925906 
976   0.9770000000000008   0.9925925925925906 
977   0.9770000000000008   0.999999999999998 
978   0.9790000000000008   0.999999999999998 
979   0.9800000000000008   0.999999999999998 
980   0.9810000000000008   0.999999999999998 
981   0.9820000000000008   0.999999999999998 
982   0.9830000000000008   0.999999999999998 
983   0.9840000000000008   0.999999999999998 
984   0.9850000000000008   0.999999999999998 
985   0.9860000000000008   0.999999999999998 
986   0.9870000000000008   0.999999999999998 
987   0.9880000000000008   0.999999999999998 
988   0.9890000000000008   0.999999999999998 
989   0.9900000000000008   0.999999999999998 
990   0.9910000000000008   0.999999999999998 
991   0.9920000000000008   0.999999999999998 
992   0.9930000000000008   0.999999999999998 
993   0.9940000000000008   0.999999999999998 
994   0.9950000000000008   0.999999999999998 
995   0.9960000000000008   0.999999999999998 
996   0.9970000000000008   0.999999999999998 
997   0.9980000000000008   0.999999999999998 
998   0.9990000000000008   0.999999999999998 
999   1.0000000000000007   0.999999999999998 
