0.009520358745536504 0
0.059824521104098485 0
0.060012583467594124 0
0.06173644425794411 0
0.07018307035548296 0
0.08642831640948895 0
0.13673247876805095 0
0.13692054113154659 0
0.13864440192189656 0
0.1470910280194354 0
0.1633362740734414 0
0.2136404364320034 0
0.21382849879549903 0
0.215552359585849 0
0.22399898568338786 0
0.24024423173739384 0
0.29054839409595584 0
0.29073645645945145 0
0.2924603172498015 0
0.3009069433473403 0
0.3171521894013463 0
0.36745635175990826 0
0.36764441412340393 0
0.3693682749137539 0
0.3778149010112928 0
0.39406014706529874 0
0.44436430942386074 0
0.44455237178735635 0
0.4462762325777064 0
0.4547228586752452 0
0.4709681047292512 0
0.5212722670878132 0
0.5214603294513088 0
0.5231841902416589 0
0.5316308163391976 0
0.5478760623932036 0
0.5981802247517657 0
0.5983682871152612 0
0.6000921479056113 0
0.6085387740031502 0
0.624784020057156 0
0.6750881824157181 0
0.6752762447792138 0
0.6770001055695637 0
0.6854467316671026 0
0.7016919777211086 0
0.7519961400796705 0
0.7521842024431662 0
0.7539080632335161 0
0.762354689331055 0
0.778599935385061 0
0.828904097743623 0
0.8290921601071186 0
0.8308160208974686 0
0.8392626469950074 0
0.8555078930490134 0
0.9058120554075755 0
0.906000117771071 0
0.9077239785614211 0
0.9161706046589599 0
0.932415850712966 0
0.9827200130715279 0
0.9829080754350236 0
0.9846319362253735 0
0.9930785623229124 0
