0.00010450856307091781 0
0.00010689581451162405 0
0.00014217408580206078 0
0.0001774523570924975 0
0.00021273062838293423 0
0.00024800889967337093 0
0.0002832871709638077 0
0.0003185654422542444 0
0.00035384371354468114 0
0.00038912198483511784 0
0.0004244002561255546 0
0.0004596785274159913 0
0.000494956798706428 0
0.0005302350699968647 0
0.0005655133412873015 0
0.0006007916125777381 0
0.0006360698838681749 0
0.0006713481551586117 0
0.0007066264264490484 0
0.000741904697739485 0
0.0007771829690299218 0
0.0008124612403203586 0
0.0008477395116107953 0
0.000883017782901232 0
0.0009182960541916687 0
0.0009535743254821055 0
0.000988852596772542 0
0.001024130868062979 0
0.0010594091393534156 0
0.0010946874106438523 0
0.0011299656819342891 0
0.0011652439532247258 0
0.0012005222245151624 0
0.0012358004958055993 0
0.001271078767096036 0
0.0013063570383864726 0
0.0013416353096769094 0
0.001376913580967346 0
0.001412191852257783 0
0.0014474701235482196 0
0.0014827483948386562 0
0.001518026666129093 0
0.0015533049374195297 0
0.0015885832087099664 0
0.0016238614800004032 0
0.0016591397512908399 0
0.0016944180225812765 0
0.0017296962938717134 0
0.00176497456516215 0
0.001800252836452587 0
0.0018355311077430235 0
0.0018708093790334602 0
0.001906087650323897 0
0.0019413659216143337 0
0.0019766441929047703 0
0.002011922464195207 0
0.002047200735485644 0
0.0020824790067760805 0
0.0021177572780665174 0
0.002153035549356954 0
0.0021883138206473906 0
0.0022235920919378275 0
0.0022588703632282644 0
0.002294148634518701 0
0.0023294269058091377 0
0.0023647051770995745 0
0.002399983448390011 0
0.002435261719680448 0
0.0024705399909708847 0
0.002505818262261321 0
0.002541096533551758 0
0.002576374804842195 0
0.0026116530761326313 0
0.002646931347423068 0
0.002682209618713505 0
0.0027174878900039414 0
0.0027527661612943783 0
0.002788044432584815 0
0.002823322703875252 0
0.0028586009751656884 0
0.0028938792464561253 0
0.002929157517746562 0
0.0029644357890369986 0
0.0029997140603274354 0
0.0030349923316178723 0
0.0030702706029083087 0
0.0031055488741987456 0
0.0031408271454891824 0
0.003176105416779619 0
0.0032113836880700557 0
0.0032466619593604926 0
0.003281940230650929 0
0.003317218501941366 0
0.0033524967732318028 0
0.003387775044522239 0
0.003423053315812676 0
0.003458331587103113 0
0.0034936098583935493 0
0.003528888129683986 0
0.003564166400974423 0
0.00359944467226486 0
0.07701246622702337 0
0.07701485347846407 0
0.07705013174975452 0
0.07708541002104495 0
0.07712068829233538 0
0.07715596656362582 0
0.07719124483491625 0
0.0772265231062067 0
0.07726180137749714 0
0.07729707964878757 0
0.077332357920078 0
0.07736763619136844 0
0.07740291446265887 0
0.07743819273394932 0
0.07747347100523976 0
0.07750874927653019 0
0.07754402754782062 0
0.07757930581911106 0
0.07761458409040149 0
0.07764986236169194 0
0.07768514063298237 0
0.07772041890427281 0
0.07775569717556324 0
0.07779097544685368 0
0.07782625371814413 0
0.07786153198943456 0
0.077896810260725 0
0.07793208853201543 0
0.07796736680330586 0
0.0780026450745963 0
0.07803792334588674 0
0.07807320161717718 0
0.07810847988846761 0
0.07814375815975805 0
0.07817903643104848 0
0.07821431470233892 0
0.07824959297362936 0
0.0782848712449198 0
0.07832014951621023 0
0.07835542778750067 0
0.0783907060587911 0
0.07842598433008155 0
0.07846126260137198 0
0.07849654087266242 0
0.07853181914395285 0
0.07856709741524329 0
0.07860237568653372 0
0.07863765395782417 0
0.0786729322291146 0
0.07870821050040504 0
0.07874348877169547 0
0.0787787670429859 0
0.07881404531427634 0
0.07884932358556679 0
0.07888460185685722 0
0.07891988012814766 0
0.07895515839943809 0
0.07899043667072853 0
0.07902571494201897 0
0.07906099321330941 0
0.07909627148459984 0
0.07913154975589028 0
0.07916682802718071 0
0.07920210629847114 0
0.07923738456976159 0
0.07927266284105203 0
0.07930794111234246 0
0.0793432193836329 0
0.07937849765492333 0
0.07941377592621378 0
0.07944905419750421 0
0.07948433246879465 0
0.07951961074008508 0
0.07955488901137552 0
0.07959016728266595 0
0.0796254455539564 0
0.07966072382524683 0
0.07969600209653727 0
0.0797312803678277 0
0.07976655863911813 0
0.07980183691040857 0
0.07983711518169902 0
0.07987239345298945 0
0.07990767172427989 0
0.07994294999557032 0
0.07997822826686075 0
0.0800135065381512 0
0.08004878480944164 0
0.08008406308073207 0
0.0801193413520225 0
0.08015461962331294 0
0.08018989789460337 0
0.08022517616589382 0
0.08026045443718426 0
0.08029573270847469 0
0.08033101097976512 0
0.08036628925105556 0
0.08040156752234599 0
0.08043684579363644 0
0.08047212406492688 0
0.08050740233621731 0
0.15392042389097582 0
0.15392281114241652 0
0.15395808941370695 0
0.15399336768499738 0
0.15402864595628785 0
0.15406392422757828 0
0.15409920249886871 0
0.15413448077015915 0
0.15416975904144958 0
0.15420503731274002 0
0.15424031558403045 0
0.15427559385532089 0
0.15431087212661132 0
0.15434615039790175 0
0.1543814286691922 0
0.15441670694048265 0
0.15445198521177309 0
0.15448726348306352 0
0.15452254175435395 0
0.1545578200256444 0
0.15459309829693482 0
0.15462837656822526 0
0.1546636548395157 0
0.15469893311080612 0
0.15473421138209656 0
0.154769489653387 0
0.15480476792467746 0
0.1548400461959679 0
0.15487532446725832 0
0.15491060273854876 0
0.1549458810098392 0
0.15498115928112963 0
0.15501643755242006 0
0.1550517158237105 0
0.15508699409500093 0
0.15512227236629136 0
0.1551575506375818 0
0.15519282890887226 0
0.1552281071801627 0
0.15526338545145313 0
0.15529866372274356 0
0.155333941994034 0
0.15536922026532443 0
0.15540449853661487 0
0.1554397768079053 0
0.15547505507919573 0
0.15551033335048617 0
0.1555456116217766 0
0.15558088989306704 0
0.1556161681643575 0
0.15565144643564793 0
0.15568672470693837 0
0.1557220029782288 0
0.15575728124951924 0
0.15579255952080967 0
0.1558278377921001 0
0.15586311606339054 0
0.15589839433468097 0
0.1559336726059714 0
0.15596895087726184 0
0.1560042291485523 0
0.15603950741984274 0
0.15607478569113317 0
0.1561100639624236 0
0.15614534223371404 0
0.15618062050500447 0
0.1562158987762949 0
0.15625117704758534 0
0.15628645531887578 0
0.1563217335901662 0
0.15635701186145665 0
0.1563922901327471 0
0.15642756840403754 0
0.15646284667532798 0
0.1564981249466184 0
0.15653340321790885 0
0.15656868148919928 0
0.1566039597604897 0
0.15663923803178015 0
0.15667451630307058 0
0.15670979457436102 0
0.15674507284565145 0
0.1567803511169419 0
0.15681562938823235 0
0.15685090765952278 0
0.15688618593081322 0
0.15692146420210365 0
0.15695674247339408 0
0.15699202074468452 0
0.15702729901597495 0
0.1570625772872654 0
0.15709785555855582 0
0.15713313382984626 0
0.1571684121011367 0
0.15720369037242715 0
0.15723896864371759 0
0.15727424691500802 0
0.15730952518629845 0
0.1573448034575889 0
0.15738008172887932 0
0.15741536000016976 0
0.23082838155492827 0
0.23083076880636896 0
0.2308660470776594 0
0.23090132534894986 0
0.2309366036202403 0
0.23097188189153073 0
0.23100716016282116 0
0.2310424384341116 0
0.23107771670540203 0
0.23111299497669247 0
0.2311482732479829 0
0.23118355151927333 0
0.23121882979056377 0
0.2312541080618542 0
0.23128938633314466 0
0.2313246646044351 0
0.23135994287572553 0
0.23139522114701597 0
0.2314304994183064 0
0.23146577768959684 0
0.23150105596088727 0
0.2315363342321777 0
0.23157161250346814 0
0.23160689077475857 0
0.231642169046049 0
0.23167744731733947 0
0.2317127255886299 0
0.23174800385992034 0
0.23178328213121077 0
0.2318185604025012 0
0.23185383867379164 0
0.23188911694508207 0
0.2319243952163725 0
0.23195967348766294 0
0.23199495175895338 0
0.2320302300302438 0
0.23206550830153427 0
0.2321007865728247 0
0.23213606484411514 0
0.23217134311540558 0
0.232206621386696 0
0.23224189965798644 0
0.23227717792927688 0
0.2323124562005673 0
0.23234773447185775 0
0.23238301274314818 0
0.23241829101443862 0
0.23245356928572905 0
0.2324888475570195 0
0.23252412582830995 0
0.23255940409960038 0
0.23259468237089082 0
0.23262996064218125 0
0.23266523891347168 0
0.23270051718476212 0
0.23273579545605255 0
0.232771073727343 0
0.23280635199863342 0
0.23284163026992385 0
0.23287690854121432 0
0.23291218681250475 0
0.23294746508379519 0
0.23298274335508562 0
0.23301802162637605 0
0.2330532998976665 0
0.23308857816895692 0
0.23312385644024736 0
0.2331591347115378 0
0.23319441298282823 0
0.23322969125411866 0
0.23326496952540912 0
0.23330024779669956 0
0.23333552606799 0
0.23337080433928042 0
0.23340608261057086 0
0.2334413608818613 0
0.23347663915315173 0
0.23351191742444216 0
0.2335471956957326 0
0.23358247396702303 0
0.23361775223831346 0
0.23365303050960393 0
0.23368830878089436 0
0.2337235870521848 0
0.23375886532347523 0
0.23379414359476566 0
0.2338294218660561 0
0.23386470013734653 0
0.23389997840863697 0
0.2339352566799274 0
0.23397053495121783 0
0.23400581322250827 0
0.2340410914937987 0
0.23407636976508917 0
0.2341116480363796 0
0.23414692630767003 0
0.23418220457896047 0
0.2342174828502509 0
0.23425276112154134 0
0.23428803939283177 0
0.2343233176641222 0
0.3077363392188807 0
0.3077387264703214 0
0.3077740047416119 0
0.3078092830129023 0
0.30784456128419274 0
0.30787983955548315 0
0.3079151178267736 0
0.30795039609806407 0
0.3079856743693545 0
0.30802095264064494 0
0.30805623091193535 0
0.3080915091832258 0
0.3081267874545162 0
0.3081620657258067 0
0.3081973439970971 0
0.30823262226838755 0
0.30826790053967795 0
0.3083031788109684 0
0.3083384570822589 0
0.3083737353535493 0
0.30840901362483975 0
0.30844429189613015 0
0.3084795701674206 0
0.308514848438711 0
0.3085501267100015 0
0.3085854049812919 0
0.30862068325258235 0
0.30865596152387276 0
0.3086912397951632 0
0.3087265180664536 0
0.3087617963377441 0
0.30879707460903455 0
0.30883235288032496 0
0.3088676311516154 0
0.3089029094229058 0
0.3089381876941963 0
0.3089734659654867 0
0.30900874423677716 0
0.30904402250806756 0
0.309079300779358 0
0.30911457905064843 0
0.3091498573219389 0
0.30918513559322935 0
0.30922041386451976 0
0.3092556921358102 0
0.30929097040710063 0
0.3093262486783911 0
0.3093615269496815 0
0.30939680522097196 0
0.30943208349226237 0
0.30946736176355283 0
0.30950264003484323 0
0.3095379183061337 0
0.30957319657742416 0
0.30960847484871457 0
0.309643753120005 0
0.30967903139129543 0
0.3097143096625859 0
0.3097495879338763 0
0.30978486620516676 0
0.30982014447645717 0
0.30985542274774763 0
0.30989070101903804 0
0.3099259792903285 0
0.30996125756161896 0
0.30999653583290937 0
0.31003181410419983 0
0.31006709237549024 0
0.3101023706467807 0
0.3101376489180711 0
0.31017292718936157 0
0.310208205460652 0
0.31024348373194244 0
0.31027876200323284 0
0.3103140402745233 0
0.31034931854581377 0
0.3103845968171042 0
0.31041987508839464 0
0.31045515335968504 0
0.3104904316309755 0
0.3105257099022659 0
0.3105609881735564 0
0.3105962664448468 0
0.31063154471613724 0
0.31066682298742765 0
0.3107021012587181 0
0.3107373795300086 0
0.310772657801299 0
0.31080793607258944 0
0.31084321434387985 0
0.3108784926151703 0
0.3109137708864607 0
0.3109490491577512 0
0.3109843274290416 0
0.31101960570033205 0
0.31105488397162245 0
0.3110901622429129 0
0.3111254405142034 0
0.3111607187854938 0
0.31119599705678425 0
0.31123127532807465 0
0.3846442968828332 0
0.3846466841342739 0
0.3846819624055643 0
0.38471724067685475 0
0.38475251894814516 0
0.3847877972194356 0
0.3848230754907261 0
0.3848583537620165 0
0.38489363203330695 0
0.38492891030459736 0
0.3849641885758878 0
0.38499946684717823 0
0.3850347451184687 0
0.3850700233897591 0
0.38510530166104956 0
0.38514057993233997 0
0.38517585820363043 0
0.3852111364749209 0
0.3852464147462113 0
0.38528169301750176 0
0.38531697128879216 0
0.3853522495600826 0
0.38538752783137303 0
0.3854228061026635 0
0.3854580843739539 0
0.38549336264524436 0
0.38552864091653477 0
0.38556391918782523 0
0.38559919745911564 0
0.3856344757304061 0
0.38566975400169656 0
0.38570503227298697 0
0.38574031054427743 0
0.38577558881556784 0
0.3858108670868583 0
0.3858461453581487 0
0.38588142362943917 0
0.3859167019007296 0
0.38595198017202004 0
0.38598725844331044 0
0.3860225367146009 0
0.38605781498589137 0
0.3860930932571818 0
0.38612837152847224 0
0.38616364979976264 0
0.3861989280710531 0
0.3862342063423435 0
0.386269484613634 0
0.3863047628849244 0
0.38634004115621484 0
0.38637531942750525 0
0.3864105976987957 0
0.3864458759700862 0
0.3864811542413766 0
0.38651643251266704 0
0.38655171078395745 0
0.3865869890552479 0
0.3866222673265383 0
0.3866575455978288 0
0.3866928238691192 0
0.38672810214040965 0
0.38676338041170005 0
0.3867986586829905 0
0.386833936954281 0
0.3868692152255714 0
0.38690449349686185 0
0.38693977176815225 0
0.3869750500394427 0
0.3870103283107331 0
0.3870456065820236 0
0.387080884853314 0
0.38711616312460445 0
0.38715144139589486 0
0.3871867196671853 0
0.3872219979384758 0
0.3872572762097662 0
0.38729255448105665 0
0.38732783275234706 0
0.3873631110236375 0
0.3873983892949279 0
0.3874336675662184 0
0.3874689458375088 0
0.38750422410879926 0
0.38753950238008966 0
0.3875747806513801 0
0.3876100589226706 0
0.387645337193961 0
0.38768061546525145 0
0.38771589373654186 0
0.3877511720078323 0
0.38778645027912273 0
0.3878217285504132 0
0.3878570068217036 0
0.38789228509299406 0
0.38792756336428447 0
0.38796284163557493 0
0.3879981199068654 0
0.3880333981781558 0
0.38806867644944626 0
0.38810395472073667 0
0.38813923299202713 0
0.4615522545467856 0
0.4615546417982263 0
0.46158992006951677 0
0.4616251983408072 0
0.46166047661209764 0
0.4616957548833881 0
0.4617310331546785 0
0.46176631142596897 0
0.4618015896972594 0
0.46183686796854984 0
0.46187214623984024 0
0.4619074245111307 0
0.4619427027824211 0
0.4619779810537116 0
0.462013259325002 0
0.46204853759629244 0
0.4620838158675829 0
0.4621190941388733 0
0.46215437241016377 0
0.4621896506814542 0
0.46222492895274464 0
0.46226020722403505 0
0.4622954854953255 0
0.4623307637666159 0
0.4623660420379064 0
0.4624013203091968 0
0.46243659858048725 0
0.46247187685177765 0
0.4625071551230681 0
0.4625424333943586 0
0.462577711665649 0
0.46261298993693944 0
0.46264826820822985 0
0.4626835464795203 0
0.4627188247508107 0
0.4627541030221012 0
0.4627893812933916 0
0.46282465956468205 0
0.46285993783597246 0
0.4628952161072629 0
0.4629304943785534 0
0.4629657726498438 0
0.46300105092113425 0
0.46303632919242466 0
0.4630716074637151 0
0.4631068857350055 0
0.463142164006296 0
0.4631774422775864 0
0.46321272054887686 0
0.46324799882016726 0
0.4632832770914577 0
0.4633185553627482 0
0.4633538336340386 0
0.46338911190532905 0
0.46342439017661946 0
0.4634596684479099 0
0.46349494671920033 0
0.4635302249904908 0
0.4635655032617812 0
0.46360078153307166 0
0.46363605980436207 0
0.46367133807565253 0
0.463706616346943 0
0.4637418946182334 0
0.46377717288952386 0
0.46381245116081427 0
0.4638477294321047 0
0.46388300770339513 0
0.4639182859746856 0
0.463953564245976 0
0.46398884251726646 0
0.46402412078855687 0
0.46405939905984733 0
0.4640946773311378 0
0.4641299556024282 0
0.46416523387371866 0
0.46420051214500907 0
0.46423579041629953 0
0.46427106868758994 0
0.4643063469588804 0
0.4643416252301708 0
0.46437690350146127 0
0.4644121817727517 0
0.46444746004404214 0
0.4644827383153326 0
0.464518016586623 0
0.46455329485791347 0
0.4645885731292039 0
0.46462385140049434 0
0.46465912967178474 0
0.4646944079430752 0
0.4647296862143656 0
0.4647649644856561 0
0.4648002427569465 0
0.46483552102823694 0
0.4648707992995274 0
0.4649060775708178 0
0.4649413558421083 0
0.4649766341133987 0
0.46501191238468914 0
0.46504719065597955 0
0.538460212210738 0
0.5384625994621788 0
0.5384978777334692 0
0.5385331560047596 0
0.5385684342760501 0
0.5386037125473405 0
0.538638990818631 0
0.5386742690899214 0
0.5387095473612118 0
0.5387448256325023 0
0.5387801039037927 0
0.5388153821750832 0
0.5388506604463735 0
0.538885938717664 0
0.5389212169889545 0
0.5389564952602449 0
0.5389917735315354 0
0.5390270518028257 0
0.5390623300741162 0
0.5390976083454067 0
0.5391328866166971 0
0.5391681648879875 0
0.5392034431592779 0
0.5392387214305684 0
0.5392739997018589 0
0.5393092779731492 0
0.5393445562444397 0
0.5393798345157301 0
0.5394151127870206 0
0.539450391058311 0
0.5394856693296014 0
0.5395209476008919 0
0.5395562258721823 0
0.5395915041434728 0
0.5396267824147631 0
0.5396620606860536 0
0.5396973389573441 0
0.5397326172286345 0
0.539767895499925 0
0.5398031737712153 0
0.5398384520425058 0
0.5398737303137963 0
0.5399090085850867 0
0.5399442868563771 0
0.5399795651276675 0
0.540014843398958 0
0.5400501216702485 0
0.5400853999415388 0
0.5401206782128293 0
0.5401559564841197 0
0.5401912347554102 0
0.5402265130267007 0
0.540261791297991 0
0.5402970695692815 0
0.5403323478405719 0
0.5403676261118624 0
0.5404029043831527 0
0.5404381826544432 0
0.5404734609257337 0
0.5405087391970241 0
0.5405440174683146 0
0.540579295739605 0
0.5406145740108954 0
0.5406498522821859 0
0.5406851305534763 0
0.5407204088247667 0
0.5407556870960571 0
0.5407909653673476 0
0.5408262436386381 0
0.5408615219099284 0
0.5408968001812189 0
0.5409320784525093 0
0.5409673567237998 0
0.5410026349950903 0
0.5410379132663806 0
0.5410731915376711 0
0.5411084698089615 0
0.541143748080252 0
0.5411790263515424 0
0.5412143046228328 0
0.5412495828941233 0
0.5412848611654137 0
0.5413201394367041 0
0.5413554177079946 0
0.541390695979285 0
0.5414259742505755 0
0.5414612525218659 0
0.5414965307931563 0
0.5415318090644468 0
0.5415670873357372 0
0.5416023656070277 0
0.541637643878318 0
0.5416729221496085 0
0.541708200420899 0
0.5417434786921894 0
0.5417787569634799 0
0.5418140352347702 0
0.5418493135060607 0
0.5418845917773512 0
0.5419198700486416 0
0.541955148319932 0
0.6153681698746906 0
0.6153705571261312 0
0.6154058353974217 0
0.6154411136687121 0
0.6154763919400026 0
0.6155116702112929 0
0.6155469484825834 0
0.6155822267538739 0
0.6156175050251643 0
0.6156527832964547 0
0.6156880615677451 0
0.6157233398390356 0
0.6157586181103261 0
0.6157938963816164 0
0.6158291746529069 0
0.6158644529241973 0
0.6158997311954878 0
0.6159350094667783 0
0.6159702877380686 0
0.6160055660093591 0
0.6160408442806495 0
0.61607612255194 0
0.6161114008232303 0
0.6161466790945208 0
0.6161819573658113 0
0.6162172356371017 0
0.6162525139083922 0
0.6162877921796825 0
0.616323070450973 0
0.6163583487222635 0
0.6163936269935539 0
0.6164289052648443 0
0.6164641835361347 0
0.6164994618074252 0
0.6165347400787157 0
0.616570018350006 0
0.6166052966212965 0
0.616640574892587 0
0.6166758531638774 0
0.6167111314351679 0
0.6167464097064582 0
0.6167816879777487 0
0.6168169662490391 0
0.6168522445203296 0
0.61688752279162 0
0.6169228010629104 0
0.6169580793342009 0
0.6169933576054913 0
0.6170286358767818 0
0.6170639141480722 0
0.6170991924193626 0
0.6171344706906531 0
0.6171697489619435 0
0.6172050272332339 0
0.6172403055045244 0
0.6172755837758148 0
0.6173108620471053 0
0.6173461403183956 0
0.6173814185896861 0
0.6174166968609766 0
0.617451975132267 0
0.6174872534035575 0
0.6175225316748478 0
0.6175578099461383 0
0.6175930882174288 0
0.6176283664887192 0
0.6176636447600096 0
0.6176989230313 0
0.6177342013025905 0
0.617769479573881 0
0.6178047578451714 0
0.6178400361164618 0
0.6178753143877522 0
0.6179105926590427 0
0.6179458709303332 0
0.6179811492016235 0
0.618016427472914 0
0.6180517057442044 0
0.6180869840154949 0
0.6181222622867852 0
0.6181575405580757 0
0.6181928188293662 0
0.6182280971006566 0
0.6182633753719471 0
0.6182986536432374 0
0.6183339319145279 0
0.6183692101858184 0
0.6184044884571088 0
0.6184397667283992 0
0.6184750449996896 0
0.6185103232709801 0
0.6185456015422706 0
0.6185808798135609 0
0.6186161580848514 0
0.6186514363561418 0
0.6186867146274323 0
0.6187219928987228 0
0.6187572711700131 0
0.6187925494413036 0
0.618827827712594 0
0.6188631059838845 0
0.692276127538643 0
0.6922785147900836 0
0.6923137930613741 0
0.6923490713326645 0
0.692384349603955 0
0.6924196278752455 0
0.6924549061465358 0
0.6924901844178263 0
0.6925254626891167 0
0.6925607409604072 0
0.6925960192316976 0
0.692631297502988 0
0.6926665757742785 0
0.6927018540455689 0
0.6927371323168594 0
0.6927724105881498 0
0.6928076888594402 0
0.6928429671307307 0
0.6928782454020211 0
0.6929135236733115 0
0.692948801944602 0
0.6929840802158924 0
0.6930193584871829 0
0.6930546367584732 0
0.6930899150297637 0
0.6931251933010542 0
0.6931604715723446 0
0.6931957498436351 0
0.6932310281149254 0
0.6932663063862159 0
0.6933015846575064 0
0.6933368629287968 0
0.6933721412000872 0
0.6934074194713776 0
0.6934426977426681 0
0.6934779760139586 0
0.693513254285249 0
0.6935485325565394 0
0.6935838108278298 0
0.6936190890991203 0
0.6936543673704108 0
0.6936896456417011 0
0.6937249239129916 0
0.693760202184282 0
0.6937954804555725 0
0.6938307587268628 0
0.6938660369981533 0
0.6939013152694438 0
0.6939365935407342 0
0.6939718718120247 0
0.694007150083315 0
0.6940424283546055 0
0.694077706625896 0
0.6941129848971864 0
0.6941482631684768 0
0.6941835414397672 0
0.6942188197110577 0
0.6942540979823482 0
0.6942893762536386 0
0.694324654524929 0
0.6943599327962194 0
0.6943952110675099 0
0.6944304893388004 0
0.6944657676100907 0
0.6945010458813812 0
0.6945363241526716 0
0.6945716024239621 0
0.6946068806952524 0
0.6946421589665429 0
0.6946774372378334 0
0.6947127155091238 0
0.6947479937804143 0
0.6947832720517046 0
0.6948185503229951 0
0.6948538285942856 0
0.694889106865576 0
0.6949243851368664 0
0.6949596634081568 0
0.6949949416794473 0
0.6950302199507378 0
0.6950654982220281 0
0.6951007764933186 0
0.695136054764609 0
0.6951713330358995 0
0.69520661130719 0
0.6952418895784803 0
0.6952771678497708 0
0.6953124461210612 0
0.6953477243923517 0
0.6953830026636421 0
0.6954182809349325 0
0.695453559206223 0
0.6954888374775134 0
0.6955241157488039 0
0.6955593940200943 0
0.6955946722913847 0
0.6956299505626752 0
0.6956652288339656 0
0.695700507105256 0
0.6957357853765465 0
0.6957710636478369 0
0.7691840852025954 0
0.7691864724540362 0
0.7692217507253266 0
0.769257028996617 0
0.7692923072679074 0
0.7693275855391979 0
0.7693628638104884 0
0.7693981420817787 0
0.7694334203530692 0
0.7694686986243596 0
0.7695039768956501 0
0.7695392551669404 0
0.7695745334382309 0
0.7696098117095214 0
0.7696450899808118 0
0.7696803682521023 0
0.7697156465233926 0
0.7697509247946831 0
0.7697862030659736 0
0.769821481337264 0
0.7698567596085544 0
0.7698920378798448 0
0.7699273161511353 0
0.7699625944224258 0
0.7699978726937162 0
0.7700331509650066 0
0.770068429236297 0
0.7701037075075875 0
0.770138985778878 0
0.7701742640501683 0
0.7702095423214588 0
0.7702448205927492 0
0.7702800988640397 0
0.77031537713533 0
0.7703506554066205 0
0.770385933677911 0
0.7704212119492014 0
0.7704564902204919 0
0.7704917684917822 0
0.7705270467630727 0
0.7705623250343632 0
0.7705976033056536 0
0.770632881576944 0
0.7706681598482344 0
0.7707034381195249 0
0.7707387163908154 0
0.7707739946621058 0
0.7708092729333962 0
0.7708445512046866 0
0.7708798294759771 0
0.7709151077472676 0
0.7709503860185579 0
0.7709856642898484 0
0.7710209425611388 0
0.7710562208324293 0
0.7710914991037197 0
0.7711267773750101 0
0.7711620556463006 0
0.771197333917591 0
0.7712326121888815 0
0.7712678904601719 0
0.7713031687314623 0
0.7713384470027528 0
0.7713737252740432 0
0.7714090035453336 0
0.7714442818166241 0
0.7714795600879145 0
0.771514838359205 0
0.7715501166304954 0
0.7715853949017858 0
0.7716206731730763 0
0.7716559514443667 0
0.7716912297156572 0
0.7717265079869475 0
0.771761786258238 0
0.7717970645295285 0
0.7718323428008189 0
0.7718676210721093 0
0.7719028993433997 0
0.7719381776146902 0
0.7719734558859807 0
0.7720087341572711 0
0.7720440124285615 0
0.7720792906998519 0
0.7721145689711424 0
0.7721498472424329 0
0.7721851255137232 0
0.7722204037850137 0
0.7722556820563041 0
0.7722909603275946 0
0.7723262385988849 0
0.7723615168701754 0
0.7723967951414659 0
0.7724320734127563 0
0.7724673516840468 0
0.7725026299553371 0
0.7725379082266276 0
0.7725731864979181 0
0.7726084647692085 0
0.7726437430404989 0
0.7726790213117893 0
0.8460920428665478 0
0.8460944301179886 0
0.846129708389279 0
0.8461649866605695 0
0.8462002649318598 0
0.8462355432031503 0
0.8462708214744408 0
0.8463060997457312 0
0.8463413780170216 0
0.846376656288312 0
0.8464119345596025 0
0.846447212830893 0
0.8464824911021834 0
0.8465177693734738 0
0.8465530476447642 0
0.8465883259160547 0
0.8466236041873452 0
0.8466588824586355 0
0.846694160729926 0
0.8467294390012164 0
0.8467647172725069 0
0.8467999955437973 0
0.8468352738150877 0
0.8468705520863782 0
0.8469058303576686 0
0.8469411086289591 0
0.8469763869002495 0
0.8470116651715399 0
0.8470469434428304 0
0.8470822217141208 0
0.8471174999854112 0
0.8471527782567017 0
0.8471880565279921 0
0.8472233347992826 0
0.847258613070573 0
0.8472938913418634 0
0.8473291696131539 0
0.8473644478844443 0
0.8473997261557348 0
0.8474350044270251 0
0.8474702826983156 0
0.847505560969606 0
0.8475408392408965 0
0.8475761175121869 0
0.8476113957834773 0
0.8476466740547678 0
0.8476819523260583 0
0.8477172305973487 0
0.8477525088686391 0
0.8477877871399295 0
0.84782306541122 0
0.8478583436825105 0
0.8478936219538008 0
0.8479289002250913 0
0.8479641784963817 0
0.8479994567676722 0
0.8480347350389627 0
0.848070013310253 0
0.8481052915815435 0
0.8481405698528339 0
0.8481758481241244 0
0.8482111263954147 0
0.8482464046667052 0
0.8482816829379957 0
0.8483169612092861 0
0.8483522394805765 0
0.8483875177518669 0
0.8484227960231574 0
0.8484580742944479 0
0.8484933525657383 0
0.8485286308370287 0
0.8485639091083191 0
0.8485991873796096 0
0.8486344656509001 0
0.8486697439221904 0
0.8487050221934809 0
0.8487403004647713 0
0.8487755787360618 0
0.8488108570073521 0
0.8488461352786426 0
0.8488814135499331 0
0.8489166918212235 0
0.848951970092514 0
0.8489872483638043 0
0.8490225266350948 0
0.8490578049063853 0
0.8490930831776757 0
0.8491283614489661 0
0.8491636397202565 0
0.849198917991547 0
0.8492341962628375 0
0.8492694745341279 0
0.8493047528054183 0
0.8493400310767087 0
0.8493753093479992 0
0.8494105876192897 0
0.84944586589058 0
0.8494811441618705 0
0.849516422433161 0
0.8495517007044514 0
0.8495869789757418 0
0.9230000005305004 0
0.923002387781941 0
0.9230376660532315 0
0.9230729443245219 0
0.9231082225958124 0
0.9231435008671027 0
0.9231787791383932 0
0.9232140574096837 0
0.9232493356809741 0
0.9232846139522645 0
0.9233198922235549 0
0.9233551704948454 0
0.9233904487661359 0
0.9234257270374263 0
0.9234610053087167 0
0.9234962835800071 0
0.9235315618512976 0
0.923566840122588 0
0.9236021183938784 0
0.9236373966651689 0
0.9236726749364593 0
0.9237079532077498 0
0.9237432314790402 0
0.9237785097503306 0
0.9238137880216211 0
0.9238490662929115 0
0.923884344564202 0
0.9239196228354923 0
0.9239549011067828 0
0.9239901793780733 0
0.9240254576493637 0
0.9240607359206541 0
0.9240960141919445 0
0.924131292463235 0
0.9241665707345255 0
0.9242018490058159 0
0.9242371272771063 0
0.9242724055483967 0
0.9243076838196872 0
0.9243429620909777 0
0.924378240362268 0
0.9244135186335585 0
0.9244487969048489 0
0.9244840751761394 0
0.9245193534474299 0
0.9245546317187202 0
0.9245899099900107 0
0.9246251882613011 0
0.9246604665325916 0
0.924695744803882 0
0.9247310230751724 0
0.9247663013464629 0
0.9248015796177533 0
0.9248368578890437 0
0.9248721361603341 0
0.9249074144316246 0
0.9249426927029151 0
0.9249779709742055 0
0.9250132492454959 0
0.9250485275167863 0
0.9250838057880768 0
0.9251190840593673 0
0.9251543623306576 0
0.9251896406019481 0
0.9252249188732385 0
0.925260197144529 0
0.9252954754158195 0
0.9253307536871098 0
0.9253660319584003 0
0.9254013102296907 0
0.9254365885009812 0
0.9254718667722716 0
0.925507145043562 0
0.9255424233148525 0
0.9255777015861429 0
0.9256129798574333 0
0.9256482581287238 0
0.9256835364000142 0
0.9257188146713047 0
0.9257540929425951 0
0.9257893712138855 0
0.925824649485176 0
0.9258599277564664 0
0.9258952060277569 0
0.9259304842990472 0
0.9259657625703377 0
0.9260010408416282 0
0.9260363191129186 0
0.926071597384209 0
0.9261068756554994 0
0.9261421539267899 0
0.9261774321980804 0
0.9262127104693708 0
0.9262479887406612 0
0.9262832670119516 0
0.9263185452832421 0
0.9263538235545326 0
0.9263891018258229 0
0.9264243800971134 0
0.9264596583684038 0
0.9264949366396943 0
