0.00011034406659264419 1
0.00014562233788308093 1
0.00018090060917351763 1
0.00021617888046395435 1
0.0002514571517543911 1
0.00028673542304482783 1
0.00032201369433526453 1
0.00035729196562570123 1
0.000392570236916138 1
0.0004278485082065747 1
0.00046312677949701144 1
0.0004984050507874482 1
0.0005336833220778848 1
0.0005689615933683216 1
0.0006042398646587583 1
0.0006395181359491951 1
0.0006747964072396317 1
0.0007100746785300685 1
0.0007453529498205052 1
0.0007806312211109419 1
0.0008159094924013786 1
0.0008511877636918154 1
0.0008864660349822522 1
0.0009217443062726888 1
0.0009570225775631256 1
0.0009923008488535623 1
0.001027579120143999 1
0.0010628573914344358 1
0.0010981356627248725 1
0.001133413934015309 1
0.001168692205305746 1
0.0012039704765961826 1
0.0012392487478866193 1
0.0012745270191770561 1
0.0013098052904674928 1
0.0013450835617579296 1
0.0013803618330483663 1
0.001415640104338803 1
0.0014509183756292398 1
0.0014861966469196764 1
0.001521474918210113 1
0.00155675318950055 1
0.0015920314607909866 1
0.0016273097320814232 1
0.00166258800337186 1
0.0016978662746622967 1
0.0017331445459527336 1
0.0017684228172431702 1
0.0018037010885336069 1
0.0018389793598240437 1
0.0018742576311144804 1
0.001909535902404917 1
0.001944814173695354 1
0.0019800924449857905 1
0.0020153707162762274 1
0.002050648987566664 1
0.0020859272588571007 1
0.0021212055301475376 1
0.002156483801437974 1
0.002191762072728411 1
0.0022270403440188477 1
0.002262318615309284 1
0.002297596886599721 1
0.002332875157890158 1
0.0023681534291805947 1
0.002403431700471031 1
0.002438709971761468 1
0.002473988243051905 1
0.0025092665143423413 1
0.002544544785632778 1
0.002579823056923215 1
0.0026151013282136515 1
0.0026503795995040883 1
0.002685657870794525 1
0.0027209361420849616 1
0.0027562144133753985 1
0.0027914926846658353 1
0.0028267709559562718 1
0.0028620492272467086 1
0.0028973274985371455 1
0.002932605769827582 1
0.0029678840411180188 1
0.0030031623124084556 1
0.003038440583698892 1
0.003073718854989329 1
0.003108997126279766 1
0.0031442753975702026 1
0.003179553668860639 1
0.003214831940151076 1
0.003250110211441513 1
0.0032853884827319492 1
0.003320666754022386 1
0.003355945025312823 1
0.0033912232966032594 1
0.0034265015678936962 1
0.003461779839184133 1
0.0034970581104745695 1
0.0035323363817650064 1
0.0035676146530554433 1
0.0036028929243458797 1
0.0036357839441956102 2
0.0067049935464636055 3
0.05373543842933709 4
0.05375612794182321 4
0.05379591546583498 4
0.0538166049783211 4
0.05385639250233287 4
0.05387708201481899 4
0.053916869538830764 4
0.053937559051316884 4
0.053977346575328655 4
0.053998036087814776 4
0.054037823611826546 4
0.054058513124312674 4
0.054098300648324445 4
0.054118990160810565 4
0.054158777684822336 4
0.054179467197308456 4
0.05421925472132023 4
0.05423994423380635 4
0.05427973175781812 4
0.05430042127030424 4
0.05434020879431601 4
0.05436089830680213 4
0.0544006858308139 4
0.05442137534330002 4
0.05446116286731179 4
0.05448185237979791 4
0.054521639903809684 4
0.054542329416295804 4
0.054582116940307575 4
0.054602806452793695 4
0.054642593976805466 4
0.054663283489291586 4
0.05470307101330336 4
0.05472376052578948 4
0.05476354804980125 4
0.05478423756228737 4
0.05482402508629914 4
0.05484471459878526 4
0.05488450212279703 4
0.05490519163528315 4
0.05494497915929492 4
0.05496566867178104 4
0.055005456195792814 4
0.055026145708278934 4
0.055065933232290705 4
0.055086622744776825 4
0.055126410268788596 4
0.05514709978127472 4
0.05518688730528649 4
0.05520757681777261 4
0.05524736434178438 4
0.0552680538542705 4
0.05530784137828227 4
0.05532853089076839 4
0.05536831841478016 4
0.05538900792726628 4
0.05542879545127805 4
0.05544948496376417 4
0.055489272487775944 4
0.055509962000262064 4
0.055549749524273835 4
0.055570439036759955 4
0.055610226560771726 4
0.055630916073257854 4
0.05567070359726962 4
0.055691393109755745 4
0.055731180633767516 4
0.055751870146253636 4
0.05579165767026541 4
0.05581234718275153 4
0.0558521347067633 4
0.05587282421924942 4
0.05591261174326119 4
0.05593330125574731 4
0.05597308877975908 4
0.0559937782922452 4
0.05603356581625697 4
0.05605425532874309 4
0.05609404285275486 4
0.056114732365240984 4
0.056154519889252755 4
0.056175209401738875 4
0.056214996925750646 4
0.056235686438236766 4
0.05627547396224854 4
0.05629616347473466 4
0.05633595099874643 4
0.05635664051123255 4
0.05639642803524432 4
0.05641711754773044 4
0.05645690507174221 4
0.05647759458422833 4
0.0565173821082401 4
0.05653807162072622 4
0.056577859144737994 4
0.056598548657224114 4
0.056638336181235885 4
0.056659025693722005 4
0.056698813217733776 4
0.056719502730219896 4
0.05675929025423167 4
0.05677997976671779 4
0.05681976729072956 4
0.05684045680321568 4
0.05688024432722745 4
0.05690093383971357 4
0.05694072136372534 4
0.05696141087621146 4
0.05700119840022323 4
0.05702188791270935 4
0.057061675436721124 4
0.057082364949207244 4
0.057122152473219015 4
0.057142841985705135 4
0.057182629509716906 4
0.05720331902220303 4
0.0572431065462148 4
0.057263796058700925 4
0.05730358358271269 4
0.057324273095198816 4
0.05736406061921059 4
0.05738475013169671 4
0.05742453765570848 4
0.0574452271681946 4
0.05748501469220637 4
0.05750570420469249 4
0.05754549172870426 4
0.05756618124119038 4
0.05760596876520215 4
0.05762665827768827 4
0.05766644580170004 4
0.057687135314186164 4
0.057726922838197935 4
0.057747612350684055 4
0.057787399874695826 4
0.057808089387181946 4
0.05784787691119372 4
0.05786856642367984 4
0.05790835394769161 4
0.05792904346017773 4
0.0579688309841895 4
0.05798952049667562 4
0.05802930802068739 4
0.05804999753317351 4
0.05808978505718528 4
0.0581104745696714 4
0.058150262093683174 4
0.058170951606169294 4
0.058210739130181065 4
0.058231428642667185 4
0.058271216166678956 4
0.058291905679165076 4
0.05833169320317685 4
0.05835238271566297 4
0.05839217023967474 4
0.05841285975216086 4
0.05845264727617263 4
0.05847333678865875 4
0.05851312431267052 4
0.05853381382515664 4
0.05857360134916841 4
0.05859429086165453 4
0.058634078385666304 4
0.058654767898152424 4
0.058694555422164195 4
0.058715244934650315 4
0.058755032458662086 4
0.058775721971148207 4
0.05881550949515998 4
0.0588361990076461 4
0.05887598653165787 4
0.058896676044143996 4
0.05893646356815576 4
0.05895715308064189 4
0.05899694060465366 4
0.05901763011713978 4
0.05905741764115155 4
0.05907810715363767 4
0.05911789467764944 4
0.05913858419013556 4
0.05917837171414733 4
0.05919906122663345 4
0.05923884875064522 4
0.059259538263131344 4
0.059299325787143115 4
0.059320015299629235 4
0.059359802823641006 4
0.059380492336127126 4
0.0594202798601389 4
0.05944096937262502 4
0.05948075689663679 4
0.05950144640912291 4
0.05954123393313468 4
0.0595619234456208 4
0.05960171096963257 4
0.05962240048211869 4
0.05966218800613046 4
0.05968287751861658 4
0.05972266504262835 4
0.059743354555114474 4
0.05977889807656499 4
0.05995714618413772 4
0.06014414754699304 4
0.06856424862852405 4
0.0770183017305451 4
0.07705358000183553 4
0.07708885827312596 4
0.07712413654441641 4
0.07715941481570684 4
0.07719469308699728 4
0.07722997135828771 4
0.07726524962957815 4
0.07730052790086858 4
0.07733580617215903 4
0.07737108444344946 4
0.0774063627147399 4
0.07744164098603033 4
0.07747691925732077 4
0.07751219752861122 4
0.07754747579990165 4
0.07758275407119208 4
0.07761803234248252 4
0.07765331061377295 4
0.07768858888506339 4
0.07772386715635383 4
0.07775914542764427 4
0.0777944236989347 4
0.07782970197022514 4
0.07786498024151557 4
0.077900258512806 4
0.07793553678409645 4
0.07797081505538689 4
0.07800609332667732 4
0.07804137159796776 4
0.07807664986925819 4
0.07811192814054864 4
0.07814720641183907 4
0.07818248468312951 4
0.07821776295441994 4
0.07825304122571038 4
0.07828831949700081 4
0.07832359776829126 4
0.07835887603958169 4
0.07839415431087213 4
0.07842943258216256 4
0.078464710853453 4
0.07849998912474343 4
0.07853526739603388 4
0.07857054566732431 4
0.07860582393861475 4
0.07864110220990518 4
0.07867638048119562 4
0.07871165875248606 4
0.0787469370237765 4
0.07878221529506693 4
0.07881749356635737 4
0.0788527718376478 4
0.07888805010893823 4
0.07892332838022868 4
0.07895860665151912 4
0.07899388492280955 4
0.07902916319409999 4
0.07906444146539042 4
0.07909971973668087 4
0.0791349980079713 4
0.07917027627926174 4
0.07920555455055217 4
0.0792408328218426 4
0.07927611109313304 4
0.07931138936442349 4
0.07934666763571392 4
0.07938194590700436 4
0.07941722417829479 4
0.07945250244958522 4
0.07948778072087566 4
0.0795230589921661 4
0.07955833726345654 4
0.07959361553474698 4
0.07962889380603741 4
0.07966417207732784 4
0.07969945034861829 4
0.07973472861990873 4
0.07977000689119916 4
0.0798052851624896 4
0.07984056343378003 4
0.07987584170507046 4
0.07991111997636091 4
0.07994639824765135 4
0.07998167651894178 4
0.08001695479023221 4
0.08005223306152265 4
0.08008751133281308 4
0.08012278960410353 4
0.08015806787539397 4
0.0801933461466844 4
0.08022862441797483 4
0.08026390268926527 4
0.08029918096055572 4
0.08033445923184615 4
0.08036973750313658 4
0.08040501577442702 4
0.08044029404571745 4
0.08047557231700789 4
0.08051085058829834 4
0.08054374160814806 4
0.08361295121041605 4
0.13064339609328954 4
0.13066408560577566 4
0.13070387312978743 4
0.13072456264227356 4
0.13076435016628532 4
0.13078503967877145 4
0.1308248272027832 4
0.13084551671526934 4
0.1308853042392811 4
0.13090599375176723 4
0.130945781275779 4
0.13096647078826512 4
0.13100625831227689 4
0.131026947824763 4
0.13106673534877478 4
0.1310874248612609 4
0.13112721238527267 4
0.1311479018977588 4
0.13118768942177056 4
0.1312083789342567 4
0.13124816645826845 4
0.13126885597075458 4
0.13130864349476634 4
0.13132933300725247 4
0.13136912053126423 4
0.13138981004375036 4
0.13142959756776212 4
0.13145028708024825 4
0.13149007460426002 4
0.13151076411674614 4
0.1315505516407579 4
0.13157124115324403 4
0.1316110286772558 4
0.13163171818974193 4
0.1316715057137537 4
0.13169219522623982 4
0.13173198275025158 4
0.1317526722627377 4
0.13179245978674947 4
0.1318131492992356 4
0.13185293682324736 4
0.1318736263357335 4
0.13191341385974525 4
0.13193410337223138 4
0.13197389089624315 4
0.13199458040872927 4
0.13203436793274104 4
0.13205505744522716 4
0.13209484496923893 4
0.13211553448172506 4
0.13215532200573682 4
0.13217601151822295 4
0.1322157990422347 4
0.13223648855472084 4
0.1322762760787326 4
0.13229696559121873 4
0.1323367531152305 4
0.13235744262771662 4
0.13239723015172838 4
0.1324179196642145 4
0.13245770718822628 4
0.1324783967007124 4
0.13251818422472417 4
0.1325388737372103 4
0.13257866126122206 4
0.13259935077370819 4
0.13263913829771995 4
0.13265982781020608 4
0.13269961533421784 4
0.13272030484670397 4
0.13276009237071573 4
0.13278078188320186 4
0.13282056940721365 4
0.13284125891969975 4
0.13288104644371154 4
0.13290173595619764 4
0.13294152348020943 4
0.13296221299269553 4
0.13300200051670732 4
0.13302269002919342 4
0.13306247755320522 4
0.13308316706569132 4
0.1331229545897031 4
0.1331436441021892 4
0.133183431626201 4
0.1332041211386871 4
0.1332439086626989 4
0.133264598175185 4
0.13330438569919678 4
0.13332507521168288 4
0.13336486273569467 4
0.13338555224818077 4
0.13342533977219256 4
0.13344602928467866 4
0.13348581680869046 4
0.13350650632117655 4
0.13354629384518835 4
0.13356698335767445 4
0.13360677088168624 4
0.13362746039417234 4
0.13366724791818413 4
0.13368793743067023 4
0.13372772495468202 4
0.13374841446716812 4
0.1337882019911799 4
0.133808891503666 4
0.1338486790276778 4
0.1338693685401639 4
0.1339091560641757 4
0.1339298455766618 4
0.13396963310067359 4
0.13399032261315968 4
0.13403011013717148 4
0.13405079964965758 4
0.13409058717366937 4
0.13411127668615547 4
0.13415106421016726 4
0.13417175372265336 4
0.13421154124666515 4
0.13423223075915125 4
0.13427201828316304 4
0.13429270779564914 4
0.13433249531966093 4
0.13435318483214703 4
0.13439297235615882 4
0.13441366186864495 4
0.13445344939265672 4
0.13447413890514284 4
0.1345139264291546 4
0.13453461594164073 4
0.1345744034656525 4
0.13459509297813863 4
0.1346348805021504 4
0.13465557001463652 4
0.13469535753864828 4
0.1347160470511344 4
0.13475583457514617 4
0.1347765240876323 4
0.13481631161164406 4
0.1348370011241302 4
0.13487678864814195 4
0.13489747816062808 4
0.13493726568463985 4
0.13495795519712597 4
0.13499774272113774 4
0.13501843223362386 4
0.13505821975763563 4
0.13507890927012176 4
0.13511869679413352 4
0.13513938630661965 4
0.1351791738306314 4
0.13519986334311754 4
0.1352396508671293 4
0.13526034037961543 4
0.1353001279036272 4
0.13532081741611332 4
0.13536060494012508 4
0.1353812944526112 4
0.13542108197662298 4
0.1354417714891091 4
0.13548155901312087 4
0.135502248525607 4
0.13554203604961876 4
0.13556272556210489 4
0.13560251308611665 4
0.13562320259860278 4
0.13566299012261454 4
0.13568367963510067 4
0.13572346715911243 4
0.13574415667159856 4
0.13578394419561032 4
0.13580463370809645 4
0.13584442123210821 4
0.13586511074459434 4
0.1359048982686061 4
0.13592558778109223 4
0.135965375305104 4
0.13598606481759012 4
0.1360258523416019 4
0.13604654185408802 4
0.13608632937809978 4
0.1361070188905859 4
0.13614680641459767 4
0.1361674959270838 4
0.13620728345109556 4
0.1362279729635817 4
0.13626776048759345 4
0.13628845000007958 4
0.13632823752409134 4
0.13634892703657747 4
0.13638871456058924 4
0.13640940407307536 4
0.13644919159708713 4
0.13646988110957325 4
0.13650966863358502 4
0.13653035814607115 4
0.1365701456700829 4
0.13659083518256904 4
0.1366306227065808 4
0.13665131221906693 4
0.13668685574051745 4
0.13686510384809017 4
0.1370521052109455 4
0.1454722062924765 4
0.15392625939449756 4
0.153961537665788 4
0.15399681593707842 4
0.15403209420836886 4
0.1540673724796593 4
0.15410265075094973 4
0.15413792902224016 4
0.1541732072935306 4
0.15420848556482103 4
0.15424376383611146 4
0.1542790421074019 4
0.15431432037869236 4
0.1543495986499828 4
0.15438487692127323 4
0.15442015519256366 4
0.1544554334638541 4
0.15449071173514453 4
0.15452599000643497 4
0.1545612682777254 4
0.15459654654901583 4
0.15463182482030627 4
0.1546671030915967 4
0.15470238136288716 4
0.1547376596341776 4
0.15477293790546803 4
0.15480821617675847 4
0.1548434944480489 4
0.15487877271933934 4
0.15491405099062977 4
0.1549493292619202 4
0.15498460753321064 4
0.15501988580450107 4
0.1550551640757915 4
0.15509044234708197 4
0.1551257206183724 4
0.15516099888966284 4
0.15519627716095327 4
0.1552315554322437 4
0.15526683370353414 4
0.15530211197482457 4
0.155337390246115 4
0.15537266851740544 4
0.15540794678869588 4
0.1554432250599863 4
0.15547850333127677 4
0.1555137816025672 4
0.15554905987385764 4
0.15558433814514808 4
0.1556196164164385 4
0.15565489468772895 4
0.15569017295901938 4
0.1557254512303098 4
0.15576072950160025 4
0.15579600777289068 4
0.15583128604418112 4
0.15586656431547155 4
0.155901842586762 4
0.15593712085805245 4
0.15597239912934288 4
0.15600767740063332 4
0.15604295567192375 4
0.15607823394321418 4
0.15611351221450462 4
0.15614879048579505 4
0.1561840687570855 4
0.15621934702837592 4
0.15625462529966636 4
0.15628990357095682 4
0.15632518184224725 4
0.15636046011353769 4
0.15639573838482812 4
0.15643101665611855 4
0.156466294927409 4
0.15650157319869942 4
0.15653685146998986 4
0.1565721297412803 4
0.15660740801257073 4
0.15664268628386116 4
0.15667796455515162 4
0.15671324282644206 4
0.1567485210977325 4
0.15678379936902292 4
0.15681907764031336 4
0.1568543559116038 4
0.15688963418289423 4
0.15692491245418466 4
0.1569601907254751 4
0.15699546899676553 4
0.15703074726805596 4
0.15706602553934643 4
0.15710130381063686 4
0.1571365820819273 4
0.15717186035321773 4
0.15720713862450816 4
0.1572424168957986 4
0.15727769516708903 4
0.15731297343837947 4
0.1573482517096699 4
0.15738352998096033 4
0.15741880825225077 4
0.1574516992721005 4
0.1605209088743685 4
0.20755135375724199 4
0.2075720432697281 4
0.20761183079373988 4
0.207632520306226 4
0.20767230783023777 4
0.2076929973427239 4
0.20773278486673566 4
0.2077534743792218 4
0.20779326190323355 4
0.20781395141571968 4
0.20785373893973144 4
0.20787442845221757 4
0.20791421597622933 4
0.20793490548871546 4
0.20797469301272722 4
0.20799538252521335 4
0.20803517004922512 4
0.20805585956171124 4
0.208095647085723 4
0.20811633659820913 4
0.2081561241222209 4
0.20817681363470703 4
0.2082166011587188 4
0.20823729067120492 4
0.20827707819521668 4
0.2082977677077028 4
0.20833755523171457 4
0.2083582447442007 4
0.20839803226821246 4
0.2084187217806986 4
0.20845850930471035 4
0.20847919881719648 4
0.20851898634120825 4
0.20853967585369437 4
0.20857946337770614 4
0.20860015289019226 4
0.20863994041420403 4
0.20866062992669016 4
0.20870041745070192 4
0.20872110696318805 4
0.2087608944871998 4
0.20878158399968594 4
0.2088213715236977 4
0.20884206103618383 4
0.2088818485601956 4
0.20890253807268172 4
0.20894232559669348 4
0.2089630151091796 4
0.20900280263319138 4
0.2090234921456775 4
0.20906327966968927 4
0.2090839691821754 4
0.20912375670618719 4
0.20914444621867329 4
0.20918423374268508 4
0.20920492325517118 4
0.20924471077918297 4
0.20926540029166907 4
0.20930518781568086 4
0.20932587732816696 4
0.20936566485217875 4
0.20938635436466485 4
0.20942614188867664 4
0.20944683140116274 4
0.20948661892517453 4
0.20950730843766063 4
0.20954709596167242 4
0.20956778547415852 4
0.20960757299817032 4
0.20962826251065642 4
0.2096680500346682 4
0.2096887395471543 4
0.2097285270711661 4
0.2097492165836522 4
0.209789004107664 4
0.2098096936201501 4
0.20984948114416188 4
0.20987017065664798 4
0.20990995818065977 4
0.20993064769314587 4
0.20997043521715766 4
0.20999112472964376 4
0.21003091225365556 4
0.21005160176614165 4
0.21009138929015345 4
0.21011207880263955 4
0.21015186632665134 4
0.21017255583913744 4
0.21021234336314923 4
0.21023303287563533 4
0.21027282039964712 4
0.21029350991213322 4
0.210333297436145 4
0.2103539869486311 4
0.2103937744726429 4
0.210414463985129 4
0.2104542515091408 4
0.2104749410216269 4
0.21051472854563869 4
0.21053541805812478 4
0.21057520558213658 4
0.21059589509462268 4
0.21063568261863447 4
0.2106563721311206 4
0.21069615965513236 4
0.2107168491676185 4
0.21075663669163025 4
0.21077732620411638 4
0.21081711372812814 4
0.21083780324061427 4
0.21087759076462603 4
0.21089828027711216 4
0.21093806780112392 4
0.21095875731361005 4
0.21099854483762182 4
0.21101923435010794 4
0.2110590218741197 4
0.21107971138660583 4
0.2111194989106176 4
0.21114018842310373 4
0.2111799759471155 4
0.21120066545960162 4
0.21124045298361338 4
0.2112611424960995 4
0.21130093002011127 4
0.2113216195325974 4
0.21136140705660916 4
0.2113820965690953 4
0.21142188409310705 4
0.21144257360559318 4
0.21148236112960495 4
0.21150305064209107 4
0.21154283816610284 4
0.21156352767858896 4
0.21160331520260073 4
0.21162400471508686 4
0.21166379223909862 4
0.21168448175158475 4
0.2117242692755965 4
0.21174495878808264 4
0.2117847463120944 4
0.21180543582458053 4
0.2118452233485923 4
0.21186591286107842 4
0.21190570038509018 4
0.2119263898975763 4
0.21196617742158808 4
0.2119868669340742 4
0.21202665445808597 4
0.2120473439705721 4
0.21208713149458386 4
0.21210782100706999 4
0.21214760853108175 4
0.21216829804356788 4
0.21220808556757964 4
0.21222877508006577 4
0.21226856260407753 4
0.21228925211656366 4
0.21232903964057542 4
0.21234972915306155 4
0.21238951667707331 4
0.21241020618955944 4
0.2124499937135712 4
0.21247068322605733 4
0.2125104707500691 4
0.21253116026255522 4
0.212570947786567 4
0.21259163729905312 4
0.21263142482306488 4
0.212652114335551 4
0.21269190185956277 4
0.2127125913720489 4
0.21275237889606066 4
0.2127730684085468 4
0.21281285593255855 4
0.21283354544504468 4
0.21287333296905644 4
0.21289402248154257 4
0.21293381000555434 4
0.21295449951804046 4
0.21299428704205223 4
0.21301497655453835 4
0.21305476407855012 4
0.21307545359103625 4
0.213115241115048 4
0.21313593062753414 4
0.2131757181515459 4
0.21319640766403203 4
0.2132361951880438 4
0.21325688470052992 4
0.21329667222454168 4
0.2133173617370278 4
0.21335714926103957 4
0.2133778387735257 4
0.21341762629753747 4
0.2134383158100236 4
0.21347810333403536 4
0.21349879284652148 4
0.21353858037053325 4
0.21355926988301938 4
0.2135948134044699 4
0.21377306151204262 4
0.21396006287489794 4
0.22238016395642896 4
0.23083421705845 4
0.23086949532974044 4
0.23090477360103087 4
0.2309400518723213 4
0.23097533014361174 4
0.23101060841490217 4
0.2310458866861926 4
0.23108116495748304 4
0.23111644322877348 4
0.23115172150006394 4
0.23118699977135437 4
0.2312222780426448 4
0.23125755631393524 4
0.23129283458522568 4
0.2313281128565161 4
0.23136339112780654 4
0.23139866939909698 4
0.2314339476703874 4
0.23146922594167785 4
0.23150450421296828 4
0.23153978248425872 4
0.23157506075554918 4
0.2316103390268396 4
0.23164561729813005 4
0.23168089556942048 4
0.23171617384071092 4
0.23175145211200135 4
0.23178673038329178 4
0.23182200865458222 4
0.23185728692587265 4
0.2318925651971631 4
0.23192784346845352 4
0.23196312173974398 4
0.23199840001103442 4
0.23203367828232485 4
0.23206895655361529 4
0.23210423482490572 4
0.23213951309619615 4
0.2321747913674866 4
0.23221006963877702 4
0.23224534791006746 4
0.2322806261813579 4
0.23231590445264833 4
0.2323511827239388 4
0.23238646099522922 4
0.23242173926651966 4
0.2324570175378101 4
0.23249229580910052 4
0.23252757408039096 4
0.2325628523516814 4
0.23259813062297183 4
0.23263340889426226 4
0.2326686871655527 4
0.23270396543684313 4
0.23273924370813356 4
0.23277452197942403 4
0.23280980025071446 4
0.2328450785220049 4
0.23288035679329533 4
0.23291563506458576 4
0.2329509133358762 4
0.23298619160716663 4
0.23302146987845707 4
0.2330567481497475 4
0.23309202642103793 4
0.23312730469232837 4
0.23316258296361883 4
0.23319786123490926 4
0.2332331395061997 4
0.23326841777749013 4
0.23330369604878057 4
0.233338974320071 4
0.23337425259136144 4
0.23340953086265187 4
0.2334448091339423 4
0.23348008740523274 4
0.23351536567652317 4
0.23355064394781364 4
0.23358592221910407 4
0.2336212004903945 4
0.23365647876168494 4
0.23369175703297537 4
0.2337270353042658 4
0.23376231357555624 4
0.23379759184684668 4
0.2338328701181371 4
0.23386814838942754 4
0.23390342666071798 4
0.23393870493200844 4
0.23397398320329887 4
0.2340092614745893 4
0.23404453974587974 4
0.23407981801717018 4
0.2341150962884606 4
0.23415037455975105 4
0.23418565283104148 4
0.23422093110233191 4
0.23425620937362235 4
0.23429148764491278 4
0.23432676591620322 4
0.23435965693605296 4
0.23742886653832096 4
0.28445931142119446 4
0.2844800009336806 4
0.2845197884576923 4
0.28454047797017845 4
0.28458026549419024 4
0.28460095500667637 4
0.2846407425306881 4
0.28466143204317423 4
0.284701219567186 4
0.28472190907967215 4
0.2847616966036839 4
0.28478238611617 4
0.2848221736401818 4
0.28484286315266794 4
0.28488265067667967 4
0.2849033401891658 4
0.2849431277131776 4
0.2849638172256637 4
0.28500360474967545 4
0.2850242942621616 4
0.2850640817861734 4
0.2850847712986595 4
0.28512455882267124 4
0.28514524833515736 4
0.28518503585916916 4
0.2852057253716553 4
0.285245512895667 4
0.28526620240815315 4
0.28530598993216494 4
0.28532667944465107 4
0.2853664669686628 4
0.28538715648114893 4
0.2854269440051607 4
0.28544763351764685 4
0.2854874210416586 4
0.2855081105541447 4
0.2855478980781565 4
0.28556858759064263 4
0.28560837511465437 4
0.2856290646271405 4
0.2856688521511523 4
0.2856895416636384 4
0.28572932918765015 4
0.2857500187001363 4
0.28578980622414807 4
0.2858104957366342 4
0.28585028326064593 4
0.28587097277313206 4
0.28591076029714385 4
0.28593144980963 4
0.2859712373336417 4
0.28599192684612784 4
0.28603171437013963 4
0.28605240388262576 4
0.2860921914066375 4
0.2861128809191236 4
0.2861526684431354 4
0.28617335795562154 4
0.2862131454796333 4
0.2862338349921194 4
0.2862736225161312 4
0.2862943120286173 4
0.28633409955262906 4
0.2863547890651152 4
0.286394576589127 4
0.2864152661016131 4
0.28645505362562484 4
0.28647574313811097 4
0.28651553066212276 4
0.2865362201746089 4
0.2865760076986206 4
0.28659669721110675 4
0.28663648473511855 4
0.2866571742476047 4
0.2866969617716164 4
0.28671765128410254 4
0.28675743880811433 4
0.28677812832060046 4
0.2868179158446122 4
0.2868386053570983 4
0.2868783928811101 4
0.28689908239359624 4
0.286938869917608 4
0.2869595594300941 4
0.2869993469541059 4
0.287020036466592 4
0.28705982399060376 4
0.2870805135030899 4
0.2871203010271017 4
0.2871409905395878 4
0.28718077806359954 4
0.28720146757608567 4
0.28724125510009746 4
0.2872619446125836 4
0.2873017321365953 4
0.28732242164908145 4
0.28736220917309324 4
0.28738289868557937 4
0.2874226862095911 4
0.28744337572207723 4
0.287483163246089 4
0.28750385275857515 4
0.2875436402825869 4
0.287564329795073 4
0.2876041173190848 4
0.28762480683157093 4
0.28766459435558267 4
0.2876852838680688 4
0.2877250713920806 4
0.2877457609045667 4
0.28778554842857845 4
0.2878062379410646 4
0.28784602546507637 4
0.2878667149775625 4
0.28790650250157424 4
0.28792719201406036 4
0.28796697953807215 4
0.2879876690505583 4
0.28802745657457 4
0.28804814608705614 4
0.28808793361106794 4
0.28810862312355406 4
0.2881484106475658 4
0.2881691001600519 4
0.2882088876840637 4
0.28822957719654985 4
0.2882693647205616 4
0.2882900542330477 4
0.2883298417570595 4
0.28835053126954563 4
0.28839031879355737 4
0.2884110083060435 4
0.2884507958300553 4
0.2884714853425414 4
0.28851127286655315 4
0.2885319623790393 4
0.28857174990305107 4
0.2885924394155372 4
0.28863222693954893 4
0.28865291645203506 4
0.28869270397604685 4
0.288713393488533 4
0.28875318101254477 4
0.28877387052503084 4
0.28881365804904263 4
0.28883434756152876 4
0.28887413508554055 4
0.2888948245980266 4
0.2889346121220384 4
0.28895530163452454 4
0.28899508915853633 4
0.2890157786710224 4
0.2890555661950342 4
0.2890762557075203 4
0.2891160432315321 4
0.2891367327440182 4
0.28917652026803 4
0.2891972097805161 4
0.2892369973045279 4
0.28925768681701397 4
0.28929747434102576 4
0.2893181638535119 4
0.2893579513775237 4
0.28937864089000975 4
0.28941842841402154 4
0.28943911792650767 4
0.28947890545051946 4
0.28949959496300554 4
0.2895393824870173 4
0.28956007199950345 4
0.28959985952351525 4
0.2896205490360013 4
0.2896603365600131 4
0.28968102607249924 4
0.28972081359651103 4
0.2897415031089971 4
0.2897812906330089 4
0.289801980145495 4
0.2898417676695068 4
0.2898624571819929 4
0.2899022447060047 4
0.2899229342184908 4
0.2899627217425026 4
0.28998341125498867 4
0.29002319877900046 4
0.2900438882914866 4
0.2900836758154984 4
0.29010436532798445 4
0.29014415285199624 4
0.29016484236448237 4
0.29020462988849416 4
0.2902253194009803 4
0.290265106924992 4
0.29028579643747815 4
0.29032558396148994 4
0.29034627347397607 4
0.2903860609979878 4
0.29040675051047393 4
0.2904465380344857 4
0.29046722754697185 4
0.2905027710684223 4
0.2906810191759951 4
0.2908680205388504 4
0.2992881216203814 4
0.30774217472240245 4
0.30777745299369286 4
0.3078127312649833 4
0.3078480095362738 4
0.3078832878075642 4
0.30791856607885465 4
0.30795384435014506 4
0.3079891226214355 4
0.3080244008927259 4
0.3080596791640164 4
0.3080949574353068 4
0.30813023570659726 4
0.30816551397788766 4
0.3082007922491781 4
0.3082360705204686 4
0.308271348791759 4
0.30830662706304945 4
0.30834190533433986 4
0.3083771836056303 4
0.30841246187692073 4
0.3084477401482112 4
0.3084830184195016 4
0.30851829669079206 4
0.30855357496208247 4
0.30858885323337293 4
0.3086241315046634 4
0.3086594097759538 4
0.30869468804724426 4
0.30872996631853467 4
0.3087652445898251 4
0.30880052286111553 4
0.308835801132406 4
0.3088710794036964 4
0.30890635767498686 4
0.30894163594627727 4
0.30897691421756773 4
0.30901219248885814 4
0.3090474707601486 4
0.30908274903143906 4
0.30911802730272947 4
0.30915330557401993 4
0.30918858384531034 4
0.3092238621166008 4
0.3092591403878912 4
0.30929441865918167 4
0.3093296969304721 4
0.30936497520176254 4
0.30940025347305294 4
0.3094355317443434 4
0.30947081001563387 4
0.3095060882869243 4
0.30954136655821474 4
0.30957664482950514 4
0.3096119231007956 4
0.309647201372086 4
0.3096824796433765 4
0.3097177579146669 4
0.30975303618595734 4
0.30978831445724775 4
0.3098235927285382 4
0.3098588709998287 4
0.3098941492711191 4
0.30992942754240954 4
0.30996470581369995 4
0.3099999840849904 4
0.3100352623562808 4
0.3100705406275713 4
0.3101058188988617 4
0.31014109717015215 4
0.31017637544144255 4
0.310211653712733 4
0.3102469319840235 4
0.3102822102553139 4
0.31031748852660435 4
0.31035276679789475 4
0.3103880450691852 4
0.3104233233404756 4
0.3104586016117661 4
0.3104938798830565 4
0.31052915815434695 4
0.31056443642563736 4
0.3105997146969278 4
0.3106349929682183 4
0.3106702712395087 4
0.31070554951079915 4
0.31074082778208956 4
0.31077610605338 4
0.3108113843246704 4
0.3108466625959609 4
0.3108819408672513 4
0.31091721913854176 4
0.31095249740983216 4
0.3109877756811226 4
0.3110230539524131 4
0.3110583322237035 4
0.31109361049499396 4
0.31112888876628436 4
0.3111641670375748 4
0.31119944530886523 4
0.3112347235801557 4
0.3112676146000054 4
0.3143368242022734 4
0.3613672690851469 4
0.361387958597633 4
0.3614277461216448 4
0.3614484356341309 4
0.36148822315814266 4
0.3615089126706288 4
0.3615487001946406 4
0.3615693897071267 4
0.36160917723113845 4
0.3616298667436246 4
0.36166965426763636 4
0.3616903437801225 4
0.36173013130413423 4
0.36175082081662036 4
0.36179060834063215 4
0.3618112978531183 4
0.36185108537713 4
0.36187177488961614 4
0.36191156241362793 4
0.36193225192611406 4
0.3619720394501258 4
0.3619927289626119 4
0.3620325164866237 4
0.36205320599910984 4
0.3620929935231216 4
0.3621136830356077 4
0.3621534705596195 4
0.3621741600721056 4
0.36221394759611736 4
0.3622346371086035 4
0.3622744246326153 4
0.3622951141451014 4
0.36233490166911314 4
0.36235559118159927 4
0.36239537870561106 4
0.3624160682180972 4
0.3624558557421089 4
0.36247654525459505 4
0.36251633277860684 4
0.36253702229109297 4
0.3625768098151047 4
0.36259749932759083 4
0.3626372868516026 4
0.36265797636408875 4
0.3626977638881005 4
0.3627184534005866 4
0.3627582409245984 4
0.36277893043708453 4
0.36281871796109627 4
0.3628394074735824 4
0.3628791949975942 4
0.3628998845100803 4
0.36293967203409205 4
0.3629603615465782 4
0.36300014907059 4
0.3630208385830761 4
0.36306062610708784 4
0.36308131561957396 4
0.36312110314358576 4
0.3631417926560719 4
0.3631815801800836 4
0.36320226969256975 4
0.36324205721658154 4
0.36326274672906766 4
0.3633025342530794 4
0.36332322376556553 4
0.3633630112895773 4
0.36338370080206345 4
0.3634234883260752 4
0.3634441778385613 4
0.3634839653625731 4
0.36350465487505923 4
0.36354444239907097 4
0.3635651319115571 4
0.3636049194355689 4
0.363625608948055 4
0.36366539647206675 4
0.3636860859845529 4
0.36372587350856467 4
0.3637465630210508 4
0.36378635054506253 4
0.36380704005754866 4
0.36384682758156045 4
0.3638675170940466 4
0.3639073046180583 4
0.36392799413054444 4
0.36396778165455623 4
0.36398847116704236 4
0.3640282586910541 4
0.3640489482035402 4
0.364088735727552 4
0.36410942524003814 4
0.3641492127640499 4
0.364169902276536 4
0.3642096898005478 4
0.3642303793130339 4
0.36427016683704566 4
0.3642908563495318 4
0.3643306438735436 4
0.3643513333860297 4
0.36439112091004144 4
0.36441181042252757 4
0.36445159794653936 4
0.3644722874590255 4
0.3645120749830372 4
0.36453276449552335 4
0.36457255201953515 4
0.3645932415320213 4
0.364633029056033 4
0.36465371856851914 4
0.36469350609253093 4
0.36471419560501706 4
0.3647539831290288 4
0.3647746726415149 4
0.3648144601655267 4
0.36483514967801284 4
0.3648749372020246 4
0.3648956267145107 4
0.3649354142385225 4
0.3649561037510086 4
0.3649958912750204 4
0.3650165807875065 4
0.3650563683115183 4
0.3650770578240044 4
0.3651168453480162 4
0.36513753486050227 4
0.36517732238451406 4
0.3651980118970002 4
0.365237799421012 4
0.36525848893349805 4
0.36529827645750984 4
0.36531896596999597 4
0.36535875349400776 4
0.36537944300649383 4
0.3654192305305056 4
0.36543992004299175 4
0.36547970756700354 4
0.3655003970794896 4
0.3655401846035014 4
0.36556087411598753 4
0.3656006616399993 4
0.3656213511524854 4
0.3656611386764972 4
0.3656818281889833 4
0.3657216157129951 4
0.3657423052254812 4
0.36578209274949297 4
0.3658027822619791 4
0.3658425697859909 4
0.36586325929847696 4
0.36590304682248875 4
0.3659237363349749 4
0.3659635238589867 4
0.36598421337147274 4
0.36602400089548454 4
0.36604469040797066 4
0.36608447793198245 4
0.3661051674444685 4
0.3661449549684803 4
0.36616564448096645 4
0.36620543200497824 4
0.3662261215174643 4
0.3662659090414761 4
0.36628659855396223 4
0.366326386077974 4
0.3663470755904601 4
0.3663868631144719 4
0.366407552626958 4
0.3664473401509698 4
0.3664680296634559 4
0.36650781718746767 4
0.3665285066999538 4
0.3665682942239656 4
0.3665889837364517 4
0.36662877126046345 4
0.3666494607729496 4
0.36668924829696137 4
0.3667099378094475 4
0.36674972533345923 4
0.36677041484594536 4
0.36681020236995715 4
0.3668308918824433 4
0.366870679406455 4
0.36689136891894114 4
0.36693115644295293 4
0.36695184595543906 4
0.3669916334794508 4
0.3670123229919369 4
0.3670521105159487 4
0.36707280002843484 4
0.3671125875524466 4
0.3671332770649327 4
0.3671730645889445 4
0.3671937541014306 4
0.36723354162544236 4
0.3672542311379285 4
0.3672940186619403 4
0.3673147081744264 4
0.36735449569843814 4
0.36737518521092427 4
0.3674107287323748 4
0.3675889768399475 4
0.36777597820280283 4
0.37619607928433385 4
0.38465013238635487 4
0.38468541065764533 4
0.3847206889289358 4
0.3847559672002262 4
0.38479124547151666 4
0.38482652374280707 4
0.38486180201409753 4
0.38489708028538794 4
0.3849323585566784 4
0.3849676368279688 4
0.38500291509925927 4
0.3850381933705497 4
0.38507347164184014 4
0.3851087499131306 4
0.385144028184421 4
0.38517930645571147 4
0.3852145847270019 4
0.38524986299829234 4
0.38528514126958274 4
0.3853204195408732 4
0.3853556978121636 4
0.3853909760834541 4
0.3854262543547445 4
0.38546153262603494 4
0.3854968108973254 4
0.3855320891686158 4
0.3855673674399063 4
0.3856026457111967 4
0.38563792398248714 4
0.38567320225377755 4
0.385708480525068 4
0.3857437587963584 4
0.3857790370676489 4
0.3858143153389393 4
0.38584959361022975 4
0.38588487188152015 4
0.3859201501528106 4
0.3859554284241011 4
0.3859907066953915 4
0.38602598496668195 4
0.38606126323797235 4
0.3860965415092628 4
0.3861318197805532 4
0.3861670980518437 4
0.3862023763231341 4
0.38623765459442455 4
0.38627293286571496 4
0.3863082111370054 4
0.3863434894082959 4
0.3863787676795863 4
0.38641404595087675 4
0.38644932422216716 4
0.3864846024934576 4
0.386519880764748 4
0.3865551590360385 4
0.3865904373073289 4
0.38662571557861936 4
0.38666099384990976 4
0.3866962721212002 4
0.3867315503924907 4
0.3867668286637811 4
0.38680210693507155 4
0.38683738520636196 4
0.3868726634776524 4
0.38690794174894283 4
0.3869432200202333 4
0.3869784982915237 4
0.38701377656281416 4
0.38704905483410457 4
0.38708433310539503 4
0.3871196113766855 4
0.3871548896479759 4
0.38719016791926636 4
0.38722544619055677 4
0.3872607244618472 4
0.38729600273313763 4
0.3873312810044281 4
0.3873665592757185 4
0.38740183754700896 4
0.38743711581829937 4
0.38747239408958983 4
0.3875076723608803 4
0.3875429506321707 4
0.38757822890346116 4
0.38761350717475157 4
0.38764878544604203 4
0.38768406371733244 4
0.3877193419886229 4
0.3877546202599133 4
0.38778989853120377 4
0.3878251768024942 4
0.38786045507378464 4
0.3878957333450751 4
0.3879310116163655 4
0.38796628988765597 4
0.3880015681589464 4
0.38803684643023684 4
0.38807212470152724 4
0.3881074029728177 4
0.3881426812441081 4
0.3881755722639579 4
0.39124478186622585 4
0.43827522674909936 4
0.4382959162615855 4
0.4383357037855972 4
0.43835639329808335 4
0.43839618082209514 4
0.43841687033458127 4
0.438456657858593 4
0.43847734737107913 4
0.4385171348950909 4
0.43853782440757705 4
0.4385776119315888 4
0.4385983014440749 4
0.4386380889680867 4
0.43865877848057283 4
0.43869856600458457 4
0.4387192555170707 4
0.4387590430410825 4
0.4387797325535686 4
0.43881952007758035 4
0.4388402095900665 4
0.43887999711407827 4
0.4389006866265644 4
0.43894047415057613 4
0.43896116366306226 4
0.43900095118707405 4
0.4390216406995602 4
0.4390614282235719 4
0.43908211773605804 4
0.43912190526006983 4
0.43914259477255596 4
0.4391823822965677 4
0.4392030718090538 4
0.4392428593330656 4
0.43926354884555174 4
0.4393033363695635 4
0.4393240258820496 4
0.4393638134060614 4
0.4393845029185475 4
0.43942429044255926 4
0.4394449799550454 4
0.4394847674790572 4
0.4395054569915433 4
0.43954524451555504 4
0.43956593402804117 4
0.43960572155205296 4
0.4396264110645391 4
0.4396661985885508 4
0.43968688810103695 4
0.43972667562504875 4
0.4397473651375349 4
0.4397871526615466 4
0.43980784217403274 4
0.43984762969804453 4
0.43986831921053066 4
0.4399081067345424 4
0.4399287962470285 4
0.4399685837710403 4
0.43998927328352644 4
0.4400290608075382 4
0.4400497503200243 4
0.4400895378440361 4
0.4401102273565222 4
0.44015001488053396 4
0.4401707043930201 4
0.4402104919170319 4
0.440231181429518 4
0.44027096895352974 4
0.44029165846601587 4
0.44033144599002766 4
0.4403521355025138 4
0.4403919230265255 4
0.44041261253901165 4
0.44045240006302344 4
0.44047308957550957 4
0.4405128770995213 4
0.44053356661200743 4
0.4405733541360192 4
0.44059404364850535 4
0.4406338311725171 4
0.4406545206850032 4
0.440694308209015 4
0.44071499772150113 4
0.44075478524551287 4
0.440775474757999 4
0.4408152622820108 4
0.4408359517944969 4
0.44087573931850865 4
0.4408964288309948 4
0.44093621635500657 4
0.4409569058674927 4
0.44099669339150444 4
0.44101738290399056 4
0.44105717042800235 4
0.4410778599404885 4
0.4411176474645002 4
0.44113833697698634 4
0.44117812450099814 4
0.44119881401348426 4
0.441238601537496 4
0.4412592910499821 4
0.4412990785739939 4
0.44131976808648005 4
0.44135955561049184 4
0.4413802451229779 4
0.4414200326469897 4
0.44144072215947583 4
0.4414805096834876 4
0.4415011991959737 4
0.4415409867199855 4
0.4415616762324716 4
0.4416014637564834 4
0.4416221532689695 4
0.44166194079298127 4
0.4416826303054674 4
0.4417224178294792 4
0.44174310734196526 4
0.44178289486597705 4
0.4418035843784632 4
0.44184337190247497 4
0.44186406141496104 4
0.44190384893897283 4
0.44192453845145896 4
0.44196432597547075 4
0.4419850154879568 4
0.4420248030119686 4
0.44204549252445474 4
0.44208528004846653 4
0.4421059695609526 4
0.4421457570849644 4
0.4421664465974505 4
0.4422062341214623 4
0.4422269236339484 4
0.4422667111579602 4
0.4422874006704463 4
0.4423271881944581 4
0.44234787770694417 4
0.44238766523095596 4
0.4424083547434421 4
0.4424481422674539 4
0.44246883177993995 4
0.44250861930395174 4
0.44252930881643787 4
0.44256909634044966 4
0.44258978585293574 4
0.4426295733769475 4
0.44265026288943365 4
0.44269005041344545 4
0.4427107399259315 4
0.4427505274499433 4
0.44277121696242944 4
0.44281100448644123 4
0.44283169399892736 4
0.4428714815229391 4
0.4428921710354252 4
0.442931958559437 4
0.44295264807192314 4
0.4429924355959349 4
0.443013125108421 4
0.4430529126324328 4
0.4430736021449189 4
0.44311338966893066 4
0.4431340791814168 4
0.4431738667054286 4
0.4431945562179147 4
0.44323434374192644 4
0.44325503325441257 4
0.44329482077842436 4
0.4433155102909105 4
0.4433552978149222 4
0.44337598732740835 4
0.44341577485142014 4
0.44343646436390627 4
0.443476251887918 4
0.44349694140040413 4
0.4435367289244159 4
0.44355741843690205 4
0.4435972059609138 4
0.4436178954733999 4
0.4436576829974117 4
0.44367837250989783 4
0.44371816003390957 4
0.4437388495463957 4
0.4437786370704075 4
0.4437993265828936 4
0.44383911410690535 4
0.4438598036193915 4
0.44389959114340327 4
0.4439202806558894 4
0.44396006817990114 4
0.44398075769238726 4
0.44402054521639905 4
0.4440412347288852 4
0.4440810222528969 4
0.44410171176538304 4
0.44414149928939484 4
0.44416218880188096 4
0.4442019763258927 4
0.4442226658383788 4
0.4442624533623906 4
0.44428314287487675 4
0.44431868639632727 4
0.4444969345039 4
0.4446839358667553 4
0.45310403694828627 4
0.46155809005030735 4
0.4615933683215978 4
0.4616286465928882 4
0.4616639248641787 4
0.4616992031354691 4
0.46173448140675954 4
0.46176975967804995 4
0.4618050379493404 4
0.4618403162206308 4
0.4618755944919213 4
0.4619108727632117 4
0.46194615103450215 4
0.4619814293057926 4
0.462016707577083 4
0.4620519858483735 4
0.4620872641196639 4
0.46212254239095435 4
0.46215782066224476 4
0.4621930989335352 4
0.4622283772048256 4
0.4622636554761161 4
0.4622989337474065 4
0.46233421201869696 4
0.4623694902899874 4
0.4624047685612778 4
0.4624400468325683 4
0.4624753251038587 4
0.46251060337514915 4
0.46254588164643956 4
0.46258115991773 4
0.46261643818902043 4
0.4626517164603109 4
0.4626869947316013 4
0.46272227300289176 4
0.4627575512741822 4
0.46279282954547263 4
0.4628281078167631 4
0.4628633860880535 4
0.46289866435934396 4
0.46293394263063437 4
0.4629692209019248 4
0.46300449917321523 4
0.4630397774445057 4
0.4630750557157961 4
0.46311033398708656 4
0.46314561225837697 4
0.46318089052966743 4
0.4632161688009579 4
0.4632514470722483 4
0.46328672534353876 4
0.46332200361482917 4
0.46335728188611963 4
0.46339256015741004 4
0.4634278384287005 4
0.4634631166999909 4
0.46349839497128137 4
0.4635336732425718 4
0.46356895151386224 4
0.4636042297851527 4
0.4636395080564431 4
0.46367478632773357 4
0.463710064599024 4
0.46374534287031444 4
0.46378062114160484 4
0.4638158994128953 4
0.4638511776841857 4
0.4638864559554762 4
0.4639217342267666 4
0.46395701249805704 4
0.4639922907693475 4
0.4640275690406379 4
0.4640628473119284 4
0.4640981255832188 4
0.46413340385450924 4
0.46416868212579965 4
0.4642039603970901 4
0.4642392386683805 4
0.464274516939671 4
0.4643097952109614 4
0.46434507348225185 4
0.4643803517535423 4
0.4644156300248327 4
0.4644509082961232 4
0.4644861865674136 4
0.46452146483870405 4
0.46455674310999445 4
0.4645920213812849 4
0.4646272996525753 4
0.4646625779238658 4
0.4646978561951562 4
0.46473313446644665 4
0.4647684127377371 4
0.4648036910090275 4
0.464838969280318 4
0.4648742475516084 4
0.46490952582289885 4
0.46494480409418926 4
0.4649800823654797 4
0.4650153606367701 4
0.4650506389080606 4
0.4650835299279103 4
0.46815273953017833 4
0.5151831844130518 4
0.5152038739255379 4
0.5152436614495497 4
0.5152643509620358 4
0.5153041384860476 4
0.5153248279985337 4
0.5153646155225454 4
0.5153853050350315 4
0.5154250925590433 4
0.5154457820715295 4
0.5154855695955413 4
0.5155062591080274 4
0.5155460466320392 4
0.5155667361445253 4
0.515606523668537 4
0.5156272131810231 4
0.5156670007050349 4
0.515687690217521 4
0.5157274777415328 4
0.515748167254019 4
0.5157879547780307 4
0.5158086442905169 4
0.5158484318145286 4
0.5158691213270147 4
0.5159089088510265 4
0.5159295983635126 4
0.5159693858875244 4
0.5159900754000105 4
0.5160298629240223 4
0.5160505524365084 4
0.5160903399605201 4
0.5161110294730062 4
0.516150816997018 4
0.5161715065095042 4
0.516211294033516 4
0.5162319835460021 4
0.5162717710700139 4
0.5162924605825 4
0.5163322481065117 4
0.5163529376189978 4
0.5163927251430096 4
0.5164134146554957 4
0.5164532021795075 4
0.5164738916919936 4
0.5165136792160054 4
0.5165343687284916 4
0.5165741562525032 4
0.5165948457649894 4
0.5166346332890012 4
0.5166553228014873 4
0.5166951103254991 4
0.5167157998379852 4
0.516755587361997 4
0.5167762768744831 4
0.5168160643984948 4
0.5168367539109809 4
0.5168765414349927 4
0.5168972309474789 4
0.5169370184714907 4
0.5169577079839768 4
0.5169974955079886 4
0.5170181850204747 4
0.5170579725444864 4
0.5170786620569725 4
0.5171184495809843 4
0.5171391390934704 4
0.5171789266174822 4
0.5171996161299683 4
0.5172394036539801 4
0.5172600931664663 4
0.5172998806904779 4
0.5173205702029641 4
0.5173603577269759 4
0.517381047239462 4
0.5174208347634738 4
0.5174415242759599 4
0.5174813117999717 4
0.5175020013124578 4
0.5175417888364695 4
0.5175624783489556 4
0.5176022658729674 4
0.5176229553854536 4
0.5176627429094653 4
0.5176834324219515 4
0.5177232199459633 4
0.5177439094584494 4
0.5177836969824612 4
0.5178043864949472 4
0.517844174018959 4
0.5178648635314451 4
0.5179046510554569 4
0.517925340567943 4
0.5179651280919548 4
0.517985817604441 4
0.5180256051284527 4
0.5180462946409388 4
0.5180860821649506 4
0.5181067716774367 4
0.5181465592014485 4
0.5181672487139346 4
0.5182070362379464 4
0.5182277257504325 4
0.5182675132744443 4
0.5182882027869303 4
0.5183279903109421 4
0.5183486798234282 4
0.51838846734744 4
0.5184091568599262 4
0.518448944383938 4
0.5184696338964241 4
0.5185094214204359 4
0.5185301109329219 4
0.5185698984569337 4
0.5185905879694198 4
0.5186303754934316 4
0.5186510650059177 4
0.5186908525299295 4
0.5187115420424157 4
0.5187513295664274 4
0.5187720190789135 4
0.5188118066029253 4
0.5188324961154114 4
0.5188722836394232 4
0.5188929731519093 4
0.5189327606759211 4
0.5189534501884072 4
0.518993237712419 4
0.519013927224905 4
0.5190537147489168 4
0.5190744042614029 4
0.5191141917854147 4
0.5191348812979009 4
0.5191746688219127 4
0.5191953583343988 4
0.5192351458584106 4
0.5192558353708967 4
0.5192956228949084 4
0.5193163124073945 4
0.5193560999314063 4
0.5193767894438924 4
0.5194165769679042 4
0.5194372664803903 4
0.5194770540044021 4
0.5194977435168883 4
0.5195375310409 4
0.5195582205533861 4
0.5195980080773979 4
0.519618697589884 4
0.5196584851138958 4
0.5196791746263819 4
0.5197189621503937 4
0.5197396516628798 4
0.5197794391868915 4
0.5198001286993776 4
0.5198399162233894 4
0.5198606057358756 4
0.5199003932598874 4
0.5199210827723735 4
0.5199608702963853 4
0.5199815598088714 4
0.5200213473328831 4
0.5200420368453692 4
0.520081824369381 4
0.5201025138818671 4
0.5201423014058789 4
0.520162990918365 4
0.5202027784423768 4
0.520223467954863 4
0.5202632554788746 4
0.5202839449913608 4
0.5203237325153726 4
0.5203444220278587 4
0.5203842095518705 4
0.5204048990643566 4
0.5204446865883684 4
0.5204653761008545 4
0.5205051636248662 4
0.5205258531373523 4
0.5205656406613641 4
0.5205863301738503 4
0.520626117697862 4
0.5206468072103482 4
0.52068659473436 4
0.5207072842468461 4
0.5207470717708578 4
0.5207677612833439 4
0.5208075488073557 4
0.5208282383198418 4
0.5208680258438536 4
0.5208887153563397 4
0.5209285028803515 4
0.5209491923928377 4
0.5209889799168493 4
0.5210096694293355 4
0.5210494569533473 4
0.5210701464658334 4
0.5211099339898452 4
0.5211306235023313 4
0.5211704110263431 4
0.5211911005388292 4
0.5212266440602797 4
0.5214048921678525 4
0.5215918935307078 4
0.5300119946122388 4
0.5384660477142598 4
0.5385013259855502 4
0.5385366042568407 4
0.5385718825281312 4
0.5386071607994215 4
0.538642439070712 4
0.5386777173420024 4
0.5387129956132929 4
0.5387482738845832 4
0.5387835521558737 4
0.5388188304271642 4
0.5388541086984546 4
0.5388893869697451 4
0.5389246652410354 4
0.5389599435123259 4
0.5389952217836164 4
0.5390305000549068 4
0.5390657783261972 4
0.5391010565974876 4
0.5391363348687781 4
0.5391716131400686 4
0.5392068914113589 4
0.5392421696826494 4
0.5392774479539398 4
0.5393127262252303 4
0.5393480044965208 4
0.5393832827678111 4
0.5394185610391016 4
0.539453839310392 4
0.5394891175816825 4
0.5395243958529728 4
0.5395596741242633 4
0.5395949523955538 4
0.5396302306668442 4
0.5396655089381347 4
0.539700787209425 4
0.5397360654807155 4
0.539771343752006 4
0.5398066220232964 4
0.5398419002945868 4
0.5398771785658772 4
0.5399124568371677 4
0.5399477351084582 4
0.5399830133797485 4
0.540018291651039 4
0.5400535699223294 4
0.5400888481936199 4
0.5401241264649104 4
0.5401594047362007 4
0.5401946830074912 4
0.5402299612787816 4
0.5402652395500721 4
0.5403005178213625 4
0.5403357960926529 4
0.5403710743639434 4
0.5404063526352338 4
0.5404416309065243 4
0.5404769091778147 4
0.5405121874491051 4
0.5405474657203956 4
0.540582743991686 4
0.5406180222629764 4
0.5406533005342669 4
0.5406885788055573 4
0.5407238570768478 4
0.5407591353481381 4
0.5407944136194286 4
0.540829691890719 4
0.5408649701620095 4
0.5409002484333 4
0.5409355267045903 4
0.5409708049758808 4
0.5410060832471713 4
0.5410413615184617 4
0.5410766397897521 4
0.5411119180610425 4
0.541147196332333 4
0.5411824746036235 4
0.5412177528749139 4
0.5412530311462043 4
0.5412883094174947 4
0.5413235876887852 4
0.5413588659600757 4
0.541394144231366 4
0.5414294225026565 4
0.5414647007739469 4
0.5414999790452374 4
0.5415352573165277 4
0.5415705355878182 4
0.5416058138591087 4
0.5416410921303991 4
0.5416763704016896 4
0.5417116486729799 4
0.5417469269442704 4
0.5417822052155609 4
0.5418174834868513 4
0.5418527617581417 4
0.5418880400294321 4
0.5419233183007226 4
0.5419585965720131 4
0.5419914875918628 4
0.5450606971941307 4
0.5920911420770042 4
0.5921118315894903 4
0.5921516191135021 4
0.5921723086259882 4
0.59221209615 4
0.5922327856624862 4
0.592272573186498 4
0.5922932626989841 4
0.5923330502229958 4
0.5923537397354819 4
0.5923935272594937 4
0.5924142167719798 4
0.5924540042959916 4
0.5924746938084777 4
0.5925144813324895 4
0.5925351708449756 4
0.5925749583689873 4
0.5925956478814735 4
0.5926354354054852 4
0.5926561249179714 4
0.5926959124419832 4
0.5927166019544693 4
0.5927563894784811 4
0.5927770789909672 4
0.5928168665149789 4
0.592837556027465 4
0.5928773435514768 4
0.5928980330639629 4
0.5929378205879747 4
0.5929585101004609 4
0.5929982976244726 4
0.5930189871369588 4
0.5930587746609705 4
0.5930794641734566 4
0.5931192516974684 4
0.5931399412099545 4
0.5931797287339663 4
0.5932004182464524 4
0.5932402057704642 4
0.5932608952829503 4
0.593300682806962 4
0.5933213723194481 4
0.5933611598434599 4
0.5933818493559461 4
0.5934216368799579 4
0.593442326392444 4
0.5934821139164558 4
0.5935028034289419 4
0.5935425909529536 4
0.5935632804654397 4
0.5936030679894515 4
0.5936237575019376 4
0.5936635450259494 4
0.5936842345384356 4
0.5937240220624473 4
0.5937447115749335 4
0.5937844990989452 4
0.5938051886114313 4
0.5938449761354431 4
0.5938656656479292 4
0.593905453171941 4
0.5939261426844271 4
0.5939659302084389 4
0.593986619720925 4
0.5940264072449368 4
0.5940470967574228 4
0.5940868842814346 4
0.5941075737939208 4
0.5941473613179326 4
0.5941680508304187 4
0.5942078383544305 4
0.5942285278669166 4
0.5942683153909284 4
0.5942890049034144 4
0.5943287924274262 4
0.5943494819399123 4
0.5943892694639241 4
0.5944099589764102 4
0.594449746500422 4
0.5944704360129082 4
0.59451022353692 4
0.594530913049406 4
0.5945707005734178 4
0.5945913900859039 4
0.5946311776099157 4
0.5946518671224018 4
0.5946916546464136 4
0.5947123441588997 4
0.5947521316829115 4
0.5947728211953975 4
0.5948126087194093 4
0.5948332982318955 4
0.5948730857559072 4
0.5948937752683934 4
0.5949335627924052 4
0.5949542523048913 4
0.5949940398289031 4
0.5950147293413891 4
0.5950545168654009 4
0.595075206377887 4
0.5951149939018988 4
0.5951356834143849 4
0.5951754709383967 4
0.5951961604508829 4
0.5952359479748947 4
0.5952566374873807 4
0.5952964250113925 4
0.5953171145238786 4
0.5953569020478904 4
0.5953775915603765 4
0.5954173790843883 4
0.5954380685968744 4
0.5954778561208862 4
0.5954985456333723 4
0.595538333157384 4
0.5955590226698702 4
0.595598810193882 4
0.5956194997063681 4
0.5956592872303799 4
0.595679976742866 4
0.5957197642668778 4
0.5957404537793639 4
0.5957802413033756 4
0.5958009308158617 4
0.5958407183398735 4
0.5958614078523596 4
0.5959011953763714 4
0.5959218848888576 4
0.5959616724128693 4
0.5959823619253555 4
0.5960221494493672 4
0.5960428389618533 4
0.5960826264858651 4
0.5961033159983512 4
0.596143103522363 4
0.5961637930348491 4
0.5962035805588609 4
0.596224270071347 4
0.5962640575953587 4
0.5962847471078448 4
0.5963245346318566 4
0.5963452241443428 4
0.5963850116683546 4
0.5964057011808407 4
0.5964454887048525 4
0.5964661782173386 4
0.5965059657413503 4
0.5965266552538364 4
0.5965664427778482 4
0.5965871322903343 4
0.5966269198143461 4
0.5966476093268323 4
0.596687396850844 4
0.5967080863633302 4
0.5967478738873419 4
0.596768563399828 4
0.5968083509238398 4
0.5968290404363259 4
0.5968688279603377 4
0.5968895174728238 4
0.5969293049968356 4
0.5969499945093217 4
0.5969897820333334 4
0.5970104715458195 4
0.5970502590698313 4
0.5970709485823175 4
0.5971107361063293 4
0.5971314256188154 4
0.5971712131428272 4
0.5971919026553133 4
0.597231690179325 4
0.5972523796918111 4
0.5972921672158229 4
0.597312856728309 4
0.5973526442523208 4
0.597373333764807 4
0.5974131212888187 4
0.5974338108013049 4
0.5974735983253165 4
0.5974942878378027 4
0.5975340753618145 4
0.5975547648743006 4
0.5975945523983124 4
0.5976152419107985 4
0.5976550294348103 4
0.5976757189472964 4
0.5977155064713081 4
0.5977361959837942 4
0.597775983507806 4
0.5977966730202922 4
0.597836460544304 4
0.5978571500567901 4
0.5978969375808019 4
0.597917627093288 4
0.5979574146172997 4
0.5979781041297858 4
0.5980178916537976 4
0.5980385811662837 4
0.5980783686902955 4
0.5980990582027816 4
0.5981346017242322 4
0.5983128498318049 4
0.5984998511946602 4
0.6069199522761912 4
0.6153740053782123 4
0.6154092836495026 4
0.6154445619207931 4
0.6154798401920836 4
0.615515118463374 4
0.6155503967346644 4
0.6155856750059548 4
0.6156209532772453 4
0.6156562315485358 4
0.6156915098198261 4
0.6157267880911166 4
0.615762066362407 4
0.6157973446336975 4
0.615832622904988 4
0.6158679011762783 4
0.6159031794475688 4
0.6159384577188592 4
0.6159737359901497 4
0.6160090142614401 4
0.6160442925327305 4
0.616079570804021 4
0.6161148490753114 4
0.6161501273466019 4
0.6161854056178923 4
0.6162206838891827 4
0.6162559621604732 4
0.6162912404317636 4
0.616326518703054 4
0.6163617969743445 4
0.6163970752456349 4
0.6164323535169254 4
0.6164676317882157 4
0.6165029100595062 4
0.6165381883307967 4
0.6165734666020871 4
0.6166087448733776 4
0.6166440231446679 4
0.6166793014159584 4
0.6167145796872489 4
0.6167498579585393 4
0.6167851362298297 4
0.6168204145011201 4
0.6168556927724106 4
0.616890971043701 4
0.6169262493149915 4
0.6169615275862819 4
0.6169968058575723 4
0.6170320841288628 4
0.6170673624001533 4
0.6171026406714436 4
0.6171379189427341 4
0.6171731972140245 4
0.617208475485315 4
0.6172437537566053 4
0.6172790320278958 4
0.6173143102991863 4
0.6173495885704767 4
0.6173848668417672 4
0.6174201451130575 4
0.617455423384348 4
0.6174907016556385 4
0.6175259799269289 4
0.6175612581982193 4
0.6175965364695097 4
0.6176318147408002 4
0.6176670930120907 4
0.6177023712833811 4
0.6177376495546715 4
0.6177729278259619 4
0.6178082060972524 4
0.6178434843685429 4
0.6178787626398332 4
0.6179140409111237 4
0.6179493191824141 4
0.6179845974537046 4
0.618019875724995 4
0.6180551539962854 4
0.6180904322675759 4
0.6181257105388663 4
0.6181609888101568 4
0.6181962670814471 4
0.6182315453527376 4
0.6182668236240281 4
0.6183021018953185 4
0.6183373801666089 4
0.6183726584378993 4
0.6184079367091898 4
0.6184432149804803 4
0.6184784932517706 4
0.6185137715230611 4
0.6185490497943515 4
0.618584328065642 4
0.6186196063369325 4
0.6186548846082228 4
0.6186901628795133 4
0.6187254411508037 4
0.6187607194220942 4
0.6187959976933846 4
0.618831275964675 4
0.6188665542359655 4
0.6188994452558152 4
0.6219686548580832 4
0.6689990997409567 4
0.6690197892534429 4
0.6690595767774545 4
0.6690802662899407 4
0.6691200538139525 4
0.6691407433264386 4
0.6691805308504504 4
0.6692012203629365 4
0.6692410078869483 4
0.6692616973994344 4
0.6693014849234461 4
0.6693221744359322 4
0.669361961959944 4
0.6693826514724301 4
0.6694224389964419 4
0.6694431285089281 4
0.6694829160329399 4
0.669503605545426 4
0.6695433930694377 4
0.6695640825819238 4
0.6696038701059356 4
0.6696245596184217 4
0.6696643471424335 4
0.6696850366549196 4
0.6697248241789314 4
0.6697455136914175 4
0.6697853012154292 4
0.6698059907279154 4
0.6698457782519271 4
0.6698664677644133 4
0.6699062552884251 4
0.6699269448009112 4
0.669966732324923 4
0.6699874218374091 4
0.6700272093614208 4
0.6700478988739069 4
0.6700876863979187 4
0.6701083759104048 4
0.6701481634344166 4
0.6701688529469028 4
0.6702086404709146 4
0.6702293299834007 4
0.6702691175074125 4
0.6702898070198985 4
0.6703295945439103 4
0.6703502840563964 4
0.6703900715804082 4
0.6704107610928943 4
0.6704505486169061 4
0.6704712381293922 4
0.670511025653404 4
0.67053171516589 4
0.6705715026899018 4
0.670592192202388 4
0.6706319797263998 4
0.6706526692388859 4
0.6706924567628977 4
0.6707131462753838 4
0.6707529337993956 4
0.6707736233118816 4
0.6708134108358934 4
0.6708341003483795 4
0.6708738878723913 4
0.6708945773848775 4
0.6709343649088892 4
0.6709550544213754 4
0.6709948419453872 4
0.6710155314578732 4
0.671055318981885 4
0.6710760084943711 4
0.6711157960183829 4
0.671136485530869 4
0.6711762730548808 4
0.6711969625673669 4
0.6712367500913787 4
0.6712574396038647 4
0.6712972271278765 4
0.6713179166403627 4
0.6713577041643745 4
0.6713783936768606 4
0.6714181812008724 4
0.6714388707133585 4
0.6714786582373703 4
0.6714993477498563 4
0.6715391352738681 4
0.6715598247863542 4
0.671599612310366 4
0.6716203018228522 4
0.6716600893468639 4
0.6716807788593501 4
0.6717205663833619 4
0.671741255895848 4
0.6717810434198597 4
0.6718017329323458 4
0.6718415204563576 4
0.6718622099688437 4
0.6719019974928555 4
0.6719226870053416 4
0.6719624745293534 4
0.6719831640418396 4
0.6720229515658512 4
0.6720436410783374 4
0.6720834286023492 4
0.6721041181148353 4
0.6721439056388471 4
0.6721645951513332 4
0.672204382675345 4
0.6722250721878311 4
0.6722648597118428 4
0.6722855492243289 4
0.6723253367483407 4
0.6723460262608268 4
0.6723858137848386 4
0.6724065032973248 4
0.6724462908213366 4
0.6724669803338227 4
0.6725067678578344 4
0.6725274573703205 4
0.6725672448943323 4
0.6725879344068184 4
0.6726277219308302 4
0.6726484114433163 4
0.6726881989673281 4
0.6727088884798142 4
0.6727486760038259 4
0.6727693655163121 4
0.6728091530403238 4
0.67282984255281 4
0.6728696300768218 4
0.6728903195893079 4
0.6729301071133197 4
0.6729507966258058 4
0.6729905841498175 4
0.6730112736623036 4
0.6730510611863154 4
0.6730717506988015 4
0.6731115382228133 4
0.6731322277352995 4
0.6731720152593113 4
0.6731927047717974 4
0.6732324922958091 4
0.6732531818082952 4
0.673292969332307 4
0.6733136588447931 4
0.6733534463688049 4
0.673374135881291 4
0.6734139234053028 4
0.6734346129177889 4
0.6734744004418006 4
0.6734950899542868 4
0.6735348774782985 4
0.6735555669907847 4
0.6735953545147965 4
0.6736160440272826 4
0.6736558315512944 4
0.6736765210637805 4
0.6737163085877922 4
0.6737369981002783 4
0.6737767856242901 4
0.6737974751367762 4
0.673837262660788 4
0.6738579521732742 4
0.673897739697286 4
0.6739184292097721 4
0.6739582167337838 4
0.6739789062462699 4
0.6740186937702817 4
0.6740393832827678 4
0.6740791708067796 4
0.6740998603192657 4
0.6741396478432775 4
0.6741603373557636 4
0.6742001248797753 4
0.6742208143922614 4
0.6742606019162732 4
0.6742812914287594 4
0.6743210789527712 4
0.6743417684652573 4
0.6743815559892691 4
0.6744022455017552 4
0.6744420330257669 4
0.674462722538253 4
0.6745025100622648 4
0.6745231995747509 4
0.6745629870987627 4
0.6745836766112489 4
0.6746234641352606 4
0.6746441536477468 4
0.6746839411717585 4
0.6747046306842446 4
0.6747444182082564 4
0.6747651077207425 4
0.6748048952447543 4
0.6748255847572404 4
0.6748653722812522 4
0.6748860617937383 4
0.67492584931775 4
0.6749465388302361 4
0.6749863263542479 4
0.6750070158667341 4
0.6750425593881846 4
0.6752208074957573 4
0.6754078088586126 4
0.6838279099401436 4
0.6922819630421647 4
0.6923172413134552 4
0.6923525195847455 4
0.692387797856036 4
0.6924230761273265 4
0.6924583543986169 4
0.6924936326699073 4
0.6925289109411977 4
0.6925641892124882 4
0.6925994674837787 4
0.6926347457550691 4
0.6926700240263595 4
0.6927053022976499 4
0.6927405805689404 4
0.6927758588402309 4
0.6928111371115212 4
0.6928464153828117 4
0.6928816936541021 4
0.6929169719253926 4
0.6929522501966829 4
0.6929875284679734 4
0.6930228067392639 4
0.6930580850105543 4
0.6930933632818448 4
0.6931286415531351 4
0.6931639198244256 4
0.6931991980957161 4
0.6932344763670065 4
0.6932697546382969 4
0.6933050329095873 4
0.6933403111808778 4
0.6933755894521683 4
0.6934108677234587 4
0.6934461459947491 4
0.6934814242660395 4
0.69351670253733 4
0.6935519808086205 4
0.6935872590799108 4
0.6936225373512013 4
0.6936578156224917 4
0.6936930938937822 4
0.6937283721650725 4
0.693763650436363 4
0.6937989287076535 4
0.6938342069789439 4
0.6938694852502344 4
0.6939047635215247 4
0.6939400417928152 4
0.6939753200641057 4
0.6940105983353961 4
0.6940458766066865 4
0.694081154877977 4
0.6941164331492674 4
0.6941517114205579 4
0.6941869896918483 4
0.6942222679631387 4
0.6942575462344291 4
0.6942928245057196 4
0.6943281027770101 4
0.6943633810483004 4
0.6943986593195909 4
0.6944339375908813 4
0.6944692158621718 4
0.6945044941334622 4
0.6945397724047526 4
0.6945750506760431 4
0.6946103289473335 4
0.694645607218624 4
0.6946808854899144 4
0.6947161637612048 4
0.6947514420324953 4
0.6947867203037857 4
0.6948219985750761 4
0.6948572768463666 4
0.694892555117657 4
0.6949278333889475 4
0.6949631116602379 4
0.6949983899315283 4
0.6950336682028188 4
0.6950689464741092 4
0.6951042247453997 4
0.69513950301669 4
0.6951747812879805 4
0.695210059559271 4
0.6952453378305614 4
0.6952806161018518 4
0.6953158943731422 4
0.6953511726444327 4
0.6953864509157232 4
0.6954217291870136 4
0.695457007458304 4
0.6954922857295944 4
0.6955275640008849 4
0.6955628422721754 4
0.6955981205434657 4
0.6956333988147562 4
0.6956686770860466 4
0.6957039553573371 4
0.6957392336286274 4
0.6957745118999179 4
0.6958074029197676 4
0.6988766125220357 4
0.7459070574049091 4
0.7459277469173953 4
0.7459675344414071 4
0.7459882239538932 4
0.7460280114779049 4
0.746048700990391 4
0.7460884885144028 4
0.7461091780268889 4
0.7461489655509007 4
0.7461696550633868 4
0.7462094425873986 4
0.7462301320998848 4
0.7462699196238964 4
0.7462906091363826 4
0.7463303966603944 4
0.7463510861728805 4
0.7463908736968923 4
0.7464115632093784 4
0.7464513507333902 4
0.7464720402458763 4
0.7465118277698881 4
0.7465325172823741 4
0.7465723048063859 4
0.746592994318872 4
0.7466327818428838 4
0.74665347135537 4
0.7466932588793818 4
0.7467139483918679 4
0.7467537359158797 4
0.7467744254283657 4
0.7468142129523775 4
0.7468349024648636 4
0.7468746899888754 4
0.7468953795013615 4
0.7469351670253733 4
0.7469558565378595 4
0.7469956440618712 4
0.7470163335743573 4
0.747056121098369 4
0.7470768106108552 4
0.747116598134867 4
0.7471372876473531 4
0.7471770751713649 4
0.747197764683851 4
0.7472375522078628 4
0.7472582417203488 4
0.7472980292443606 4
0.7473187187568467 4
0.7473585062808585 4
0.7473791957933447 4
0.7474189833173565 4
0.7474396728298426 4
0.7474794603538544 4
0.7475001498663404 4
0.7475399373903522 4
0.7475606269028383 4
0.7476004144268501 4
0.7476211039393362 4
0.747660891463348 4
0.7476815809758341 4
0.7477213684998459 4
0.747742058012332 4
0.7477818455363437 4
0.7478025350488299 4
0.7478423225728417 4
0.7478630120853278 4
0.7479027996093396 4
0.7479234891218257 4
0.7479632766458375 4
0.7479839661583235 4
0.7480237536823353 4
0.7480444431948214 4
0.7480842307188332 4
0.7481049202313194 4
0.7481447077553312 4
0.7481653972678173 4
0.7482051847918291 4
0.7482258743043152 4
0.7482656618283269 4
0.748286351340813 4
0.7483261388648248 4
0.7483468283773109 4
0.7483866159013227 4
0.7484073054138088 4
0.7484470929378206 4
0.7484677824503068 4
0.7485075699743184 4
0.7485282594868046 4
0.7485680470108164 4
0.7485887365233025 4
0.7486285240473143 4
0.7486492135598004 4
0.7486890010838122 4
0.7487096905962983 4
0.74874947812031 4
0.7487701676327961 4
0.7488099551568079 4
0.748830644669294 4
0.7488704321933058 4
0.748891121705792 4
0.7489309092298038 4
0.7489515987422899 4
0.7489913862663016 4
0.7490120757787877 4
0.7490518633027995 4
0.7490725528152856 4
0.7491123403392974 4
0.7491330298517835 4
0.7491728173757953 4
0.7491935068882815 4
0.7492332944122931 4
0.7492539839247793 4
0.7492937714487911 4
0.7493144609612772 4
0.749354248485289 4
0.7493749379977751 4
0.7494147255217869 4
0.749435415034273 4
0.7494752025582847 4
0.7494958920707708 4
0.7495356795947826 4
0.7495563691072687 4
0.7495961566312805 4
0.7496168461437667 4
0.7496566336677785 4
0.7496773231802646 4
0.7497171107042763 4
0.7497378002167624 4
0.7497775877407742 4
0.7497982772532603 4
0.7498380647772721 4
0.7498587542897582 4
0.74989854181377 4
0.7499192313262562 4
0.7499590188502678 4
0.749979708362754 4
0.7500194958867658 4
0.7500401853992519 4
0.7500799729232637 4
0.7501006624357498 4
0.7501404499597616 4
0.7501611394722477 4
0.7502009269962594 4
0.7502216165087455 4
0.7502614040327573 4
0.7502820935452434 4
0.7503218810692552 4
0.7503425705817414 4
0.7503823581057532 4
0.7504030476182393 4
0.750442835142251 4
0.7504635246547371 4
0.7505033121787489 4
0.750524001691235 4
0.7505637892152468 4
0.7505844787277329 4
0.7506242662517447 4
0.7506449557642308 4
0.7506847432882425 4
0.7507054328007287 4
0.7507452203247404 4
0.7507659098372266 4
0.7508056973612384 4
0.7508263868737245 4
0.7508661743977363 4
0.7508868639102224 4
0.7509266514342341 4
0.7509473409467202 4
0.750987128470732 4
0.7510078179832181 4
0.7510476055072299 4
0.7510682950197161 4
0.7511080825437279 4
0.751128772056214 4
0.7511685595802257 4
0.7511892490927118 4
0.7512290366167236 4
0.7512497261292097 4
0.7512895136532215 4
0.7513102031657076 4
0.7513499906897194 4
0.7513706802022055 4
0.7514104677262172 4
0.7514311572387034 4
0.7514709447627151 4
0.7514916342752013 4
0.7515314217992131 4
0.7515521113116992 4
0.751591898835711 4
0.7516125883481971 4
0.7516523758722088 4
0.7516730653846949 4
0.7517128529087067 4
0.7517335424211928 4
0.7517733299452046 4
0.7517940194576908 4
0.7518338069817025 4
0.7518544964941887 4
0.7518942840182004 4
0.7519149735306865 4
0.751950517052137 4
0.7521287651597097 4
0.752315766522565 4
0.7607358676040961 4
0.7691899207061171 4
0.7692251989774076 4
0.7692604772486981 4
0.7692957555199884 4
0.7693310337912789 4
0.7693663120625693 4
0.7694015903338598 4
0.7694368686051501 4
0.7694721468764406 4
0.7695074251477311 4
0.7695427034190215 4
0.769577981690312 4
0.7696132599616023 4
0.7696485382328928 4
0.7696838165041833 4
0.7697190947754737 4
0.7697543730467641 4
0.7697896513180545 4
0.769824929589345 4
0.7698602078606355 4
0.7698954861319259 4
0.7699307644032163 4
0.7699660426745067 4
0.7700013209457972 4
0.7700365992170877 4
0.770071877488378 4
0.7701071557596685 4
0.7701424340309589 4
0.7701777123022494 4
0.7702129905735398 4
0.7702482688448302 4
0.7702835471161207 4
0.7703188253874111 4
0.7703541036587016 4
0.770389381929992 4
0.7704246602012824 4
0.7704599384725729 4
0.7704952167438633 4
0.7705304950151537 4
0.7705657732864442 4
0.7706010515577346 4
0.7706363298290251 4
0.7706716081003155 4
0.7707068863716059 4
0.7707421646428964 4
0.7707774429141868 4
0.7708127211854773 4
0.7708479994567676 4
0.7708832777280581 4
0.7709185559993486 4
0.770953834270639 4
0.7709891125419294 4
0.7710243908132198 4
0.7710596690845103 4
0.7710949473558008 4
0.7711302256270912 4
0.7711655038983816 4
0.771200782169672 4
0.7712360604409625 4
0.771271338712253 4
0.7713066169835433 4
0.7713418952548338 4
0.7713771735261242 4
0.7714124517974147 4
0.7714477300687052 4
0.7714830083399955 4
0.771518286611286 4
0.7715535648825764 4
0.7715888431538669 4
0.7716241214251572 4
0.7716593996964477 4
0.7716946779677382 4
0.7717299562390286 4
0.771765234510319 4
0.7718005127816094 4
0.7718357910528999 4
0.7718710693241904 4
0.7719063475954808 4
0.7719416258667712 4
0.7719769041380616 4
0.7720121824093521 4
0.7720474606806426 4
0.7720827389519329 4
0.7721180172232234 4
0.7721532954945138 4
0.7721885737658043 4
0.7722238520370946 4
0.7722591303083851 4
0.7722944085796756 4
0.772329686850966 4
0.7723649651222565 4
0.7724002433935468 4
0.7724355216648373 4
0.7724707999361278 4
0.7725060782074182 4
0.7725413564787086 4
0.772576634749999 4
0.7726119130212895 4
0.77264719129258 4
0.7726824695638704 4
0.7727153605837201 4
0.7757845701859881 4
0.8228150150688616 4
0.8228357045813477 4
0.8228754921053595 4
0.8228961816178456 4
0.8229359691418574 4
0.8229566586543435 4
0.8229964461783553 4
0.8230171356908413 4
0.8230569232148531 4
0.8230776127273393 4
0.823117400251351 4
0.8231380897638372 4
0.823177877287849 4
0.8231985668003351 4
0.8232383543243469 4
0.8232590438368329 4
0.8232988313608447 4
0.8233195208733308 4
0.8233593083973426 4
0.8233799979098287 4
0.8234197854338405 4
0.8234404749463267 4
0.8234802624703385 4
0.8235009519828245 4
0.8235407395068363 4
0.8235614290193224 4
0.8236012165433342 4
0.8236219060558203 4
0.8236616935798321 4
0.8236823830923182 4
0.82372217061633 4
0.823742860128816 4
0.8237826476528278 4
0.823803337165314 4
0.8238431246893257 4
0.8238638142018119 4
0.8239036017258237 4
0.8239242912383098 4
0.8239640787623216 4
0.8239847682748076 4
0.8240245557988194 4
0.8240452453113055 4
0.8240850328353173 4
0.8241057223478034 4
0.8241455098718152 4
0.8241661993843014 4
0.8242059869083131 4
0.8242266764207992 4
0.824266463944811 4
0.8242871534572971 4
0.8243269409813089 4
0.824347630493795 4
0.8243874180178068 4
0.8244081075302929 4
0.8244478950543047 4
0.8244685845667908 4
0.8245083720908025 4
0.8245290616032886 4
0.8245688491273004 4
0.8245895386397866 4
0.8246293261637984 4
0.8246500156762845 4
0.8246898032002963 4
0.8247104927127824 4
0.8247502802367941 4
0.8247709697492802 4
0.824810757273292 4
0.8248314467857781 4
0.8248712343097899 4
0.824891923822276 4
0.8249317113462878 4
0.824952400858774 4
0.8249921883827857 4
0.8250128778952718 4
0.8250526654192836 4
0.8250733549317697 4
0.8251131424557815 4
0.8251338319682676 4
0.8251736194922794 4
0.8251943090047655 4
0.8252340965287772 4
0.8252547860412633 4
0.8252945735652751 4
0.8253152630777613 4
0.825355050601773 4
0.8253757401142592 4
0.825415527638271 4
0.8254362171507571 4
0.8254760046747688 4
0.8254966941872549 4
0.8255364817112667 4
0.8255571712237528 4
0.8255969587477646 4
0.8256176482602507 4
0.8256574357842625 4
0.8256781252967487 4
0.8257179128207603 4
0.8257386023332465 4
0.8257783898572583 4
0.8257990793697444 4
0.8258388668937562 4
0.8258595564062423 4
0.8258993439302541 4
0.8259200334427402 4
0.8259598209667519 4
0.825980510479238 4
0.8260202980032498 4
0.826040987515736 4
0.8260807750397478 4
0.8261014645522339 4
0.8261412520762457 4
0.8261619415887318 4
0.8262017291127435 4
0.8262224186252296 4
0.8262622061492414 4
0.8262828956617275 4
0.8263226831857393 4
0.8263433726982254 4
0.8263831602222372 4
0.8264038497347234 4
0.826443637258735 4
0.8264643267712212 4
0.826504114295233 4
0.8265248038077191 4
0.8265645913317309 4
0.826585280844217 4
0.8266250683682288 4
0.8266457578807149 4
0.8266855454047266 4
0.8267062349172127 4
0.8267460224412245 4
0.8267667119537107 4
0.8268064994777224 4
0.8268271889902086 4
0.8268669765142204 4
0.8268876660267065 4
0.8269274535507182 4
0.8269481430632043 4
0.8269879305872161 4
0.8270086200997022 4
0.827048407623714 4
0.8270690971362001 4
0.8271088846602119 4
0.8271295741726981 4
0.8271693616967097 4
0.8271900512091959 4
0.8272298387332077 4
0.8272505282456938 4
0.8272903157697056 4
0.8273110052821917 4
0.8273507928062035 4
0.8273714823186896 4
0.8274112698427013 4
0.8274319593551874 4
0.8274717468791992 4
0.8274924363916853 4
0.8275322239156971 4
0.8275529134281833 4
0.8275927009521951 4
0.8276133904646812 4
0.8276531779886929 4
0.827673867501179 4
0.8277136550251908 4
0.8277343445376769 4
0.8277741320616887 4
0.8277948215741748 4
0.8278346090981866 4
0.8278552986106728 4
0.8278950861346844 4
0.8279157756471706 4
0.8279555631711824 4
0.8279762526836685 4
0.8280160402076803 4
0.8280367297201664 4
0.8280765172441782 4
0.8280972067566643 4
0.828136994280676 4
0.8281576837931621 4
0.8281974713171739 4
0.82821816082966 4
0.8282579483536718 4
0.828278637866158 4
0.8283184253901698 4
0.8283391149026559 4
0.8283789024266676 4
0.8283995919391537 4
0.8284393794631655 4
0.8284600689756516 4
0.8284998564996634 4
0.8285205460121495 4
0.8285603335361613 4
0.8285810230486474 4
0.8286208105726591 4
0.8286415000851453 4
0.828681287609157 4
0.8287019771216432 4
0.828741764645655 4
0.8287624541581411 4
0.8288022416821529 4
0.828822931194639 4
0.8288584747160895 4
0.8290367228236623 4
0.8292237241865176 4
0.8376438252680486 4
0.8460978783700696 4
0.84613315664136 4
0.8461684349126505 4
0.8462037131839409 4
0.8462389914552313 4
0.8462742697265218 4
0.8463095479978122 4
0.8463448262691027 4
0.8463801045403931 4
0.8464153828116835 4
0.846450661082974 4
0.8464859393542644 4
0.8465212176255549 4
0.8465564958968452 4
0.8465917741681357 4
0.8466270524394262 4
0.8466623307107166 4
0.846697608982007 4
0.8467328872532974 4
0.8467681655245879 4
0.8468034437958784 4
0.8468387220671688 4
0.8468740003384592 4
0.8469092786097496 4
0.8469445568810401 4
0.8469798351523306 4
0.8470151134236209 4
0.8470503916949114 4
0.8470856699662018 4
0.8471209482374923 4
0.8471562265087828 4
0.8471915047800731 4
0.8472267830513636 4
0.847262061322654 4
0.8472973395939445 4
0.8473326178652348 4
0.8473678961365253 4
0.8474031744078158 4
0.8474384526791062 4
0.8474737309503966 4
0.847509009221687 4
0.8475442874929775 4
0.847579565764268 4
0.8476148440355584 4
0.8476501223068488 4
0.8476854005781392 4
0.8477206788494297 4
0.8477559571207202 4
0.8477912353920105 4
0.847826513663301 4
0.8478617919345914 4
0.8478970702058819 4
0.8479323484771724 4
0.8479676267484627 4
0.8480029050197532 4
0.8480381832910436 4
0.8480734615623341 4
0.8481087398336244 4
0.8481440181049149 4
0.8481792963762054 4
0.8482145746474958 4
0.8482498529187862 4
0.8482851311900766 4
0.8483204094613671 4
0.8483556877326576 4
0.848390966003948 4
0.8484262442752384 4
0.8484615225465288 4
0.8484968008178193 4
0.8485320790891098 4
0.8485673573604001 4
0.8486026356316906 4
0.848637913902981 4
0.8486731921742715 4
0.848708470445562 4
0.8487437487168523 4
0.8487790269881428 4
0.8488143052594332 4
0.8488495835307237 4
0.8488848618020141 4
0.8489201400733045 4
0.848955418344595 4
0.8489906966158854 4
0.8490259748871758 4
0.8490612531584663 4
0.8490965314297567 4
0.8491318097010472 4
0.8491670879723376 4
0.849202366243628 4
0.8492376445149185 4
0.8492729227862089 4
0.8493082010574994 4
0.8493434793287897 4
0.8493787576000802 4
0.8494140358713707 4
0.8494493141426611 4
0.8494845924139515 4
0.8495198706852419 4
0.8495551489565324 4
0.8495904272278229 4
0.8496233182476726 4
0.8526925278499405 4
0.8997229727328141 4
0.8997436622453001 4
0.8997834497693119 4
0.899804139281798 4
0.8998439268058098 4
0.899864616318296 4
0.8999044038423077 4
0.8999250933547939 4
0.8999648808788057 4
0.8999855703912917 4
0.9000253579153035 4
0.9000460474277896 4
0.9000858349518014 4
0.9001065244642875 4
0.9001463119882993 4
0.9001670015007854 4
0.9002067890247972 4
0.9002274785372832 4
0.900267266061295 4
0.9002879555737812 4
0.900327743097793 4
0.9003484326102791 4
0.9003882201342909 4
0.900408909646777 4
0.9004486971707888 4
0.9004693866832748 4
0.9005091742072866 4
0.9005298637197727 4
0.9005696512437845 4
0.9005903407562706 4
0.9006301282802824 4
0.9006508177927686 4
0.9006906053167804 4
0.9007112948292665 4
0.9007510823532782 4
0.9007717718657643 4
0.9008115593897761 4
0.9008322489022622 4
0.900872036426274 4
0.9008927259387601 4
0.9009325134627719 4
0.900953202975258 4
0.9009929904992697 4
0.9010136800117559 4
0.9010534675357676 4
0.9010741570482538 4
0.9011139445722656 4
0.9011346340847517 4
0.9011744216087635 4
0.9011951111212496 4
0.9012348986452613 4
0.9012555881577474 4
0.9012953756817592 4
0.9013160651942453 4
0.9013558527182571 4
0.9013765422307433 4
0.901416329754755 4
0.9014370192672412 4
0.9014768067912529 4
0.901497496303739 4
0.9015372838277508 4
0.9015579733402369 4
0.9015977608642487 4
0.9016184503767348 4
0.9016582379007466 4
0.9016789274132327 4
0.9017187149372444 4
0.9017394044497306 4
0.9017791919737423 4
0.9017998814862285 4
0.9018396690102403 4
0.9018603585227264 4
0.9019001460467382 4
0.9019208355592243 4
0.901960623083236 4
0.9019813125957221 4
0.9020211001197339 4
0.90204178963222 4
0.9020815771562318 4
0.902102266668718 4
0.9021420541927297 4
0.9021627437052159 4
0.9022025312292276 4
0.9022232207417137 4
0.9022630082657255 4
0.9022836977782116 4
0.9023234853022234 4
0.9023441748147095 4
0.9023839623387213 4
0.9024046518512074 4
0.9024444393752191 4
0.9024651288877052 4
0.902504916411717 4
0.9025256059242032 4
0.902565393448215 4
0.9025860829607011 4
0.9026258704847129 4
0.902646559997199 4
0.9026863475212107 4
0.9027070370336968 4
0.9027468245577086 4
0.9027675140701947 4
0.9028073015942065 4
0.9028279911066927 4
0.9028677786307044 4
0.9028884681431906 4
0.9029282556672023 4
0.9029489451796884 4
0.9029887327037002 4
0.9030094222161863 4
0.9030492097401981 4
0.9030698992526842 4
0.903109686776696 4
0.9031303762891821 4
0.9031701638131938 4
0.9031908533256799 4
0.9032306408496917 4
0.9032513303621779 4
0.9032911178861897 4
0.9033118073986758 4
0.9033515949226876 4
0.9033722844351737 4
0.9034120719591854 4
0.9034327614716715 4
0.9034725489956833 4
0.9034932385081694 4
0.9035330260321812 4
0.9035537155446673 4
0.9035935030686791 4
0.9036141925811653 4
0.903653980105177 4
0.9036746696176631 4
0.9037144571416749 4
0.903735146654161 4
0.9037749341781728 4
0.9037956236906589 4
0.9038354112146707 4
0.9038561007271568 4
0.9038958882511685 4
0.9039165777636546 4
0.9039563652876664 4
0.9039770548001526 4
0.9040168423241643 4
0.9040375318366505 4
0.9040773193606623 4
0.9040980088731484 4
0.9041377963971601 4
0.9041584859096462 4
0.904198273433658 4
0.9042189629461441 4
0.9042587504701559 4
0.904279439982642 4
0.9043192275066538 4
0.90433991701914 4
0.9043797045431516 4
0.9044003940556378 4
0.9044401815796496 4
0.9044608710921357 4
0.9045006586161475 4
0.9045213481286336 4
0.9045611356526454 4
0.9045818251651315 4
0.9046216126891432 4
0.9046423022016293 4
0.9046820897256411 4
0.9047027792381273 4
0.904742566762139 4
0.9047632562746252 4
0.904803043798637 4
0.9048237333111231 4
0.9048635208351348 4
0.9048842103476209 4
0.9049239978716327 4
0.9049446873841188 4
0.9049844749081306 4
0.9050051644206167 4
0.9050449519446285 4
0.9050656414571147 4
0.9051054289811263 4
0.9051261184936125 4
0.9051659060176243 4
0.9051865955301104 4
0.9052263830541222 4
0.9052470725666083 4
0.9052868600906201 4
0.9053075496031062 4
0.9053473371271179 4
0.905368026639604 4
0.9054078141636158 4
0.905428503676102 4
0.9054682912001137 4
0.9054889807125999 4
0.9055287682366117 4
0.9055494577490978 4
0.9055892452731096 4
0.9056099347855956 4
0.9056497223096074 4
0.9056704118220935 4
0.9057101993461053 4
0.9057308888585914 4
0.905766432380042 4
0.9059446804876147 4
0.90613168185047 4
0.914551782932001 4
0.9230058360340221 4
0.9230411143053124 4
0.9230763925766029 4
0.9231116708478934 4
0.9231469491191838 4
0.9231822273904742 4
0.9232175056617646 4
0.9232527839330551 4
0.9232880622043456 4
0.923323340475636 4
0.9233586187469264 4
0.9233938970182168 4
0.9234291752895073 4
0.9234644535607978 4
0.9234997318320881 4
0.9235350101033786 4
0.923570288374669 4
0.9236055666459595 4
0.92364084491725 4
0.9236761231885403 4
0.9237114014598308 4
0.9237466797311212 4
0.9237819580024117 4
0.923817236273702 4
0.9238525145449925 4
0.923887792816283 4
0.9239230710875734 4
0.9239583493588638 4
0.9239936276301542 4
0.9240289059014447 4
0.9240641841727352 4
0.9240994624440256 4
0.924134740715316 4
0.9241700189866064 4
0.9242052972578969 4
0.9242405755291874 4
0.9242758538004777 4
0.9243111320717682 4
0.9243464103430586 4
0.9243816886143491 4
0.9244169668856396 4
0.9244522451569299 4
0.9244875234282204 4
0.9245228016995108 4
0.9245580799708013 4
0.9245933582420917 4
0.9246286365133821 4
0.9246639147846726 4
0.924699193055963 4
0.9247344713272534 4
0.9247697495985439 4
0.9248050278698343 4
0.9248403061411248 4
0.9248755844124152 4
0.9249108626837056 4
0.924946140954996 4
0.9249814192262865 4
0.925016697497577 4
0.9250519757688673 4
0.9250872540401578 4
0.9251225323114483 4
0.9251578105827387 4
0.9251930888540292 4
0.9252283671253195 4
0.92526364539661 4
0.9252989236679005 4
0.9253342019391909 4
0.9253694802104813 4
0.9254047584817717 4
0.9254400367530622 4
0.9254753150243527 4
0.925510593295643 4
0.9255458715669335 4
0.9255811498382239 4
0.9256164281095144 4
0.9256517063808049 4
0.9256869846520952 4
0.9257222629233857 4
0.9257575411946761 4
0.9257928194659666 4
0.9258280977372569 4
0.9258633760085474 4
0.9258986542798379 4
0.9259339325511283 4
0.9259692108224188 4
0.9260044890937091 4
0.9260397673649996 4
0.9260750456362901 4
0.9261103239075805 4
0.9261456021788709 4
0.9261808804501613 4
0.9262161587214518 4
0.9262514369927423 4
0.9262867152640326 4
0.9263219935353231 4
0.9263572718066135 4
0.926392550077904 4
0.9264278283491945 4
0.9264631066204848 4
0.9264983848917753 4
0.926531275911625 4
0.929600485513893 4
0.9766309303967665 4
0.9766516199092526 4
0.9766914074332644 4
0.9767120969457505 4
0.9767518844697622 4
0.9767725739822484 4
0.9768123615062602 4
0.9768330510187463 4
0.9768728385427581 4
0.9768935280552442 4
0.976933315579256 4
0.9769540050917421 4
0.9769937926157538 4
0.9770144821282399 4
0.9770542696522517 4
0.9770749591647379 4
0.9771147466887496 4
0.9771354362012358 4
0.9771752237252476 4
0.9771959132377337 4
0.9772357007617454 4
0.9772563902742315 4
0.9772961777982433 4
0.9773168673107294 4
0.9773566548347412 4
0.9773773443472273 4
0.9774171318712391 4
0.9774378213837253 4
0.9774776089077369 4
0.9774982984202231 4
0.9775380859442349 4
0.977558775456721 4
0.9775985629807328 4
0.9776192524932189 4
0.9776590400172307 4
0.9776797295297168 4
0.9777195170537285 4
0.9777402065662146 4
0.9777799940902264 4
0.9778006836027126 4
0.9778404711267243 4
0.9778611606392105 4
0.9779009481632223 4
0.9779216376757084 4
0.9779614251997201 4
0.9779821147122062 4
0.978021902236218 4
0.9780425917487041 4
0.9780823792727159 4
0.978103068785202 4
0.9781428563092138 4
0.9781635458217 4
0.9782033333457116 4
0.9782240228581978 4
0.9782638103822096 4
0.9782844998946957 4
0.9783242874187075 4
0.9783449769311936 4
0.9783847644552054 4
0.9784054539676915 4
0.9784452414917032 4
0.9784659310041893 4
0.9785057185282011 4
0.9785264080406872 4
0.978566195564699 4
0.9785868850771852 4
0.978626672601197 4
0.9786473621136831 4
0.9786871496376948 4
0.9787078391501809 4
0.9787476266741927 4
0.9787683161866788 4
0.9788081037106906 4
0.9788287932231767 4
0.9788685807471885 4
0.9788892702596746 4
0.9789290577836863 4
0.9789497472961725 4
0.9789895348201842 4
0.9790102243326704 4
0.9790500118566822 4
0.9790707013691683 4
0.9791104888931801 4
0.9791311784056662 4
0.9791709659296779 4
0.979191655442164 4
0.9792314429661758 4
0.9792521324786619 4
0.9792919200026737 4
0.9793126095151599 4
0.9793523970391717 4
0.9793730865516578 4
0.9794128740756695 4
0.9794335635881556 4
0.9794733511121674 4
0.9794940406246535 4
0.9795338281486653 4
0.9795545176611514 4
0.9795943051851632 4
0.9796149946976493 4
0.979654782221661 4
0.9796754717341472 4
0.9797152592581589 4
0.9797359487706451 4
0.9797757362946569 4
0.979796425807143 4
0.9798362133311548 4
0.9798569028436409 4
0.9798966903676526 4
0.9799173798801387 4
0.9799571674041505 4
0.9799778569166366 4
0.9800176444406484 4
0.9800383339531346 4
0.9800781214771463 4
0.9800988109896325 4
0.9801385985136442 4
0.9801592880261303 4
0.9801990755501421 4
0.9802197650626282 4
0.98025955258664 4
0.9802802420991261 4
0.9803200296231379 4
0.980340719135624 4
0.9803805066596357 4
0.9804011961721218 4
0.9804409836961336 4
0.9804616732086198 4
0.9805014607326316 4
0.9805221502451177 4
0.9805619377691295 4
0.9805826272816156 4
0.9806224148056273 4
0.9806431043181134 4
0.9806828918421252 4
0.9807035813546113 4
0.9807433688786231 4
0.9807640583911093 4
0.980803845915121 4
0.9808245354276072 4
0.9808643229516188 4
0.980885012464105 4
0.9809247999881168 4
0.9809454895006029 4
0.9809852770246147 4
0.9810059665371008 4
0.9810457540611126 4
0.9810664435735987 4
0.9811062310976104 4
0.9811269206100965 4
0.9811667081341083 4
0.9811873976465945 4
0.9812271851706063 4
0.9812478746830924 4
0.9812876622071042 4
0.9813083517195903 4
0.981348139243602 4
0.9813688287560881 4
0.9814086162800999 4
0.981429305792586 4
0.9814690933165978 4
0.981489782829084 4
0.9815295703530957 4
0.9815502598655819 4
0.9815900473895935 4
0.9816107369020797 4
0.9816505244260915 4
0.9816712139385776 4
0.9817110014625894 4
0.9817316909750755 4
0.9817714784990873 4
0.9817921680115734 4
0.9818319555355851 4
0.9818526450480712 4
0.981892432572083 4
0.9819131220845692 4
0.981952909608581 4
0.9819735991210671 4
0.9820133866450789 4
0.982034076157565 4
0.9820738636815768 4
0.9820945531940628 4
0.9821343407180746 4
0.9821550302305607 4
0.9821948177545725 4
0.9822155072670586 4
0.9822552947910704 4
0.9822759843035566 4
0.9823157718275684 4
0.9823364613400544 4
0.9823762488640662 4
0.9823969383765523 4
0.9824367259005641 4
0.9824574154130502 4
0.982497202937062 4
0.9825178924495481 4
0.9825576799735599 4
0.9825783694860459 4
0.9826181570100577 4
0.9826388465225439 4
0.9826743900439944 4
0.9828526381515671 4
0.9830396395144224 4
0.9914597405959534 4
