0.000140052084521433 0
0.00017533035581186973 0
0.00021060862710230646 0
0.0002458868983927432 0
0.0002811651696831799 0
0.00031644344097361664 0
0.00035172171226405334 0
0.0003869999835544901 0
0.0004222782548449268 0
0.00045755652613536354 0
0.0004928347974258002 0
0.000528113068716237 0
0.0005633913400066736 0
0.0005986696112971104 0
0.0006339478825875471 0
0.0006692261538779839 0
0.0007045044251684205 0
0.0007397826964588573 0
0.000775060967749294 0
0.0008103392390397308 0
0.0008456175103301675 0
0.0008808957816206042 0
0.000916174052911041 0
0.0009514523242014776 0
0.0009867305954919144 0
0.001022008866782351 0
0.0010572871380727879 0
0.0010925654093632245 0
0.0011278436806536614 0
0.001163121951944098 0
0.0011984002232345347 0
0.0012336784945249715 0
0.0012689567658154082 0
0.0013042350371058448 0
0.0013395133083962817 0
0.0013747915796867183 0
0.001410069850977155 0
0.0014453481222675918 0
0.0014806263935580285 0
0.0015159046648484653 0
0.001551182936138902 0
0.0015864612074293386 0
0.0016217394787197755 0
0.0016570177500102121 0
0.0016922960213006488 0
0.0017275742925910856 0
0.0017628525638815223 0
0.001798130835171959 0
0.0018334091064623958 0
0.0018686873777528324 0
0.0019039656490432693 0
0.001939243920333706 0
0.0019745221916241426 0
0.0020098004629145795 0
0.002045078734205016 0
0.0020803570054954527 0
0.0021156352767858896 0
0.0021509135480763265 0
0.002186191819366763 0
0.0022214700906571998 0
0.0022567483619476366 0
0.002292026633238073 0
0.00232730490452851 0
0.0023625831758189468 0
0.002397861447109383 0
0.00243313971839982 0
0.002468417989690257 0
0.0025036962609806934 0
0.00253897453227113 0
0.002574252803561567 0
0.0026095310748520035 0
0.0026448093461424404 0
0.0026800876174328772 0
0.0027153658887233137 0
0.0027506441600137505 0
0.0027859224313041874 0
0.002821200702594624 0
0.0028564789738850607 0
0.0028917572451754975 0
0.0029270355164659344 0
0.002962313787756371 0
0.0029975920590468077 0
0.0030328703303372445 0
0.003068148601627681 0
0.003103426872918118 0
0.0031387051442085547 0
0.003173983415498991 0
0.003209261686789428 0
0.003244539958079865 0
0.0032798182293703013 0
0.003315096500660738 0
0.003350374771951175 0
0.0033856530432416114 0
0.0034209313145320483 0
0.003456209585822485 0
0.0034914878571129216 0
0.0035267661284033584 0
0.0035620443996937953 0
0.0035973226709842317 0
0.0036326009422746686 0
0.07704800974847388 0
0.07708328801976431 0
0.07711856629105476 0
0.0771538445623452 0
0.07718912283363563 0
0.07722440110492607 0
0.0772596793762165 0
0.07729495764750693 0
0.07733023591879738 0
0.07736551419008782 0
0.07740079246137825 0
0.07743607073266869 0
0.07747134900395912 0
0.07750662727524955 0
0.07754190554654 0
0.07757718381783044 0
0.07761246208912087 0
0.0776477403604113 0
0.07768301863170174 0
0.07771829690299219 0
0.07775357517428262 0
0.07778885344557306 0
0.07782413171686349 0
0.07785940998815392 0
0.07789468825944436 0
0.0779299665307348 0
0.07796524480202524 0
0.07800052307331568 0
0.07803580134460611 0
0.07807107961589654 0
0.07810635788718699 0
0.07814163615847743 0
0.07817691442976786 0
0.0782121927010583 0
0.07824747097234873 0
0.07828274924363916 0
0.07831802751492961 0
0.07835330578622005 0
0.07838858405751048 0
0.07842386232880091 0
0.07845914060009135 0
0.07849441887138178 0
0.07852969714267223 0
0.07856497541396266 0
0.0786002536852531 0
0.07863553195654353 0
0.07867081022783397 0
0.07870608849912442 0
0.07874136677041485 0
0.07877664504170528 0
0.07881192331299572 0
0.07884720158428615 0
0.07888247985557659 0
0.07891775812686704 0
0.07895303639815747 0
0.0789883146694479 0
0.07902359294073834 0
0.07905887121202877 0
0.0790941494833192 0
0.07912942775460965 0
0.07916470602590009 0
0.07919998429719052 0
0.07923526256848096 0
0.07927054083977139 0
0.07930581911106184 0
0.07934109738235227 0
0.07937637565364271 0
0.07941165392493314 0
0.07944693219622358 0
0.07948221046751401 0
0.07951748873880446 0
0.0795527670100949 0
0.07958804528138533 0
0.07962332355267576 0
0.0796586018239662 0
0.07969388009525663 0
0.07972915836654708 0
0.07976443663783751 0
0.07979971490912795 0
0.07983499318041838 0
0.07987027145170882 0
0.07990554972299926 0
0.0799408279942897 0
0.07997610626558013 0
0.08001138453687057 0
0.080046662808161 0
0.08008194107945144 0
0.08011721935074188 0
0.08015249762203232 0
0.08018777589332275 0
0.08022305416461319 0
0.08025833243590362 0
0.08029361070719407 0
0.0803288889784845 0
0.08036416724977494 0
0.08039944552106537 0
0.0804347237923558 0
0.08047000206364624 0
0.08050528033493669 0
0.08054055860622712 0
0.15395596741242634 0
0.15399124568371678 0
0.1540265239550072 0
0.15406180222629764 0
0.15409708049758808 0
0.1541323587688785 0
0.15416763704016895 0
0.15420291531145938 0
0.15423819358274982 0
0.15427347185404025 0
0.1543087501253307 0
0.15434402839662115 0
0.15437930666791158 0
0.15441458493920202 0
0.15444986321049245 0
0.15448514148178288 0
0.15452041975307332 0
0.15455569802436375 0
0.1545909762956542 0
0.15462625456694462 0
0.15466153283823506 0
0.15469681110952552 0
0.15473208938081595 0
0.15476736765210639 0
0.15480264592339682 0
0.15483792419468725 0
0.1548732024659777 0
0.15490848073726812 0
0.15494375900855856 0
0.154979037279849 0
0.15501431555113943 0
0.15504959382242986 0
0.15508487209372032 0
0.15512015036501076 0
0.1551554286363012 0
0.15519070690759162 0
0.15522598517888206 0
0.1552612634501725 0
0.15529654172146293 0
0.15533181999275336 0
0.1553670982640438 0
0.15540237653533423 0
0.15543765480662466 0
0.15547293307791513 0
0.15550821134920556 0
0.155543489620496 0
0.15557876789178643 0
0.15561404616307686 0
0.1556493244343673 0
0.15568460270565773 0
0.15571988097694817 0
0.1557551592482386 0
0.15579043751952903 0
0.15582571579081947 0
0.1558609940621099 0
0.15589627233340037 0
0.1559315506046908 0
0.15596682887598123 0
0.15600210714727167 0
0.1560373854185621 0
0.15607266368985254 0
0.15610794196114297 0
0.1561432202324334 0
0.15617849850372384 0
0.15621377677501427 0
0.1562490550463047 0
0.15628433331759517 0
0.1563196115888856 0
0.15635488986017604 0
0.15639016813146647 0
0.1564254464027569 0
0.15646072467404734 0
0.15649600294533778 0
0.1565312812166282 0
0.15656655948791864 0
0.15660183775920908 0
0.1566371160304995 0
0.15667239430178997 0
0.1567076725730804 0
0.15674295084437084 0
0.15677822911566128 0
0.1568135073869517 0
0.15684878565824215 0
0.15688406392953258 0
0.15691934220082301 0
0.15695462047211345 0
0.15698989874340388 0
0.15702517701469432 0
0.15706045528598475 0
0.1570957335572752 0
0.15713101182856565 0
0.15716629009985608 0
0.15720156837114652 0
0.15723684664243695 0
0.15727212491372738 0
0.15730740318501782 0
0.15734268145630825 0
0.1573779597275987 0
0.15741323799888912 0
0.15744851627017956 0
0.2308639250763788 0
0.23089920334766922 0
0.23093448161895966 0
0.2309697598902501 0
0.23100503816154053 0
0.23104031643283096 0
0.2310755947041214 0
0.23111087297541183 0
0.23114615124670226 0
0.23118142951799273 0
0.23121670778928316 0
0.2312519860605736 0
0.23128726433186403 0
0.23132254260315446 0
0.2313578208744449 0
0.23139309914573533 0
0.23142837741702577 0
0.2314636556883162 0
0.23149893395960663 0
0.23153421223089707 0
0.23156949050218753 0
0.23160476877347796 0
0.2316400470447684 0
0.23167532531605883 0
0.23171060358734927 0
0.2317458818586397 0
0.23178116012993014 0
0.23181643840122057 0
0.231851716672511 0
0.23188699494380144 0
0.23192227321509187 0
0.23195755148638234 0
0.23199282975767277 0
0.2320281080289632 0
0.23206338630025364 0
0.23209866457154407 0
0.2321339428428345 0
0.23216922111412494 0
0.23220449938541537 0
0.2322397776567058 0
0.23227505592799624 0
0.23231033419928668 0
0.23234561247057714 0
0.23238089074186757 0
0.232416169013158 0
0.23245144728444844 0
0.23248672555573888 0
0.2325220038270293 0
0.23255728209831975 0
0.23259256036961018 0
0.2326278386409006 0
0.23266311691219105 0
0.23269839518348148 0
0.23273367345477192 0
0.23276895172606238 0
0.2328042299973528 0
0.23283950826864325 0
0.23287478653993368 0
0.23291006481122412 0
0.23294534308251455 0
0.23298062135380498 0
0.23301589962509542 0
0.23305117789638585 0
0.2330864561676763 0
0.23312173443896672 0
0.23315701271025718 0
0.23319229098154762 0
0.23322756925283805 0
0.23326284752412849 0
0.23329812579541892 0
0.23333340406670935 0
0.2333686823379998 0
0.23340396060929022 0
0.23343923888058066 0
0.2334745171518711 0
0.23350979542316153 0
0.233545073694452 0
0.23358035196574242 0
0.23361563023703286 0
0.2336509085083233 0
0.23368618677961372 0
0.23372146505090416 0
0.2337567433221946 0
0.23379202159348503 0
0.23382729986477546 0
0.2338625781360659 0
0.23389785640735633 0
0.23393313467864676 0
0.23396841294993723 0
0.23400369122122766 0
0.2340389694925181 0
0.23407424776380853 0
0.23410952603509896 0
0.2341448043063894 0
0.23418008257767983 0
0.23421536084897027 0
0.2342506391202607 0
0.23428591739155114 0
0.23432119566284157 0
0.23435647393413203 0
0.30777188274033124 0
0.30780716101162164 0
0.3078424392829121 0
0.30787771755420257 0
0.307912995825493 0
0.30794827409678344 0
0.30798355236807384 0
0.3080188306393643 0
0.3080541089106547 0
0.3080893871819452 0
0.3081246654532356 0
0.30815994372452604 0
0.30819522199581645 0
0.3082305002671069 0
0.3082657785383974 0
0.3083010568096878 0
0.30833633508097824 0
0.30837161335226865 0
0.3084068916235591 0
0.3084421698948495 0
0.30847744816614 0
0.3085127264374304 0
0.30854800470872085 0
0.30858328298001125 0
0.3086185612513017 0
0.3086538395225922 0
0.3086891177938826 0
0.30872439606517305 0
0.30875967433646345 0
0.3087949526077539 0
0.3088302308790443 0
0.3088655091503348 0
0.3089007874216252 0
0.30893606569291565 0
0.30897134396420606 0
0.3090066222354965 0
0.309041900506787 0
0.3090771787780774 0
0.30911245704936785 0
0.30914773532065826 0
0.3091830135919487 0
0.3092182918632391 0
0.3092535701345296 0
0.30928884840582 0
0.30932412667711046 0
0.30935940494840086 0
0.3093946832196913 0
0.3094299614909818 0
0.3094652397622722 0
0.30950051803356265 0
0.30953579630485306 0
0.3095710745761435 0
0.30960635284743393 0
0.3096416311187244 0
0.3096769093900148 0
0.30971218766130526 0
0.30974746593259567 0
0.30978274420388613 0
0.3098180224751766 0
0.309853300746467 0
0.30988857901775746 0
0.30992385728904787 0
0.30995913556033833 0
0.30999441383162873 0
0.3100296921029192 0
0.3100649703742096 0
0.31010024864550007 0
0.31013552691679047 0
0.31017080518808093 0
0.31020608345937134 0
0.3102413617306618 0
0.31027664000195226 0
0.31031191827324267 0
0.31034719654453313 0
0.31038247481582354 0
0.310417753087114 0
0.3104530313584044 0
0.31048830962969487 0
0.3105235879009853 0
0.31055886617227574 0
0.31059414444356614 0
0.3106294227148566 0
0.31066470098614707 0
0.3106999792574375 0
0.31073525752872794 0
0.31077053580001834 0
0.3108058140713088 0
0.3108410923425992 0
0.3108763706138897 0
0.3109116488851801 0
0.31094692715647054 0
0.31098220542776095 0
0.3110174836990514 0
0.3110527619703419 0
0.3110880402416323 0
0.31112331851292274 0
0.31115859678421315 0
0.3111938750555036 0
0.311229153326794 0
0.3112644315980845 0
0.38467984040428366 0
0.3847151186755741 0
0.3847503969468646 0
0.384785675218155 0
0.38482095348944545 0
0.38485623176073586 0
0.3848915100320263 0
0.3849267883033167 0
0.3849620665746072 0
0.3849973448458976 0
0.38503262311718806 0
0.38506790138847846 0
0.3851031796597689 0
0.3851384579310594 0
0.3851737362023498 0
0.38520901447364025 0
0.38524429274493066 0
0.3852795710162211 0
0.38531484928751153 0
0.385350127558802 0
0.3853854058300924 0
0.38542068410138286 0
0.38545596237267327 0
0.38549124064396373 0
0.3855265189152542 0
0.3855617971865446 0
0.38559707545783506 0
0.38563235372912547 0
0.3856676320004159 0
0.38570291027170633 0
0.3857381885429968 0
0.3857734668142872 0
0.38580874508557766 0
0.38584402335686807 0
0.38587930162815853 0
0.385914579899449 0
0.3859498581707394 0
0.38598513644202986 0
0.38602041471332027 0
0.38605569298461073 0
0.38609097125590114 0
0.3861262495271916 0
0.386161527798482 0
0.38619680606977247 0
0.3862320843410629 0
0.38626736261235334 0
0.3863026408836438 0
0.3863379191549342 0
0.38637319742622467 0
0.3864084756975151 0
0.38644375396880554 0
0.38647903224009594 0
0.3865143105113864 0
0.3865495887826768 0
0.3865848670539673 0
0.3866201453252577 0
0.38665542359654814 0
0.3866907018678386 0
0.386725980139129 0
0.3867612584104195 0
0.3867965366817099 0
0.38683181495300034 0
0.38686709322429075 0
0.3869023714955812 0
0.3869376497668716 0
0.3869729280381621 0
0.3870082063094525 0
0.38704348458074295 0
0.3870787628520334 0
0.3871140411233238 0
0.3871493193946143 0
0.3871845976659047 0
0.38721987593719515 0
0.38725515420848555 0
0.387290432479776 0
0.3873257107510664 0
0.3873609890223569 0
0.3873962672936473 0
0.38743154556493775 0
0.38746682383622816 0
0.3875021021075186 0
0.3875373803788091 0
0.3875726586500995 0
0.38760793692138995 0
0.38764321519268036 0
0.3876784934639708 0
0.3877137717352612 0
0.3877490500065517 0
0.3877843282778421 0
0.38781960654913256 0
0.38785488482042296 0
0.3878901630917134 0
0.3879254413630039 0
0.3879607196342943 0
0.38799599790558476 0
0.38803127617687516 0
0.3880665544481656 0
0.38810183271945603 0
0.3881371109907465 0
0.3881723892620369 0
0.46158779806823613 0
0.4616230763395266 0
0.461658354610817 0
0.46169363288210746 0
0.46172891115339787 0
0.46176418942468833 0
0.46179946769597874 0
0.4618347459672692 0
0.4618700242385596 0
0.46190530250985007 0
0.4619405807811405 0
0.46197585905243094 0
0.4620111373237214 0
0.4620464155950118 0
0.46208169386630227 0
0.4621169721375927 0
0.46215225040888314 0
0.46218752868017354 0
0.462222806951464 0
0.4622580852227544 0
0.4622933634940449 0
0.4623286417653353 0
0.46236392003662574 0
0.4623991983079162 0
0.4624344765792066 0
0.4624697548504971 0
0.4625050331217875 0
0.46254031139307794 0
0.46257558966436835 0
0.4626108679356588 0
0.4626461462069492 0
0.4626814244782397 0
0.4627167027495301 0
0.46275198102082055 0
0.462787259292111 0
0.4628225375634014 0
0.4628578158346919 0
0.4628930941059823 0
0.46292837237727275 0
0.46296365064856315 0
0.4629989289198536 0
0.463034207191144 0
0.4630694854624345 0
0.4631047637337249 0
0.46314004200501535 0
0.4631753202763058 0
0.4632105985475962 0
0.4632458768188867 0
0.4632811550901771 0
0.46331643336146755 0
0.46335171163275796 0
0.4633869899040484 0
0.4634222681753388 0
0.4634575464466293 0
0.4634928247179197 0
0.46352810298921016 0
0.4635633812605006 0
0.463598659531791 0
0.4636339378030815 0
0.4636692160743719 0
0.46370449434566235 0
0.46373977261695276 0
0.4637750508882432 0
0.46381032915953363 0
0.4638456074308241 0
0.4638808857021145 0
0.46391616397340496 0
0.4639514422446954 0
0.46398672051598583 0
0.4640219987872763 0
0.4640572770585667 0
0.46409255532985716 0
0.46412783360114757 0
0.46416311187243803 0
0.46419839014372843 0
0.4642336684150189 0
0.4642689466863093 0
0.46430422495759976 0
0.46433950322889017 0
0.46437478150018063 0
0.4644100597714711 0
0.4644453380427615 0
0.46448061631405196 0
0.46451589458534237 0
0.46455117285663283 0
0.46458645112792324 0
0.4646217293992137 0
0.4646570076705041 0
0.46469228594179457 0
0.464727564213085 0
0.46476284248437544 0
0.4647981207556659 0
0.4648333990269563 0
0.46486867729824677 0
0.4649039555695372 0
0.46493923384082764 0
0.46497451211211804 0
0.4650097903834085 0
0.4650450686546989 0
0.4650803469259894 0
0.5384957557321886 0
0.538531034003479 0
0.5385663122747695 0
0.5386015905460599 0
0.5386368688173503 0
0.5386721470886408 0
0.5387074253599312 0
0.5387427036312217 0
0.538777981902512 0
0.5388132601738025 0
0.538848538445093 0
0.5388838167163834 0
0.5389190949876739 0
0.5389543732589642 0
0.5389896515302547 0
0.5390249298015451 0
0.5390602080728356 0
0.539095486344126 0
0.5391307646154164 0
0.5391660428867069 0
0.5392013211579973 0
0.5392365994292878 0
0.5392718777005782 0
0.5393071559718686 0
0.5393424342431591 0
0.5393777125144495 0
0.5394129907857399 0
0.5394482690570304 0
0.5394835473283208 0
0.5395188255996113 0
0.5395541038709016 0
0.5395893821421921 0
0.5396246604134826 0
0.539659938684773 0
0.5396952169560635 0
0.5397304952273538 0
0.5397657734986443 0
0.5398010517699348 0
0.5398363300412252 0
0.5398716083125156 0
0.539906886583806 0
0.5399421648550965 0
0.539977443126387 0
0.5400127213976773 0
0.5400479996689678 0
0.5400832779402582 0
0.5401185562115487 0
0.5401538344828392 0
0.5401891127541295 0
0.54022439102542 0
0.5402596692967104 0
0.5402949475680009 0
0.5403302258392912 0
0.5403655041105817 0
0.5404007823818722 0
0.5404360606531626 0
0.5404713389244531 0
0.5405066171957434 0
0.5405418954670339 0
0.5405771737383244 0
0.5406124520096148 0
0.5406477302809052 0
0.5406830085521956 0
0.5407182868234861 0
0.5407535650947766 0
0.5407888433660669 0
0.5408241216373574 0
0.5408593999086478 0
0.5408946781799383 0
0.5409299564512288 0
0.5409652347225191 0
0.5410005129938096 0
0.5410357912651 0
0.5410710695363905 0
0.5411063478076809 0
0.5411416260789713 0
0.5411769043502618 0
0.5412121826215522 0
0.5412474608928427 0
0.541282739164133 0
0.5413180174354235 0
0.541353295706714 0
0.5413885739780044 0
0.5414238522492948 0
0.5414591305205853 0
0.5414944087918757 0
0.5415296870631662 0
0.5415649653344565 0
0.541600243605747 0
0.5416355218770375 0
0.5416708001483279 0
0.5417060784196184 0
0.5417413566909087 0
0.5417766349621992 0
0.5418119132334897 0
0.5418471915047801 0
0.5418824697760705 0
0.5419177480473609 0
0.5419530263186514 0
0.5419883045899418 0
0.6154037133961411 0
0.6154389916674314 0
0.6154742699387219 0
0.6155095482100124 0
0.6155448264813028 0
0.6155801047525932 0
0.6156153830238836 0
0.6156506612951741 0
0.6156859395664646 0
0.615721217837755 0
0.6157564961090454 0
0.6157917743803358 0
0.6158270526516263 0
0.6158623309229168 0
0.6158976091942071 0
0.6159328874654976 0
0.615968165736788 0
0.6160034440080785 0
0.6160387222793688 0
0.6160740005506593 0
0.6161092788219498 0
0.6161445570932402 0
0.6161798353645307 0
0.616215113635821 0
0.6162503919071115 0
0.616285670178402 0
0.6163209484496924 0
0.6163562267209828 0
0.6163915049922732 0
0.6164267832635637 0
0.6164620615348542 0
0.6164973398061445 0
0.616532618077435 0
0.6165678963487254 0
0.6166031746200159 0
0.6166384528913064 0
0.6166737311625967 0
0.6167090094338872 0
0.6167442877051776 0
0.6167795659764681 0
0.6168148442477585 0
0.6168501225190489 0
0.6168854007903394 0
0.6169206790616298 0
0.6169559573329203 0
0.6169912356042107 0
0.6170265138755011 0
0.6170617921467916 0
0.617097070418082 0
0.6171323486893724 0
0.6171676269606629 0
0.6172029052319533 0
0.6172381835032438 0
0.6172734617745341 0
0.6173087400458246 0
0.617344018317115 0
0.6173792965884055 0
0.617414574859696 0
0.6174498531309863 0
0.6174851314022768 0
0.6175204096735672 0
0.6175556879448577 0
0.6175909662161481 0
0.6176262444874385 0
0.617661522758729 0
0.6176968010300194 0
0.6177320793013099 0
0.6177673575726003 0
0.6178026358438907 0
0.6178379141151812 0
0.6178731923864716 0
0.617908470657762 0
0.6179437489290525 0
0.6179790272003429 0
0.6180143054716334 0
0.6180495837429237 0
0.6180848620142142 0
0.6181201402855047 0
0.6181554185567951 0
0.6181906968280856 0
0.6182259750993759 0
0.6182612533706664 0
0.6182965316419569 0
0.6183318099132473 0
0.6183670881845377 0
0.6184023664558281 0
0.6184376447271186 0
0.6184729229984091 0
0.6185082012696995 0
0.6185434795409899 0
0.6185787578122803 0
0.6186140360835708 0
0.6186493143548613 0
0.6186845926261516 0
0.6187198708974421 0
0.6187551491687325 0
0.618790427440023 0
0.6188257057113133 0
0.6188609839826038 0
0.6188962622538943 0
0.6923116710600935 0
0.692346949331384 0
0.6923822276026743 0
0.6924175058739648 0
0.6924527841452552 0
0.6924880624165457 0
0.692523340687836 0
0.6925586189591265 0
0.692593897230417 0
0.6926291755017074 0
0.6926644537729979 0
0.6926997320442883 0
0.6927350103155787 0
0.6927702885868692 0
0.6928055668581596 0
0.69284084512945 0
0.6928761234007405 0
0.6929114016720309 0
0.6929466799433214 0
0.6929819582146118 0
0.6930172364859022 0
0.6930525147571927 0
0.6930877930284831 0
0.6931230712997736 0
0.6931583495710639 0
0.6931936278423544 0
0.6932289061136448 0
0.6932641843849353 0
0.6932994626562257 0
0.6933347409275161 0
0.6933700191988066 0
0.693405297470097 0
0.6934405757413875 0
0.6934758540126779 0
0.6935111322839683 0
0.6935464105552588 0
0.6935816888265492 0
0.6936169670978396 0
0.6936522453691301 0
0.6936875236404205 0
0.693722801911711 0
0.6937580801830013 0
0.6937933584542918 0
0.6938286367255823 0
0.6938639149968727 0
0.6938991932681632 0
0.6939344715394535 0
0.693969749810744 0
0.6940050280820345 0
0.6940403063533249 0
0.6940755846246153 0
0.6941108628959057 0
0.6941461411671962 0
0.6941814194384867 0
0.6942166977097771 0
0.6942519759810675 0
0.6942872542523579 0
0.6943225325236484 0
0.6943578107949389 0
0.6943930890662292 0
0.6944283673375197 0
0.6944636456088101 0
0.6944989238801006 0
0.694534202151391 0
0.6945694804226814 0
0.6946047586939719 0
0.6946400369652623 0
0.6946753152365528 0
0.6947105935078431 0
0.6947458717791336 0
0.6947811500504241 0
0.6948164283217145 0
0.6948517065930049 0
0.6948869848642953 0
0.6949222631355858 0
0.6949575414068763 0
0.6949928196781667 0
0.6950280979494571 0
0.6950633762207475 0
0.695098654492038 0
0.6951339327633285 0
0.6951692110346188 0
0.6952044893059093 0
0.6952397675771997 0
0.6952750458484902 0
0.6953103241197806 0
0.695345602391071 0
0.6953808806623615 0
0.6954161589336519 0
0.6954514372049424 0
0.6954867154762328 0
0.6955219937475232 0
0.6955572720188137 0
0.6955925502901041 0
0.6956278285613945 0
0.695663106832685 0
0.6956983851039754 0
0.6957336633752659 0
0.6957689416465563 0
0.6958042199178467 0
0.7692196287240459 0
0.7692549069953364 0
0.7692901852666268 0
0.7693254635379172 0
0.7693607418092077 0
0.7693960200804981 0
0.7694312983517886 0
0.769466576623079 0
0.7695018548943694 0
0.7695371331656599 0
0.7695724114369503 0
0.7696076897082408 0
0.7696429679795311 0
0.7696782462508216 0
0.7697135245221121 0
0.7697488027934025 0
0.7697840810646929 0
0.7698193593359833 0
0.7698546376072738 0
0.7698899158785643 0
0.7699251941498547 0
0.7699604724211451 0
0.7699957506924355 0
0.770031028963726 0
0.7700663072350165 0
0.7701015855063068 0
0.7701368637775973 0
0.7701721420488877 0
0.7702074203201782 0
0.7702426985914687 0
0.770277976862759 0
0.7703132551340495 0
0.7703485334053399 0
0.7703838116766304 0
0.7704190899479207 0
0.7704543682192112 0
0.7704896464905017 0
0.7705249247617921 0
0.7705602030330825 0
0.7705954813043729 0
0.7706307595756634 0
0.7706660378469539 0
0.7707013161182443 0
0.7707365943895347 0
0.7707718726608251 0
0.7708071509321156 0
0.7708424292034061 0
0.7708777074746964 0
0.7709129857459869 0
0.7709482640172773 0
0.7709835422885678 0
0.7710188205598582 0
0.7710540988311486 0
0.7710893771024391 0
0.7711246553737295 0
0.77115993364502 0
0.7711952119163104 0
0.7712304901876008 0
0.7712657684588913 0
0.7713010467301817 0
0.7713363250014721 0
0.7713716032727626 0
0.771406881544053 0
0.7714421598153435 0
0.7714774380866339 0
0.7715127163579243 0
0.7715479946292148 0
0.7715832729005052 0
0.7716185511717957 0
0.771653829443086 0
0.7716891077143765 0
0.771724385985667 0
0.7717596642569574 0
0.7717949425282478 0
0.7718302207995382 0
0.7718654990708287 0
0.7719007773421191 0
0.7719360556134096 0
0.7719713338847 0
0.7720066121559904 0
0.7720418904272809 0
0.7720771686985713 0
0.7721124469698617 0
0.7721477252411522 0
0.7721830035124426 0
0.7722182817837331 0
0.7722535600550235 0
0.7722888383263139 0
0.7723241165976044 0
0.7723593948688948 0
0.7723946731401853 0
0.7724299514114756 0
0.7724652296827661 0
0.7725005079540566 0
0.772535786225347 0
0.7725710644966374 0
0.7726063427679278 0
0.7726416210392183 0
0.7726768993105088 0
0.7727121775817992 0
0.8461275863879983 0
0.8461628646592888 0
0.8461981429305793 0
0.8462334212018697 0
0.8462686994731601 0
0.8463039777444505 0
0.846339256015741 0
0.8463745342870315 0
0.8464098125583219 0
0.8464450908296123 0
0.8464803691009027 0
0.8465156473721932 0
0.8465509256434837 0
0.846586203914774 0
0.8466214821860645 0
0.8466567604573549 0
0.8466920387286454 0
0.8467273169999359 0
0.8467625952712262 0
0.8467978735425167 0
0.8468331518138071 0
0.8468684300850976 0
0.846903708356388 0
0.8469389866276784 0
0.8469742648989689 0
0.8470095431702593 0
0.8470448214415497 0
0.8470800997128402 0
0.8471153779841306 0
0.8471506562554211 0
0.8471859345267115 0
0.8472212127980019 0
0.8472564910692924 0
0.8472917693405828 0
0.8473270476118733 0
0.8473623258831636 0
0.8473976041544541 0
0.8474328824257445 0
0.847468160697035 0
0.8475034389683254 0
0.8475387172396158 0
0.8475739955109063 0
0.8476092737821967 0
0.8476445520534872 0
0.8476798303247776 0
0.847715108596068 0
0.8477503868673585 0
0.847785665138649 0
0.8478209434099393 0
0.8478562216812298 0
0.8478914999525202 0
0.8479267782238107 0
0.8479620564951011 0
0.8479973347663915 0
0.848032613037682 0
0.8480678913089724 0
0.8481031695802629 0
0.8481384478515532 0
0.8481737261228437 0
0.8482090043941342 0
0.8482442826654246 0
0.848279560936715 0
0.8483148392080054 0
0.8483501174792959 0
0.8483853957505864 0
0.8484206740218768 0
0.8484559522931672 0
0.8484912305644576 0
0.8485265088357481 0
0.8485617871070386 0
0.8485970653783289 0
0.8486323436496194 0
0.8486676219209098 0
0.8487029001922003 0
0.8487381784634908 0
0.8487734567347811 0
0.8488087350060716 0
0.848844013277362 0
0.8488792915486525 0
0.8489145698199428 0
0.8489498480912333 0
0.8489851263625238 0
0.8490204046338142 0
0.8490556829051046 0
0.849090961176395 0
0.8491262394476855 0
0.849161517718976 0
0.8491967959902664 0
0.8492320742615568 0
0.8492673525328472 0
0.8493026308041377 0
0.8493379090754282 0
0.8493731873467185 0
0.849408465618009 0
0.8494437438892994 0
0.8494790221605899 0
0.8495143004318804 0
0.8495495787031707 0
0.8495848569744612 0
0.8496201352457516 0
0.9230355440519509 0
0.9230708223232412 0
0.9231061005945317 0
0.9231413788658221 0
0.9231766571371126 0
0.9232119354084031 0
0.9232472136796934 0
0.9232824919509839 0
0.9233177702222743 0
0.9233530484935648 0
0.9233883267648552 0
0.9234236050361456 0
0.9234588833074361 0
0.9234941615787265 0
0.9235294398500169 0
0.9235647181213074 0
0.9235999963925978 0
0.9236352746638883 0
0.9236705529351787 0
0.9237058312064691 0
0.9237411094777596 0
0.92377638774905 0
0.9238116660203405 0
0.9238469442916308 0
0.9238822225629213 0
0.9239175008342118 0
0.9239527791055022 0
0.9239880573767927 0
0.924023335648083 0
0.9240586139193735 0
0.924093892190664 0
0.9241291704619544 0
0.9241644487332448 0
0.9241997270045352 0
0.9242350052758257 0
0.9242702835471162 0
0.9243055618184065 0
0.924340840089697 0
0.9243761183609874 0
0.9244113966322779 0
0.9244466749035684 0
0.9244819531748587 0
0.9245172314461492 0
0.9245525097174396 0
0.9245877879887301 0
0.9246230662600204 0
0.9246583445313109 0
0.9246936228026014 0
0.9247289010738918 0
0.9247641793451822 0
0.9247994576164726 0
0.9248347358877631 0
0.9248700141590536 0
0.924905292430344 0
0.9249405707016344 0
0.9249758489729248 0
0.9250111272442153 0
0.9250464055155058 0
0.9250816837867961 0
0.9251169620580866 0
0.925152240329377 0
0.9251875186006675 0
0.925222796871958 0
0.9252580751432483 0
0.9252933534145388 0
0.9253286316858292 0
0.9253639099571197 0
0.92539918822841 0
0.9254344664997005 0
0.925469744770991 0
0.9255050230422814 0
0.9255403013135718 0
0.9255755795848623 0
0.9256108578561527 0
0.9256461361274432 0
0.9256814143987336 0
0.925716692670024 0
0.9257519709413145 0
0.9257872492126049 0
0.9258225274838954 0
0.9258578057551857 0
0.9258930840264762 0
0.9259283622977666 0
0.9259636405690571 0
0.9259989188403476 0
0.9260341971116379 0
0.9260694753829284 0
0.9261047536542188 0
0.9261400319255093 0
0.9261753101967997 0
0.9262105884680901 0
0.9262458667393806 0
0.926281145010671 0
0.9263164232819614 0
0.9263517015532519 0
0.9263869798245423 0
0.9264222580958328 0
0.9264575363671232 0
0.9264928146384136 0
0.9265280929097041 0
