0.05373199017725607 0
0.05379246721375396 0
0.053852944250251854 0
0.053913421286749745 0
0.053973898323247636 0
0.05403437535974553 0
0.05409485239624342 0
0.05415532943274131 0
0.0542158064692392 0
0.05427628350573709 0
0.054336760542234984 0
0.05439723757873288 0
0.05445771461523077 0
0.054518191651728665 0
0.054578668688226556 0
0.05463914572472445 0
0.05469962276122234 0
0.05476009979772023 0
0.05482057683421812 0
0.05488105387071601 0
0.054941530907213904 0
0.055002007943711795 0
0.055062484980209686 0
0.05512296201670758 0
0.05518343905320547 0
0.05524391608970336 0
0.05530439312620125 0
0.05536487016269914 0
0.055425347199197034 0
0.055485824235694925 0
0.055546301272192816 0
0.05560677830869071 0
0.0556672553451886 0
0.05572773238168649 0
0.05578820941818438 0
0.05584868645468227 0
0.055909163491180164 0
0.055969640527678055 0
0.05603011756417595 0
0.056090594600673845 0
0.056151071637171736 0
0.05621154867366963 0
0.05627202571016752 0
0.05633250274666541 0
0.0563929797831633 0
0.05645345681966119 0
0.05651393385615908 0
0.056574410892656975 0
0.056634887929154866 0
0.05669536496565276 0
0.05675584200215065 0
0.05681631903864854 0
0.05687679607514643 0
0.05693727311164432 0
0.056997750148142214 0
0.057058227184640105 0
0.057118704221137996 0
0.05717918125763589 0
0.05723965829413378 0
0.05730013533063167 0
0.05736061236712956 0
0.05742108940362745 0
0.057481566440125344 0
0.057542043476623235 0
0.057602520513121126 0
0.057662997549619024 0
0.057723474586116916 0
0.05778395162261481 0
0.0578444286591127 0
0.05790490569561059 0
0.05796538273210848 0
0.05802585976860637 0
0.05808633680510426 0
0.058146813841602155 0
0.058207290878100046 0
0.05826776791459794 0
0.05832824495109583 0
0.05838872198759372 0
0.05844919902409161 0
0.0585096760605895 0
0.058570153097087393 0
0.058630630133585285 0
0.058691107170083176 0
0.05875158420658107 0
0.05881206124307896 0
0.05887253827957685 0
0.05893301531607474 0
0.05899349235257263 0
0.059053969389070524 0
0.059114446425568415 0
0.059174923462066306 0
0.0592354004985642 0
0.059295877535062096 0
0.05935635457155999 0
0.05941683160805788 0
0.05947730864455577 0
0.05953778568105366 0
0.05959826271755155 0
0.05965873975404944 0
0.059719216790547335 0
0.13063994784120853 0
0.13070042487770642 0
0.1307609019142043 0
0.1308213789507022 0
0.1308818559872001 0
0.13094233302369798 0
0.13100281006019587 0
0.13106328709669376 0
0.13112376413319166 0
0.13118424116968955 0
0.13124471820618744 0
0.13130519524268533 0
0.13136567227918322 0
0.1314261493156811 0
0.131486626352179 0
0.1315471033886769 0
0.13160758042517479 0
0.13166805746167268 0
0.13172853449817057 0
0.13178901153466846 0
0.13184948857116635 0
0.13190996560766424 0
0.13197044264416213 0
0.13203091968066002 0
0.13209139671715792 0
0.1321518737536558 0
0.1322123507901537 0
0.1322728278266516 0
0.13233330486314948 0
0.13239378189964737 0
0.13245425893614526 0
0.13251473597264316 0
0.13257521300914105 0
0.13263569004563894 0
0.13269616708213683 0
0.13275664411863472 0
0.1328171211551326 0
0.1328775981916305 0
0.1329380752281284 0
0.13299855226462629 0
0.13305902930112418 0
0.13311950633762207 0
0.13317998337411996 0
0.13324046041061785 0
0.13330093744711574 0
0.13336141448361363 0
0.13342189152011152 0
0.13348236855660942 0
0.1335428455931073 0
0.1336033226296052 0
0.1336637996661031 0
0.13372427670260098 0
0.13378475373909887 0
0.13384523077559676 0
0.13390570781209465 0
0.13396618484859255 0
0.13402666188509044 0
0.13408713892158833 0
0.13414761595808622 0
0.1342080929945841 0
0.134268570031082 0
0.1343290470675799 0
0.13438952410407778 0
0.13445000114057568 0
0.13451047817707357 0
0.13457095521357146 0
0.13463143225006935 0
0.13469190928656724 0
0.13475238632306516 0
0.13481286335956305 0
0.13487334039606094 0
0.13493381743255883 0
0.13499429446905672 0
0.13505477150555462 0
0.1351152485420525 0
0.1351757255785504 0
0.1352362026150483 0
0.13529667965154618 0
0.13535715668804407 0
0.13541763372454196 0
0.13547811076103985 0
0.13553858779753775 0
0.13559906483403564 0
0.13565954187053353 0
0.13572001890703142 0
0.1357804959435293 0
0.1358409729800272 0
0.1359014500165251 0
0.13596192705302299 0
0.13602240408952088 0
0.13608288112601877 0
0.13614335816251666 0
0.13620383519901455 0
0.13626431223551244 0
0.13632478927201033 0
0.13638526630850822 0
0.13644574334500612 0
0.136506220381504 0
0.1365666974180019 0
0.1366271744544998 0
0.20754790550516097 0
0.20760838254165886 0
0.20766885957815676 0
0.20772933661465465 0
0.20778981365115254 0
0.20785029068765043 0
0.20791076772414832 0
0.2079712447606462 0
0.2080317217971441 0
0.208092198833642 0
0.20815267587013989 0
0.20821315290663778 0
0.20827362994313567 0
0.20833410697963356 0
0.20839458401613145 0
0.20845506105262934 0
0.20851553808912723 0
0.20857601512562512 0
0.20863649216212302 0
0.2086969691986209 0
0.2087574462351188 0
0.2088179232716167 0
0.20887840030811458 0
0.20893887734461247 0
0.20899935438111036 0
0.20905983141760826 0
0.20912030845410615 0
0.20918078549060404 0
0.20924126252710193 0
0.20930173956359982 0
0.2093622166000977 0
0.2094226936365956 0
0.2094831706730935 0
0.20954364770959139 0
0.20960412474608928 0
0.20966460178258717 0
0.20972507881908506 0
0.20978555585558295 0
0.20984603289208084 0
0.20990650992857873 0
0.20996698696507662 0
0.21002746400157452 0
0.2100879410380724 0
0.2101484180745703 0
0.2102088951110682 0
0.21026937214756608 0
0.21032984918406397 0
0.21039032622056186 0
0.21045080325705975 0
0.21051128029355765 0
0.21057175733005554 0
0.21063223436655343 0
0.21069271140305132 0
0.2107531884395492 0
0.2108136654760471 0
0.210874142512545 0
0.21093461954904288 0
0.21099509658554078 0
0.2110555736220387 0
0.21111605065853659 0
0.21117652769503448 0
0.21123700473153237 0
0.21129748176803026 0
0.21135795880452815 0
0.21141843584102604 0
0.21147891287752393 0
0.21153938991402182 0
0.21159986695051972 0
0.2116603439870176 0
0.2117208210235155 0
0.2117812980600134 0
0.21184177509651128 0
0.21190225213300917 0
0.21196272916950706 0
0.21202320620600495 0
0.21208368324250285 0
0.21214416027900074 0
0.21220463731549863 0
0.21226511435199652 0
0.2123255913884944 0
0.2123860684249923 0
0.2124465454614902 0
0.21250702249798809 0
0.21256749953448598 0
0.21262797657098387 0
0.21268845360748176 0
0.21274893064397965 0
0.21280940768047754 0
0.21286988471697543 0
0.21293036175347332 0
0.21299083878997122 0
0.2130513158264691 0
0.213111792862967 0
0.2131722698994649 0
0.21323274693596278 0
0.21329322397246067 0
0.21335370100895856 0
0.21341417804545645 0
0.21347465508195435 0
0.21353513211845224 0
0.2844558631691134 0
0.28451634020561134 0
0.2845768172421092 0
0.2846372942786071 0
0.284697771315105 0
0.2847582483516029 0
0.28481872538810077 0
0.2848792024245987 0
0.28493967946109655 0
0.28500015649759447 0
0.28506063353409233 0
0.28512111057059025 0
0.2851815876070881 0
0.28524206464358604 0
0.2853025416800839 0
0.2853630187165818 0
0.2854234957530797 0
0.2854839727895776 0
0.28554444982607546 0
0.2856049268625734 0
0.28566540389907125 0
0.28572588093556917 0
0.28578635797206703 0
0.28584683500856495 0
0.2859073120450628 0
0.28596778908156073 0
0.2860282661180586 0
0.2860887431545565 0
0.2861492201910544 0
0.2862096972275523 0
0.28627017426405016 0
0.2863306513005481 0
0.28639112833704594 0
0.28645160537354386 0
0.2865120824100417 0
0.28657255944653964 0
0.2866330364830375 0
0.2866935135195354 0
0.2867539905560333 0
0.2868144675925312 0
0.28687494462902907 0
0.286935421665527 0
0.28699589870202485 0
0.2870563757385228 0
0.28711685277502064 0
0.28717732981151856 0
0.2872378068480164 0
0.28729828388451434 0
0.2873587609210122 0
0.2874192379575101 0
0.287479714994008 0
0.2875401920305059 0
0.28760066906700377 0
0.2876611461035017 0
0.28772162313999955 0
0.28778210017649747 0
0.28784257721299533 0
0.28790305424949325 0
0.2879635312859911 0
0.28802400832248903 0
0.2880844853589869 0
0.2881449623954848 0
0.2882054394319827 0
0.2882659164684806 0
0.28832639350497846 0
0.2883868705414764 0
0.28844734757797424 0
0.28850782461447216 0
0.28856830165097 0
0.28862877868746795 0
0.2886892557239658 0
0.28874973276046373 0
0.2888102097969616 0
0.2888706868334595 0
0.2889311638699574 0
0.2889916409064553 0
0.28905211794295316 0
0.2891125949794511 0
0.28917307201594894 0
0.28923354905244686 0
0.2892940260889447 0
0.28935450312544264 0
0.2894149801619405 0
0.2894754571984384 0
0.2895359342349363 0
0.2895964112714342 0
0.28965688830793207 0
0.28971736534443 0
0.28977784238092785 0
0.28983831941742577 0
0.28989879645392364 0
0.28995927349042155 0
0.2900197505269194 0
0.29008022756341734 0
0.2901407045999152 0
0.2902011816364131 0
0.290261658672911 0
0.2903221357094089 0
0.29038261274590677 0
0.2904430897824047 0
0.3613638208330659 0
0.36142429786956376 0
0.3614847749060617 0
0.36154525194255954 0
0.36160572897905746 0
0.3616662060155553 0
0.36172668305205324 0
0.3617871600885511 0
0.361847637125049 0
0.3619081141615469 0
0.3619685911980448 0
0.3620290682345427 0
0.3620895452710406 0
0.36215002230753846 0
0.3622104993440364 0
0.36227097638053424 0
0.36233145341703216 0
0.36239193045353 0
0.36245240749002794 0
0.3625128845265258 0
0.3625733615630237 0
0.3626338385995216 0
0.3626943156360195 0
0.36275479267251737 0
0.3628152697090153 0
0.36287574674551315 0
0.36293622378201107 0
0.36299670081850893 0
0.36305717785500685 0
0.3631176548915047 0
0.36317813192800263 0
0.3632386089645005 0
0.3632990860009984 0
0.3633595630374963 0
0.3634200400739942 0
0.36348051711049206 0
0.36354099414699 0
0.36360147118348785 0
0.36366194821998576 0
0.36372242525648363 0
0.36378290229298155 0
0.3638433793294794 0
0.36390385636597733 0
0.3639643334024752 0
0.3640248104389731 0
0.364085287475471 0
0.3641457645119689 0
0.36420624154846676 0
0.3642667185849647 0
0.36432719562146254 0
0.36438767265796046 0
0.3644481496944583 0
0.36450862673095624 0
0.3645691037674541 0
0.364629580803952 0
0.3646900578404499 0
0.3647505348769478 0
0.36481101191344567 0
0.3648714889499436 0
0.36493196598644145 0
0.3649924430229394 0
0.36505292005943724 0
0.36511339709593515 0
0.365173874132433 0
0.36523435116893094 0
0.3652948282054288 0
0.3653553052419267 0
0.3654157822784246 0
0.3654762593149225 0
0.36553673635142037 0
0.3655972133879183 0
0.36565769042441615 0
0.36571816746091407 0
0.36577864449741193 0
0.36583912153390985 0
0.3658995985704077 0
0.36596007560690563 0
0.3660205526434035 0
0.3660810296799014 0
0.3661415067163993 0
0.3662019837528972 0
0.36626246078939506 0
0.366322937825893 0
0.36638341486239084 0
0.36644389189888876 0
0.3665043689353866 0
0.36656484597188455 0
0.3666253230083824 0
0.36668580004488033 0
0.3667462770813782 0
0.3668067541178761 0
0.366867231154374 0
0.3669277081908719 0
0.3669881852273698 0
0.3670486622638677 0
0.3671091393003656 0
0.36716961633686346 0
0.3672300933733614 0
0.36729057040985924 0
0.36735104744635716 0
0.4382717784970183 0
0.43833225553351624 0
0.4383927325700141 0
0.438453209606512 0
0.4385136866430099 0
0.4385741636795078 0
0.43863464071600566 0
0.4386951177525036 0
0.43875559478900145 0
0.43881607182549937 0
0.43887654886199723 0
0.43893702589849515 0
0.438997502934993 0
0.43905797997149093 0
0.4391184570079888 0
0.4391789340444867 0
0.4392394110809846 0
0.4392998881174825 0
0.43936036515398036 0
0.4394208421904783 0
0.43948131922697614 0
0.43954179626347406 0
0.4396022732999719 0
0.43966275033646984 0
0.4397232273729677 0
0.4397837044094656 0
0.4398441814459635 0
0.4399046584824614 0
0.43996513551895927 0
0.4400256125554572 0
0.44008608959195505 0
0.440146566628453 0
0.44020704366495084 0
0.44026752070144876 0
0.4403279977379466 0
0.44038847477444454 0
0.4404489518109424 0
0.4405094288474403 0
0.4405699058839382 0
0.4406303829204361 0
0.44069085995693397 0
0.4407513369934319 0
0.44081181402992975 0
0.44087229106642767 0
0.44093276810292553 0
0.44099324513942345 0
0.4410537221759213 0
0.44111419921241923 0
0.4411746762489171 0
0.441235153285415 0
0.4412956303219129 0
0.4413561073584108 0
0.44141658439490866 0
0.4414770614314066 0
0.44153753846790444 0
0.44159801550440236 0
0.4416584925409002 0
0.44171896957739815 0
0.441779446613896 0
0.44183992365039393 0
0.4419004006868918 0
0.4419608777233897 0
0.4420213547598876 0
0.4420818317963855 0
0.44214230883288336 0
0.4422027858693813 0
0.44226326290587914 0
0.44232373994237706 0
0.4423842169788749 0
0.44244469401537284 0
0.4425051710518707 0
0.4425656480883686 0
0.4426261251248665 0
0.4426866021613644 0
0.44274707919786227 0
0.4428075562343602 0
0.44286803327085805 0
0.44292851030735597 0
0.44298898734385384 0
0.44304946438035175 0
0.4431099414168496 0
0.44317041845334754 0
0.44323089548984546 0
0.4432913725263433 0
0.44335184956284124 0
0.4434123265993391 0
0.443472803635837 0
0.4435332806723349 0
0.4435937577088328 0
0.44365423474533067 0
0.4437147117818286 0
0.44377518881832645 0
0.44383566585482437 0
0.44389614289132223 0
0.44395661992782015 0
0.444017096964318 0
0.44407757400081593 0
0.4441380510373138 0
0.4441985280738117 0
0.4442590051103096 0
0.5151797361609708 0
0.5152402131974687 0
0.5153006902339665 0
0.5153611672704644 0
0.5154216443069624 0
0.5154821213434603 0
0.5155425983799581 0
0.515603075416456 0
0.5156635524529539 0
0.5157240294894518 0
0.5157845065259496 0
0.5158449835624476 0
0.5159054605989455 0
0.5159659376354434 0
0.5160264146719412 0
0.5160868917084391 0
0.516147368744937 0
0.516207845781435 0
0.5162683228179328 0
0.5163287998544307 0
0.5163892768909286 0
0.5164497539274265 0
0.5165102309639243 0
0.5165707080004223 0
0.5166311850369202 0
0.5166916620734181 0
0.5167521391099159 0
0.5168126161464138 0
0.5168730931829117 0
0.5169335702194097 0
0.5169940472559075 0
0.5170545242924054 0
0.5171150013289033 0
0.5171754783654012 0
0.517235955401899 0
0.517296432438397 0
0.5173569094748949 0
0.5174173865113928 0
0.5174778635478906 0
0.5175383405843885 0
0.5175988176208864 0
0.5176592946573844 0
0.5177197716938822 0
0.5177802487303801 0
0.517840725766878 0
0.5179012028033759 0
0.5179616798398737 0
0.5180221568763717 0
0.5180826339128696 0
0.5181431109493675 0
0.5182035879858653 0
0.5182640650223632 0
0.5183245420588611 0
0.5183850190953591 0
0.5184454961318569 0
0.5185059731683548 0
0.5185664502048527 0
0.5186269272413506 0
0.5186874042778484 0
0.5187478813143463 0
0.5188083583508443 0
0.5188688353873422 0
0.51892931242384 0
0.5189897894603379 0
0.5190502664968358 0
0.5191107435333338 0
0.5191712205698316 0
0.5192316976063295 0
0.5192921746428274 0
0.5193526516793253 0
0.5194131287158231 0
0.519473605752321 0
0.519534082788819 0
0.5195945598253169 0
0.5196550368618148 0
0.5197155138983126 0
0.5197759909348105 0
0.5198364679713084 0
0.5198969450078064 0
0.5199574220443042 0
0.5200178990808021 0
0.5200783761173 0
0.5201388531537979 0
0.5201993301902957 0
0.5202598072267937 0
0.5203202842632916 0
0.5203807612997895 0
0.5204412383362873 0
0.5205017153727852 0
0.5205621924092831 0
0.5206226694457811 0
0.5206831464822789 0
0.5207436235187768 0
0.5208041005552747 0
0.5208645775917726 0
0.5209250546282704 0
0.5209855316647684 0
0.5210460087012663 0
0.5211064857377642 0
0.521166962774262 0
0.5920876938249232 0
0.5921481708614211 0
0.592208647897919 0
0.5922691249344169 0
0.5923296019709148 0
0.5923900790074127 0
0.5924505560439106 0
0.5925110330804084 0
0.5925715101169063 0
0.5926319871534043 0
0.5926924641899022 0
0.5927529412264 0
0.5928134182628979 0
0.5928738952993958 0
0.5929343723358937 0
0.5929948493723916 0
0.5930553264088895 0
0.5931158034453874 0
0.5931762804818853 0
0.5932367575183831 0
0.593297234554881 0
0.593357711591379 0
0.5934181886278769 0
0.5934786656643747 0
0.5935391427008726 0
0.5935996197373705 0
0.5936600967738684 0
0.5937205738103662 0
0.5937810508468642 0
0.5938415278833621 0
0.59390200491986 0
0.5939624819563578 0
0.5940229589928557 0
0.5940834360293537 0
0.5941439130658516 0
0.5942043901023494 0
0.5942648671388473 0
0.5943253441753452 0
0.5943858212118431 0
0.5944462982483409 0
0.5945067752848389 0
0.5945672523213368 0
0.5946277293578347 0
0.5946882063943325 0
0.5947486834308304 0
0.5948091604673283 0
0.5948696375038263 0
0.5949301145403241 0
0.594990591576822 0
0.5950510686133199 0
0.5951115456498178 0
0.5951720226863156 0
0.5952324997228136 0
0.5952929767593115 0
0.5953534537958094 0
0.5954139308323072 0
0.5954744078688051 0
0.595534884905303 0
0.595595361941801 0
0.5956558389782988 0
0.5957163160147967 0
0.5957767930512946 0
0.5958372700877925 0
0.5958977471242904 0
0.5959582241607883 0
0.5960187011972862 0
0.5960791782337841 0
0.596139655270282 0
0.5962001323067798 0
0.5962606093432777 0
0.5963210863797757 0
0.5963815634162736 0
0.5964420404527714 0
0.5965025174892693 0
0.5965629945257672 0
0.5966234715622651 0
0.596683948598763 0
0.5967444256352609 0
0.5968049026717588 0
0.5968653797082567 0
0.5969258567447545 0
0.5969863337812524 0
0.5970468108177504 0
0.5971072878542483 0
0.5971677648907461 0
0.597228241927244 0
0.5972887189637419 0
0.5973491960002398 0
0.5974096730367376 0
0.5974701500732356 0
0.5975306271097335 0
0.5975911041462314 0
0.5976515811827292 0
0.5977120582192271 0
0.597772535255725 0
0.597833012292223 0
0.5978934893287208 0
0.5979539663652187 0
0.5980144434017166 0
0.5980749204382145 0
0.6689956514888756 0
0.6690561285253736 0
0.6691166055618715 0
0.6691770825983694 0
0.6692375596348672 0
0.6692980366713651 0
0.669358513707863 0
0.669418990744361 0
0.6694794677808588 0
0.6695399448173567 0
0.6696004218538546 0
0.6696608988903525 0
0.6697213759268503 0
0.6697818529633482 0
0.6698423299998462 0
0.6699028070363441 0
0.6699632840728419 0
0.6700237611093398 0
0.6700842381458377 0
0.6701447151823356 0
0.6702051922188335 0
0.6702656692553314 0
0.6703261462918293 0
0.6703866233283272 0
0.670447100364825 0
0.6705075774013229 0
0.6705680544378209 0
0.6706285314743188 0
0.6706890085108166 0
0.6707494855473145 0
0.6708099625838124 0
0.6708704396203103 0
0.6709309166568082 0
0.6709913936933061 0
0.671051870729804 0
0.6711123477663019 0
0.6711728248027997 0
0.6712333018392976 0
0.6712937788757956 0
0.6713542559122935 0
0.6714147329487913 0
0.6714752099852892 0
0.6715356870217871 0
0.671596164058285 0
0.6716566410947828 0
0.6717171181312808 0
0.6717775951677787 0
0.6718380722042766 0
0.6718985492407744 0
0.6719590262772723 0
0.6720195033137703 0
0.6720799803502682 0
0.6721404573867661 0
0.6722009344232639 0
0.6722614114597618 0
0.6723218884962597 0
0.6723823655327577 0
0.6724428425692555 0
0.6725033196057534 0
0.6725637966422513 0
0.6726242736787492 0
0.672684750715247 0
0.672745227751745 0
0.6728057047882429 0
0.6728661818247408 0
0.6729266588612386 0
0.6729871358977365 0
0.6730476129342344 0
0.6731080899707323 0
0.6731685670072302 0
0.6732290440437281 0
0.673289521080226 0
0.6733499981167239 0
0.6734104751532217 0
0.6734709521897196 0
0.6735314292262176 0
0.6735919062627155 0
0.6736523832992133 0
0.6737128603357112 0
0.6737733373722091 0
0.673833814408707 0
0.6738942914452049 0
0.6739547684817028 0
0.6740152455182007 0
0.6740757225546986 0
0.6741361995911964 0
0.6741966766276943 0
0.6742571536641923 0
0.6743176307006902 0
0.674378107737188 0
0.6744385847736859 0
0.6744990618101838 0
0.6745595388466817 0
0.6746200158831795 0
0.6746804929196775 0
0.6747409699561754 0
0.6748014469926733 0
0.6748619240291711 0
0.674922401065669 0
0.674982878102167 0
0.7459036091528282 0
0.745964086189326 0
0.7460245632258239 0
0.7460850402623218 0
0.7461455172988197 0
0.7462059943353175 0
0.7462664713718155 0
0.7463269484083134 0
0.7463874254448113 0
0.7464479024813091 0
0.746508379517807 0
0.7465688565543049 0
0.7466293335908029 0
0.7466898106273007 0
0.7467502876637986 0
0.7468107647002965 0
0.7468712417367944 0
0.7469317187732922 0
0.7469921958097901 0
0.7470526728462881 0
0.747113149882786 0
0.7471736269192838 0
0.7472341039557817 0
0.7472945809922796 0
0.7473550580287776 0
0.7474155350652754 0
0.7474760121017733 0
0.7475364891382712 0
0.7475969661747691 0
0.7476574432112669 0
0.7477179202477648 0
0.7477783972842628 0
0.7478388743207607 0
0.7478993513572585 0
0.7479598283937564 0
0.7480203054302543 0
0.7480807824667522 0
0.7481412595032501 0
0.748201736539748 0
0.7482622135762459 0
0.7483226906127438 0
0.7483831676492417 0
0.7484436446857395 0
0.7485041217222375 0
0.7485645987587354 0
0.7486250757952333 0
0.7486855528317311 0
0.748746029868229 0
0.7488065069047269 0
0.7488669839412249 0
0.7489274609777227 0
0.7489879380142206 0
0.7490484150507185 0
0.7491088920872164 0
0.7491693691237142 0
0.7492298461602122 0
0.7492903231967101 0
0.749350800233208 0
0.7494112772697058 0
0.7494717543062037 0
0.7495322313427016 0
0.7495927083791996 0
0.7496531854156974 0
0.7497136624521953 0
0.7497741394886932 0
0.7498346165251911 0
0.7498950935616889 0
0.7499555705981868 0
0.7500160476346848 0
0.7500765246711827 0
0.7501370017076805 0
0.7501974787441784 0
0.7502579557806763 0
0.7503184328171743 0
0.7503789098536721 0
0.75043938689017 0
0.7504998639266679 0
0.7505603409631658 0
0.7506208179996636 0
0.7506812950361615 0
0.7507417720726595 0
0.7508022491091574 0
0.7508627261456552 0
0.7509232031821531 0
0.750983680218651 0
0.751044157255149 0
0.7511046342916468 0
0.7511651113281447 0
0.7512255883646426 0
0.7512860654011405 0
0.7513465424376383 0
0.7514070194741362 0
0.7514674965106342 0
0.7515279735471321 0
0.7515884505836299 0
0.7516489276201278 0
0.7517094046566257 0
0.7517698816931236 0
0.7518303587296215 0
0.7518908357661194 0
0.8228115668167806 0
0.8228720438532785 0
0.8229325208897763 0
0.8229929979262742 0
0.8230534749627721 0
0.8231139519992701 0
0.8231744290357679 0
0.8232349060722658 0
0.8232953831087637 0
0.8233558601452616 0
0.8234163371817594 0
0.8234768142182574 0
0.8235372912547553 0
0.8235977682912532 0
0.823658245327751 0
0.8237187223642489 0
0.8237791994007468 0
0.8238396764372448 0
0.8239001534737426 0
0.8239606305102405 0
0.8240211075467384 0
0.8240815845832363 0
0.8241420616197341 0
0.824202538656232 0
0.82426301569273 0
0.8243234927292279 0
0.8243839697657257 0
0.8244444468022236 0
0.8245049238387215 0
0.8245654008752195 0
0.8246258779117173 0
0.8246863549482152 0
0.8247468319847131 0
0.824807309021211 0
0.8248677860577089 0
0.8249282630942067 0
0.8249887401307047 0
0.8250492171672026 0
0.8251096942037005 0
0.8251701712401983 0
0.8252306482766962 0
0.8252911253131942 0
0.8253516023496921 0
0.8254120793861899 0
0.8254725564226878 0
0.8255330334591857 0
0.8255935104956836 0
0.8256539875321814 0
0.8257144645686794 0
0.8257749416051773 0
0.8258354186416752 0
0.825895895678173 0
0.8259563727146709 0
0.8260168497511688 0
0.8260773267876668 0
0.8261378038241646 0
0.8261982808606625 0
0.8262587578971604 0
0.8263192349336583 0
0.8263797119701561 0
0.8264401890066541 0
0.826500666043152 0
0.8265611430796499 0
0.8266216201161477 0
0.8266820971526456 0
0.8267425741891435 0
0.8268030512256415 0
0.8268635282621393 0
0.8269240052986372 0
0.8269844823351351 0
0.827044959371633 0
0.8271054364081308 0
0.8271659134446288 0
0.8272263904811267 0
0.8272868675176246 0
0.8273473445541224 0
0.8274078215906203 0
0.8274682986271182 0
0.8275287756636162 0
0.827589252700114 0
0.8276497297366119 0
0.8277102067731098 0
0.8277706838096077 0
0.8278311608461055 0
0.8278916378826034 0
0.8279521149191014 0
0.8280125919555993 0
0.8280730689920971 0
0.828133546028595 0
0.8281940230650929 0
0.8282545001015909 0
0.8283149771380887 0
0.8283754541745866 0
0.8284359312110845 0
0.8284964082475824 0
0.8285568852840802 0
0.8286173623205781 0
0.8286778393570761 0
0.828738316393574 0
0.8287987934300718 0
0.899719524480733 0
0.8997800015172309 0
0.8998404785537288 0
0.8999009555902266 0
0.8999614326267246 0
0.9000219096632225 0
0.9000823866997204 0
0.9001428637362182 0
0.9002033407727161 0
0.900263817809214 0
0.900324294845712 0
0.9003847718822098 0
0.9004452489187077 0
0.9005057259552056 0
0.9005662029917035 0
0.9006266800282013 0
0.9006871570646993 0
0.9007476341011972 0
0.9008081111376951 0
0.9008685881741929 0
0.9009290652106908 0
0.9009895422471887 0
0.9010500192836867 0
0.9011104963201846 0
0.9011709733566824 0
0.9012314503931803 0
0.9012919274296782 0
0.9013524044661761 0
0.901412881502674 0
0.9014733585391719 0
0.9015338355756698 0
0.9015943126121677 0
0.9016547896486655 0
0.9017152666851634 0
0.9017757437216614 0
0.9018362207581593 0
0.9018966977946571 0
0.901957174831155 0
0.9020176518676529 0
0.9020781289041508 0
0.9021386059406487 0
0.9021990829771466 0
0.9022595600136445 0
0.9023200370501424 0
0.9023805140866402 0
0.9024409911231381 0
0.902501468159636 0
0.902561945196134 0
0.9026224222326318 0
0.9026828992691297 0
0.9027433763056276 0
0.9028038533421255 0
0.9028643303786233 0
0.9029248074151213 0
0.9029852844516192 0
0.9030457614881171 0
0.9031062385246149 0
0.9031667155611128 0
0.9032271925976108 0
0.9032876696341087 0
0.9033481466706065 0
0.9034086237071044 0
0.9034691007436023 0
0.9035295777801002 0
0.903590054816598 0
0.903650531853096 0
0.9037110088895939 0
0.9037714859260918 0
0.9038319629625896 0
0.9038924399990875 0
0.9039529170355854 0
0.9040133940720834 0
0.9040738711085812 0
0.9041343481450791 0
0.904194825181577 0
0.9042553022180749 0
0.9043157792545727 0
0.9043762562910707 0
0.9044367333275686 0
0.9044972103640665 0
0.9045576874005643 0
0.9046181644370622 0
0.9046786414735601 0
0.9047391185100581 0
0.9047995955465559 0
0.9048600725830538 0
0.9049205496195517 0
0.9049810266560496 0
0.9050415036925474 0
0.9051019807290454 0
0.9051624577655433 0
0.9052229348020412 0
0.905283411838539 0
0.9053438888750369 0
0.9054043659115348 0
0.9054648429480328 0
0.9055253199845306 0
0.9055857970210285 0
0.9056462740575264 0
0.9057067510940243 0
0.9766274821446854 0
0.9766879591811833 0
0.9767484362176813 0
0.9768089132541792 0
0.976869390290677 0
0.9769298673271749 0
0.9769903443636728 0
0.9770508214001707 0
0.9771112984366686 0
0.9771717754731665 0
0.9772322525096644 0
0.9772927295461623 0
0.9773532065826602 0
0.977413683619158 0
0.977474160655656 0
0.9775346376921539 0
0.9775951147286518 0
0.9776555917651496 0
0.9777160688016475 0
0.9777765458381454 0
0.9778370228746434 0
0.9778974999111412 0
0.9779579769476391 0
0.978018453984137 0
0.9780789310206349 0
0.9781394080571327 0
0.9781998850936306 0
0.9782603621301286 0
0.9783208391666265 0
0.9783813162031243 0
0.9784417932396222 0
0.9785022702761201 0
0.978562747312618 0
0.9786232243491159 0
0.9786837013856138 0
0.9787441784221117 0
0.9788046554586096 0
0.9788651324951074 0
0.9789256095316053 0
0.9789860865681033 0
0.9790465636046012 0
0.979107040641099 0
0.9791675176775969 0
0.9792279947140948 0
0.9792884717505927 0
0.9793489487870906 0
0.9794094258235885 0
0.9794699028600864 0
0.9795303798965843 0
0.9795908569330821 0
0.97965133396958 0
0.979711811006078 0
0.9797722880425759 0
0.9798327650790737 0
0.9798932421155716 0
0.9799537191520695 0
0.9800141961885674 0
0.9800746732250653 0
0.9801351502615632 0
0.9801956272980611 0
0.980256104334559 0
0.9803165813710568 0
0.9803770584075547 0
0.9804375354440527 0
0.9804980124805506 0
0.9805584895170484 0
0.9806189665535463 0
0.9806794435900442 0
0.9807399206265421 0
0.98080039766304 0
0.9808608746995379 0
0.9809213517360358 0
0.9809818287725337 0
0.9810423058090315 0
0.9811027828455294 0
0.9811632598820273 0
0.9812237369185253 0
0.9812842139550231 0
0.981344690991521 0
0.9814051680280189 0
0.9814656450645168 0
0.9815261221010146 0
0.9815865991375126 0
0.9816470761740105 0
0.9817075532105084 0
0.9817680302470062 0
0.9818285072835041 0
0.981888984320002 0
0.9819494613565 0
0.9820099383929978 0
0.9820704154294957 0
0.9821308924659936 0
0.9821913695024915 0
0.9822518465389893 0
0.9823123235754873 0
0.9823728006119852 0
0.9824332776484831 0
0.9824937546849809 0
0.9825542317214788 0
0.9826147087579767 0
