0.00011087456691280114 0
0.00014615283820323786 0
0.0001814311094936746 0
0.00021670938078411132 0
0.000251987652074548 0
0.00028726592336498477 0
0.00032254419465542147 0
0.0003578224659458582 0
0.0003931007372362949 0
0.0004283790085267316 0
0.0004636572798171684 0
0.0004989355511076051 0
0.0005342138223980418 0
0.0005694920936884785 0
0.0006047703649789153 0
0.000640048636269352 0
0.0006753269075597887 0
0.0007106051788502254 0
0.0007458834501406622 0
0.0007811617214310988 0
0.0008164399927215356 0
0.0008517182640119723 0
0.0008869965353024091 0
0.0009222748065928457 0
0.0009575530778832825 0
0.0009928313491737192 0
0.0010281096204641559 0
0.0010633878917545928 0
0.0010986661630450294 0
0.001133944434335466 0
0.001169222705625903 0
0.0012045009769163395 0
0.0012397792482067762 0
0.001275057519497213 0
0.0013103357907876497 0
0.0013456140620780866 0
0.0013808923333685232 0
0.0014161706046589599 0
0.0014514488759493967 0
0.0014867271472398334 0
0.00152200541853027 0
0.0015572836898207069 0
0.0015925619611111435 0
0.0016278402324015802 0
0.001663118503692017 0
0.0016983967749824537 0
0.0017336750462728905 0
0.0017689533175633272 0
0.0018042315888537638 0
0.0018395098601442007 0
0.0018747881314346373 0
0.001910066402725074 0
0.0019453446740155108 0
0.0019806229453059477 0
0.002015901216596384 0
0.002051179487886821 0
0.002086457759177258 0
0.0021217360304676943 0
0.002157014301758131 0
0.002192292573048568 0
0.0022275708443390044 0
0.0022628491156294413 0
0.002298127386919878 0
0.0023334056582103146 0
0.0023686839295007514 0
0.0024039622007911883 0
0.0024392404720816247 0
0.0024745187433720616 0
0.0025097970146624985 0
0.002545075285952935 0
0.0025803535572433717 0
0.0026156318285338086 0
0.002650910099824245 0
0.002686188371114682 0
0.0027214666424051188 0
0.0027567449136955556 0
0.002792023184985992 0
0.002827301456276429 0
0.0028625797275668658 0
0.002897857998857302 0
0.002933136270147739 0
0.002968414541438176 0
0.0030036928127286124 0
0.003038971084019049 0
0.003074249355309486 0
0.0031095276265999225 0
0.0031448058978903594 0
0.0031800841691807962 0
0.0032153624404712327 0
0.0032506407117616695 0
0.0032859189830521064 0
0.003321197254342543 0
0.0033564755256329797 0
0.0033917537969234165 0
0.003427032068213853 0
0.00346231033950429 0
0.0034975886107947267 0
0.0035328668820851635 0
0.0035681451533756 0
0.003603423424666037 0
0.05375665844214337 0
0.05381713547864126 0
0.05387761251513915 0
0.05393808955163704 0
0.053998566588134934 0
0.054059043624632826 0
0.05411952066113072 0
0.05417999769762861 0
0.0542404747341265 0
0.05430095177062439 0
0.05436142880712228 0
0.05442190584362017 0
0.05448238288011807 0
0.05454285991661596 0
0.054603336953113854 0
0.054663813989611745 0
0.05472429102610964 0
0.05478476806260753 0
0.05484524509910542 0
0.05490572213560331 0
0.0549661991721012 0
0.05502667620859909 0
0.055087153245096984 0
0.055147630281594875 0
0.05520810731809277 0
0.05526858435459066 0
0.05532906139108855 0
0.05538953842758644 0
0.05545001546408433 0
0.05551049250058222 0
0.055570969537080114 0
0.055631446573578006 0
0.0556919236100759 0
0.05575240064657379 0
0.05581287768307168 0
0.05587335471956957 0
0.05593383175606746 0
0.05599430879256535 0
0.056054785829063244 0
0.05611526286556114 0
0.056175739902059034 0
0.056236216938556925 0
0.056296693975054816 0
0.05635717101155271 0
0.0564176480480506 0
0.05647812508454849 0
0.05653860212104638 0
0.05659907915754427 0
0.056659556194042164 0
0.056720033230540055 0
0.05678051026703795 0
0.05684098730353584 0
0.05690146434003373 0
0.05696194137653162 0
0.05702241841302951 0
0.0570828954495274 0
0.057143372486025294 0
0.057203849522523186 0
0.05726432655902108 0
0.05732480359551897 0
0.05738528063201686 0
0.05744575766851475 0
0.05750623470501264 0
0.05756671174151053 0
0.057627188778008424 0
0.057687665814506316 0
0.057748142851004214 0
0.057808619887502105 0
0.057869096923999996 0
0.05792957396049789 0
0.05799005099699578 0
0.05805052803349367 0
0.05811100506999156 0
0.05817148210648945 0
0.058231959142987344 0
0.058292436179485235 0
0.058352913215983127 0
0.05841339025248102 0
0.05847386728897891 0
0.0585343443254768 0
0.05859482136197469 0
0.05865529839847258 0
0.058715775434970474 0
0.058776252471468365 0
0.05883672950796626 0
0.05889720654446415 0
0.05895768358096204 0
0.05901816061745993 0
0.05907863765395782 0
0.05913911469045571 0
0.059199591726953604 0
0.059260068763451496 0
0.05932054579994939 0
0.059381022836447285 0
0.059441499872945176 0
0.05950197690944307 0
0.05956245394594096 0
0.05962293098243885 0
0.05968340801893674 0
0.05974388505543463 0
0.07701883223086525 0
0.07705411050215569 0
0.07708938877344612 0
0.07712466704473656 0
0.077159945316027 0
0.07719522358731744 0
0.07723050185860787 0
0.0772657801298983 0
0.07730105840118874 0
0.07733633667247918 0
0.07737161494376962 0
0.07740689321506006 0
0.07744217148635049 0
0.07747744975764093 0
0.07751272802893136 0
0.07754800630022181 0
0.07758328457151224 0
0.07761856284280268 0
0.07765384111409311 0
0.07768911938538355 0
0.07772439765667398 0
0.07775967592796443 0
0.07779495419925486 0
0.0778302324705453 0
0.07786551074183573 0
0.07790078901312616 0
0.07793606728441661 0
0.07797134555570705 0
0.07800662382699748 0
0.07804190209828792 0
0.07807718036957835 0
0.07811245864086878 0
0.07814773691215923 0
0.07818301518344967 0
0.0782182934547401 0
0.07825357172603054 0
0.07828884999732097 0
0.0783241282686114 0
0.07835940653990185 0
0.07839468481119229 0
0.07842996308248272 0
0.07846524135377315 0
0.07850051962506359 0
0.07853579789635404 0
0.07857107616764447 0
0.0786063544389349 0
0.07864163271022534 0
0.07867691098151577 0
0.07871218925280621 0
0.07874746752409666 0
0.07878274579538709 0
0.07881802406667753 0
0.07885330233796796 0
0.0788885806092584 0
0.07892385888054883 0
0.07895913715183928 0
0.07899441542312971 0
0.07902969369442014 0
0.07906497196571058 0
0.07910025023700101 0
0.07913552850829146 0
0.0791708067795819 0
0.07920608505087233 0
0.07924136332216276 0
0.0792766415934532 0
0.07931191986474363 0
0.07934719813603408 0
0.07938247640732451 0
0.07941775467861495 0
0.07945303294990538 0
0.07948831122119582 0
0.07952358949248625 0
0.0795588677637767 0
0.07959414603506713 0
0.07962942430635757 0
0.079664702577648 0
0.07969998084893844 0
0.07973525912022889 0
0.07977053739151932 0
0.07980581566280975 0
0.07984109393410019 0
0.07987637220539062 0
0.07991165047668106 0
0.0799469287479715 0
0.07998220701926194 0
0.08001748529055237 0
0.08005276356184281 0
0.08008804183313324 0
0.08012332010442369 0
0.08015859837571412 0
0.08019387664700456 0
0.08022915491829499 0
0.08026443318958543 0
0.08029971146087586 0
0.08033498973216631 0
0.08037026800345674 0
0.08040554627474718 0
0.08044082454603761 0
0.08047610281732805 0
0.08051138108861848 0
0.1306646161060958 0
0.1307250931425937 0
0.1307855701790916 0
0.13084604721558948 0
0.13090652425208738 0
0.13096700128858527 0
0.13102747832508316 0
0.13108795536158105 0
0.13114843239807894 0
0.13120890943457683 0
0.13126938647107472 0
0.13132986350757261 0
0.1313903405440705 0
0.1314508175805684 0
0.1315112946170663 0
0.1315717716535642 0
0.1316322486900621 0
0.13169272572656 0
0.13175320276305788 0
0.13181367979955577 0
0.13187415683605366 0
0.13193463387255155 0
0.13199511090904945 0
0.13205558794554734 0
0.13211606498204523 0
0.13217654201854312 0
0.132237019055041 0
0.1322974960915389 0
0.1323579731280368 0
0.13241845016453468 0
0.13247892720103258 0
0.13253940423753047 0
0.13259988127402836 0
0.13266035831052625 0
0.13272083534702414 0
0.13278131238352203 0
0.13284178942001992 0
0.13290226645651781 0
0.1329627434930157 0
0.1330232205295136 0
0.1330836975660115 0
0.13314417460250938 0
0.13320465163900727 0
0.13326512867550516 0
0.13332560571200305 0
0.13338608274850094 0
0.13344655978499884 0
0.13350703682149673 0
0.13356751385799462 0
0.1336279908944925 0
0.1336884679309904 0
0.1337489449674883 0
0.13380942200398618 0
0.13386989904048407 0
0.13393037607698197 0
0.13399085311347986 0
0.13405133014997775 0
0.13411180718647564 0
0.13417228422297353 0
0.13423276125947142 0
0.1342932382959693 0
0.1343537153324672 0
0.1344141923689651 0
0.134474669405463 0
0.13453514644196088 0
0.13459562347845877 0
0.13465610051495666 0
0.13471657755145455 0
0.13477705458795244 0
0.13483753162445034 0
0.13489800866094823 0
0.13495848569744612 0
0.135018962733944 0
0.1350794397704419 0
0.1351399168069398 0
0.13520039384343768 0
0.13526087087993557 0
0.13532134791643347 0
0.13538182495293136 0
0.13544230198942925 0
0.13550277902592714 0
0.13556325606242503 0
0.13562373309892292 0
0.1356842101354208 0
0.1357446871719187 0
0.1358051642084166 0
0.1358656412449145 0
0.13592611828141238 0
0.13598659531791027 0
0.13604707235440816 0
0.13610754939090605 0
0.13616802642740394 0
0.13622850346390183 0
0.13628898050039973 0
0.13634945753689762 0
0.1364099345733955 0
0.1364704116098934 0
0.1365308886463913 0
0.13659136568288918 0
0.13665184271938707 0
0.1539267898948177 0
0.15396206816610813 0
0.15399734643739857 0
0.154032624708689 0
0.15406790297997944 0
0.15410318125126987 0
0.15413845952256033 0
0.15417373779385077 0
0.1542090160651412 0
0.15424429433643164 0
0.15427957260772207 0
0.1543148508790125 0
0.15435012915030294 0
0.15438540742159337 0
0.1544206856928838 0
0.15445596396417424 0
0.15449124223546468 0
0.15452652050675514 0
0.15456179877804557 0
0.154597077049336 0
0.15463235532062644 0
0.15466763359191688 0
0.1547029118632073 0
0.15473819013449774 0
0.15477346840578818 0
0.1548087466770786 0
0.15484402494836905 0
0.15487930321965948 0
0.15491458149094994 0
0.15494985976224038 0
0.1549851380335308 0
0.15502041630482125 0
0.15505569457611168 0
0.15509097284740211 0
0.15512625111869255 0
0.15516152938998298 0
0.15519680766127342 0
0.15523208593256385 0
0.15526736420385429 0
0.15530264247514475 0
0.15533792074643518 0
0.15537319901772562 0
0.15540847728901605 0
0.15544375556030648 0
0.15547903383159692 0
0.15551431210288735 0
0.1555495903741778 0
0.15558486864546822 0
0.15562014691675866 0
0.1556554251880491 0
0.15569070345933952 0
0.15572598173063 0
0.15576126000192042 0
0.15579653827321086 0
0.1558318165445013 0
0.15586709481579172 0
0.15590237308708216 0
0.1559376513583726 0
0.15597292962966303 0
0.15600820790095346 0
0.1560434861722439 0
0.15607876444353433 0
0.1561140427148248 0
0.15614932098611523 0
0.15618459925740566 0
0.1562198775286961 0
0.15625515579998653 0
0.15629043407127696 0
0.1563257123425674 0
0.15636099061385783 0
0.15639626888514827 0
0.1564315471564387 0
0.15646682542772913 0
0.1565021036990196 0
0.15653738197031003 0
0.15657266024160046 0
0.1566079385128909 0
0.15664321678418133 0
0.15667849505547177 0
0.1567137733267622 0
0.15674905159805264 0
0.15678432986934307 0
0.1568196081406335 0
0.15685488641192394 0
0.15689016468321437 0
0.15692544295450483 0
0.15696072122579527 0
0.1569959994970857 0
0.15703127776837614 0
0.15706655603966657 0
0.157101834310957 0
0.15713711258224744 0
0.15717239085353787 0
0.1572076691248283 0
0.15724294739611874 0
0.15727822566740918 0
0.15731350393869964 0
0.15734878220999007 0
0.1573840604812805 0
0.15741933875257094 0
0.20757257377004826 0
0.20763305080654615 0
0.20769352784304404 0
0.20775400487954193 0
0.20781448191603982 0
0.20787495895253774 0
0.20793543598903563 0
0.20799591302553352 0
0.20805639006203142 0
0.2081168670985293 0
0.2081773441350272 0
0.2082378211715251 0
0.20829829820802298 0
0.20835877524452087 0
0.20841925228101876 0
0.20847972931751665 0
0.20854020635401455 0
0.20860068339051244 0
0.20866116042701033 0
0.20872163746350822 0
0.2087821145000061 0
0.208842591536504 0
0.2089030685730019 0
0.20896354560949978 0
0.20902402264599768 0
0.20908449968249557 0
0.20914497671899346 0
0.20920545375549135 0
0.20926593079198924 0
0.20932640782848713 0
0.20938688486498502 0
0.20944736190148291 0
0.2095078389379808 0
0.2095683159744787 0
0.2096287930109766 0
0.20968927004747448 0
0.20974974708397237 0
0.20981022412047026 0
0.20987070115696815 0
0.20993117819346604 0
0.20999165522996394 0
0.21005213226646183 0
0.21011260930295972 0
0.2101730863394576 0
0.2102335633759555 0
0.2102940404124534 0
0.21035451744895128 0
0.21041499448544917 0
0.21047547152194707 0
0.21053594855844496 0
0.21059642559494285 0
0.21065690263144074 0
0.21071737966793863 0
0.21077785670443652 0
0.2108383337409344 0
0.2108988107774323 0
0.2109592878139302 0
0.2110197648504281 0
0.21108024188692598 0
0.21114071892342387 0
0.21120119595992176 0
0.21126167299641965 0
0.21132215003291754 0
0.21138262706941544 0
0.21144310410591333 0
0.21150358114241122 0
0.2115640581789091 0
0.211624535215407 0
0.2116850122519049 0
0.21174548928840278 0
0.21180596632490067 0
0.21186644336139857 0
0.21192692039789646 0
0.21198739743439435 0
0.21204787447089224 0
0.21210835150739013 0
0.21216882854388802 0
0.2122293055803859 0
0.2122897826168838 0
0.2123502596533817 0
0.2124107366898796 0
0.21247121372637748 0
0.21253169076287537 0
0.21259216779937326 0
0.21265264483587115 0
0.21271312187236904 0
0.21277359890886693 0
0.21283407594536483 0
0.21289455298186272 0
0.2129550300183606 0
0.2130155070548585 0
0.2130759840913564 0
0.21313646112785428 0
0.21319693816435217 0
0.21325741520085006 0
0.21331789223734796 0
0.21337836927384585 0
0.21343884631034374 0
0.21349932334684163 0
0.21355980038333952 0
0.23083474755877015 0
0.23087002583006058 0
0.23090530410135102 0
0.23094058237264145 0
0.23097586064393189 0
0.23101113891522235 0
0.23104641718651278 0
0.23108169545780322 0
0.23111697372909365 0
0.23115225200038408 0
0.23118753027167452 0
0.23122280854296495 0
0.2312580868142554 0
0.23129336508554582 0
0.23132864335683626 0
0.2313639216281267 0
0.23139919989941715 0
0.23143447817070759 0
0.23146975644199802 0
0.23150503471328845 0
0.2315403129845789 0
0.23157559125586932 0
0.23161086952715976 0
0.2316461477984502 0
0.23168142606974063 0
0.23171670434103106 0
0.2317519826123215 0
0.23178726088361196 0
0.2318225391549024 0
0.23185781742619282 0
0.23189309569748326 0
0.2319283739687737 0
0.23196365224006413 0
0.23199893051135456 0
0.232034208782645 0
0.23206948705393543 0
0.23210476532522586 0
0.2321400435965163 0
0.23217532186780676 0
0.2322106001390972 0
0.23224587841038763 0
0.23228115668167806 0
0.2323164349529685 0
0.23235171322425893 0
0.23238699149554937 0
0.2324222697668398 0
0.23245754803813024 0
0.23249282630942067 0
0.2325281045807111 0
0.23256338285200154 0
0.232598661123292 0
0.23263393939458243 0
0.23266921766587287 0
0.2327044959371633 0
0.23273977420845374 0
0.23277505247974417 0
0.2328103307510346 0
0.23284560902232504 0
0.23288088729361547 0
0.2329161655649059 0
0.23295144383619634 0
0.2329867221074868 0
0.23302200037877724 0
0.23305727865006767 0
0.2330925569213581 0
0.23312783519264854 0
0.23316311346393898 0
0.2331983917352294 0
0.23323367000651984 0
0.23326894827781028 0
0.2333042265491007 0
0.23333950482039115 0
0.2333747830916816 0
0.23341006136297204 0
0.23344533963426248 0
0.2334806179055529 0
0.23351589617684335 0
0.23355117444813378 0
0.23358645271942421 0
0.23362173099071465 0
0.23365700926200508 0
0.23369228753329552 0
0.23372756580458595 0
0.23376284407587639 0
0.23379812234716685 0
0.23383340061845728 0
0.23386867888974772 0
0.23390395716103815 0
0.23393923543232858 0
0.23397451370361902 0
0.23400979197490945 0
0.2340450702461999 0
0.23408034851749032 0
0.23411562678878076 0
0.2341509050600712 0
0.23418618333136165 0
0.2342214616026521 0
0.23425673987394252 0
0.23429201814523296 0
0.2343272964165234 0
0.2844805314340007 0
0.2845410084704986 0
0.2846014855069965 0
0.2846619625434944 0
0.28472243957999227 0
0.2847829166164902 0
0.28484339365298805 0
0.28490387068948597 0
0.28496434772598384 0
0.28502482476248175 0
0.2850853017989796 0
0.28514577883547754 0
0.2852062558719754 0
0.2852667329084733 0
0.2853272099449712 0
0.2853876869814691 0
0.28544816401796697 0
0.2855086410544649 0
0.28556911809096275 0
0.28562959512746067 0
0.28569007216395853 0
0.28575054920045645 0
0.2858110262369543 0
0.28587150327345223 0
0.2859319803099501 0
0.285992457346448 0
0.2860529343829459 0
0.2861134114194438 0
0.28617388845594166 0
0.2862343654924396 0
0.28629484252893744 0
0.28635531956543536 0
0.2864157966019332 0
0.28647627363843114 0
0.286536750674929 0
0.2865972277114269 0
0.2866577047479248 0
0.2867181817844227 0
0.2867786588209206 0
0.2868391358574185 0
0.28689961289391636 0
0.2869600899304143 0
0.28702056696691214 0
0.28708104400341006 0
0.2871415210399079 0
0.28720199807640584 0
0.2872624751129037 0
0.2873229521494016 0
0.2873834291858995 0
0.2874439062223974 0
0.2875043832588953 0
0.2875648602953932 0
0.2876253373318911 0
0.28768581436838897 0
0.2877462914048869 0
0.28780676844138475 0
0.28786724547788267 0
0.28792772251438054 0
0.28798819955087845 0
0.2880486765873763 0
0.28810915362387424 0
0.2881696306603721 0
0.28823010769687 0
0.2882905847333679 0
0.2883510617698658 0
0.28841153880636367 0
0.2884720158428616 0
0.28853249287935945 0
0.28859296991585737 0
0.28865344695235523 0
0.28871392398885315 0
0.288774401025351 0
0.28883487806184893 0
0.2888953550983468 0
0.2889558321348447 0
0.2890163091713426 0
0.2890767862078405 0
0.28913726324433836 0
0.2891977402808363 0
0.28925821731733414 0
0.28931869435383206 0
0.2893791713903299 0
0.28943964842682784 0
0.2895001254633257 0
0.2895606024998236 0
0.2896210795363215 0
0.2896815565728194 0
0.2897420336093173 0
0.2898025106458152 0
0.28986298768231306 0
0.289923464718811 0
0.28998394175530884 0
0.29004441879180676 0
0.2901048958283046 0
0.29016537286480254 0
0.2902258499013004 0
0.2902863269377983 0
0.2903468039742962 0
0.2904072810107941 0
0.29046775804729197 0
0.3077427052227226 0
0.30777798349401303 0
0.3078132617653035 0
0.3078485400365939 0
0.30788381830788436 0
0.30791909657917477 0
0.30795437485046523 0
0.30798965312175564 0
0.3080249313930461 0
0.30806020966433656 0
0.30809548793562697 0
0.30813076620691743 0
0.30816604447820783 0
0.3082013227494983 0
0.3082366010207887 0
0.30827187929207917 0
0.30830715756336957 0
0.30834243583466003 0
0.30837771410595044 0
0.3084129923772409 0
0.30844827064853136 0
0.30848354891982177 0
0.30851882719111223 0
0.30855410546240264 0
0.3085893837336931 0
0.3086246620049835 0
0.30865994027627397 0
0.3086952185475644 0
0.30873049681885484 0
0.30876577509014524 0
0.3088010533614357 0
0.3088363316327261 0
0.3088716099040166 0
0.30890688817530704 0
0.30894216644659744 0
0.3089774447178879 0
0.3090127229891783 0
0.3090480012604688 0
0.3090832795317592 0
0.30911855780304964 0
0.30915383607434005 0
0.3091891143456305 0
0.3092243926169209 0
0.3092596708882114 0
0.30929494915950184 0
0.30933022743079225 0
0.3093655057020827 0
0.3094007839733731 0
0.3094360622446636 0
0.309471340515954 0
0.30950661878724445 0
0.30954189705853485 0
0.3095771753298253 0
0.3096124536011157 0
0.3096477318724062 0
0.30968301014369665 0
0.30971828841498705 0
0.3097535666862775 0
0.3097888449575679 0
0.3098241232288584 0
0.3098594015001488 0
0.30989467977143925 0
0.30992995804272966 0
0.3099652363140201 0
0.3100005145853105 0
0.310035792856601 0
0.31007107112789145 0
0.31010634939918186 0
0.3101416276704723 0
0.3101769059417627 0
0.3102121842130532 0
0.3102474624843436 0
0.31028274075563406 0
0.31031801902692446 0
0.3103532972982149 0
0.31038857556950533 0
0.3104238538407958 0
0.31045913211208626 0
0.31049441038337666 0
0.3105296886546671 0
0.31056496692595753 0
0.310600245197248 0
0.3106355234685384 0
0.31067080173982886 0
0.31070608001111927 0
0.31074135828240973 0
0.31077663655370014 0
0.3108119148249906 0
0.31084719309628106 0
0.31088247136757147 0
0.31091774963886193 0
0.31095302791015234 0
0.3109883061814428 0
0.3110235844527332 0
0.31105886272402367 0
0.3110941409953141 0
0.31112941926660453 0
0.31116469753789494 0
0.3111999758091854 0
0.31123525408047586 0
0.3613884890979532 0
0.36144896613445104 0
0.36150944317094896 0
0.3615699202074468 0
0.36163039724394475 0
0.3616908742804426 0
0.36175135131694053 0
0.3618118283534384 0
0.3618723053899363 0
0.3619327824264342 0
0.3619932594629321 0
0.36205373649942996 0
0.3621142135359279 0
0.36217469057242574 0
0.36223516760892366 0
0.3622956446454215 0
0.36235612168191944 0
0.3624165987184173 0
0.3624770757549152 0
0.3625375527914131 0
0.362598029827911 0
0.36265850686440887 0
0.3627189839009068 0
0.36277946093740465 0
0.36283993797390257 0
0.36290041501040043 0
0.36296089204689835 0
0.3630213690833962 0
0.36308184611989414 0
0.363142323156392 0
0.3632028001928899 0
0.3632632772293878 0
0.3633237542658857 0
0.36338423130238356 0
0.3634447083388815 0
0.36350518537537935 0
0.36356566241187727 0
0.36362613944837513 0
0.36368661648487305 0
0.36374709352137097 0
0.36380757055786883 0
0.36386804759436675 0
0.3639285246308646 0
0.36398900166736253 0
0.3640494787038604 0
0.3641099557403583 0
0.3641704327768562 0
0.3642309098133541 0
0.36429138684985196 0
0.3643518638863499 0
0.36441234092284774 0
0.36447281795934566 0
0.3645332949958435 0
0.36459377203234145 0
0.3646542490688393 0
0.36471472610533723 0
0.3647752031418351 0
0.364835680178333 0
0.3648961572148309 0
0.3649566342513288 0
0.36501711128782666 0
0.3650775883243246 0
0.36513806536082244 0
0.36519854239732036 0
0.3652590194338182 0
0.36531949647031614 0
0.365379973506814 0
0.3654404505433119 0
0.3655009275798098 0
0.3655614046163077 0
0.36562188165280557 0
0.3656823586893035 0
0.36574283572580135 0
0.36580331276229927 0
0.36586378979879713 0
0.36592426683529505 0
0.3659847438717929 0
0.36604522090829084 0
0.3661056979447887 0
0.3661661749812866 0
0.3662266520177845 0
0.3662871290542824 0
0.36634760609078026 0
0.3664080831272782 0
0.36646856016377605 0
0.36652903720027397 0
0.36658951423677183 0
0.36664999127326975 0
0.3667104683097676 0
0.36677094534626553 0
0.3668314223827634 0
0.3668918994192613 0
0.3669523764557592 0
0.3670128534922571 0
0.36707333052875496 0
0.3671338075652529 0
0.36719428460175074 0
0.36725476163824866 0
0.3673152386747465 0
0.36737571571124444 0
0.38465066288667504 0
0.3846859411579655 0
0.3847212194292559 0
0.3847564977005464 0
0.3847917759718368 0
0.38482705424312724 0
0.38486233251441765 0
0.3848976107857081 0
0.3849328890569986 0
0.384968167328289 0
0.38500344559957944 0
0.38503872387086985 0
0.3850740021421603 0
0.3851092804134507 0
0.3851445586847412 0
0.3851798369560316 0
0.38521511522732205 0
0.38525039349861245 0
0.3852856717699029 0
0.3853209500411934 0
0.3853562283124838 0
0.38539150658377425 0
0.38542678485506465 0
0.3854620631263551 0
0.3854973413976455 0
0.385532619668936 0
0.3855678979402264 0
0.38560317621151685 0
0.38563845448280726 0
0.3856737327540977 0
0.3857090110253881 0
0.3857442892966786 0
0.38577956756796905 0
0.38581484583925946 0
0.3858501241105499 0
0.3858854023818403 0
0.3859206806531308 0
0.3859559589244212 0
0.38599123719571166 0
0.38602651546700206 0
0.3860617937382925 0
0.38609707200958293 0
0.3861323502808734 0
0.38616762855216386 0
0.38620290682345426 0
0.3862381850947447 0
0.38627346336603513 0
0.3863087416373256 0
0.386344019908616 0
0.38637929817990646 0
0.38641457645119687 0
0.38644985472248733 0
0.38648513299377774 0
0.3865204112650682 0
0.38655568953635866 0
0.38659096780764907 0
0.38662624607893953 0
0.38666152435022993 0
0.3866968026215204 0
0.3867320808928108 0
0.38676735916410127 0
0.38680263743539167 0
0.38683791570668213 0
0.38687319397797254 0
0.386908472249263 0
0.38694375052055346 0
0.38697902879184387 0
0.38701430706313433 0
0.38704958533442474 0
0.3870848636057152 0
0.3871201418770056 0
0.38715542014829607 0
0.3871906984195865 0
0.38722597669087694 0
0.38726125496216735 0
0.3872965332334578 0
0.38733181150474827 0
0.3873670897760387 0
0.38740236804732914 0
0.38743764631861954 0
0.38747292458991 0
0.3875082028612004 0
0.3875434811324909 0
0.3875787594037813 0
0.38761403767507174 0
0.38764931594636215 0
0.3876845942176526 0
0.3877198724889431 0
0.3877551507602335 0
0.38779042903152394 0
0.38782570730281435 0
0.3878609855741048 0
0.3878962638453952 0
0.3879315421166857 0
0.3879668203879761 0
0.38800209865926655 0
0.38803737693055695 0
0.3880726552018474 0
0.3881079334731379 0
0.3881432117444283 0
0.4382964467619056 0
0.4383569237984035 0
0.4384174008349014 0
0.4384778778713993 0
0.43853835490789717 0
0.4385988319443951 0
0.43865930898089295 0
0.43871978601739087 0
0.43878026305388873 0
0.43884074009038665 0
0.4389012171268845 0
0.43896169416338243 0
0.4390221711998803 0
0.4390826482363782 0
0.4391431252728761 0
0.439203602309374 0
0.43926407934587186 0
0.4393245563823698 0
0.43938503341886764 0
0.43944551045536556 0
0.4395059874918634 0
0.43956646452836134 0
0.4396269415648592 0
0.4396874186013571 0
0.439747895637855 0
0.4398083726743529 0
0.4398688497108508 0
0.4399293267473487 0
0.43998980378384656 0
0.4400502808203445 0
0.4401107578568424 0
0.44017123489334026 0
0.4402317119298382 0
0.44029218896633604 0
0.44035266600283396 0
0.4404131430393318 0
0.44047362007582974 0
0.4405340971123276 0
0.4405945741488255 0
0.4406550511853234 0
0.4407155282218213 0
0.44077600525831917 0
0.4408364822948171 0
0.44089695933131495 0
0.44095743636781287 0
0.44101791340431074 0
0.44107839044080865 0
0.4411388674773065 0
0.44119934451380444 0
0.4412598215503023 0
0.4413202985868002 0
0.4413807756232981 0
0.441441252659796 0
0.44150172969629387 0
0.4415622067327918 0
0.44162268376928965 0
0.44168316080578757 0
0.44174363784228543 0
0.44180411487878335 0
0.4418645919152812 0
0.44192506895177913 0
0.441985545988277 0
0.4420460230247749 0
0.4421065000612728 0
0.4421669770977707 0
0.44222745413426856 0
0.4422879311707665 0
0.44234840820726434 0
0.44240888524376226 0
0.4424693622802601 0
0.44252983931675804 0
0.4425903163532559 0
0.4426507933897538 0
0.4427112704262517 0
0.4427717474627496 0
0.4428322244992475 0
0.4428927015357454 0
0.44295317857224326 0
0.4430136556087412 0
0.44307413264523904 0
0.44313460968173696 0
0.4431950867182348 0
0.44325556375473274 0
0.4433160407912306 0
0.4433765178277285 0
0.4434369948642264 0
0.4434974719007243 0
0.44355794893722217 0
0.4436184259737201 0
0.44367890301021795 0
0.44373938004671587 0
0.44379985708321373 0
0.44386033411971165 0
0.4439208111562095 0
0.44398128819270744 0
0.4440417652292053 0
0.4441022422657032 0
0.4441627193022011 0
0.444223196338699 0
0.44428367337519686 0
0.4615586205506275 0
0.4615938988219179 0
0.4616291770932084 0
0.4616644553644988 0
0.46169973363578926 0
0.46173501190707966 0
0.4617702901783701 0
0.4618055684496606 0
0.461840846720951 0
0.46187612499224145 0
0.46191140326353186 0
0.4619466815348223 0
0.46198195980611273 0
0.4620172380774032 0
0.4620525163486936 0
0.46208779461998406 0
0.46212307289127447 0
0.46215835116256493 0
0.4621936294338554 0
0.4622289077051458 0
0.46226418597643626 0
0.46229946424772667 0
0.46233474251901713 0
0.46237002079030753 0
0.462405299061598 0
0.4624405773328884 0
0.46247585560417886 0
0.46251113387546927 0
0.46254641214675973 0
0.46258169041805014 0
0.4626169686893406 0
0.46265224696063106 0
0.46268752523192147 0
0.46272280350321193 0
0.46275808177450234 0
0.4627933600457928 0
0.4628286383170832 0
0.46286391658837367 0
0.4628991948596641 0
0.46293447313095454 0
0.46296975140224494 0
0.4630050296735354 0
0.46304030794482587 0
0.4630755862161163 0
0.46311086448740674 0
0.46314614275869714 0
0.4631814210299876 0
0.463216699301278 0
0.4632519775725685 0
0.4632872558438589 0
0.46332253411514934 0
0.46335781238643975 0
0.4633930906577302 0
0.4634283689290207 0
0.4634636472003111 0
0.46349892547160154 0
0.46353420374289195 0
0.4635694820141824 0
0.4636047602854728 0
0.4636400385567633 0
0.4636753168280537 0
0.46371059509934415 0
0.46374587337063455 0
0.463781151641925 0
0.4638164299132155 0
0.4638517081845059 0
0.46388698645579635 0
0.46392226472708675 0
0.4639575429983772 0
0.4639928212696676 0
0.4640280995409581 0
0.4640633778122485 0
0.46409865608353895 0
0.46413393435482936 0
0.4641692126261198 0
0.4642044908974103 0
0.4642397691687007 0
0.46427504743999115 0
0.46431032571128156 0
0.464345603982572 0
0.4643808822538624 0
0.4644161605251529 0
0.4644514387964433 0
0.46448671706773376 0
0.46452199533902416 0
0.4645572736103146 0
0.4645925518816051 0
0.4646278301528955 0
0.46466310842418596 0
0.46469838669547636 0
0.4647336649667668 0
0.46476894323805723 0
0.4648042215093477 0
0.4648394997806381 0
0.46487477805192856 0
0.46491005632321897 0
0.46494533459450943 0
0.4649806128657999 0
0.4650158911370903 0
0.46505116940838076 0
0.515204404425858 0
0.5152648814623559 0
0.5153253584988539 0
0.5153858355353518 0
0.5154463125718496 0
0.5155067896083475 0
0.5155672666448454 0
0.5156277436813433 0
0.5156882207178412 0
0.5157486977543391 0
0.515809174790837 0
0.5158696518273349 0
0.5159301288638327 0
0.5159906059003306 0
0.5160510829368286 0
0.5161115599733265 0
0.5161720370098243 0
0.5162325140463222 0
0.5162929910828201 0
0.516353468119318 0
0.516413945155816 0
0.5164744221923138 0
0.5165348992288117 0
0.5165953762653096 0
0.5166558533018075 0
0.5167163303383053 0
0.5167768073748032 0
0.5168372844113012 0
0.5168977614477991 0
0.5169582384842969 0
0.5170187155207948 0
0.5170791925572927 0
0.5171396695937907 0
0.5172001466302885 0
0.5172606236667864 0
0.5173211007032843 0
0.5173815777397822 0
0.51744205477628 0
0.5175025318127779 0
0.5175630088492759 0
0.5176234858857738 0
0.5176839629222716 0
0.5177444399587695 0
0.5178049169952674 0
0.5178653940317653 0
0.5179258710682632 0
0.5179863481047611 0
0.518046825141259 0
0.5181073021777569 0
0.5181677792142547 0
0.5182282562507526 0
0.5182887332872506 0
0.5183492103237485 0
0.5184096873602463 0
0.5184701643967442 0
0.5185306414332421 0
0.51859111846974 0
0.5186515955062379 0
0.5187120725427358 0
0.5187725495792337 0
0.5188330266157316 0
0.5188935036522294 0
0.5189539806887273 0
0.5190144577252253 0
0.5190749347617232 0
0.519135411798221 0
0.5191958888347189 0
0.5192563658712168 0
0.5193168429077147 0
0.5193773199442125 0
0.5194377969807105 0
0.5194982740172084 0
0.5195587510537063 0
0.5196192280902041 0
0.519679705126702 0
0.5197401821632 0
0.5198006591996979 0
0.5198611362361957 0
0.5199216132726936 0
0.5199820903091915 0
0.5200425673456894 0
0.5201030443821872 0
0.5201635214186852 0
0.5202239984551831 0
0.520284475491681 0
0.5203449525281788 0
0.5204054295646767 0
0.5204659066011746 0
0.5205263836376726 0
0.5205868606741704 0
0.5206473377106683 0
0.5207078147471662 0
0.5207682917836641 0
0.5208287688201619 0
0.5208892458566599 0
0.5209497228931578 0
0.5210101999296557 0
0.5210706769661535 0
0.5211311540026514 0
0.5211916310391493 0
0.53846657821458 0
0.5385018564858703 0
0.5385371347571608 0
0.5385724130284513 0
0.5386076912997417 0
0.5386429695710321 0
0.5386782478423225 0
0.538713526113613 0
0.5387488043849035 0
0.5387840826561939 0
0.5388193609274843 0
0.5388546391987747 0
0.5388899174700652 0
0.5389251957413557 0
0.538960474012646 0
0.5389957522839365 0
0.5390310305552269 0
0.5390663088265174 0
0.5391015870978079 0
0.5391368653690982 0
0.5391721436403887 0
0.5392074219116791 0
0.5392427001829696 0
0.53927797845426 0
0.5393132567255504 0
0.5393485349968409 0
0.5393838132681313 0
0.5394190915394217 0
0.5394543698107122 0
0.5394896480820026 0
0.5395249263532931 0
0.5395602046245835 0
0.5395954828958739 0
0.5396307611671644 0
0.5396660394384548 0
0.5397013177097453 0
0.5397365959810356 0
0.5397718742523261 0
0.5398071525236166 0
0.539842430794907 0
0.5398777090661975 0
0.5399129873374878 0
0.5399482656087783 0
0.5399835438800688 0
0.5400188221513592 0
0.5400541004226496 0
0.54008937869394 0
0.5401246569652305 0
0.540159935236521 0
0.5401952135078113 0
0.5402304917791018 0
0.5402657700503922 0
0.5403010483216827 0
0.5403363265929731 0
0.5403716048642635 0
0.540406883135554 0
0.5404421614068444 0
0.5404774396781349 0
0.5405127179494252 0
0.5405479962207157 0
0.5405832744920062 0
0.5406185527632966 0
0.5406538310345871 0
0.5406891093058774 0
0.5407243875771679 0
0.5407596658484584 0
0.5407949441197488 0
0.5408302223910392 0
0.5408655006623296 0
0.5409007789336201 0
0.5409360572049106 0
0.5409713354762009 0
0.5410066137474914 0
0.5410418920187818 0
0.5410771702900723 0
0.5411124485613628 0
0.5411477268326531 0
0.5411830051039436 0
0.541218283375234 0
0.5412535616465245 0
0.5412888399178148 0
0.5413241181891053 0
0.5413593964603958 0
0.5413946747316862 0
0.5414299530029766 0
0.541465231274267 0
0.5415005095455575 0
0.541535787816848 0
0.5415710660881384 0
0.5416063443594288 0
0.5416416226307192 0
0.5416769009020097 0
0.5417121791733002 0
0.5417474574445905 0
0.541782735715881 0
0.5418180139871714 0
0.5418532922584619 0
0.5418885705297524 0
0.5419238488010427 0
0.5419591270723332 0
0.5921123620898106 0
0.5921728391263084 0
0.5922333161628063 0
0.5922937931993042 0
0.5923542702358021 0
0.5924147472722999 0
0.5924752243087978 0
0.5925357013452958 0
0.5925961783817937 0
0.5926566554182916 0
0.5927171324547894 0
0.5927776094912873 0
0.5928380865277852 0
0.5928985635642832 0
0.592959040600781 0
0.5930195176372789 0
0.5930799946737768 0
0.5931404717102747 0
0.5932009487467725 0
0.5932614257832705 0
0.5933219028197684 0
0.5933823798562663 0
0.5934428568927641 0
0.593503333929262 0
0.5935638109657599 0
0.5936242880022579 0
0.5936847650387557 0
0.5937452420752536 0
0.5938057191117515 0
0.5938661961482494 0
0.5939266731847472 0
0.5939871502212452 0
0.5940476272577431 0
0.594108104294241 0
0.5941685813307388 0
0.5942290583672367 0
0.5942895354037346 0
0.5943500124402326 0
0.5944104894767304 0
0.5944709665132283 0
0.5945314435497262 0
0.5945919205862241 0
0.5946523976227219 0
0.5947128746592198 0
0.5947733516957178 0
0.5948338287322157 0
0.5948943057687135 0
0.5949547828052114 0
0.5950152598417093 0
0.5950757368782073 0
0.5951362139147051 0
0.595196690951203 0
0.5952571679877009 0
0.5953176450241988 0
0.5953781220606966 0
0.5954385990971945 0
0.5954990761336925 0
0.5955595531701904 0
0.5956200302066882 0
0.5956805072431861 0
0.595740984279684 0
0.595801461316182 0
0.5958619383526798 0
0.5959224153891777 0
0.5959828924256756 0
0.5960433694621735 0
0.5961038464986713 0
0.5961643235351692 0
0.5962248005716672 0
0.5962852776081651 0
0.5963457546446629 0
0.5964062316811608 0
0.5964667087176587 0
0.5965271857541566 0
0.5965876627906544 0
0.5966481398271524 0
0.5967086168636503 0
0.5967690939001482 0
0.596829570936646 0
0.5968900479731439 0
0.5969505250096419 0
0.5970110020461398 0
0.5970714790826376 0
0.5971319561191355 0
0.5971924331556334 0
0.5972529101921313 0
0.5973133872286291 0
0.5973738642651271 0
0.597434341301625 0
0.5974948183381229 0
0.5975552953746207 0
0.5976157724111186 0
0.5976762494476165 0
0.5977367264841145 0
0.5977972035206123 0
0.5978576805571102 0
0.5979181575936081 0
0.597978634630106 0
0.5980391116666038 0
0.5980995887031018 0
0.6153745358785324 0
0.6154098141498229 0
0.6154450924211132 0
0.6154803706924037 0
0.6155156489636942 0
0.6155509272349846 0
0.6155862055062751 0
0.6156214837775654 0
0.6156567620488559 0
0.6156920403201463 0
0.6157273185914368 0
0.6157625968627272 0
0.6157978751340176 0
0.6158331534053081 0
0.6158684316765985 0
0.6159037099478889 0
0.6159389882191794 0
0.6159742664904698 0
0.6160095447617603 0
0.6160448230330507 0
0.6160801013043411 0
0.6161153795756316 0
0.616150657846922 0
0.6161859361182125 0
0.6162212143895028 0
0.6162564926607933 0
0.6162917709320838 0
0.6163270492033742 0
0.6163623274746647 0
0.616397605745955 0
0.6164328840172455 0
0.616468162288536 0
0.6165034405598264 0
0.6165387188311168 0
0.6165739971024072 0
0.6166092753736977 0
0.6166445536449882 0
0.6166798319162785 0
0.616715110187569 0
0.6167503884588594 0
0.6167856667301499 0
0.6168209450014404 0
0.6168562232727307 0
0.6168915015440212 0
0.6169267798153116 0
0.6169620580866021 0
0.6169973363578924 0
0.6170326146291829 0
0.6170678929004734 0
0.6171031711717638 0
0.6171384494430543 0
0.6171737277143446 0
0.6172090059856351 0
0.6172442842569256 0
0.617279562528216 0
0.6173148407995064 0
0.6173501190707968 0
0.6173853973420873 0
0.6174206756133778 0
0.6174559538846681 0
0.6174912321559586 0
0.617526510427249 0
0.6175617886985395 0
0.61759706696983 0
0.6176323452411203 0
0.6176676235124108 0
0.6177029017837012 0
0.6177381800549917 0
0.617773458326282 0
0.6178087365975725 0
0.617844014868863 0
0.6178792931401534 0
0.6179145714114438 0
0.6179498496827343 0
0.6179851279540247 0
0.6180204062253152 0
0.6180556844966056 0
0.618090962767896 0
0.6181262410391865 0
0.6181615193104769 0
0.6181967975817674 0
0.6182320758530577 0
0.6182673541243482 0
0.6183026323956387 0
0.6183379106669291 0
0.6183731889382196 0
0.6184084672095099 0
0.6184437454808004 0
0.6184790237520909 0
0.6185143020233813 0
0.6185495802946717 0
0.6185848585659621 0
0.6186201368372526 0
0.618655415108543 0
0.6186906933798334 0
0.6187259716511239 0
0.6187612499224143 0
0.6187965281937048 0
0.6188318064649952 0
0.6188670847362856 0
0.669020319753763 0
0.6690807967902609 0
0.6691412738267588 0
0.6692017508632566 0
0.6692622278997545 0
0.6693227049362525 0
0.6693831819727504 0
0.6694436590092482 0
0.6695041360457461 0
0.669564613082244 0
0.6696250901187419 0
0.6696855671552397 0
0.6697460441917377 0
0.6698065212282356 0
0.6698669982647335 0
0.6699274753012313 0
0.6699879523377292 0
0.6700484293742272 0
0.6701089064107251 0
0.6701693834472229 0
0.6702298604837208 0
0.6702903375202187 0
0.6703508145567166 0
0.6704112915932144 0
0.6704717686297124 0
0.6705322456662103 0
0.6705927227027082 0
0.670653199739206 0
0.6707136767757039 0
0.6707741538122018 0
0.6708346308486998 0
0.6708951078851976 0
0.6709555849216955 0
0.6710160619581934 0
0.6710765389946913 0
0.6711370160311891 0
0.6711974930676871 0
0.671257970104185 0
0.6713184471406829 0
0.6713789241771807 0
0.6714394012136786 0
0.6714998782501765 0
0.6715603552866745 0
0.6716208323231723 0
0.6716813093596702 0
0.6717417863961681 0
0.671802263432666 0
0.6718627404691638 0
0.6719232175056618 0
0.6719836945421597 0
0.6720441715786576 0
0.6721046486151554 0
0.6721651256516533 0
0.6722256026881512 0
0.6722860797246492 0
0.672346556761147 0
0.6724070337976449 0
0.6724675108341428 0
0.6725279878706407 0
0.6725884649071385 0
0.6726489419436364 0
0.6727094189801344 0
0.6727698960166323 0
0.6728303730531301 0
0.672890850089628 0
0.6729513271261259 0
0.6730118041626239 0
0.6730722811991217 0
0.6731327582356196 0
0.6731932352721175 0
0.6732537123086154 0
0.6733141893451132 0
0.6733746663816111 0
0.6734351434181091 0
0.673495620454607 0
0.6735560974911048 0
0.6736165745276027 0
0.6736770515641006 0
0.6737375286005985 0
0.6737980056370964 0
0.6738584826735943 0
0.6739189597100922 0
0.6739794367465901 0
0.6740399137830879 0
0.6741003908195858 0
0.6741608678560838 0
0.6742213448925817 0
0.6742818219290795 0
0.6743422989655774 0
0.6744027760020753 0
0.6744632530385732 0
0.674523730075071 0
0.674584207111569 0
0.6746446841480669 0
0.6747051611845648 0
0.6747656382210626 0
0.6748261152575605 0
0.6748865922940585 0
0.6749470693305564 0
0.6750075463670542 0
0.6922824935424848 0
0.6923177718137753 0
0.6923530500850658 0
0.6923883283563561 0
0.6924236066276466 0
0.692458884898937 0
0.6924941631702275 0
0.692529441441518 0
0.6925647197128083 0
0.6925999979840988 0
0.6926352762553892 0
0.6926705545266797 0
0.69270583279797 0
0.6927411110692605 0
0.692776389340551 0
0.6928116676118414 0
0.6928469458831319 0
0.6928822241544222 0
0.6929175024257127 0
0.6929527806970032 0
0.6929880589682936 0
0.693023337239584 0
0.6930586155108744 0
0.6930938937821649 0
0.6931291720534554 0
0.6931644503247457 0
0.6931997285960362 0
0.6932350068673266 0
0.6932702851386171 0
0.6933055634099076 0
0.6933408416811979 0
0.6933761199524884 0
0.6934113982237788 0
0.6934466764950693 0
0.6934819547663597 0
0.6935172330376501 0
0.6935525113089406 0
0.693587789580231 0
0.6936230678515215 0
0.6936583461228119 0
0.6936936243941023 0
0.6937289026653928 0
0.6937641809366832 0
0.6937994592079736 0
0.693834737479264 0
0.6938700157505545 0
0.693905294021845 0
0.6939405722931353 0
0.6939758505644258 0
0.6940111288357163 0
0.6940464071070067 0
0.6940816853782972 0
0.6941169636495875 0
0.694152241920878 0
0.6941875201921685 0
0.6942227984634589 0
0.6942580767347493 0
0.6942933550060397 0
0.6943286332773302 0
0.6943639115486206 0
0.6943991898199111 0
0.6944344680912015 0
0.6944697463624919 0
0.6945050246337824 0
0.6945403029050728 0
0.6945755811763632 0
0.6946108594476537 0
0.6946461377189441 0
0.6946814159902346 0
0.6947166942615249 0
0.6947519725328154 0
0.6947872508041059 0
0.6948225290753963 0
0.6948578073466868 0
0.6948930856179771 0
0.6949283638892676 0
0.6949636421605581 0
0.6949989204318485 0
0.6950341987031389 0
0.6950694769744293 0
0.6951047552457198 0
0.6951400335170103 0
0.6951753117883006 0
0.6952105900595911 0
0.6952458683308815 0
0.695281146602172 0
0.6953164248734625 0
0.6953517031447528 0
0.6953869814160433 0
0.6954222596873337 0
0.6954575379586242 0
0.6954928162299145 0
0.695528094501205 0
0.6955633727724955 0
0.6955986510437859 0
0.6956339293150764 0
0.6956692075863667 0
0.6957044858576572 0
0.6957397641289477 0
0.6957750424002381 0
0.7459282774177154 0
0.7459887544542133 0
0.7460492314907112 0
0.7461097085272091 0
0.746170185563707 0
0.7462306626002049 0
0.7462911396367028 0
0.7463516166732007 0
0.7464120937096985 0
0.7464725707461964 0
0.7465330477826944 0
0.7465935248191923 0
0.7466540018556901 0
0.746714478892188 0
0.7467749559286859 0
0.7468354329651838 0
0.7468959100016817 0
0.7469563870381796 0
0.7470168640746775 0
0.7470773411111754 0
0.7471378181476732 0
0.7471982951841711 0
0.747258772220669 0
0.747319249257167 0
0.7473797262936648 0
0.7474402033301627 0
0.7475006803666606 0
0.7475611574031585 0
0.7476216344396563 0
0.7476821114761543 0
0.7477425885126522 0
0.7478030655491501 0
0.7478635425856479 0
0.7479240196221458 0
0.7479844966586437 0
0.7480449736951417 0
0.7481054507316395 0
0.7481659277681374 0
0.7482264048046353 0
0.7482868818411332 0
0.748347358877631 0
0.748407835914129 0
0.7484683129506269 0
0.7485287899871248 0
0.7485892670236226 0
0.7486497440601205 0
0.7487102210966184 0
0.7487706981331164 0
0.7488311751696142 0
0.7488916522061121 0
0.74895212924261 0
0.7490126062791079 0
0.7490730833156057 0
0.7491335603521037 0
0.7491940373886016 0
0.7492545144250995 0
0.7493149914615973 0
0.7493754684980952 0
0.7494359455345931 0
0.7494964225710911 0
0.7495568996075889 0
0.7496173766440868 0
0.7496778536805847 0
0.7497383307170826 0
0.7497988077535804 0
0.7498592847900784 0
0.7499197618265763 0
0.7499802388630742 0
0.750040715899572 0
0.7501011929360699 0
0.7501616699725678 0
0.7502221470090658 0
0.7502826240455636 0
0.7503431010820615 0
0.7504035781185594 0
0.7504640551550573 0
0.7505245321915551 0
0.750585009228053 0
0.750645486264551 0
0.7507059633010489 0
0.7507664403375467 0
0.7508269173740446 0
0.7508873944105425 0
0.7509478714470404 0
0.7510083484835383 0
0.7510688255200362 0
0.7511293025565341 0
0.751189779593032 0
0.7512502566295298 0
0.7513107336660277 0
0.7513712107025257 0
0.7514316877390236 0
0.7514921647755214 0
0.7515526418120193 0
0.7516131188485172 0
0.7516735958850151 0
0.7517340729215131 0
0.7517945499580109 0
0.7518550269945088 0
0.7519155040310067 0
0.7691904512064373 0
0.7692257294777277 0
0.7692610077490182 0
0.7692962860203086 0
0.7693315642915991 0
0.7693668425628895 0
0.7694021208341799 0
0.7694373991054704 0
0.7694726773767608 0
0.7695079556480512 0
0.7695432339193417 0
0.7695785121906321 0
0.7696137904619226 0
0.7696490687332129 0
0.7696843470045034 0
0.7697196252757939 0
0.7697549035470843 0
0.7697901818183748 0
0.7698254600896651 0
0.7698607383609556 0
0.769896016632246 0
0.7699312949035365 0
0.7699665731748269 0
0.7700018514461173 0
0.7700371297174078 0
0.7700724079886982 0
0.7701076862599887 0
0.7701429645312791 0
0.7701782428025695 0
0.77021352107386 0
0.7702487993451504 0
0.7702840776164408 0
0.7703193558877313 0
0.7703546341590217 0
0.7703899124303122 0
0.7704251907016025 0
0.770460468972893 0
0.7704957472441835 0
0.7705310255154739 0
0.7705663037867644 0
0.7706015820580547 0
0.7706368603293452 0
0.7706721386006357 0
0.7707074168719261 0
0.7707426951432165 0
0.7707779734145069 0
0.7708132516857974 0
0.7708485299570879 0
0.7708838082283783 0
0.7709190864996687 0
0.7709543647709591 0
0.7709896430422496 0
0.7710249213135401 0
0.7710601995848304 0
0.7710954778561209 0
0.7711307561274113 0
0.7711660343987018 0
0.7712013126699921 0
0.7712365909412826 0
0.7712718692125731 0
0.7713071474838635 0
0.771342425755154 0
0.7713777040264443 0
0.7714129822977348 0
0.7714482605690253 0
0.7714835388403157 0
0.7715188171116061 0
0.7715540953828965 0
0.771589373654187 0
0.7716246519254775 0
0.7716599301967679 0
0.7716952084680583 0
0.7717304867393487 0
0.7717657650106392 0
0.7718010432819297 0
0.77183632155322 0
0.7718715998245105 0
0.7719068780958009 0
0.7719421563670914 0
0.7719774346383818 0
0.7720127129096722 0
0.7720479911809627 0
0.7720832694522531 0
0.7721185477235436 0
0.772153825994834 0
0.7721891042661244 0
0.7722243825374149 0
0.7722596608087053 0
0.7722949390799957 0
0.7723302173512862 0
0.7723654956225766 0
0.7724007738938671 0
0.7724360521651574 0
0.7724713304364479 0
0.7725066087077384 0
0.7725418869790288 0
0.7725771652503193 0
0.7726124435216096 0
0.7726477217929001 0
0.7726830000641906 0
0.8228362350816679 0
0.8228967121181657 0
0.8229571891546636 0
0.8230176661911616 0
0.8230781432276595 0
0.8231386202641573 0
0.8231990973006552 0
0.8232595743371531 0
0.823320051373651 0
0.8233805284101489 0
0.8234410054466468 0
0.8235014824831447 0
0.8235619595196426 0
0.8236224365561404 0
0.8236829135926383 0
0.8237433906291363 0
0.8238038676656342 0
0.823864344702132 0
0.8239248217386299 0
0.8239852987751278 0
0.8240457758116257 0
0.8241062528481236 0
0.8241667298846215 0
0.8242272069211194 0
0.8242876839576173 0
0.8243481609941151 0
0.824408638030613 0
0.824469115067111 0
0.8245295921036089 0
0.8245900691401067 0
0.8246505461766046 0
0.8247110232131025 0
0.8247715002496004 0
0.8248319772860983 0
0.8248924543225962 0
0.8249529313590941 0
0.825013408395592 0
0.8250738854320898 0
0.8251343624685877 0
0.8251948395050857 0
0.8252553165415836 0
0.8253157935780814 0
0.8253762706145793 0
0.8254367476510772 0
0.8254972246875751 0
0.825557701724073 0
0.8256181787605709 0
0.8256786557970688 0
0.8257391328335667 0
0.8257996098700645 0
0.8258600869065624 0
0.8259205639430603 0
0.8259810409795583 0
0.8260415180160561 0
0.826101995052554 0
0.8261624720890519 0
0.8262229491255498 0
0.8262834261620476 0
0.8263439031985456 0
0.8264043802350435 0
0.8264648572715414 0
0.8265253343080392 0
0.8265858113445371 0
0.826646288381035 0
0.826706765417533 0
0.8267672424540308 0
0.8268277194905287 0
0.8268881965270266 0
0.8269486735635245 0
0.8270091506000223 0
0.8270696276365203 0
0.8271301046730182 0
0.8271905817095161 0
0.8272510587460139 0
0.8273115357825118 0
0.8273720128190097 0
0.8274324898555077 0
0.8274929668920055 0
0.8275534439285034 0
0.8276139209650013 0
0.8276743980014992 0
0.827734875037997 0
0.827795352074495 0
0.8278558291109929 0
0.8279163061474908 0
0.8279767831839886 0
0.8280372602204865 0
0.8280977372569844 0
0.8281582142934824 0
0.8282186913299803 0
0.8282791683664781 0
0.828339645402976 0
0.8284001224394739 0
0.8284605994759718 0
0.8285210765124696 0
0.8285815535489676 0
0.8286420305854655 0
0.8287025076219634 0
0.8287629846584612 0
0.8288234616949591 0
0.8460984088703898 0
0.8461336871416801 0
0.8461689654129706 0
0.8462042436842611 0
0.8462395219555515 0
0.846274800226842 0
0.8463100784981323 0
0.8463453567694228 0
0.8463806350407133 0
0.8464159133120037 0
0.8464511915832941 0
0.8464864698545845 0
0.846521748125875 0
0.8465570263971655 0
0.8465923046684559 0
0.8466275829397463 0
0.8466628612110367 0
0.8466981394823272 0
0.8467334177536177 0
0.846768696024908 0
0.8468039742961985 0
0.8468392525674889 0
0.8468745308387794 0
0.8469098091100697 0
0.8469450873813602 0
0.8469803656526507 0
0.8470156439239411 0
0.8470509221952316 0
0.8470862004665219 0
0.8471214787378124 0
0.8471567570091029 0
0.8471920352803933 0
0.8472273135516837 0
0.8472625918229741 0
0.8472978700942646 0
0.8473331483655551 0
0.8473684266368455 0
0.8474037049081359 0
0.8474389831794263 0
0.8474742614507168 0
0.8475095397220073 0
0.8475448179932976 0
0.8475800962645881 0
0.8476153745358785 0
0.847650652807169 0
0.8476859310784594 0
0.8477212093497498 0
0.8477564876210403 0
0.8477917658923307 0
0.8478270441636212 0
0.8478623224349116 0
0.847897600706202 0
0.8479328789774925 0
0.8479681572487829 0
0.8480034355200733 0
0.8480387137913638 0
0.8480739920626542 0
0.8481092703339447 0
0.8481445486052351 0
0.8481798268765255 0
0.848215105147816 0
0.8482503834191064 0
0.8482856616903969 0
0.8483209399616872 0
0.8483562182329777 0
0.8483914965042681 0
0.8484267747755586 0
0.848462053046849 0
0.8484973313181394 0
0.8485326095894299 0
0.8485678878607203 0
0.8486031661320108 0
0.8486384444033012 0
0.8486737226745916 0
0.8487090009458821 0
0.8487442792171725 0
0.8487795574884629 0
0.8488148357597534 0
0.8488501140310438 0
0.8488853923023343 0
0.8489206705736246 0
0.8489559488449151 0
0.8489912271162056 0
0.849026505387496 0
0.8490617836587865 0
0.8490970619300768 0
0.8491323402013673 0
0.8491676184726578 0
0.8492028967439482 0
0.8492381750152386 0
0.849273453286529 0
0.8493087315578195 0
0.84934400982911 0
0.8493792881004004 0
0.8494145663716908 0
0.8494498446429812 0
0.8494851229142717 0
0.8495204011855622 0
0.8495556794568525 0
0.849590957728143 0
0.8997441927456203 0
0.8998046697821183 0
0.8998651468186161 0
0.899925623855114 0
0.8999861008916119 0
0.9000465779281098 0
0.9001070549646076 0
0.9001675320011056 0
0.9002280090376035 0
0.9002884860741014 0
0.9003489631105992 0
0.9004094401470971 0
0.900469917183595 0
0.900530394220093 0
0.9005908712565908 0
0.9006513482930887 0
0.9007118253295866 0
0.9007723023660845 0
0.9008327794025823 0
0.9008932564390802 0
0.9009537334755782 0
0.9010142105120761 0
0.9010746875485739 0
0.9011351645850718 0
0.9011956416215697 0
0.9012561186580677 0
0.9013165956945655 0
0.9013770727310634 0
0.9014375497675613 0
0.9014980268040592 0
0.901558503840557 0
0.9016189808770549 0
0.9016794579135529 0
0.9017399349500508 0
0.9018004119865486 0
0.9018608890230465 0
0.9019213660595444 0
0.9019818430960423 0
0.9020423201325402 0
0.9021027971690381 0
0.902163274205536 0
0.9022237512420339 0
0.9022842282785317 0
0.9023447053150296 0
0.9024051823515276 0
0.9024656593880255 0
0.9025261364245233 0
0.9025866134610212 0
0.9026470904975191 0
0.902707567534017 0
0.9027680445705148 0
0.9028285216070128 0
0.9028889986435107 0
0.9029494756800086 0
0.9030099527165064 0
0.9030704297530043 0
0.9031309067895023 0
0.9031913838260002 0
0.903251860862498 0
0.9033123378989959 0
0.9033728149354938 0
0.9034332919719917 0
0.9034937690084895 0
0.9035542460449875 0
0.9036147230814854 0
0.9036752001179833 0
0.9037356771544811 0
0.903796154190979 0
0.903856631227477 0
0.9039171082639749 0
0.9039775853004727 0
0.9040380623369706 0
0.9040985393734685 0
0.9041590164099664 0
0.9042194934464642 0
0.9042799704829622 0
0.9043404475194601 0
0.904400924555958 0
0.9044614015924559 0
0.9045218786289537 0
0.9045823556654516 0
0.9046428327019496 0
0.9047033097384475 0
0.9047637867749453 0
0.9048242638114432 0
0.9048847408479411 0
0.904945217884439 0
0.9050056949209369 0
0.9050661719574348 0
0.9051266489939327 0
0.9051871260304306 0
0.9052476030669284 0
0.9053080801034263 0
0.9053685571399243 0
0.9054290341764222 0
0.90548951121292 0
0.9055499882494179 0
0.9056104652859158 0
0.9056709423224137 0
0.9057314193589115 0
0.9230063665343422 0
0.9230416448056327 0
0.9230769230769231 0
0.9231122013482135 0
0.9231474796195039 0
0.9231827578907944 0
0.9232180361620849 0
0.9232533144333752 0
0.9232885927046657 0
0.9233238709759561 0
0.9233591492472466 0
0.923394427518537 0
0.9234297057898274 0
0.9234649840611179 0
0.9235002623324083 0
0.9235355406036988 0
0.9235708188749892 0
0.9236060971462796 0
0.9236413754175701 0
0.9236766536888605 0
0.9237119319601509 0
0.9237472102314414 0
0.9237824885027318 0
0.9238177667740223 0
0.9238530450453127 0
0.9238883233166031 0
0.9239236015878936 0
0.923958879859184 0
0.9239941581304745 0
0.9240294364017648 0
0.9240647146730553 0
0.9240999929443457 0
0.9241352712156362 0
0.9241705494869266 0
0.924205827758217 0
0.9242411060295075 0
0.924276384300798 0
0.9243116625720884 0
0.9243469408433788 0
0.9243822191146692 0
0.9244174973859597 0
0.9244527756572501 0
0.9244880539285405 0
0.924523332199831 0
0.9245586104711214 0
0.9245938887424119 0
0.9246291670137023 0
0.9246644452849927 0
0.9246997235562832 0
0.9247350018275736 0
0.9247702800988641 0
0.9248055583701544 0
0.9248408366414449 0
0.9248761149127354 0
0.9249113931840258 0
0.9249466714553162 0
0.9249819497266066 0
0.9250172279978971 0
0.9250525062691876 0
0.925087784540478 0
0.9251230628117684 0
0.9251583410830588 0
0.9251936193543493 0
0.9252288976256398 0
0.9252641758969301 0
0.9252994541682206 0
0.925334732439511 0
0.9253700107108015 0
0.925405288982092 0
0.9254405672533823 0
0.9254758455246728 0
0.9255111237959632 0
0.9255464020672537 0
0.925581680338544 0
0.9256169586098345 0
0.925652236881125 0
0.9256875151524154 0
0.9257227934237058 0
0.9257580716949962 0
0.9257933499662867 0
0.9258286282375772 0
0.9258639065088676 0
0.925899184780158 0
0.9259344630514484 0
0.9259697413227389 0
0.9260050195940294 0
0.9260402978653197 0
0.9260755761366102 0
0.9261108544079006 0
0.9261461326791911 0
0.9261814109504815 0
0.9262166892217719 0
0.9262519674930624 0
0.9262872457643528 0
0.9263225240356433 0
0.9263578023069337 0
0.9263930805782241 0
0.9264283588495146 0
0.926463637120805 0
0.9264989153920954 0
0.9766521504095728 0
0.9767126274460707 0
0.9767731044825686 0
0.9768335815190664 0
0.9768940585555643 0
0.9769545355920622 0
0.9770150126285602 0
0.977075489665058 0
0.9771359667015559 0
0.9771964437380538 0
0.9772569207745517 0
0.9773173978110495 0
0.9773778748475475 0
0.9774383518840454 0
0.9774988289205433 0
0.9775593059570411 0
0.977619782993539 0
0.9776802600300369 0
0.9777407370665349 0
0.9778012141030327 0
0.9778616911395306 0
0.9779221681760285 0
0.9779826452125264 0
0.9780431222490242 0
0.9781035992855222 0
0.9781640763220201 0
0.978224553358518 0
0.9782850303950158 0
0.9783455074315137 0
0.9784059844680116 0
0.9784664615045096 0
0.9785269385410074 0
0.9785874155775053 0
0.9786478926140032 0
0.9787083696505011 0
0.9787688466869989 0
0.9788293237234968 0
0.9788898007599948 0
0.9789502777964927 0
0.9790107548329905 0
0.9790712318694884 0
0.9791317089059863 0
0.9791921859424843 0
0.9792526629789821 0
0.97931314001548 0
0.9793736170519779 0
0.9794340940884758 0
0.9794945711249736 0
0.9795550481614715 0
0.9796155251979695 0
0.9796760022344674 0
0.9797364792709652 0
0.9797969563074631 0
0.979857433343961 0
0.979917910380459 0
0.9799783874169568 0
0.9800388644534547 0
0.9800993414899526 0
0.9801598185264505 0
0.9802202955629483 0
0.9802807725994462 0
0.9803412496359442 0
0.9804017266724421 0
0.9804622037089399 0
0.9805226807454378 0
0.9805831577819357 0
0.9806436348184336 0
0.9807041118549316 0
0.9807645888914294 0
0.9808250659279273 0
0.9808855429644252 0
0.9809460200009231 0
0.9810064970374209 0
0.9810669740739189 0
0.9811274511104168 0
0.9811879281469147 0
0.9812484051834125 0
0.9813088822199104 0
0.9813693592564083 0
0.9814298362929063 0
0.9814903133294041 0
0.981550790365902 0
0.9816112674023999 0
0.9816717444388978 0
0.9817322214753956 0
0.9817926985118935 0
0.9818531755483915 0
0.9819136525848894 0
0.9819741296213872 0
0.9820346066578851 0
0.982095083694383 0
0.982155560730881 0
0.9822160377673788 0
0.9822765148038767 0
0.9823369918403746 0
0.9823974688768725 0
0.9824579459133703 0
0.9825184229498682 0
0.9825788999863662 0
0.9826393770228641 0
