0.00010397806275076087 0
0.00010636531419146712 0
0.00014164358548190384 0
0.00017692185677234057 0
0.0002122001280627773 0
0.000247478399353214 0
0.00028275667064365075 0
0.00031803494193408745 0
0.0003533132132245242 0
0.0003885914845149609 0
0.00042386975580539765 0
0.00045914802709583435 0
0.000494426298386271 0
0.0005297045696767078 0
0.0005649828409671446 0
0.0006002611122575812 0
0.000635539383548018 0
0.0006708176548384547 0
0.0007060959261288915 0
0.0007413741974193281 0
0.0007766524687097649 0
0.0008119307400002016 0
0.0008472090112906383 0
0.000882487282581075 0
0.0009177655538715118 0
0.0009530438251619485 0
0.0009883220964523852 0
0.001023600367742822 0
0.0010588786390332587 0
0.0010941569103236953 0
0.0011294351816141322 0
0.0011647134529045688 0
0.0011999917241950055 0
0.0012352699954854423 0
0.001270548266775879 0
0.0013058265380663156 0
0.0013411048093567525 0
0.0013763830806471891 0
0.001411661351937626 0
0.0014469396232280626 0
0.0014822178945184993 0
0.0015174961658089361 0
0.0015527744370993728 0
0.0015880527083898094 0
0.0016233309796802463 0
0.001658609250970683 0
0.0016938875222611196 0
0.0017291657935515565 0
0.001764444064841993 0
0.00179972233613243 0
0.0018350006074228666 0
0.0018702788787133033 0
0.0019055571500037401 0
0.0019408354212941768 0
0.0019761136925846136 0
0.00201139196387505 0
0.002046670235165487 0
0.0020819485064559238 0
0.00211722677774636 0
0.002152505049036797 0
0.002187783320327234 0
0.0022230615916176704 0
0.002258339862908107 0
0.002293618134198544 0
0.0023288964054889805 0
0.0023641746767794174 0
0.0023994529480698542 0
0.002434731219360291 0
0.0024700094906507275 0
0.0025052877619411644 0
0.0025405660332316012 0
0.0025758443045220377 0
0.0026111225758124745 0
0.0026464008471029114 0
0.002681679118393348 0
0.0027169573896837847 0
0.0027522356609742215 0
0.002787513932264658 0
0.002822792203555095 0
0.0028580704748455317 0
0.002893348746135968 0
0.002928627017426405 0
0.002963905288716842 0
0.0029991835600072783 0
0.003034461831297715 0
0.003069740102588152 0
0.0031050183738785884 0
0.0031402966451690253 0
0.003175574916459462 0
0.003210853187749899 0
0.0032461314590403354 0
0.0032814097303307723 0
0.003316688001621209 0
0.0033519662729116456 0
0.0033872445442020825 0
0.0034225228154925193 0
0.0034578010867829558 0
0.0034930793580733926 0
0.0035283576293638295 0
0.003563635900654266 0
0.0035989141719447028 0
0.053724563172773875 0
0.053726419923894424 0
0.05372933767565529 0
0.05373119442677584 0
0.05378981471215318 0
0.05379167146327373 0
0.05385029174865107 0
0.05385214849977162 0
0.053910768785148964 0
0.053912625536269514 0
0.053971245821646856 0
0.053973102572767405 0
0.05403172285814475 0
0.054033579609265296 0
0.05409219989464264 0
0.05409405664576319 0
0.05415267693114053 0
0.05415453368226108 0
0.05421315396763842 0
0.05421501071875897 0
0.05427363100413631 0
0.05427548775525686 0
0.0543341080406342 0
0.05433596479175475 0
0.054394585077132095 0
0.054396441828252644 0
0.054455062113629986 0
0.054456918864750535 0
0.05451553915012788 0
0.054517395901248426 0
0.05457601618662577 0
0.05457787293774632 0
0.05463649322312366 0
0.05463834997424421 0
0.05469697025962155 0
0.0546988270107421 0
0.05475744729611944 0
0.05475930404723999 0
0.054817924332617333 0
0.05481978108373788 0
0.054878401369115225 0
0.054880258120235774 0
0.054938878405613116 0
0.054940735156733665 0
0.05499935544211101 0
0.055001212193231556 0
0.0550598324786089 0
0.05506168922972945 0
0.05512030951510679 0
0.05512216626622734 0
0.05518078655160468 0
0.05518264330272523 0
0.05524126358810257 0
0.05524312033922312 0
0.055301740624600464 0
0.05530359737572101 0
0.05536221766109836 0
0.05536407441221891 0
0.05542269469759625 0
0.0554245514487168 0
0.055483171734094144 0
0.055485028485214694 0
0.055543648770592036 0
0.055545505521712585 0
0.05560412580708993 0
0.055605982558210476 0
0.05566460284358782 0
0.05566645959470837 0
0.05572507988008571 0
0.05572693663120626 0
0.0557855569165836 0
0.05578741366770415 0
0.05584603395308149 0
0.05584789070420204 0
0.05590651098957938 0
0.05590836774069993 0
0.055966988026077275 0
0.055968844777197824 0
0.056027465062575166 0
0.056029321813695715 0
0.05608794209907306 0
0.056089798850193606 0
0.05614841913557095 0
0.0561502758866915 0
0.05620889617206884 0
0.05621075292318939 0
0.05626937320856673 0
0.05627122995968728 0
0.05632985024506462 0
0.05633170699618517 0
0.05639032728156251 0
0.05639218403268306 0
0.056450804318060405 0
0.056452661069180954 0
0.056511281354558296 0
0.056513138105678845 0
0.05657175839105619 0
0.056573615142176736 0
0.05663223542755408 0
0.05663409217867463 0
0.05669271246405197 0
0.05669456921517252 0
0.05675318950054986 0
0.05675504625167041 0
0.05681366653704775 0
0.0568155232881683 0
0.056874143573545644 0
0.05687600032466619 0
0.056934620610043535 0
0.05693647736116409 0
0.05699509764654143 0
0.05699695439766198 0
0.057055574683039324 0
0.05705743143415987 0
0.057116051719537216 0
0.057117908470657765 0
0.05717652875603511 0
0.057178385507155656 0
0.057237005792533 0
0.05723886254365355 0
0.05729748282903089 0
0.05729933958015144 0
0.05735795986552878 0
0.05735981661664933 0
0.05741843690202667 0
0.05742029365314722 0
0.05747891393852456 0
0.05748077068964511 0
0.057539390975022454 0
0.057541247726143004 0
0.057599868011520346 0
0.057601724762640895 0
0.05766034504801824 0
0.057662201799138786 0
0.05772082208451613 0
0.05772267883563668 0
0.05778129912101402 0
0.05778315587213457 0
0.05784177615751191 0
0.05784363290863246 0
0.0579022531940098 0
0.05790410994513035 0
0.05796273023050769 0
0.05796458698162824 0
0.058023207267005585 0
0.058025064018126134 0
0.058083684303503476 0
0.058085541054624025 0
0.05814416134000137 0
0.058146018091121916 0
0.05820463837649926 0
0.05820649512761981 0
0.05826511541299715 0
0.0582669721641177 0
0.05832559244949504 0
0.05832744920061559 0
0.05838606948599293 0
0.05838792623711348 0
0.05844654652249082 0
0.05844840327361137 0
0.058507023558988715 0
0.058508880310109264 0
0.058567500595486606 0
0.05856935734660716 0
0.058627977631984504 0
0.05862983438310505 0
0.058688454668482395 0
0.058690311419602945 0
0.05874893170498029 0
0.058750788456100836 0
0.05880940874147818 0
0.05881126549259873 0
0.05886988577797607 0
0.05887174252909662 0
0.05893036281447396 0
0.05893221956559451 0
0.05899083985097185 0
0.0589926966020924 0
0.05905131688746974 0
0.05905317363859029 0
0.059111793923967634 0
0.059113650675088183 0
0.059172270960465526 0
0.059174127711586075 0
0.05923274799696342 0
0.059234604748083966 0
0.05929322503346131 0
0.05929508178458186 0
0.0593537020699592 0
0.05935555882107975 0
0.05941417910645709 0
0.05941603585757764 0
0.05947465614295498 0
0.05947651289407553 0
0.05953513317945287 0
0.05953698993057342 0
0.059595610215950764 0
0.059597466967071314 0
0.059656087252448656 0
0.059657944003569205 0
0.05971656428894655 0
0.059718421040067096 0
0.07701193572670322 0
0.07701432297814392 0
0.07704960124943436 0
0.07708487952072479 0
0.07712015779201523 0
0.07715543606330566 0
0.0771907143345961 0
0.07722599260588654 0
0.07726127087717698 0
0.07729654914846741 0
0.07733182741975785 0
0.07736710569104828 0
0.07740238396233873 0
0.07743766223362916 0
0.0774729405049196 0
0.07750821877621003 0
0.07754349704750046 0
0.0775787753187909 0
0.07761405359008135 0
0.07764933186137178 0
0.07768461013266222 0
0.07771988840395265 0
0.07775516667524308 0
0.07779044494653352 0
0.07782572321782397 0
0.0778610014891144 0
0.07789627976040484 0
0.07793155803169527 0
0.0779668363029857 0
0.07800211457427615 0
0.07803739284556659 0
0.07807267111685702 0
0.07810794938814745 0
0.07814322765943789 0
0.07817850593072832 0
0.07821378420201877 0
0.0782490624733092 0
0.07828434074459964 0
0.07831961901589007 0
0.07835489728718051 0
0.07839017555847096 0
0.07842545382976139 0
0.07846073210105182 0
0.07849601037234226 0
0.0785312886436327 0
0.07856656691492313 0
0.07860184518621358 0
0.07863712345750401 0
0.07867240172879444 0
0.07870768000008488 0
0.07874295827137531 0
0.07877823654266575 0
0.0788135148139562 0
0.07884879308524663 0
0.07888407135653706 0
0.0789193496278275 0
0.07895462789911793 0
0.07898990617040838 0
0.07902518444169881 0
0.07906046271298925 0
0.07909574098427968 0
0.07913101925557012 0
0.07916629752686055 0
0.079201575798151 0
0.07923685406944143 0
0.07927213234073187 0
0.0793074106120223 0
0.07934268888331274 0
0.07937796715460317 0
0.07941324542589362 0
0.07944852369718405 0
0.07948380196847449 0
0.07951908023976492 0
0.07955435851105536 0
0.0795896367823458 0
0.07962491505363624 0
0.07966019332492667 0
0.07969547159621711 0
0.07973074986750754 0
0.07976602813879798 0
0.07980130641008842 0
0.07983658468137886 0
0.07987186295266929 0
0.07990714122395973 0
0.07994241949525016 0
0.0799776977665406 0
0.08001297603783104 0
0.08004825430912148 0
0.08008353258041191 0
0.08011881085170235 0
0.08015408912299278 0
0.08018936739428323 0
0.08022464566557366 0
0.0802599239368641 0
0.08029520220815453 0
0.08033048047944497 0
0.0803657587507354 0
0.08040103702202585 0
0.08043631529331628 0
0.08047159356460672 0
0.08050687183589715 0
0.13063252083672633 0
0.13063437758784688 0
0.13063729533960775 0
0.1306391520907283 0
0.13069777237610564 0
0.13069962912722619 0
0.13075824941260353 0
0.13076010616372408 0
0.13081872644910142 0
0.13082058320022197 0
0.1308792034855993 0
0.13088106023671986 0
0.1309396805220972 0
0.13094153727321775 0
0.1310001575585951 0
0.13100201430971564 0
0.13106063459509298 0
0.13106249134621353 0
0.13112111163159088 0
0.13112296838271142 0
0.13118158866808877 0
0.13118344541920932 0
0.13124206570458666 0
0.1312439224557072 0
0.13130254274108455 0
0.1313043994922051 0
0.13136301977758244 0
0.131364876528703 0
0.13142349681408033 0
0.13142535356520088 0
0.13148397385057822 0
0.13148583060169877 0
0.13154445088707611 0
0.13154630763819666 0
0.131604927923574 0
0.13160678467469455 0
0.1316654049600719 0
0.13166726171119245 0
0.1317258819965698 0
0.13172773874769034 0
0.13178635903306768 0
0.13178821578418823 0
0.13184683606956557 0
0.13184869282068612 0
0.13190731310606346 0
0.131909169857184 0
0.13196779014256135 0
0.1319696468936819 0
0.13202826717905924 0
0.1320301239301798 0
0.13208874421555714 0
0.13209060096667768 0
0.13214922125205503 0
0.13215107800317558 0
0.13220969828855292 0
0.13221155503967347 0
0.1322701753250508 0
0.13227203207617136 0
0.1323306523615487 0
0.13233250911266925 0
0.1323911293980466 0
0.13239298614916714 0
0.13245160643454448 0
0.13245346318566503 0
0.13251208347104237 0
0.13251394022216292 0
0.13257256050754027 0
0.13257441725866081 0
0.13263303754403816 0
0.1326348942951587 0
0.13269351458053605 0
0.1326953713316566 0
0.13275399161703394 0
0.1327558483681545 0
0.13281446865353183 0
0.13281632540465238 0
0.13287494569002972 0
0.13287680244115027 0
0.1329354227265276 0
0.13293727947764816 0
0.1329958997630255 0
0.13299775651414605 0
0.1330563767995234 0
0.13305823355064395 0
0.1331168538360213 0
0.13311871058714184 0
0.13317733087251918 0
0.13317918762363973 0
0.13323780790901707 0
0.13323966466013762 0
0.13329828494551496 0
0.1333001416966355 0
0.13335876198201285 0
0.1333606187331334 0
0.13341923901851074 0
0.1334210957696313 0
0.13347971605500863 0
0.13348157280612918 0
0.13354019309150653 0
0.13354204984262708 0
0.13360067012800442 0
0.13360252687912497 0
0.1336611471645023 0
0.13366300391562286 0
0.1337216242010002 0
0.13372348095212075 0
0.1337821012374981 0
0.13378395798861864 0
0.13384257827399598 0
0.13384443502511653 0
0.13390305531049387 0
0.13390491206161442 0
0.13396353234699176 0
0.13396538909811231 0
0.13402400938348966 0
0.1340258661346102 0
0.13408448641998755 0
0.1340863431711081 0
0.13414496345648544 0
0.134146820207606 0
0.13420544049298333 0
0.13420729724410388 0
0.13426591752948122 0
0.13426777428060177 0
0.1343263945659791 0
0.13432825131709966 0
0.134386871602477 0
0.13438872835359755 0
0.1344473486389749 0
0.13444920539009544 0
0.1345078256754728 0
0.13450968242659334 0
0.13456830271197068 0
0.13457015946309123 0
0.13462877974846857 0
0.13463063649958912 0
0.13468925678496646 0
0.134691113536087 0
0.13474973382146435 0
0.1347515905725849 0
0.13481021085796224 0
0.1348120676090828 0
0.13487068789446013 0
0.13487254464558068 0
0.13493116493095803 0
0.13493302168207857 0
0.13499164196745592 0
0.13499349871857647 0
0.1350521190039538 0
0.13505397575507436 0
0.1351125960404517 0
0.13511445279157225 0
0.1351730730769496 0
0.13517492982807014 0
0.13523355011344748 0
0.13523540686456803 0
0.13529402714994537 0
0.13529588390106592 0
0.13535450418644326 0
0.1353563609375638 0
0.13541498122294116 0
0.1354168379740617 0
0.13547545825943905 0
0.1354773150105596 0
0.13553593529593694 0
0.1355377920470575 0
0.13559641233243483 0
0.13559826908355538 0
0.13565688936893272 0
0.13565874612005327 0
0.13571736640543064 0
0.1357192231565512 0
0.13577784344192853 0
0.13577970019304908 0
0.13583832047842642 0
0.13584017722954697 0
0.1358987975149243 0
0.13590065426604486 0
0.1359592745514222 0
0.13596113130254275 0
0.1360197515879201 0
0.13602160833904064 0
0.136080228624418 0
0.13608208537553854 0
0.13614070566091588 0
0.13614256241203643 0
0.13620118269741377 0
0.13620303944853432 0
0.13626165973391166 0
0.1362635164850322 0
0.13632213677040955 0
0.1363239935215301 0
0.13638261380690744 0
0.136384470558028 0
0.13644309084340533 0
0.13644494759452588 0
0.13650356787990323 0
0.13650542463102378 0
0.13656404491640112 0
0.13656590166752167 0
0.136624521952899 0
0.13662637870401956 0
0.15391989339065565 0
0.15392228064209637 0
0.1539575589133868 0
0.15399283718467724 0
0.15402811545596767 0
0.1540633937272581 0
0.15409867199854854 0
0.15413395026983898 0
0.15416922854112944 0
0.15420450681241987 0
0.1542397850837103 0
0.15427506335500074 0
0.15431034162629118 0
0.1543456198975816 0
0.15438089816887204 0
0.15441617644016248 0
0.1544514547114529 0
0.15448673298274335 0
0.15452201125403378 0
0.15455728952532422 0
0.15459256779661468 0
0.1546278460679051 0
0.15466312433919555 0
0.15469840261048598 0
0.15473368088177641 0
0.15476895915306685 0
0.15480423742435728 0
0.15483951569564772 0
0.15487479396693815 0
0.15491007223822859 0
0.15494535050951902 0
0.15498062878080948 0
0.15501590705209992 0
0.15505118532339035 0
0.15508646359468078 0
0.15512174186597122 0
0.15515702013726165 0
0.1551922984085521 0
0.15522757667984252 0
0.15526285495113296 0
0.1552981332224234 0
0.15533341149371382 0
0.1553686897650043 0
0.15540396803629472 0
0.15543924630758515 0
0.1554745245788756 0
0.15550980285016602 0
0.15554508112145646 0
0.1555803593927469 0
0.15561563766403733 0
0.15565091593532776 0
0.1556861942066182 0
0.15572147247790863 0
0.15575675074919906 0
0.15579202902048953 0
0.15582730729177996 0
0.1558625855630704 0
0.15589786383436083 0
0.15593314210565126 0
0.1559684203769417 0
0.15600369864823213 0
0.15603897691952257 0
0.156074255190813 0
0.15610953346210343 0
0.15614481173339387 0
0.15618009000468433 0
0.15621536827597476 0
0.1562506465472652 0
0.15628592481855563 0
0.15632120308984607 0
0.1563564813611365 0
0.15639175963242694 0
0.15642703790371737 0
0.1564623161750078 0
0.15649759444629824 0
0.15653287271758867 0
0.15656815098887913 0
0.15660342926016957 0
0.15663870753146 0
0.15667398580275044 0
0.15670926407404087 0
0.1567445423453313 0
0.15677982061662174 0
0.15681509888791217 0
0.1568503771592026 0
0.15688565543049304 0
0.15692093370178348 0
0.15695621197307394 0
0.15699149024436437 0
0.1570267685156548 0
0.15706204678694524 0
0.15709732505823568 0
0.1571326033295261 0
0.15716788160081654 0
0.15720315987210698 0
0.1572384381433974 0
0.15727371641468785 0
0.15730899468597828 0
0.15734427295726872 0
0.15737955122855918 0
0.1574148294998496 0
0.20754047850067878 0
0.20754233525179933 0
0.2075452530035602 0
0.20754710975468074 0
0.20760573004005808 0
0.20760758679117863 0
0.20766620707655598 0
0.20766806382767652 0
0.20772668411305387 0
0.20772854086417442 0
0.20778716114955176 0
0.2077890179006723 0
0.20784763818604965 0
0.2078494949371702 0
0.20790811522254754 0
0.2079099719736681 0
0.20796859225904543 0
0.20797044901016598 0
0.20802906929554332 0
0.20803092604666387 0
0.20808954633204121 0
0.20809140308316176 0
0.2081500233685391 0
0.20815188011965965 0
0.208210500405037 0
0.20821235715615755 0
0.2082709774415349 0
0.20827283419265544 0
0.20833145447803278 0
0.20833331122915333 0
0.20839193151453067 0
0.20839378826565122 0
0.20845240855102856 0
0.2084542653021491 0
0.20851288558752645 0
0.208514742338647 0
0.20857336262402434 0
0.2085752193751449 0
0.20863383966052224 0
0.20863569641164278 0
0.20869431669702013 0
0.20869617344814068 0
0.20875479373351802 0
0.20875665048463857 0
0.2088152707700159 0
0.20881712752113646 0
0.2088757478065138 0
0.20887760455763435 0
0.2089362248430117 0
0.20893808159413224 0
0.20899670187950958 0
0.20899855863063013 0
0.20905717891600747 0
0.20905903566712802 0
0.20911765595250537 0
0.20911951270362591 0
0.20917813298900326 0
0.2091799897401238 0
0.20923861002550115 0
0.2092404667766217 0
0.20929908706199904 0
0.2093009438131196 0
0.20935956409849693 0
0.20936142084961748 0
0.20942004113499482 0
0.20942189788611537 0
0.2094805181714927 0
0.20948237492261326 0
0.2095409952079906 0
0.20954285195911115 0
0.2096014722444885 0
0.20960332899560905 0
0.2096619492809864 0
0.20966380603210694 0
0.20972242631748428 0
0.20972428306860483 0
0.20978290335398217 0
0.20978476010510272 0
0.20984338039048006 0
0.2098452371416006 0
0.20990385742697795 0
0.2099057141780985 0
0.20996433446347584 0
0.2099661912145964 0
0.21002481149997373 0
0.21002666825109428 0
0.21008528853647163 0
0.21008714528759218 0
0.21014576557296952 0
0.21014762232409007 0
0.2102062426094674 0
0.21020809936058796 0
0.2102667196459653 0
0.21026857639708585 0
0.2103271966824632 0
0.21032905343358374 0
0.21038767371896108 0
0.21038953047008163 0
0.21044815075545897 0
0.21045000750657952 0
0.21050862779195686 0
0.21051048454307741 0
0.21056910482845476 0
0.2105709615795753 0
0.21062958186495265 0
0.2106314386160732 0
0.21069005890145054 0
0.2106919156525711 0
0.21075053593794843 0
0.21075239268906898 0
0.21081101297444632 0
0.21081286972556687 0
0.2108714900109442 0
0.21087334676206476 0
0.2109319670474421 0
0.21093382379856265 0
0.21099244408394 0
0.21099430083506054 0
0.2110529211204379 0
0.21105477787155844 0
0.21111339815693578 0
0.21111525490805633 0
0.21117387519343367 0
0.21117573194455422 0
0.21123435222993156 0
0.2112362089810521 0
0.21129482926642945 0
0.21129668601755 0
0.21135530630292734 0
0.2113571630540479 0
0.21141578333942523 0
0.21141764009054578 0
0.21147626037592313 0
0.21147811712704367 0
0.21153673741242102 0
0.21153859416354157 0
0.2115972144489189 0
0.21159907120003946 0
0.2116576914854168 0
0.21165954823653735 0
0.2117181685219147 0
0.21172002527303524 0
0.21177864555841258 0
0.21178050230953313 0
0.21183912259491047 0
0.21184097934603102 0
0.21189959963140836 0
0.2119014563825289 0
0.21196007666790626 0
0.2119619334190268 0
0.21202055370440417 0
0.21202241045552472 0
0.21208103074090207 0
0.21208288749202261 0
0.21214150777739996 0
0.2121433645285205 0
0.21220198481389785 0
0.2122038415650184 0
0.21226246185039574 0
0.2122643186015163 0
0.21232293888689363 0
0.21232479563801418 0
0.21238341592339152 0
0.21238527267451207 0
0.2124438929598894 0
0.21244574971100996 0
0.2125043699963873 0
0.21250622674750785 0
0.2125648470328852 0
0.21256670378400574 0
0.2126253240693831 0
0.21262718082050364 0
0.21268580110588098 0
0.21268765785700153 0
0.21274627814237887 0
0.21274813489349942 0
0.21280675517887676 0
0.2128086119299973 0
0.21286723221537465 0
0.2128690889664952 0
0.21292770925187254 0
0.2129295660029931 0
0.21298818628837043 0
0.21299004303949098 0
0.21304866332486833 0
0.21305052007598888 0
0.21310914036136622 0
0.21311099711248677 0
0.2131696173978641 0
0.21317147414898466 0
0.213230094434362 0
0.21323195118548255 0
0.2132905714708599 0
0.21329242822198044 0
0.21335104850735778 0
0.21335290525847833 0
0.21341152554385567 0
0.21341338229497622 0
0.21347200258035356 0
0.21347385933147411 0
0.21353247961685146 0
0.213534336367972 0
0.23082785105460812 0
0.23083023830604882 0
0.23086551657733925 0
0.2309007948486297 0
0.23093607311992012 0
0.23097135139121056 0
0.231006629662501 0
0.23104190793379145 0
0.23107718620508189 0
0.23111246447637232 0
0.23114774274766275 0
0.2311830210189532 0
0.23121829929024362 0
0.23125357756153406 0
0.2312888558328245 0
0.23132413410411493 0
0.23135941237540536 0
0.2313946906466958 0
0.23142996891798623 0
0.2314652471892767 0
0.23150052546056712 0
0.23153580373185756 0
0.231571082003148 0
0.23160636027443843 0
0.23164163854572886 0
0.2316769168170193 0
0.23171219508830973 0
0.23174747335960016 0
0.2317827516308906 0
0.23181802990218103 0
0.2318533081734715 0
0.23188858644476193 0
0.23192386471605236 0
0.2319591429873428 0
0.23199442125863323 0
0.23202969952992367 0
0.2320649778012141 0
0.23210025607250453 0
0.23213553434379497 0
0.2321708126150854 0
0.23220609088637584 0
0.2322413691576663 0
0.23227664742895673 0
0.23231192570024717 0
0.2323472039715376 0
0.23238248224282804 0
0.23241776051411847 0
0.2324530387854089 0
0.23248831705669934 0
0.23252359532798977 0
0.2325588735992802 0
0.23259415187057064 0
0.2326294301418611 0
0.23266470841315154 0
0.23269998668444197 0
0.2327352649557324 0
0.23277054322702284 0
0.23280582149831328 0
0.2328410997696037 0
0.23287637804089414 0
0.23291165631218458 0
0.232946934583475 0
0.23298221285476545 0
0.23301749112605588 0
0.23305276939734634 0
0.23308804766863678 0
0.2331233259399272 0
0.23315860421121765 0
0.23319388248250808 0
0.23322916075379851 0
0.23326443902508895 0
0.23329971729637938 0
0.23333499556766982 0
0.23337027383896025 0
0.23340555211025069 0
0.23344083038154115 0
0.23347610865283158 0
0.23351138692412202 0
0.23354666519541245 0
0.23358194346670288 0
0.23361722173799332 0
0.23365250000928375 0
0.2336877782805742 0
0.23372305655186462 0
0.23375833482315506 0
0.2337936130944455 0
0.23382889136573595 0
0.2338641696370264 0
0.23389944790831682 0
0.23393472617960726 0
0.2339700044508977 0
0.23400528272218812 0
0.23404056099347856 0
0.234075839264769 0
0.23411111753605943 0
0.23414639580734986 0
0.2341816740786403 0
0.23421695234993073 0
0.2342522306212212 0
0.23428750889251163 0
0.23432278716380206 0
0.2844484361646312 0
0.2844502929157518 0
0.2844532106675126 0
0.2844550674186332 0
0.28451368770401053 0
0.28451554445513105 0
0.2845741647405084 0
0.28457602149162897 0
0.2846346417770063 0
0.28463649852812684 0
0.2846951188135042 0
0.28469697556462475 0
0.2847555958500021 0
0.2847574526011226 0
0.28481607288649996 0
0.28481792963762054 0
0.2848765499229979 0
0.2848784066741184 0
0.28493702695949574 0
0.2849388837106163 0
0.28499750399599366 0
0.2849993607471142 0
0.2850579810324916 0
0.2850598377836121 0
0.28511845806898944 0
0.28512031482011 0
0.28517893510548736 0
0.2851807918566079 0
0.2852394121419852 0
0.2852412688931058 0
0.28529988917848315 0
0.28530174592960367 0
0.285360366214981 0
0.2853622229661016 0
0.28542084325147893 0
0.28542270000259945 0
0.2854813202879768 0
0.28548317703909737 0
0.2855417973244747 0
0.28554365407559523 0
0.2856022743609726 0
0.28560413111209315 0
0.2856627513974705 0
0.285664608148591 0
0.28572322843396836 0
0.28572508518508893 0
0.2857837054704663 0
0.2857855622215868 0
0.28584418250696414 0
0.2858460392580847 0
0.28590465954346206 0
0.2859065162945826 0
0.2859651365799599 0
0.2859669933310805 0
0.28602561361645784 0
0.28602747036757836 0
0.2860860906529557 0
0.2860879474040763 0
0.2861465676894536 0
0.28614842444057415 0
0.2862070447259515 0
0.28620890147707206 0
0.2862675217624494 0
0.2862693785135699 0
0.28632799879894727 0
0.28632985555006785 0
0.2863884758354452 0
0.2863903325865657 0
0.28644895287194305 0
0.28645080962306363 0
0.28650942990844097 0
0.2865112866595615 0
0.28656990694493883 0
0.2865717636960594 0
0.28663038398143675 0
0.2866322407325573 0
0.2866908610179346 0
0.2866927177690552 0
0.28675133805443254 0
0.28675319480555306 0
0.2868118150909304 0
0.286813671842051 0
0.2868722921274283 0
0.28687414887854884 0
0.2869327691639262 0
0.28693462591504676 0
0.2869932462004241 0
0.2869951029515446 0
0.28705372323692196 0
0.28705557998804254 0
0.2871142002734199 0
0.2871160570245404 0
0.28717467730991775 0
0.2871765340610383 0
0.28723515434641567 0
0.2872370110975362 0
0.28729563138291353 0
0.2872974881340341 0
0.28735610841941145 0
0.28735796517053197 0
0.2874165854559093 0
0.2874184422070299 0
0.28747706249240723 0
0.28747891924352775 0
0.2875375395289051 0
0.28753939628002567 0
0.287598016565403 0
0.28759987331652354 0
0.2876584936019009 0
0.28766035035302145 0
0.2877189706383988 0
0.2877208273895193 0
0.28777944767489666 0
0.28778130442601724 0
0.2878399247113946 0
0.2878417814625151 0
0.28790040174789244 0
0.287902258499013 0
0.28796087878439036 0
0.2879627355355109 0
0.2880213558208882 0
0.2880232125720088 0
0.28808183285738614 0
0.28808368960850667 0
0.288142309893884 0
0.2881441666450046 0
0.2882027869303819 0
0.28820464368150245 0
0.2882632639668798 0
0.28826512071800037 0
0.2883237410033777 0
0.28832559775449823 0
0.2883842180398756 0
0.28838607479099615 0
0.2884446950763735 0
0.288446551827494 0
0.28850517211287136 0
0.28850702886399193 0
0.2885656491493693 0
0.2885675059004898 0
0.28862612618586714 0
0.2886279829369877 0
0.28868660322236506 0
0.2886884599734856 0
0.2887470802588629 0
0.2887489370099835 0
0.28880755729536084 0
0.28880941404648136 0
0.2888680343318587 0
0.2888698910829793 0
0.2889285113683566 0
0.28893036811947714 0
0.2889889884048545 0
0.28899084515597506 0
0.2890494654413524 0
0.2890513221924729 0
0.28910994247785027 0
0.28911179922897084 0
0.2891704195143482 0
0.2891722762654687 0
0.28923089655084605 0
0.2892327533019666 0
0.28929137358734397 0
0.2892932303384645 0
0.28935185062384183 0
0.2893537073749624 0
0.28941232766033975 0
0.2894141844114603 0
0.2894728046968376 0
0.2894746614479582 0
0.28953328173333553 0
0.28953513848445606 0
0.2895937587698334 0
0.289595615520954 0
0.2896542358063313 0
0.28965609255745184 0
0.2897147128428292 0
0.28971656959394976 0
0.2897751898793271 0
0.2897770466304476 0
0.28983566691582496 0
0.28983752366694554 0
0.2898961439523229 0
0.2898980007034434 0
0.28995662098882075 0
0.2899584777399413 0
0.29001709802531866 0
0.2900189547764392 0
0.29007757506181653 0
0.2900794318129371 0
0.29013805209831445 0
0.29013990884943497 0
0.2901985291348123 0
0.2902003858859329 0
0.29025900617131023 0
0.29026086292243075 0
0.2903194832078081 0
0.29032133995892867 0
0.290379960244306 0
0.29038181699542653 0
0.2904404372808039 0
0.29044229403192445 0
0.30773580871856054 0
0.3077381959700013 0
0.3077734742412917 0
0.30780875251258216 0
0.30784403078387257 0
0.30787930905516303 0
0.30791458732645344 0
0.3079498655977439 0
0.3079851438690343 0
0.30802042214032477 0
0.3080557004116152 0
0.30809097868290564 0
0.3081262569541961 0
0.3081615352254865 0
0.30819681349677697 0
0.3082320917680674 0
0.30826737003935784 0
0.30830264831064824 0
0.3083379265819387 0
0.3083732048532291 0
0.3084084831245196 0
0.30844376139581 0
0.30847903966710044 0
0.3085143179383909 0
0.3085495962096813 0
0.30858487448097177 0
0.3086201527522622 0
0.30865543102355264 0
0.30869070929484305 0
0.3087259875661335 0
0.3087612658374239 0
0.3087965441087144 0
0.3088318223800048 0
0.30886710065129525 0
0.3089023789225857 0
0.3089376571938761 0
0.3089729354651666 0
0.309008213736457 0
0.30904349200774744 0
0.30907877027903785 0
0.3091140485503283 0
0.3091493268216187 0
0.3091846050929092 0
0.3092198833641996 0
0.30925516163549005 0
0.30929043990678046 0
0.3093257181780709 0
0.3093609964493614 0
0.3093962747206518 0
0.30943155299194225 0
0.30946683126323266 0
0.3095021095345231 0
0.3095373878058135 0
0.309572666077104 0
0.3096079443483944 0
0.30964322261968485 0
0.30967850089097526 0
0.3097137791622657 0
0.3097490574335562 0
0.3097843357048466 0
0.30981961397613705 0
0.30985489224742746 0
0.3098901705187179 0
0.30992544879000833 0
0.3099607270612988 0
0.3099960053325892 0
0.31003128360387966 0
0.31006656187517007 0
0.31010184014646053 0
0.310137118417751 0
0.3101723966890414 0
0.31020767496033186 0
0.31024295323162226 0
0.3102782315029127 0
0.31031350977420313 0
0.3103487880454936 0
0.310384066316784 0
0.31041934458807446 0
0.31045462285936487 0
0.31048990113065533 0
0.3105251794019458 0
0.3105604576732362 0
0.31059573594452666 0
0.31063101421581707 0
0.31066629248710753 0
0.31070157075839794 0
0.3107368490296884 0
0.3107721273009788 0
0.31080740557226927 0
0.3108426838435597 0
0.31087796211485014 0
0.3109132403861406 0
0.310948518657431 0
0.31098379692872147 0
0.3110190752000119 0
0.31105435347130234 0
0.31108963174259274 0
0.3111249100138832 0
0.3111601882851736 0
0.3111954665564641 0
0.3112307448277545 0
0.3613563938285837 0
0.3613582505797042 0
0.3613611683314651 0
0.36136302508258566 0
0.361421645367963 0
0.36142350211908353 0
0.36148212240446087 0
0.36148397915558145 0
0.3615425994409588 0
0.3615444561920793 0
0.36160307647745665 0
0.36160493322857723 0
0.36166355351395457 0
0.3616654102650751 0
0.36172403055045244 0
0.361725887301573 0
0.36178450758695035 0
0.3617863643380709 0
0.3618449846234482 0
0.3618468413745688 0
0.36190546165994614 0
0.36190731841106666 0
0.361965938696444 0
0.3619677954475646 0
0.3620264157329419 0
0.36202827248406244 0
0.3620868927694398 0
0.36208874952056036 0
0.3621473698059377 0
0.3621492265570582 0
0.36220784684243557 0
0.36220970359355614 0
0.3622683238789335 0
0.362270180630054 0
0.36232880091543135 0
0.3623306576665519 0
0.36238927795192927 0
0.3623911347030498 0
0.36244975498842713 0
0.3624516117395477 0
0.36251023202492505 0
0.36251208877604557 0
0.3625707090614229 0
0.3625725658125435 0
0.36263118609792083 0
0.36263304284904135 0
0.3626916631344187 0
0.3626935198855393 0
0.3627521401709166 0
0.36275399692203714 0
0.3628126172074145 0
0.36281447395853506 0
0.3628730942439124 0
0.3628749509950329 0
0.36293357128041026 0
0.36293542803153084 0
0.3629940483169082 0
0.3629959050680287 0
0.36305452535340604 0
0.3630563821045266 0
0.36311500238990396 0
0.3631168591410245 0
0.3631754794264018 0
0.3631773361775224 0
0.36323595646289975 0
0.36323781321402027 0
0.3632964334993976 0
0.3632982902505182 0
0.3633569105358955 0
0.36335876728701605 0
0.3634173875723934 0
0.36341924432351397 0
0.3634778646088913 0
0.36347972136001183 0
0.3635383416453892 0
0.36354019839650975 0
0.3635988186818871 0
0.3636006754330076 0
0.36365929571838496 0
0.36366115246950553 0
0.3637197727548829 0
0.3637216295060034 0
0.36378024979138074 0
0.3637821065425013 0
0.36384072682787866 0
0.3638425835789992 0
0.3639012038643765 0
0.3639030606154971 0
0.36396168090087444 0
0.36396353765199496 0
0.3640221579373723 0
0.3640240146884929 0
0.3640826349738702 0
0.36408449172499074 0
0.3641431120103681 0
0.36414496876148866 0
0.364203589046866 0
0.3642054457979865 0
0.36426406608336387 0
0.36426592283448445 0
0.3643245431198618 0
0.3643263998709823 0
0.36438502015635965 0
0.36438687690748023 0
0.36444549719285757 0
0.3644473539439781 0
0.36450597422935543 0
0.364507830980476 0
0.36456645126585335 0
0.3645683080169739 0
0.3646269283023512 0
0.3646287850534718 0
0.36468740533884914 0
0.36468926208996966 0
0.364747882375347 0
0.3647497391264676 0
0.3648083594118449 0
0.36481021616296544 0
0.3648688364483428 0
0.36487069319946336 0
0.3649293134848407 0
0.3649311702359612 0
0.36498979052133856 0
0.36499164727245914 0
0.3650502675578365 0
0.365052124308957 0
0.36511074459433435 0
0.3651126013454549 0
0.36517122163083227 0
0.3651730783819528 0
0.36523169866733013 0
0.3652335554184507 0
0.36529217570382805 0
0.36529403245494857 0
0.3653526527403259 0
0.3653545094914465 0
0.36541312977682383 0
0.36541498652794435 0
0.3654736068133217 0
0.36547546356444227 0
0.3655340838498196 0
0.36553594060094013 0
0.3655945608863175 0
0.36559641763743805 0
0.3656550379228154 0
0.3656568946739359 0
0.36571551495931326 0
0.36571737171043384 0
0.3657759919958112 0
0.3657778487469317 0
0.36583646903230904 0
0.3658383257834296 0
0.36589694606880696 0
0.3658988028199275 0
0.3659574231053048 0
0.3659592798564254 0
0.36601790014180274 0
0.36601975689292326 0
0.3660783771783006 0
0.3660802339294212 0
0.3661388542147985 0
0.36614071096591905 0
0.3661993312512964 0
0.36620118800241697 0
0.3662598082877943 0
0.36626166503891483 0
0.36632028532429217 0
0.36632214207541275 0
0.3663807623607901 0
0.3663826191119106 0
0.36644123939728795 0
0.36644309614840853 0
0.3665017164337859 0
0.3665035731849064 0
0.36656219347028374 0
0.3665640502214043 0
0.36662267050678166 0
0.3666245272579022 0
0.3666831475432795 0
0.3666850042944001 0
0.36674362457977744 0
0.36674548133089796 0
0.3668041016162753 0
0.3668059583673959 0
0.3668645786527732 0
0.36686643540389374 0
0.3669250556892711 0
0.36692691244039166 0
0.366985532725769 0
0.3669873894768895 0
0.36704600976226687 0
0.36704786651338744 0
0.3671064867987648 0
0.3671083435498853 0
0.36716696383526265 0
0.3671688205863832 0
0.36722744087176057 0
0.3672292976228811 0
0.36728791790825843 0
0.367289774659379 0
0.36734839494475635 0
0.3673502516958769 0
0.384643766382513 0
0.3846461536339537 0
0.3846814319052442 0
0.3847167101765346 0
0.38475198844782504 0
0.38478726671911545 0
0.3848225449904059 0
0.3848578232616963 0
0.3848931015329868 0
0.3849283798042772 0
0.38496365807556765 0
0.3849989363468581 0
0.3850342146181485 0
0.385069492889439 0
0.3851047711607294 0
0.38514004943201985 0
0.38517532770331026 0
0.3852106059746007 0
0.3852458842458911 0
0.3852811625171816 0
0.385316440788472 0
0.38535171905976245 0
0.3853869973310529 0
0.3854222756023433 0
0.3854575538736338 0
0.3854928321449242 0
0.38552811041621465 0
0.38556338868750506 0
0.3855986669587955 0
0.38563394523008593 0
0.3856692235013764 0
0.3857045017726668 0
0.38573978004395726 0
0.3857750583152477 0
0.3858103365865381 0
0.3858456148578286 0
0.385880893129119 0
0.38591617140040946 0
0.38595144967169986 0
0.3859867279429903 0
0.38602200621428073 0
0.3860572844855712 0
0.3860925627568616 0
0.38612784102815206 0
0.38616311929944247 0
0.38619839757073293 0
0.3862336758420234 0
0.3862689541133138 0
0.38630423238460426 0
0.38633951065589467 0
0.38637478892718513 0
0.38641006719847554 0
0.386445345469766 0
0.3864806237410564 0
0.38651590201234687 0
0.3865511802836373 0
0.38658645855492774 0
0.3866217368262182 0
0.3866570150975086 0
0.38669229336879907 0
0.3867275716400895 0
0.38676284991137994 0
0.38679812818267034 0
0.3868334064539608 0
0.3868686847252512 0
0.3869039629965417 0
0.3869392412678321 0
0.38697451953912254 0
0.387009797810413 0
0.3870450760817034 0
0.38708035435299387 0
0.3871156326242843 0
0.38715091089557474 0
0.38718618916686515 0
0.3872214674381556 0
0.387256745709446 0
0.3872920239807365 0
0.3873273022520269 0
0.38736258052331735 0
0.3873978587946078 0
0.3874331370658982 0
0.3874684153371887 0
0.3875036936084791 0
0.38753897187976954 0
0.38757425015105995 0
0.3876095284223504 0
0.3876448066936408 0
0.3876800849649313 0
0.3877153632362217 0
0.38775064150751215 0
0.3877859197788026 0
0.387821198050093 0
0.3878564763213835 0
0.3878917545926739 0
0.38792703286396435 0
0.38796231113525476 0
0.3879975894065452 0
0.3880328676778356 0
0.3880681459491261 0
0.3881034242204165 0
0.38813870249170696 0
0.4382643514925361 0
0.4382662082436567 0
0.43826912599541756 0
0.4382709827465381 0
0.4383296030319154 0
0.438331459783036 0
0.43839008006841335 0
0.43839193681953387 0
0.4384505571049112 0
0.4384524138560318 0
0.43851103414140913 0
0.43851289089252965 0
0.438571511177907 0
0.43857336792902757 0
0.4386319882144049 0
0.43863384496552543 0
0.4386924652509028 0
0.43869432200202335 0
0.4387529422874007 0
0.4387547990385212 0
0.43881341932389856 0
0.43881527607501913 0
0.4388738963603965 0
0.438875753111517 0
0.43893437339689434 0
0.4389362301480149 0
0.43899485043339226 0
0.4389967071845128 0
0.4390553274698901 0
0.4390571842210107 0
0.43911580450638804 0
0.43911766125750856 0
0.4391762815428859 0
0.4391781382940065 0
0.4392367585793838 0
0.43923861533050435 0
0.4392972356158817 0
0.43929909236700226 0
0.4393577126523796 0
0.4393595694035001 0
0.43941818968887747 0
0.43942004643999805 0
0.4394786667253754 0
0.4394805234764959 0
0.43953914376187325 0
0.43954100051299383 0
0.43959962079837117 0
0.4396014775494917 0
0.43966009783486903 0
0.4396619545859896 0
0.43972057487136695 0
0.4397224316224875 0
0.4397810519078648 0
0.4397829086589854 0
0.43984152894436274 0
0.43984338569548326 0
0.4399020059808606 0
0.4399038627319812 0
0.4399624830173585 0
0.43996433976847904 0
0.4400229600538564 0
0.44002481680497696 0
0.4400834370903543 0
0.4400852938414748 0
0.44014391412685216 0
0.44014577087797274 0
0.4402043911633501 0
0.4402062479144706 0
0.44026486819984795 0
0.4402667249509685 0
0.44032534523634587 0
0.4403272019874664 0
0.44038582227284373 0
0.4403876790239643 0
0.44044629930934165 0
0.44044815606046217 0
0.4405067763458395 0
0.4405086330969601 0
0.44056725338233743 0
0.44056911013345795 0
0.4406277304188353 0
0.44062958716995587 0
0.4406882074553332 0
0.44069006420645374 0
0.4407486844918311 0
0.44075054124295165 0
0.440809161528329 0
0.4408110182794495 0
0.44086963856482686 0
0.44087149531594744 0
0.4409301156013248 0
0.4409319723524453 0
0.44099059263782264 0
0.4409924493889432 0
0.44105106967432056 0
0.4410529264254411 0
0.4411115467108184 0
0.441113403461939 0
0.44117202374731634 0
0.44117388049843687 0
0.4412325007838142 0
0.4412343575349348 0
0.4412929778203121 0
0.44129483457143265 0
0.44135345485681 0
0.44135531160793057 0
0.4414139318933079 0
0.44141578864442843 0
0.4414744089298058 0
0.44147626568092635 0
0.4415348859663037 0
0.4415367427174242 0
0.44159536300280156 0
0.44159721975392213 0
0.4416558400392995 0
0.44165769679042 0
0.44171631707579734 0
0.4417181738269179 0
0.44177679411229526 0
0.4417786508634158 0
0.4418372711487931 0
0.4418391278999137 0
0.44189774818529104 0
0.44189960493641156 0
0.4419582252217889 0
0.4419600819729095 0
0.4420187022582868 0
0.44202055900940734 0
0.4420791792947847 0
0.44208103604590526 0
0.4421396563312826 0
0.4421415130824031 0
0.44220013336778047 0
0.44220199011890104 0
0.4422606104042784 0
0.4422624671553989 0
0.44232108744077625 0
0.4423229441918968 0
0.44238156447727417 0
0.4423834212283947 0
0.44244204151377203 0
0.4424438982648926 0
0.44250251855026995 0
0.4425043753013905 0
0.4425629955867678 0
0.4425648523378884 0
0.44262347262326573 0
0.44262532937438626 0
0.4426839496597636 0
0.4426858064108842 0
0.4427444266962615 0
0.44274628344738204 0
0.4428049037327594 0
0.44280676048387996 0
0.4428653807692573 0
0.4428672375203778 0
0.44292585780575516 0
0.44292771455687574 0
0.4429863348422531 0
0.4429881915933736 0
0.44304681187875095 0
0.4430486686298715 0
0.44310728891524886 0
0.4431091456663694 0
0.44316776595174673 0
0.4431696227028673 0
0.44322824298824465 0
0.44323009973936517 0
0.4432887200247425 0
0.4432905767758631 0
0.44334919706124043 0
0.44335105381236095 0
0.4434096740977383 0
0.44341153084885887 0
0.4434701511342362 0
0.44347200788535673 0
0.4435306281707341 0
0.44353248492185465 0
0.443591105207232 0
0.4435929619583525 0
0.44365158224372986 0
0.44365343899485044 0
0.4437120592802278 0
0.4437139160313483 0
0.44377253631672564 0
0.4437743930678462 0
0.44383301335322356 0
0.4438348701043441 0
0.4438934903897214 0
0.443895347140842 0
0.44395396742621934 0
0.44395582417733986 0
0.4440144444627172 0
0.4440163012138378 0
0.4440749214992151 0
0.44407677825033565 0
0.44413539853571304 0
0.44413725528683357 0
0.4441958755722109 0
0.4441977323233315 0
0.4442563526087088 0
0.44425820935982935 0
0.46155172404646544 0
0.4615541112979062 0
0.4615893895691966 0
0.46162466784048706 0
0.46165994611177746 0
0.4616952243830679 0
0.46173050265435833 0
0.4617657809256488 0
0.4618010591969392 0
0.46183633746822966 0
0.4618716157395201 0
0.46190689401081053 0
0.461942172282101 0
0.4619774505533914 0
0.46201272882468186 0
0.46204800709597227 0
0.46208328536726273 0
0.46211856363855314 0
0.4621538419098436 0
0.462189120181134 0
0.46222439845242447 0
0.46225967672371493 0
0.46229495499500534 0
0.4623302332662958 0
0.4623655115375862 0
0.46240078980887667 0
0.4624360680801671 0
0.46247134635145754 0
0.46250662462274794 0
0.4625419028940384 0
0.4625771811653288 0
0.46261245943661927 0
0.46264773770790973 0
0.46268301597920014 0
0.4627182942504906 0
0.462753572521781 0
0.46278885079307147 0
0.4628241290643619 0
0.46285940733565234 0
0.46289468560694275 0
0.4629299638782332 0
0.4629652421495236 0
0.4630005204208141 0
0.4630357986921045 0
0.46307107696339495 0
0.4631063552346854 0
0.4631416335059758 0
0.4631769117772663 0
0.4632121900485567 0
0.46324746831984714 0
0.46328274659113755 0
0.463318024862428 0
0.4633533031337184 0
0.4633885814050089 0
0.4634238596762993 0
0.46345913794758975 0
0.4634944162188802 0
0.4635296944901706 0
0.4635649727614611 0
0.4636002510327515 0
0.46363552930404195 0
0.46367080757533236 0
0.4637060858466228 0
0.4637413641179132 0
0.4637766423892037 0
0.4638119206604941 0
0.46384719893178455 0
0.463882477203075 0
0.4639177554743654 0
0.4639530337456559 0
0.4639883120169463 0
0.46402359028823675 0
0.46405886855952716 0
0.4640941468308176 0
0.46412942510210803 0
0.4641647033733985 0
0.4641999816446889 0
0.46423525991597936 0
0.4642705381872698 0
0.4643058164585602 0
0.4643410947298507 0
0.4643763730011411 0
0.46441165127243156 0
0.46444692954372196 0
0.4644822078150124 0
0.46451748608630283 0
0.4645527643575933 0
0.4645880426288837 0
0.46462332090017416 0
0.4646585991714646 0
0.46469387744275503 0
0.4647291557140455 0
0.4647644339853359 0
0.46479971225662636 0
0.46483499052791677 0
0.46487026879920723 0
0.46490554707049764 0
0.4649408253417881 0
0.4649761036130785 0
0.46501138188436897 0
0.46504666015565943 0
0.5151723091564886 0
0.5151741659076091 0
0.51517708365937 0
0.5151789404104905 0
0.5152375606958679 0
0.5152394174469884 0
0.5152980377323658 0
0.5152998944834863 0
0.5153585147688636 0
0.5153603715199843 0
0.5154189918053615 0
0.5154208485564821 0
0.5154794688418595 0
0.51548132559298 0
0.5155399458783574 0
0.5155418026294779 0
0.5156004229148552 0
0.5156022796659758 0
0.5156608999513531 0
0.5156627567024736 0
0.515721376987851 0
0.5157232337389716 0
0.515781854024349 0
0.5157837107754695 0
0.5158423310608468 0
0.5158441878119674 0
0.5159028080973447 0
0.5159046648484652 0
0.5159632851338426 0
0.5159651418849631 0
0.5160237621703405 0
0.516025618921461 0
0.5160842392068383 0
0.516086095957959 0
0.5161447162433362 0
0.5161465729944568 0
0.5162051932798342 0
0.5162070500309547 0
0.5162656703163321 0
0.5162675270674526 0
0.5163261473528299 0
0.5163280041039505 0
0.5163866243893278 0
0.5163884811404483 0
0.5164471014258257 0
0.5164489581769462 0
0.5165075784623236 0
0.5165094352134442 0
0.5165680554988215 0
0.5165699122499421 0
0.5166285325353194 0
0.5166303892864399 0
0.5166890095718173 0
0.5166908663229378 0
0.5167494866083152 0
0.5167513433594357 0
0.516809963644813 0
0.5168118203959337 0
0.5168704406813109 0
0.5168722974324315 0
0.5169309177178089 0
0.5169327744689294 0
0.5169913947543068 0
0.5169932515054273 0
0.5170518717908046 0
0.5170537285419252 0
0.5171123488273025 0
0.517114205578423 0
0.5171728258638004 0
0.5171746826149209 0
0.5172333029002983 0
0.5172351596514189 0
0.5172937799367961 0
0.5172956366879168 0
0.5173542569732941 0
0.5173561137244146 0
0.517414734009792 0
0.5174165907609125 0
0.5174752110462899 0
0.5174770677974104 0
0.5175356880827877 0
0.5175375448339083 0
0.5175961651192856 0
0.5175980218704062 0
0.5176566421557836 0
0.5176584989069041 0
0.5177171191922815 0
0.517718975943402 0
0.5177775962287793 0
0.5177794529798999 0
0.5178380732652772 0
0.5178399300163977 0
0.5178985503017751 0
0.5179004070528956 0
0.517959027338273 0
0.5179608840893936 0
0.5180195043747708 0
0.5180213611258915 0
0.5180799814112688 0
0.5180818381623893 0
0.5181404584477667 0
0.5181423151988872 0
0.5182009354842646 0
0.5182027922353851 0
0.5182614125207624 0
0.518263269271883 0
0.5183218895572603 0
0.5183237463083809 0
0.5183823665937582 0
0.5183842233448788 0
0.5184428436302562 0
0.5184447003813767 0
0.518503320666754 0
0.5185051774178746 0
0.5185637977032519 0
0.5185656544543724 0
0.5186242747397498 0
0.5186261314908703 0
0.5186847517762477 0
0.5186866085273683 0
0.5187452288127455 0
0.5187470855638662 0
0.5188057058492435 0
0.518807562600364 0
0.5188661828857414 0
0.5188680396368619 0
0.5189266599222393 0
0.5189285166733598 0
0.5189871369587371 0
0.5189889937098577 0
0.519047613995235 0
0.5190494707463555 0
0.5191080910317329 0
0.5191099477828535 0
0.5191685680682309 0
0.5191704248193514 0
0.5192290451047287 0
0.5192309018558493 0
0.5192895221412266 0
0.5192913788923471 0
0.5193499991777245 0
0.519351855928845 0
0.5194104762142224 0
0.519412332965343 0
0.5194709532507202 0
0.5194728100018409 0
0.5195314302872182 0
0.5195332870383387 0
0.5195919073237161 0
0.5195937640748366 0
0.519652384360214 0
0.5196542411113345 0
0.5197128613967118 0
0.5197147181478324 0
0.5197733384332097 0
0.5197751951843302 0
0.5198338154697076 0
0.5198356722208282 0
0.5198942925062056 0
0.5198961492573261 0
0.5199547695427034 0
0.519956626293824 0
0.5200152465792013 0
0.5200171033303218 0
0.5200757236156992 0
0.5200775803668197 0
0.5201362006521971 0
0.5201380574033176 0
0.5201966776886949 0
0.5201985344398156 0
0.5202571547251928 0
0.5202590114763134 0
0.5203176317616908 0
0.5203194885128113 0
0.5203781087981887 0
0.5203799655493092 0
0.5204385858346866 0
0.5204404425858071 0
0.5204990628711844 0
0.520500919622305 0
0.5205595399076823 0
0.5205613966588029 0
0.5206200169441803 0
0.5206218736953008 0
0.5206804939806782 0
0.5206823507317987 0
0.520740971017176 0
0.5207428277682966 0
0.5208014480536739 0
0.5208033048047944 0
0.5208619250901718 0
0.5208637818412923 0
0.5209224021266697 0
0.5209242588777903 0
0.5209828791631675 0
0.5209847359142882 0
0.5210433561996655 0
0.521045212950786 0
0.5211038332361634 0
0.5211056899872839 0
0.5211643102726613 0
0.5211661670237818 0
0.5384596817104179 0
0.5384620689618587 0
0.538497347233149 0
0.5385326255044395 0
0.5385679037757299 0
0.5386031820470204 0
0.5386384603183108 0
0.5386737385896012 0
0.5387090168608917 0
0.5387442951321821 0
0.5387795734034726 0
0.538814851674763 0
0.5388501299460534 0
0.5388854082173439 0
0.5389206864886343 0
0.5389559647599247 0
0.5389912430312152 0
0.5390265213025056 0
0.5390617995737961 0
0.5390970778450864 0
0.5391323561163769 0
0.5391676343876673 0
0.5392029126589578 0
0.5392381909302483 0
0.5392734692015386 0
0.5393087474728291 0
0.5393440257441195 0
0.53937930401541 0
0.5394145822867004 0
0.5394498605579908 0
0.5394851388292813 0
0.5395204171005717 0
0.5395556953718622 0
0.5395909736431526 0
0.539626251914443 0
0.5396615301857335 0
0.539696808457024 0
0.5397320867283143 0
0.5397673649996048 0
0.5398026432708952 0
0.5398379215421857 0
0.539873199813476 0
0.5399084780847665 0
0.539943756356057 0
0.5399790346273474 0
0.5400143128986379 0
0.5400495911699282 0
0.5400848694412187 0
0.5401201477125092 0
0.5401554259837996 0
0.54019070425509 0
0.5402259825263804 0
0.5402612607976709 0
0.5402965390689614 0
0.5403318173402518 0
0.5403670956115422 0
0.5404023738828326 0
0.5404376521541231 0
0.5404729304254136 0
0.5405082086967039 0
0.5405434869679944 0
0.5405787652392848 0
0.5406140435105753 0
0.5406493217818656 0
0.5406846000531561 0
0.5407198783244466 0
0.540755156595737 0
0.5407904348670275 0
0.5408257131383178 0
0.5408609914096083 0
0.5408962696808988 0
0.5409315479521892 0
0.5409668262234796 0
0.54100210449477 0
0.5410373827660605 0
0.541072661037351 0
0.5411079393086414 0
0.5411432175799318 0
0.5411784958512222 0
0.5412137741225127 0
0.5412490523938032 0
0.5412843306650935 0
0.541319608936384 0
0.5413548872076744 0
0.5413901654789649 0
0.5414254437502553 0
0.5414607220215457 0
0.5414960002928362 0
0.5415312785641266 0
0.5415665568354171 0
0.5416018351067075 0
0.5416371133779979 0
0.5416723916492884 0
0.5417076699205788 0
0.5417429481918692 0
0.5417782264631597 0
0.5418135047344501 0
0.5418487830057406 0
0.5418840612770309 0
0.5419193395483214 0
0.5419546178196119 0
0.592080266820441 0
0.5920821235715615 0
0.5920850413233224 0
0.592086898074443 0
0.5921455183598203 0
0.5921473751109408 0
0.5922059953963182 0
0.5922078521474388 0
0.5922664724328162 0
0.5922683291839367 0
0.592326949469314 0
0.5923288062204346 0
0.5923874265058119 0
0.5923892832569324 0
0.5924479035423098 0
0.5924497602934303 0
0.5925083805788077 0
0.5925102373299282 0
0.5925688576153055 0
0.5925707143664262 0
0.5926293346518035 0
0.592631191402924 0
0.5926898116883014 0
0.5926916684394219 0
0.5927502887247993 0
0.5927521454759198 0
0.5928107657612971 0
0.5928126225124177 0
0.592871242797795 0
0.5928730995489155 0
0.5929317198342929 0
0.5929335765854135 0
0.5929921968707909 0
0.5929940536219114 0
0.5930526739072887 0
0.5930545306584093 0
0.5931131509437866 0
0.5931150076949071 0
0.5931736279802845 0
0.593175484731405 0
0.5932341050167824 0
0.5932359617679029 0
0.5932945820532802 0
0.5932964388044009 0
0.5933550590897781 0
0.5933569158408987 0
0.5934155361262761 0
0.5934173928773966 0
0.593476013162774 0
0.5934778699138945 0
0.5935364901992718 0
0.5935383469503924 0
0.5935969672357697 0
0.5935988239868902 0
0.5936574442722676 0
0.5936593010233882 0
0.5937179213087656 0
0.5937197780598861 0
0.5937783983452634 0
0.593780255096384 0
0.5938388753817613 0
0.5938407321328818 0
0.5938993524182592 0
0.5939012091693797 0
0.5939598294547571 0
0.5939616862058776 0
0.5940203064912549 0
0.5940221632423756 0
0.5940807835277528 0
0.5940826402788734 0
0.5941412605642508 0
0.5941431173153713 0
0.5942017376007487 0
0.5942035943518692 0
0.5942622146372465 0
0.5942640713883671 0
0.5943226916737444 0
0.5943245484248649 0
0.5943831687102423 0
0.5943850254613628 0
0.5944436457467402 0
0.5944455024978608 0
0.594504122783238 0
0.5945059795343587 0
0.594564599819736 0
0.5945664565708565 0
0.5946250768562339 0
0.5946269336073544 0
0.5946855538927318 0
0.5946874106438523 0
0.5947460309292296 0
0.5947478876803503 0
0.5948065079657275 0
0.5948083647168481 0
0.5948669850022255 0
0.594868841753346 0
0.5949274620387234 0
0.5949293187898439 0
0.5949879390752212 0
0.5949897958263418 0
0.5950484161117191 0
0.5950502728628396 0
0.595108893148217 0
0.5951107498993375 0
0.5951693701847149 0
0.5951712269358355 0
0.5952298472212127 0
0.5952317039723334 0
0.5952903242577107 0
0.5952921810088312 0
0.5953508012942086 0
0.5953526580453291 0
0.5954112783307065 0
0.595413135081827 0
0.5954717553672043 0
0.595473612118325 0
0.5955322324037022 0
0.5955340891548228 0
0.5955927094402002 0
0.5955945661913207 0
0.5956531864766981 0
0.5956550432278186 0
0.5957136635131959 0
0.5957155202643165 0
0.5957741405496938 0
0.5957759973008143 0
0.5958346175861917 0
0.5958364743373122 0
0.5958950946226896 0
0.5958969513738102 0
0.5959555716591874 0
0.5959574284103081 0
0.5960160486956854 0
0.5960179054468059 0
0.5960765257321833 0
0.5960783824833038 0
0.5961370027686812 0
0.5961388595198017 0
0.596197479805179 0
0.5961993365562996 0
0.5962579568416769 0
0.5962598135927974 0
0.5963184338781748 0
0.5963202906292954 0
0.5963789109146728 0
0.5963807676657933 0
0.5964393879511706 0
0.5964412447022912 0
0.5964998649876685 0
0.596501721738789 0
0.5965603420241664 0
0.5965621987752869 0
0.5966208190606643 0
0.5966226758117849 0
0.5966812960971621 0
0.5966831528482828 0
0.5967417731336601 0
0.5967436298847807 0
0.596802250170158 0
0.5968041069212785 0
0.5968627272066559 0
0.5968645839577764 0
0.5969232042431538 0
0.5969250609942743 0
0.5969836812796516 0
0.5969855380307723 0
0.5970441583161495 0
0.5970460150672701 0
0.5971046353526475 0
0.597106492103768 0
0.5971651123891454 0
0.5971669691402659 0
0.5972255894256432 0
0.5972274461767638 0
0.5972860664621411 0
0.5972879232132616 0
0.597346543498639 0
0.5973484002497595 0
0.597407020535137 0
0.5974088772862575 0
0.5974674975716348 0
0.5974693543227554 0
0.5975279746081327 0
0.5975298313592532 0
0.5975884516446306 0
0.5975903083957511 0
0.5976489286811285 0
0.597650785432249 0
0.5977094057176263 0
0.597711262468747 0
0.5977698827541242 0
0.5977717395052448 0
0.5978303597906222 0
0.5978322165417427 0
0.5978908368271201 0
0.5978926935782406 0
0.5979513138636179 0
0.5979531706147385 0
0.5980117909001158 0
0.5980136476512363 0
0.5980722679366137 0
0.5980741246877342 0
0.6153676393743703 0
0.6153700266258111 0
0.6154053048971015 0
0.6154405831683919 0
0.6154758614396824 0
0.6155111397109728 0
0.6155464179822633 0
0.6155816962535536 0
0.6156169745248441 0
0.6156522527961346 0
0.615687531067425 0
0.6157228093387155 0
0.6157580876100058 0
0.6157933658812963 0
0.6158286441525868 0
0.6158639224238772 0
0.6158992006951676 0
0.615934478966458 0
0.6159697572377485 0
0.616005035509039 0
0.6160403137803294 0
0.6160755920516198 0
0.6161108703229102 0
0.6161461485942007 0
0.6161814268654912 0
0.6162167051367815 0
0.616251983408072 0
0.6162872616793624 0
0.6163225399506529 0
0.6163578182219432 0
0.6163930964932337 0
0.6164283747645242 0
0.6164636530358146 0
0.6164989313071051 0
0.6165342095783954 0
0.6165694878496859 0
0.6166047661209764 0
0.6166400443922668 0
0.6166753226635572 0
0.6167106009348476 0
0.6167458792061381 0
0.6167811574774286 0
0.616816435748719 0
0.6168517140200094 0
0.6168869922912998 0
0.6169222705625903 0
0.6169575488338808 0
0.6169928271051711 0
0.6170281053764616 0
0.617063383647752 0
0.6170986619190425 0
0.6171339401903329 0
0.6171692184616233 0
0.6172044967329138 0
0.6172397750042042 0
0.6172750532754947 0
0.617310331546785 0
0.6173456098180755 0
0.617380888089366 0
0.6174161663606564 0
0.6174514446319468 0
0.6174867229032373 0
0.6175220011745277 0
0.6175572794458182 0
0.6175925577171086 0
0.617627835988399 0
0.6176631142596894 0
0.6176983925309799 0
0.6177336708022704 0
0.6177689490735607 0
0.6178042273448512 0
0.6178395056161416 0
0.6178747838874321 0
0.6179100621587225 0
0.6179453404300129 0
0.6179806187013034 0
0.6180158969725938 0
0.6180511752438843 0
0.6180864535151747 0
0.6181217317864651 0
0.6181570100577556 0
0.618192288329046 0
0.6182275666003364 0
0.6182628448716269 0
0.6182981231429173 0
0.6183334014142078 0
0.6183686796854981 0
0.6184039579567886 0
0.6184392362280791 0
0.6184745144993695 0
0.61850979277066 0
0.6185450710419503 0
0.6185803493132408 0
0.6186156275845313 0
0.6186509058558217 0
0.6186861841271121 0
0.6187214623984025 0
0.618756740669693 0
0.6187920189409835 0
0.6188272972122739 0
0.6188625754835643 0
0.6689882244843934 0
0.6689900812355141 0
0.6689929989872749 0
0.6689948557383955 0
0.6690534760237727 0
0.6690553327748934 0
0.6691139530602707 0
0.6691158098113912 0
0.6691744300967686 0
0.6691762868478891 0
0.6692349071332665 0
0.669236763884387 0
0.6692953841697643 0
0.6692972409208849 0
0.6693558612062622 0
0.6693577179573827 0
0.6694163382427601 0
0.6694181949938807 0
0.6694768152792581 0
0.6694786720303786 0
0.6695372923157559 0
0.6695391490668765 0
0.6695977693522538 0
0.6695996261033743 0
0.6696582463887517 0
0.6696601031398722 0
0.6697187234252496 0
0.6697205801763702 0
0.6697792004617474 0
0.6697810572128681 0
0.6698396774982454 0
0.6698415342493659 0
0.6699001545347433 0
0.6699020112858638 0
0.6699606315712412 0
0.6699624883223617 0
0.670021108607739 0
0.6700229653588596 0
0.6700815856442369 0
0.6700834423953574 0
0.6701420626807348 0
0.6701439194318554 0
0.6702025397172328 0
0.6702043964683533 0
0.6702630167537306 0
0.6702648735048512 0
0.6703234937902285 0
0.670325350541349 0
0.6703839708267264 0
0.6703858275778469 0
0.6704444478632243 0
0.6704463046143448 0
0.6705049248997221 0
0.6705067816508428 0
0.67056540193622 0
0.6705672586873406 0
0.670625878972718 0
0.6706277357238385 0
0.6706863560092159 0
0.6706882127603364 0
0.6707468330457137 0
0.6707486897968343 0
0.6708073100822116 0
0.6708091668333321 0
0.6708677871187095 0
0.6708696438698301 0
0.6709282641552075 0
0.670930120906328 0
0.6709887411917053 0
0.6709905979428259 0
0.6710492182282032 0
0.6710510749793237 0
0.6711096952647011 0
0.6711115520158216 0
0.671170172301199 0
0.6711720290523195 0
0.6712306493376968 0
0.6712325060888175 0
0.6712911263741947 0
0.6712929831253153 0
0.6713516034106927 0
0.6713534601618132 0
0.6714120804471906 0
0.6714139371983111 0
0.6714725574836884 0
0.671474414234809 0
0.6715330345201863 0
0.6715348912713068 0
0.6715935115566842 0
0.6715953683078048 0
0.6716539885931821 0
0.6716558453443027 0
0.67171446562968 0
0.6717163223808006 0
0.6717749426661779 0
0.6717767994172984 0
0.6718354197026758 0
0.6718372764537963 0
0.6718958967391737 0
0.6718977534902942 0
0.6719563737756715 0
0.6719582305267922 0
0.6720168508121694 0
0.67201870756329 0
0.6720773278486674 0
0.6720791845997879 0
0.6721378048851653 0
0.6721396616362858 0
0.6721982819216631 0
0.6722001386727837 0
0.672258758958161 0
0.6722606157092815 0
0.6723192359946589 0
0.6723210927457794 0
0.6723797130311568 0
0.6723815697822774 0
0.6724401900676547 0
0.6724420468187753 0
0.6725006671041526 0
0.6725025238552731 0
0.6725611441406505 0
0.672563000891771 0
0.6726216211771484 0
0.6726234779282689 0
0.6726820982136462 0
0.6726839549647669 0
0.6727425752501441 0
0.6727444320012647 0
0.6728030522866421 0
0.6728049090377626 0
0.67286352932314 0
0.6728653860742605 0
0.6729240063596378 0
0.6729258631107584 0
0.6729844833961357 0
0.6729863401472562 0
0.6730449604326336 0
0.6730468171837541 0
0.6731054374691315 0
0.6731072942202521 0
0.6731659145056295 0
0.67316777125675 0
0.6732263915421273 0
0.6732282482932479 0
0.6732868685786252 0
0.6732887253297457 0
0.6733473456151231 0
0.6733492023662436 0
0.673407822651621 0
0.6734096794027415 0
0.6734682996881188 0
0.6734701564392395 0
0.6735287767246168 0
0.6735306334757373 0
0.6735892537611147 0
0.6735911105122352 0
0.6736497307976126 0
0.6736515875487331 0
0.6737102078341104 0
0.673712064585231 0
0.6737706848706083 0
0.6737725416217288 0
0.6738311619071062 0
0.6738330186582268 0
0.6738916389436042 0
0.6738934956947247 0
0.673952115980102 0
0.6739539727312226 0
0.6740125930165999 0
0.6740144497677204 0
0.6740730700530978 0
0.6740749268042183 0
0.6741335470895957 0
0.6741354038407162 0
0.6741940241260935 0
0.6741958808772142 0
0.6742545011625914 0
0.674256357913712 0
0.6743149781990894 0
0.6743168349502099 0
0.6743754552355873 0
0.6743773119867078 0
0.6744359322720851 0
0.6744377890232057 0
0.674496409308583 0
0.6744982660597035 0
0.6745568863450809 0
0.6745587430962015 0
0.6746173633815788 0
0.6746192201326994 0
0.6746778404180767 0
0.6746796971691973 0
0.6747383174545746 0
0.6747401742056951 0
0.6747987944910725 0
0.674800651242193 0
0.6748592715275704 0
0.6748611282786909 0
0.6749197485640682 0
0.6749216053151889 0
0.6749802256005661 0
0.6749820823516867 0
0.6922755970383229 0
0.6922779842897635 0
0.692313262561054 0
0.6923485408323444 0
0.6923838191036348 0
0.6924190973749252 0
0.6924543756462157 0
0.6924896539175062 0
0.6925249321887966 0
0.692560210460087 0
0.6925954887313774 0
0.6926307670026679 0
0.6926660452739584 0
0.6927013235452487 0
0.6927366018165392 0
0.6927718800878296 0
0.6928071583591201 0
0.6928424366304105 0
0.6928777149017009 0
0.6929129931729914 0
0.6929482714442818 0
0.6929835497155723 0
0.6930188279868627 0
0.6930541062581531 0
0.6930893845294436 0
0.693124662800734 0
0.6931599410720244 0
0.6931952193433149 0
0.6932304976146053 0
0.6932657758858958 0
0.6933010541571862 0
0.6933363324284766 0
0.693371610699767 0
0.6934068889710575 0
0.693442167242348 0
0.6934774455136383 0
0.6935127237849288 0
0.6935480020562192 0
0.6935832803275097 0
0.6936185585988001 0
0.6936538368700905 0
0.693689115141381 0
0.6937243934126714 0
0.6937596716839619 0
0.6937949499552523 0
0.6938302282265427 0
0.6938655064978332 0
0.6939007847691236 0
0.693936063040414 0
0.6939713413117045 0
0.6940066195829949 0
0.6940418978542854 0
0.6940771761255758 0
0.6941124543968662 0
0.6941477326681567 0
0.6941830109394471 0
0.6942182892107376 0
0.6942535674820279 0
0.6942888457533184 0
0.6943241240246089 0
0.6943594022958993 0
0.6943946805671897 0
0.6944299588384801 0
0.6944652371097706 0
0.6945005153810611 0
0.6945357936523515 0
0.6945710719236419 0
0.6946063501949323 0
0.6946416284662228 0
0.6946769067375133 0
0.6947121850088036 0
0.6947474632800941 0
0.6947827415513845 0
0.694818019822675 0
0.6948532980939655 0
0.6948885763652558 0
0.6949238546365463 0
0.6949591329078367 0
0.6949944111791272 0
0.6950296894504175 0
0.695064967721708 0
0.6951002459929985 0
0.6951355242642889 0
0.6951708025355793 0
0.6952060808068697 0
0.6952413590781602 0
0.6952766373494507 0
0.6953119156207411 0
0.6953471938920315 0
0.6953824721633219 0
0.6954177504346124 0
0.6954530287059029 0
0.6954883069771932 0
0.6955235852484837 0
0.6955588635197741 0
0.6955941417910646 0
0.695629420062355 0
0.6956646983336454 0
0.6956999766049359 0
0.6957352548762263 0
0.6957705331475168 0
0.745896182148346 0
0.7458980388994665 0
0.7459009566512274 0
0.7459028134023479 0
0.7459614336877253 0
0.7459632904388458 0
0.7460219107242231 0
0.7460237674753437 0
0.746082387760721 0
0.7460842445118415 0
0.7461428647972189 0
0.7461447215483394 0
0.7462033418337168 0
0.7462051985848374 0
0.7462638188702146 0
0.7462656756213353 0
0.7463242959067126 0
0.7463261526578331 0
0.7463847729432105 0
0.746386629694331 0
0.7464452499797084 0
0.7464471067308289 0
0.7465057270162062 0
0.7465075837673268 0
0.7465662040527041 0
0.7465680608038247 0
0.746626681089202 0
0.7466285378403226 0
0.7466871581257 0
0.7466890148768205 0
0.7467476351621978 0
0.7467494919133184 0
0.7468081121986957 0
0.7468099689498162 0
0.7468685892351936 0
0.7468704459863141 0
0.7469290662716915 0
0.746930923022812 0
0.7469895433081893 0
0.74699140005931 0
0.7470500203446873 0
0.7470518770958078 0
0.7471104973811852 0
0.7471123541323057 0
0.7471709744176831 0
0.7471728311688036 0
0.7472314514541809 0
0.7472333082053015 0
0.7472919284906788 0
0.7472937852417993 0
0.7473524055271767 0
0.7473542622782973 0
0.7474128825636747 0
0.7474147393147952 0
0.7474733596001725 0
0.7474752163512931 0
0.7475338366366704 0
0.7475356933877909 0
0.7475943136731683 0
0.7475961704242888 0
0.7476547907096662 0
0.7476566474607867 0
0.747715267746164 0
0.7477171244972847 0
0.747775744782662 0
0.7477776015337825 0
0.7478362218191599 0
0.7478380785702804 0
0.7478966988556578 0
0.7478985556067783 0
0.7479571758921556 0
0.7479590326432762 0
0.7480176529286535 0
0.748019509679774 0
0.7480781299651514 0
0.748079986716272 0
0.7481386070016494 0
0.7481404637527699 0
0.7481990840381472 0
0.7482009407892678 0
0.7482595610746451 0
0.7482614178257656 0
0.748320038111143 0
0.7483218948622635 0
0.7483805151476409 0
0.7483823718987614 0
0.7484409921841387 0
0.7484428489352594 0
0.7485014692206367 0
0.7485033259717572 0
0.7485619462571346 0
0.7485638030082551 0
0.7486224232936325 0
0.748624280044753 0
0.7486829003301303 0
0.7486847570812509 0
0.7487433773666282 0
0.7487452341177487 0
0.7488038544031261 0
0.7488057111542467 0
0.748864331439624 0
0.7488661881907446 0
0.7489248084761219 0
0.7489266652272425 0
0.7489852855126198 0
0.7489871422637403 0
0.7490457625491177 0
0.7490476193002382 0
0.7491062395856156 0
0.7491080963367361 0
0.7491667166221134 0
0.7491685733732341 0
0.7492271936586113 0
0.7492290504097319 0
0.7492876706951093 0
0.7492895274462298 0
0.7493481477316072 0
0.7493500044827277 0
0.7494086247681051 0
0.7494104815192256 0
0.7494691018046029 0
0.7494709585557235 0
0.7495295788411008 0
0.7495314355922214 0
0.7495900558775987 0
0.7495919126287193 0
0.7496505329140967 0
0.7496523896652172 0
0.7497110099505945 0
0.7497128667017151 0
0.7497714869870924 0
0.7497733437382129 0
0.7498319640235903 0
0.7498338207747108 0
0.7498924410600882 0
0.7498942978112088 0
0.749952918096586 0
0.7499547748477067 0
0.750013395133084 0
0.7500152518842045 0
0.7500738721695819 0
0.7500757289207024 0
0.7501343492060798 0
0.7501362059572003 0
0.7501948262425776 0
0.7501966829936982 0
0.7502553032790755 0
0.750257160030196 0
0.7503157803155734 0
0.750317637066694 0
0.7503762573520714 0
0.7503781141031919 0
0.7504367343885692 0
0.7504385911396898 0
0.7504972114250671 0
0.7504990681761876 0
0.750557688461565 0
0.7505595452126855 0
0.7506181654980629 0
0.7506200222491834 0
0.7506786425345607 0
0.7506804992856814 0
0.7507391195710587 0
0.7507409763221792 0
0.7507995966075566 0
0.7508014533586771 0
0.7508600736440545 0
0.750861930395175 0
0.7509205506805523 0
0.7509224074316729 0
0.7509810277170502 0
0.7509828844681707 0
0.7510415047535481 0
0.7510433615046687 0
0.7511019817900461 0
0.7511038385411666 0
0.7511624588265439 0
0.7511643155776645 0
0.7512229358630418 0
0.7512247926141623 0
0.7512834128995397 0
0.7512852696506602 0
0.7513438899360376 0
0.7513457466871581 0
0.7514043669725354 0
0.7514062237236561 0
0.7514648440090334 0
0.7514667007601539 0
0.7515253210455313 0
0.7515271777966518 0
0.7515857980820292 0
0.7515876548331497 0
0.751646275118527 0
0.7516481318696476 0
0.7517067521550249 0
0.7517086089061454 0
0.7517672291915228 0
0.7517690859426434 0
0.7518277062280208 0
0.7518295629791413 0
0.7518881832645186 0
0.7518900400156392 0
0.7691835547022753 0
0.7691859419537159 0
0.7692212202250064 0
0.7692564984962968 0
0.7692917767675873 0
0.7693270550388777 0
0.7693623333101681 0
0.7693976115814586 0
0.769432889852749 0
0.7694681681240395 0
0.7695034463953299 0
0.7695387246666203 0
0.7695740029379108 0
0.7696092812092012 0
0.7696445594804916 0
0.7696798377517821 0
0.7697151160230725 0
0.769750394294363 0
0.7697856725656534 0
0.7698209508369438 0
0.7698562291082343 0
0.7698915073795247 0
0.7699267856508152 0
0.7699620639221055 0
0.769997342193396 0
0.7700326204646865 0
0.7700678987359769 0
0.7701031770072673 0
0.7701384552785577 0
0.7701737335498482 0
0.7702090118211387 0
0.7702442900924291 0
0.7702795683637195 0
0.7703148466350099 0
0.7703501249063004 0
0.7703854031775909 0
0.7704206814488812 0
0.7704559597201717 0
0.7704912379914621 0
0.7705265162627526 0
0.770561794534043 0
0.7705970728053334 0
0.7706323510766239 0
0.7706676293479143 0
0.7707029076192048 0
0.7707381858904951 0
0.7707734641617856 0
0.7708087424330761 0
0.7708440207043665 0
0.7708792989756569 0
0.7709145772469473 0
0.7709498555182378 0
0.7709851337895283 0
0.7710204120608187 0
0.7710556903321091 0
0.7710909686033995 0
0.77112624687469 0
0.7711615251459805 0
0.7711968034172708 0
0.7712320816885613 0
0.7712673599598517 0
0.7713026382311422 0
0.7713379165024327 0
0.771373194773723 0
0.7714084730450135 0
0.7714437513163039 0
0.7714790295875944 0
0.7715143078588848 0
0.7715495861301752 0
0.7715848644014657 0
0.7716201426727561 0
0.7716554209440465 0
0.771690699215337 0
0.7717259774866274 0
0.7717612557579179 0
0.7717965340292083 0
0.7718318123004987 0
0.7718670905717891 0
0.7719023688430796 0
0.7719376471143701 0
0.7719729253856604 0
0.7720082036569509 0
0.7720434819282413 0
0.7720787601995318 0
0.7721140384708223 0
0.7721493167421126 0
0.7721845950134031 0
0.7722198732846935 0
0.772255151555984 0
0.7722904298272744 0
0.7723257080985648 0
0.7723609863698553 0
0.7723962646411457 0
0.7724315429124361 0
0.7724668211837266 0
0.772502099455017 0
0.7725373777263075 0
0.772572655997598 0
0.7726079342688883 0
0.7726432125401788 0
0.7726784908114692 0
0.8228041398122984 0
0.8228059965634189 0
0.8228089143151798 0
0.8228107710663003 0
0.8228693913516777 0
0.8228712481027982 0
0.8229298683881756 0
0.8229317251392961 0
0.8229903454246734 0
0.822992202175794 0
0.8230508224611713 0
0.8230526792122919 0
0.8231112994976693 0
0.8231131562487898 0
0.8231717765341672 0
0.8231736332852877 0
0.823232253570665 0
0.8232341103217856 0
0.8232927306071629 0
0.8232945873582834 0
0.8233532076436608 0
0.8233550643947813 0
0.8234136846801587 0
0.8234155414312793 0
0.8234741617166565 0
0.8234760184677772 0
0.8235346387531545 0
0.823536495504275 0
0.8235951157896524 0
0.8235969725407729 0
0.8236555928261503 0
0.8236574495772708 0
0.8237160698626481 0
0.8237179266137687 0
0.823776546899146 0
0.8237784036502666 0
0.823837023935644 0
0.8238388806867645 0
0.8238975009721419 0
0.8238993577232624 0
0.8239579780086397 0
0.8239598347597603 0
0.8240184550451376 0
0.8240203117962581 0
0.8240789320816355 0
0.824080788832756 0
0.8241394091181334 0
0.824141265869254 0
0.8241998861546312 0
0.8242017429057519 0
0.8242603631911292 0
0.8242622199422497 0
0.8243208402276271 0
0.8243226969787476 0
0.824381317264125 0
0.8243831740152455 0
0.8244417943006228 0
0.8244436510517434 0
0.8245022713371207 0
0.8245041280882413 0
0.8245627483736186 0
0.8245646051247392 0
0.8246232254101166 0
0.8246250821612371 0
0.8246837024466144 0
0.824685559197735 0
0.8247441794831123 0
0.8247460362342328 0
0.8248046565196102 0
0.8248065132707307 0
0.8248651335561081 0
0.8248669903072287 0
0.8249256105926059 0
0.8249274673437266 0
0.8249860876291039 0
0.8249879443802244 0
0.8250465646656018 0
0.8250484214167223 0
0.8251070417020997 0
0.8251088984532202 0
0.8251675187385975 0
0.8251693754897181 0
0.8252279957750954 0
0.825229852526216 0
0.8252884728115933 0
0.8252903295627139 0
0.8253489498480913 0
0.8253508065992118 0
0.8254094268845891 0
0.8254112836357097 0
0.825469903921087 0
0.8254717606722075 0
0.8255303809575849 0
0.8255322377087054 0
0.8255908579940828 0
0.8255927147452033 0
0.8256513350305807 0
0.8256531917817013 0
0.8257118120670786 0
0.8257136688181992 0
0.8257722891035765 0
0.825774145854697 0
0.8258327661400744 0
0.8258346228911949 0
0.8258932431765723 0
0.8258950999276928 0
0.8259537202130701 0
0.8259555769641908 0
0.826014197249568 0
0.8260160540006886 0
0.826074674286066 0
0.8260765310371865 0
0.8261351513225639 0
0.8261370080736844 0
0.8261956283590617 0
0.8261974851101823 0
0.8262561053955596 0
0.8262579621466801 0
0.8263165824320575 0
0.826318439183178 0
0.8263770594685554 0
0.826378916219676 0
0.8264375365050532 0
0.8264393932561739 0
0.8264980135415512 0
0.8264998702926717 0
0.8265584905780491 0
0.8265603473291696 0
0.826618967614547 0
0.8266208243656675 0
0.8266794446510448 0
0.8266813014021654 0
0.8267399216875427 0
0.8267417784386633 0
0.8268003987240407 0
0.8268022554751612 0
0.8268608757605386 0
0.8268627325116591 0
0.8269213527970364 0
0.826923209548157 0
0.8269818298335343 0
0.8269836865846548 0
0.8270423068700322 0
0.8270441636211527 0
0.8271027839065301 0
0.8271046406576507 0
0.827163260943028 0
0.8271651176941486 0
0.8272237379795259 0
0.8272255947306464 0
0.8272842150160238 0
0.8272860717671443 0
0.8273446920525217 0
0.8273465488036422 0
0.8274051690890195 0
0.8274070258401401 0
0.8274656461255174 0
0.827467502876638 0
0.8275261231620153 0
0.8275279799131359 0
0.8275866001985133 0
0.8275884569496338 0
0.8276470772350111 0
0.8276489339861317 0
0.827707554271509 0
0.8277094110226295 0
0.8277680313080069 0
0.8277698880591274 0
0.8278285083445048 0
0.8278303650956254 0
0.8278889853810026 0
0.8278908421321233 0
0.8279494624175006 0
0.8279513191686211 0
0.8280099394539985 0
0.828011796205119 0
0.8280704164904964 0
0.8280722732416169 0
0.8281308935269942 0
0.8281327502781148 0
0.8281913705634921 0
0.8281932273146126 0
0.82825184759999 0
0.8282537043511106 0
0.828312324636488 0
0.8283141813876085 0
0.8283728016729858 0
0.8283746584241064 0
0.8284332787094837 0
0.8284351354606042 0
0.8284937557459816 0
0.8284956124971021 0
0.8285542327824795 0
0.8285560895336 0
0.8286147098189773 0
0.828616566570098 0
0.8286751868554753 0
0.8286770436065958 0
0.8287356638919732 0
0.8287375206430937 0
0.8287961409284711 0
0.8287979976795916 0
0.8460915123662277 0
0.8460938996176685 0
0.8461291778889588 0
0.8461644561602493 0
0.8461997344315397 0
0.8462350127028302 0
0.8462702909741207 0
0.846305569245411 0
0.8463408475167015 0
0.8463761257879919 0
0.8464114040592824 0
0.8464466823305727 0
0.8464819606018632 0
0.8465172388731537 0
0.8465525171444441 0
0.8465877954157345 0
0.8466230736870249 0
0.8466583519583154 0
0.8466936302296059 0
0.8467289085008963 0
0.8467641867721867 0
0.8467994650434771 0
0.8468347433147676 0
0.8468700215860581 0
0.8469052998573484 0
0.8469405781286389 0
0.8469758563999293 0
0.8470111346712198 0
0.8470464129425103 0
0.8470816912138006 0
0.8471169694850911 0
0.8471522477563815 0
0.847187526027672 0
0.8472228042989624 0
0.8472580825702528 0
0.8472933608415433 0
0.8473286391128337 0
0.8473639173841241 0
0.8473991956554145 0
0.847434473926705 0
0.8474697521979955 0
0.8475050304692859 0
0.8475403087405763 0
0.8475755870118667 0
0.8476108652831572 0
0.8476461435544477 0
0.847681421825738 0
0.8477167000970285 0
0.847751978368319 0
0.8477872566396094 0
0.8478225349108999 0
0.8478578131821902 0
0.8478930914534807 0
0.8479283697247711 0
0.8479636479960616 0
0.847998926267352 0
0.8480342045386424 0
0.8480694828099329 0
0.8481047610812233 0
0.8481400393525137 0
0.8481753176238042 0
0.8482105958950946 0
0.8482458741663851 0
0.8482811524376755 0
0.8483164307089659 0
0.8483517089802564 0
0.8483869872515468 0
0.8484222655228373 0
0.8484575437941276 0
0.8484928220654181 0
0.8485281003367086 0
0.848563378607999 0
0.8485986568792895 0
0.8486339351505798 0
0.8486692134218703 0
0.8487044916931608 0
0.8487397699644512 0
0.8487750482357416 0
0.848810326507032 0
0.8488456047783225 0
0.848880883049613 0
0.8489161613209033 0
0.8489514395921938 0
0.8489867178634842 0
0.8490219961347747 0
0.8490572744060652 0
0.8490925526773555 0
0.849127830948646 0
0.8491631092199364 0
0.8491983874912269 0
0.8492336657625172 0
0.8492689440338077 0
0.8493042223050982 0
0.8493395005763886 0
0.849374778847679 0
0.8494100571189694 0
0.8494453353902599 0
0.8494806136615504 0
0.8495158919328408 0
0.8495511702041312 0
0.8495864484754216 0
0.8997120974762508 0
0.8997139542273713 0
0.8997168719791322 0
0.8997187287302528 0
0.8997773490156301 0
0.8997792057667506 0
0.899837826052128 0
0.8998396828032486 0
0.899898303088626 0
0.8999001598397465 0
0.8999587801251238 0
0.8999606368762444 0
0.9000192571616217 0
0.9000211139127422 0
0.9000797341981196 0
0.9000815909492401 0
0.9001402112346175 0
0.900142067985738 0
0.9002006882711153 0
0.900202545022236 0
0.9002611653076132 0
0.9002630220587338 0
0.9003216423441112 0
0.9003234990952317 0
0.9003821193806091 0
0.9003839761317296 0
0.9004425964171069 0
0.9004444531682275 0
0.9005030734536048 0
0.9005049302047253 0
0.9005635504901027 0
0.9005654072412232 0
0.9006240275266006 0
0.9006258842777212 0
0.9006845045630985 0
0.9006863613142191 0
0.9007449815995964 0
0.9007468383507169 0
0.9008054586360943 0
0.9008073153872148 0
0.9008659356725922 0
0.9008677924237127 0
0.90092641270909 0
0.9009282694602107 0
0.9009868897455879 0
0.9009887464967085 0
0.9010473667820859 0
0.9010492235332064 0
0.9011078438185838 0
0.9011097005697043 0
0.9011683208550816 0
0.9011701776062022 0
0.9012287978915795 0
0.9012306546427 0
0.9012892749280774 0
0.9012911316791979 0
0.9013497519645753 0
0.9013516087156959 0
0.9014102290010731 0
0.9014120857521938 0
0.9014707060375711 0
0.9014725627886916 0
0.901531183074069 0
0.9015330398251895 0
0.9015916601105669 0
0.9015935168616874 0
0.9016521371470647 0
0.9016539938981853 0
0.9017126141835626 0
0.9017144709346832 0
0.9017730912200606 0
0.9017749479711811 0
0.9018335682565585 0
0.901835425007679 0
0.9018940452930563 0
0.9018959020441769 0
0.9019545223295542 0
0.9019563790806748 0
0.9020149993660521 0
0.9020168561171726 0
0.90207547640255 0
0.9020773331536706 0
0.902135953439048 0
0.9021378101901685 0
0.9021964304755458 0
0.9021982872266664 0
0.9022569075120437 0
0.9022587642631642 0
0.9023173845485416 0
0.9023192412996621 0
0.9023778615850395 0
0.90237971833616 0
0.9024383386215373 0
0.902440195372658 0
0.9024988156580352 0
0.9025006724091558 0
0.9025592926945332 0
0.9025611494456537 0
0.9026197697310311 0
0.9026216264821516 0
0.9026802467675289 0
0.9026821035186495 0
0.9027407238040268 0
0.9027425805551473 0
0.9028012008405247 0
0.9028030575916453 0
0.9028616778770227 0
0.9028635346281432 0
0.9029221549135205 0
0.9029240116646411 0
0.9029826319500184 0
0.9029844887011389 0
0.9030431089865163 0
0.9030449657376368 0
0.9031035860230142 0
0.9031054427741347 0
0.903164063059512 0
0.9031659198106327 0
0.9032245400960099 0
0.9032263968471305 0
0.9032850171325079 0
0.9032868738836284 0
0.9033454941690058 0
0.9033473509201263 0
0.9034059712055036 0
0.9034078279566242 0
0.9034664482420015 0
0.903468304993122 0
0.9035269252784994 0
0.90352878202962 0
0.9035874023149973 0
0.9035892590661179 0
0.9036478793514952 0
0.9036497361026158 0
0.9037083563879931 0
0.9037102131391136 0
0.903768833424491 0
0.9037706901756115 0
0.9038293104609889 0
0.9038311672121094 0
0.9038897874974867 0
0.9038916442486074 0
0.9039502645339846 0
0.9039521212851052 0
0.9040107415704826 0
0.9040125983216031 0
0.9040712186069805 0
0.904073075358101 0
0.9041316956434783 0
0.9041335523945989 0
0.9041921726799762 0
0.9041940294310967 0
0.9042526497164741 0
0.9042545064675946 0
0.904313126752972 0
0.9043149835040926 0
0.9043736037894698 0
0.9043754605405905 0
0.9044340808259678 0
0.9044359375770883 0
0.9044945578624657 0
0.9044964146135862 0
0.9045550348989636 0
0.9045568916500841 0
0.9046155119354614 0
0.904617368686582 0
0.9046759889719593 0
0.9046778457230799 0
0.9047364660084573 0
0.9047383227595778 0
0.9047969430449552 0
0.9047987997960757 0
0.904857420081453 0
0.9048592768325736 0
0.9049178971179509 0
0.9049197538690714 0
0.9049783741544488 0
0.9049802309055693 0
0.9050388511909467 0
0.9050407079420673 0
0.9050993282274445 0
0.9051011849785652 0
0.9051598052639425 0
0.905161662015063 0
0.9052202823004404 0
0.9052221390515609 0
0.9052807593369383 0
0.9052826160880588 0
0.9053412363734361 0
0.9053430931245567 0
0.905401713409934 0
0.9054035701610545 0
0.905462190446432 0
0.9054640471975525 0
0.9055226674829299 0
0.9055245242340504 0
0.9055831445194277 0
0.9055850012705483 0
0.9056436215559256 0
0.9056454783070461 0
0.9057040985924235 0
0.905705955343544 0
0.9229994700301801 0
0.9230018572816209 0
0.9230371355529113 0
0.9230724138242017 0
0.9231076920954921 0
0.9231429703667826 0
0.9231782486380731 0
0.9232135269093635 0
0.9232488051806539 0
0.9232840834519443 0
0.9233193617232348 0
0.9233546399945253 0
0.9233899182658156 0
0.9234251965371061 0
0.9234604748083965 0
0.923495753079687 0
0.9235310313509775 0
0.9235663096222678 0
0.9236015878935583 0
0.9236368661648487 0
0.9236721444361392 0
0.9237074227074296 0
0.92374270097872 0
0.9237779792500105 0
0.923813257521301 0
0.9238485357925913 0
0.9238838140638818 0
0.9239190923351722 0
0.9239543706064627 0
0.9239896488777531 0
0.9240249271490435 0
0.924060205420334 0
0.9240954836916244 0
0.9241307619629149 0
0.9241660402342052 0
0.9242013185054957 0
0.9242365967767862 0
0.9242718750480766 0
0.9243071533193671 0
0.9243424315906574 0
0.9243777098619479 0
0.9244129881332384 0
0.9244482664045288 0
0.9244835446758192 0
0.9245188229471096 0
0.9245541012184001 0
0.9245893794896906 0
0.9246246577609809 0
0.9246599360322714 0
0.9246952143035618 0
0.9247304925748523 0
0.9247657708461428 0
0.9248010491174331 0
0.9248363273887236 0
0.924871605660014 0
0.9249068839313045 0
0.9249421622025948 0
0.9249774404738853 0
0.9250127187451758 0
0.9250479970164662 0
0.9250832752877567 0
0.925118553559047 0
0.9251538318303375 0
0.925189110101628 0
0.9252243883729184 0
0.9252596666442088 0
0.9252949449154992 0
0.9253302231867897 0
0.9253655014580802 0
0.9254007797293705 0
0.925436058000661 0
0.9254713362719514 0
0.9255066145432419 0
0.9255418928145324 0
0.9255771710858227 0
0.9256124493571132 0
0.9256477276284036 0
0.9256830058996941 0
0.9257182841709845 0
0.9257535624422749 0
0.9257888407135654 0
0.9258241189848558 0
0.9258593972561463 0
0.9258946755274367 0
0.9259299537987271 0
0.9259652320700176 0
0.926000510341308 0
0.9260357886125984 0
0.9260710668838888 0
0.9261063451551793 0
0.9261416234264698 0
0.9261769016977601 0
0.9262121799690506 0
0.926247458240341 0
0.9262827365116315 0
0.926318014782922 0
0.9263532930542123 0
0.9263885713255028 0
0.9264238495967932 0
0.9264591278680837 0
0.9264944061393741 0
0.9766200551402032 0
0.9766219118913239 0
0.9766248296430847 0
0.9766266863942052 0
0.9766853066795825 0
0.9766871634307032 0
0.9767457837160805 0
0.976747640467201 0
0.9768062607525784 0
0.9768081175036989 0
0.9768667377890763 0
0.9768685945401968 0
0.9769272148255741 0
0.9769290715766947 0
0.976987691862072 0
0.9769895486131925 0
0.9770481688985699 0
0.9770500256496905 0
0.9771086459350679 0
0.9771105026861884 0
0.9771691229715657 0
0.9771709797226863 0
0.9772296000080636 0
0.9772314567591841 0
0.9772900770445615 0
0.977291933795682 0
0.9773505540810594 0
0.9773524108321799 0
0.9774110311175572 0
0.9774128878686779 0
0.9774715081540551 0
0.9774733649051757 0
0.9775319851905531 0
0.9775338419416736 0
0.977592462227051 0
0.9775943189781715 0
0.9776529392635488 0
0.9776547960146694 0
0.9777134163000467 0
0.9777152730511672 0
0.9777738933365446 0
0.9777757500876652 0
0.9778343703730425 0
0.9778362271241631 0
0.9778948474095404 0
0.977896704160661 0
0.9779553244460383 0
0.9779571811971588 0
0.9780158014825362 0
0.9780176582336567 0
0.9780762785190341 0
0.9780781352701546 0
0.9781367555555319 0
0.9781386123066526 0
0.9781972325920298 0
0.9781990893431504 0
0.9782577096285278 0
0.9782595663796483 0
0.9783181866650257 0
0.9783200434161462 0
0.9783786637015236 0
0.9783805204526441 0
0.9784391407380214 0
0.978440997489142 0
0.9784996177745193 0
0.9785014745256398 0
0.9785600948110172 0
0.9785619515621378 0
0.9786205718475152 0
0.9786224285986357 0
0.978681048884013 0
0.9786829056351336 0
0.9787415259205109 0
0.9787433826716314 0
0.9788020029570088 0
0.9788038597081293 0
0.9788624799935067 0
0.9788643367446273 0
0.9789229570300045 0
0.9789248137811252 0
0.9789834340665025 0
0.978985290817623 0
0.9790439111030004 0
0.9790457678541209 0
0.9791043881394983 0
0.9791062448906188 0
0.9791648651759961 0
0.9791667219271167 0
0.979225342212494 0
0.9792271989636145 0
0.9792858192489919 0
0.9792876760001125 0
0.9793462962854899 0
0.9793481530366104 0
0.9794067733219877 0
0.9794086300731083 0
0.9794672503584856 0
0.9794691071096061 0
0.9795277273949835 0
0.979529584146104 0
0.9795882044314814 0
0.979590061182602 0
0.9796486814679792 0
0.9796505382190999 0
0.9797091585044772 0
0.9797110152555977 0
0.9797696355409751 0
0.9797714922920956 0
0.979830112577473 0
0.9798319693285935 0
0.9798905896139708 0
0.9798924463650914 0
0.9799510666504687 0
0.9799529234015892 0
0.9800115436869666 0
0.9800134004380872 0
0.9800720207234646 0
0.9800738774745851 0
0.9801324977599624 0
0.980134354511083 0
0.9801929747964603 0
0.9801948315475808 0
0.9802534518329582 0
0.9802553085840787 0
0.9803139288694561 0
0.9803157856205766 0
0.9803744059059539 0
0.9803762626570746 0
0.9804348829424518 0
0.9804367396935724 0
0.9804953599789498 0
0.9804972167300703 0
0.9805558370154477 0
0.9805576937665682 0
0.9806163140519455 0
0.9806181708030661 0
0.9806767910884434 0
0.9806786478395639 0
0.9807372681249413 0
0.9807391248760619 0
0.9807977451614392 0
0.9807996019125598 0
0.9808582221979371 0
0.9808600789490577 0
0.980918699234435 0
0.9809205559855555 0
0.9809791762709329 0
0.9809810330220534 0
0.9810396533074308 0
0.9810415100585513 0
0.9811001303439286 0
0.9811019870950493 0
0.9811606073804265 0
0.9811624641315471 0
0.9812210844169245 0
0.981222941168045 0
0.9812815614534224 0
0.9812834182045429 0
0.9813420384899202 0
0.9813438952410408 0
0.9814025155264181 0
0.9814043722775386 0
0.981462992562916 0
0.9814648493140365 0
0.981523469599414 0
0.9815253263505345 0
0.9815839466359118 0
0.9815858033870324 0
0.9816444236724097 0
0.9816462804235302 0
0.9817049007089076 0
0.9817067574600281 0
0.9817653777454055 0
0.981767234496526 0
0.9818258547819033 0
0.981827711533024 0
0.9818863318184012 0
0.9818881885695218 0
0.9819468088548992 0
0.9819486656060197 0
0.9820072858913971 0
0.9820091426425176 0
0.9820677629278949 0
0.9820696196790155 0
0.9821282399643928 0
0.9821300967155133 0
0.9821887170008907 0
0.9821905737520112 0
0.9822491940373886 0
0.9822510507885092 0
0.9823096710738864 0
0.9823115278250071 0
0.9823701481103844 0
0.9823720048615049 0
0.9824306251468823 0
0.9824324818980028 0
0.9824911021833802 0
0.9824929589345007 0
0.982551579219878 0
0.9825534359709986 0
0.9826120562563759 0
0.9826139130074965 0
