0.05992027641188682 1
0.06010701252458206 1
0.06655789641769048 1
0.07500452251522934 1
0.13682823407583927 1
0.1370149701885345 1
0.14346585408164295 1
0.1519124801791818 1
0.21373619173979172 1
0.21392292785248695 1
0.2203738117455954 1
0.22882043784313424 1
0.29064414940374417 1
0.29083088551643943 1
0.2972817694095478 1
0.3057283955070867 1
0.36755210706769664 1
0.36773884318039185 1
0.3741897270735003 1
0.3826363531710391 1
0.44446006473164906 1
0.4446468008443443 1
0.45109768473745276 1
0.4595443108349916 1
0.5213680223956015 1
0.5215547585082968 1
0.5280056424014052 1
0.536452268498944 1
0.598275980059554 1
0.5984627161722492 1
0.6049136000653577 1
0.6133602261628965 1
0.6751839377235064 1
0.6753706738362016 1
0.6818215577293101 1
0.690268183826849 1
0.7520918953874589 1
0.7522786315001541 1
0.7587295153932625 1
0.7671761414908014 1
0.8289998530514113 1
0.8291865891641066 1
0.835637473057215 1
0.8440840991547538 1
0.9059078107153637 1
0.906094546828059 1
0.9125454307211674 1
0.9209920568187063 1
0.9828157683793162 1
0.9830025044920114 1
0.9894533883851199 1
0.9979000144826587 1
