0.0036477202013991414 1
0.006716929803667136 2
0.053746578936060385 3
0.053807055972558276 3
0.05386753300905617 3
0.053928010045554066 3
0.05398848708205196 3
0.05404896411854985 3
0.05410944115504774 3
0.05416991819154563 3
0.05423039522804352 3
0.054290872264541414 3
0.054351349301039305 3
0.054411826337537196 3
0.05447230337403509 3
0.05453278041053298 3
0.05459325744703087 3
0.05465373448352876 3
0.05471421152002665 3
0.054774688556524544 3
0.054835165593022435 3
0.054895642629520326 3
0.05495611966601822 3
0.05501659670251611 3
0.055077073739014 3
0.05513755077551189 3
0.05519802781200978 3
0.055258504848507674 3
0.055318981885005565 3
0.055379458921503456 3
0.05543993595800135 3
0.05550041299449924 3
0.05556089003099714 3
0.05562136706749503 3
0.05568184410399292 3
0.05574232114049081 3
0.0558027981769887 3
0.05586327521348659 3
0.055923752249984485 3
0.055984229286482376 3
0.05604470632298027 3
0.05610518335947816 3
0.05616566039597605 3
0.05622613743247394 3
0.05628661446897183 3
0.056347091505469724 3
0.056407568541967615 3
0.056468045578465506 3
0.0565285226149634 3
0.05658899965146129 3
0.05664947668795918 3
0.05670995372445707 3
0.05677043076095496 3
0.056830907797452854 3
0.056891384833950745 3
0.056951861870448636 3
0.05701233890694653 3
0.05707281594344442 3
0.05713329297994231 3
0.05719377001644021 3
0.0572542470529381 3
0.05731472408943599 3
0.05737520112593388 3
0.05743567816243177 3
0.057496155198929665 3
0.057556632235427556 3
0.05761710927192545 3
0.05767758630842334 3
0.05773806334492123 3
0.05779854038141912 3
0.05785901741791701 3
0.0579194944544149 3
0.057979971490912795 3
0.058040448527410686 3
0.05810092556390858 3
0.05816140260040647 3
0.05822187963690436 3
0.05828235667340225 3
0.05834283370990014 3
0.058403310746398034 3
0.058463787782895925 3
0.058524264819393816 3
0.05858474185589171 3
0.0586452188923896 3
0.05870569592888749 3
0.05876617296538538 3
0.05882665000188328 3
0.05888712703838117 3
0.05894760407487906 3
0.05900808111137695 3
0.059068558147874844 3
0.059129035184372736 3
0.05918951222087063 3
0.05924998925736852 3
0.05931046629386641 3
0.0593709433303643 3
0.05943142036686219 3
0.05949189740336008 3
0.059552374439857975 3
0.059612851476355866 3
0.05967332851285376 3
0.05973380554935165 3
0.05979056908360844 3
0.059969082441341255 3
0.06015528805371634 3
0.06857538913524734 3
0.08055567786535159 3
0.08362488746761959 3
0.13065453660001283 3
0.13071501363651072 3
0.13077549067300862 3
0.1308359677095065 3
0.1308964447460044 3
0.1309569217825023 3
0.13101739881900018 3
0.13107787585549807 3
0.13113835289199596 3
0.13119882992849385 3
0.13125930696499175 3
0.13131978400148964 3
0.13138026103798753 3
0.13144073807448542 3
0.1315012151109833 3
0.1315616921474812 3
0.1316221691839791 3
0.13168264622047698 3
0.13174312325697488 3
0.13180360029347277 3
0.13186407732997066 3
0.13192455436646855 3
0.13198503140296644 3
0.13204550843946433 3
0.13210598547596222 3
0.13216646251246011 3
0.132226939548958 3
0.1322874165854559 3
0.1323478936219538 3
0.13240837065845168 3
0.13246884769494957 3
0.13252932473144746 3
0.13258980176794535 3
0.13265027880444327 3
0.13271075584094116 3
0.13277123287743905 3
0.13283170991393695 3
0.13289218695043484 3
0.13295266398693273 3
0.13301314102343062 3
0.1330736180599285 3
0.1331340950964264 3
0.1331945721329243 3
0.13325504916942219 3
0.13331552620592008 3
0.13337600324241797 3
0.13343648027891586 3
0.13349695731541375 3
0.13355743435191164 3
0.13361791138840953 3
0.13367838842490742 3
0.13373886546140532 3
0.1337993424979032 3
0.1338598195344011 3
0.133920296570899 3
0.13398077360739688 3
0.13404125064389477 3
0.13410172768039266 3
0.13416220471689055 3
0.13422268175338845 3
0.13428315878988634 3
0.13434363582638423 3
0.13440411286288212 3
0.13446458989938 3
0.1345250669358779 3
0.1345855439723758 3
0.13464602100887368 3
0.13470649804537158 3
0.13476697508186947 3
0.13482745211836736 3
0.13488792915486525 3
0.13494840619136314 3
0.13500888322786103 3
0.13506936026435892 3
0.13512983730085681 3
0.1351903143373547 3
0.1352507913738526 3
0.1353112684103505 3
0.13537174544684838 3
0.13543222248334627 3
0.13549269951984416 3
0.13555317655634205 3
0.13561365359283994 3
0.13567413062933784 3
0.13573460766583573 3
0.13579508470233362 3
0.1358555617388315 3
0.1359160387753294 3
0.1359765158118273 3
0.13603699284832518 3
0.13609746988482307 3
0.13615794692132097 3
0.13621842395781886 3
0.13627890099431675 3
0.13633937803081464 3
0.13639985506731253 3
0.13646033210381042 3
0.1365208091403083 3
0.1365812861768062 3
0.1366417632133041 3
0.1366985267475609 3
0.1368770401052937 3
0.13706324571766879 3
0.1454833467991998 3
0.15746363552930404 3
0.16053284513157204 3
0.20756249426396528 3
0.20762297130046317 3
0.20768344833696106 3
0.20774392537345895 3
0.20780440240995685 3
0.20786487944645474 3
0.20792535648295263 3
0.20798583351945052 3
0.2080463105559484 3
0.2081067875924463 3
0.2081672646289442 3
0.20822774166544208 3
0.20828821870193998 3
0.20834869573843787 3
0.20840917277493576 3
0.20846964981143365 3
0.20853012684793154 3
0.20859060388442943 3
0.20865108092092732 3
0.20871155795742521 3
0.2087720349939231 3
0.208832512030421 3
0.2088929890669189 3
0.2089534661034168 3
0.2090139431399147 3
0.2090744201764126 3
0.20913489721291048 3
0.20919537424940837 3
0.20925585128590626 3
0.20931632832240415 3
0.20937680535890205 3
0.20943728239539994 3
0.20949775943189783 3
0.20955823646839572 3
0.2096187135048936 3
0.2096791905413915 3
0.2097396675778894 3
0.20980014461438729 3
0.20986062165088518 3
0.20992109868738307 3
0.20998157572388096 3
0.21004205276037885 3
0.21010252979687674 3
0.21016300683337463 3
0.21022348386987252 3
0.21028396090637042 3
0.2103444379428683 3
0.2104049149793662 3
0.2104653920158641 3
0.21052586905236198 3
0.21058634608885987 3
0.21064682312535776 3
0.21070730016185565 3
0.21076777719835355 3
0.21082825423485144 3
0.21088873127134933 3
0.21094920830784722 3
0.2110096853443451 3
0.211070162380843 3
0.2111306394173409 3
0.21119111645383878 3
0.21125159349033668 3
0.21131207052683457 3
0.21137254756333246 3
0.21143302459983035 3
0.21149350163632824 3
0.21155397867282613 3
0.21161445570932402 3
0.21167493274582191 3
0.2117354097823198 3
0.2117958868188177 3
0.2118563638553156 3
0.21191684089181348 3
0.21197731792831137 3
0.21203779496480926 3
0.21209827200130715 3
0.21215874903780504 3
0.21221922607430294 3
0.21227970311080083 3
0.21234018014729872 3
0.2124006571837966 3
0.2124611342202945 3
0.2125216112567924 3
0.21258208829329028 3
0.21264256532978817 3
0.21270304236628607 3
0.21276351940278396 3
0.21282399643928185 3
0.21288447347577974 3
0.21294495051227763 3
0.21300542754877552 3
0.2130659045852734 3
0.2131263816217713 3
0.2131868586582692 3
0.2132473356947671 3
0.21330781273126498 3
0.21336828976776287 3
0.21342876680426076 3
0.21348924384075865 3
0.21354972087725654 3
0.21360648441151334 3
0.21378499776924614 3
0.21397120338162123 3
0.22239130446315225 3
0.23437159319325648 3
0.23744080279552449 3
0.28447045192791776 3
0.2845309289644156 3
0.28459140600091354 3
0.2846518830374114 3
0.2847123600739093 3
0.2847728371104072 3
0.2848333141469051 3
0.28489379118340297 3
0.2849542682199009 3
0.28501474525639875 3
0.28507522229289667 3
0.28513569932939453 3
0.28519617636589245 3
0.2852566534023903 3
0.28531713043888823 3
0.2853776074753861 3
0.285438084511884 3
0.2854985615483819 3
0.2855590385848798 3
0.28561951562137766 3
0.2856799926578756 3
0.28574046969437344 3
0.28580094673087136 3
0.2858614237673692 3
0.28592190080386715 3
0.285982377840365 3
0.28604285487686293 3
0.2861033319133608 3
0.2861638089498587 3
0.2862242859863566 3
0.2862847630228545 3
0.28634524005935236 3
0.2864057170958503 3
0.28646619413234814 3
0.28652667116884606 3
0.2865871482053439 3
0.28664762524184184 3
0.2867081022783397 3
0.2867685793148376 3
0.2868290563513355 3
0.2868895333878334 3
0.28695001042433127 3
0.2870104874608292 3
0.28707096449732705 3
0.28713144153382497 3
0.28719191857032283 3
0.28725239560682075 3
0.2873128726433186 3
0.28737334967981654 3
0.2874338267163144 3
0.2874943037528123 3
0.2875547807893102 3
0.2876152578258081 3
0.28767573486230597 3
0.2877362118988039 3
0.28779668893530175 3
0.28785716597179967 3
0.28791764300829753 3
0.28797812004479545 3
0.2880385970812933 3
0.28809907411779123 3
0.2881595511542891 3
0.288220028190787 3
0.2882805052272849 3
0.2883409822637828 3
0.28840145930028066 3
0.2884619363367786 3
0.2885224133732765 3
0.28858289040977436 3
0.2886433674462723 3
0.28870384448277014 3
0.28876432151926806 3
0.2888247985557659 3
0.28888527559226385 3
0.2889457526287617 3
0.28900622966525963 3
0.2890667067017575 3
0.2891271837382554 3
0.2891876607747533 3
0.2892481378112512 3
0.28930861484774906 3
0.289369091884247 3
0.28942956892074484 3
0.28949004595724276 3
0.2895505229937406 3
0.28961100003023854 3
0.2896714770667364 3
0.2897319541032343 3
0.2897924311397322 3
0.2898529081762301 3
0.28991338521272797 3
0.2899738622492259 3
0.29003433928572375 3
0.29009481632222167 3
0.29015529335871953 3
0.29021577039521745 3
0.2902762474317153 3
0.29033672446821324 3
0.2903972015047111 3
0.290457678541209 3
0.2905144420754658 3
0.2906929554331986 3
0.2908791610455737 3
0.29929926212710467 3
0.31127955085720893 3
0.31434876045947696 3
0.3613784095918702 3
0.3614388866283681 3
0.36149936366486596 3
0.3615598407013639 3
0.36162031773786174 3
0.36168079477435966 3
0.3617412718108575 3
0.36180174884735544 3
0.3618622258838533 3
0.3619227029203512 3
0.3619831799568491 3
0.362043656993347 3
0.36210413402984487 3
0.3621646110663428 3
0.36222508810284065 3
0.3622855651393386 3
0.36234604217583644 3
0.36240651921233435 3
0.3624669962488322 3
0.36252747328533014 3
0.362587950321828 3
0.3626484273583259 3
0.3627089043948238 3
0.3627693814313217 3
0.36282985846781957 3
0.3628903355043175 3
0.36295081254081535 3
0.36301128957731327 3
0.36307176661381113 3
0.36313224365030905 3
0.3631927206868069 3
0.36325319772330483 3
0.3633136747598027 3
0.3633741517963006 3
0.3634346288327985 3
0.3634951058692964 3
0.36355558290579426 3
0.3636160599422922 3
0.36367653697879004 3
0.36373701401528796 3
0.3637974910517858 3
0.36385796808828375 3
0.3639184451247816 3
0.36397892216127953 3
0.3640393991977774 3
0.3640998762342753 3
0.3641603532707732 3
0.3642208303072711 3
0.36428130734376896 3
0.3643417843802669 3
0.36440226141676474 3
0.36446273845326266 3
0.3645232154897605 3
0.36458369252625844 3
0.3646441695627563 3
0.3647046465992542 3
0.3647651236357521 3
0.36482560067225 3
0.3648860777087479 3
0.3649465547452458 3
0.3650070317817437 3
0.36506750881824157 3
0.3651279858547395 3
0.36518846289123735 3
0.36524893992773527 3
0.36530941696423314 3
0.36536989400073105 3
0.3654303710372289 3
0.36549084807372684 3
0.3655513251102247 3
0.3656118021467226 3
0.3656722791832205 3
0.3657327562197184 3
0.36579323325621627 3
0.3658537102927142 3
0.36591418732921205 3
0.36597466436570997 3
0.36603514140220783 3
0.36609561843870575 3
0.3661560954752036 3
0.36621657251170153 3
0.3662770495481994 3
0.3663375265846973 3
0.3663980036211952 3
0.3664584806576931 3
0.36651895769419096 3
0.3665794347306889 3
0.36663991176718674 3
0.36670038880368466 3
0.3667608658401825 3
0.36682134287668045 3
0.3668818199131783 3
0.3669422969496762 3
0.3670027739861741 3
0.367063251022672 3
0.3671237280591699 3
0.3671842050956678 3
0.36724468213216566 3
0.3673051591686636 3
0.36736563620516144 3
0.36742239973941826 3
0.36760091309715104 3
0.36778711870952613 3
0.37620721979105715 3
0.3881875085211614 3
0.3912567181234294 3
0.43828636725582265 3
0.4383468442923205 3
0.43840732132881843 3
0.4384677983653163 3
0.4385282754018142 3
0.4385887524383121 3
0.43864922947481 3
0.43870970651130786 3
0.4387701835478058 3
0.43883066058430364 3
0.43889113762080156 3
0.4389516146572994 3
0.43901209169379735 3
0.4390725687302952 3
0.43913304576679313 3
0.439193522803291 3
0.4392539998397889 3
0.4393144768762868 3
0.4393749539127847 3
0.43943543094928256 3
0.4394959079857805 3
0.43955638502227834 3
0.43961686205877626 3
0.4396773390952741 3
0.43973781613177204 3
0.4397982931682699 3
0.4398587702047678 3
0.4399192472412657 3
0.4399797242777636 3
0.44004020131426147 3
0.4401006783507594 3
0.44016115538725725 3
0.44022163242375517 3
0.44028210946025303 3
0.44034258649675095 3
0.4404030635332488 3
0.44046354056974674 3
0.4405240176062446 3
0.4405844946427425 3
0.4406449716792404 3
0.4407054487157383 3
0.44076592575223617 3
0.4408264027887341 3
0.44088687982523195 3
0.44094735686172987 3
0.44100783389822773 3
0.44106831093472565 3
0.44112878797122357 3
0.44118926500772143 3
0.44124974204421935 3
0.4413102190807172 3
0.44137069611721513 3
0.441431173153713 3
0.4414916501902109 3
0.4415521272267088 3
0.4416126042632067 3
0.44167308129970456 3
0.4417335583362025 3
0.44179403537270034 3
0.44185451240919826 3
0.4419149894456961 3
0.44197546648219405 3
0.4420359435186919 3
0.44209642055518983 3
0.4421568975916877 3
0.4422173746281856 3
0.4422778516646835 3
0.4423383287011814 3
0.44239880573767926 3
0.4424592827741772 3
0.44251975981067504 3
0.44258023684717296 3
0.4426407138836708 3
0.44270119092016874 3
0.4427616679566666 3
0.4428221449931645 3
0.4428826220296624 3
0.4429430990661603 3
0.44300357610265817 3
0.4430640531391561 3
0.44312453017565395 3
0.44318500721215187 3
0.44324548424864973 3
0.44330596128514765 3
0.4433664383216455 3
0.44342691535814344 3
0.4434873923946413 3
0.4435478694311392 3
0.4436083464676371 3
0.443668823504135 3
0.44372930054063286 3
0.4437897775771308 3
0.44385025461362865 3
0.44391073165012657 3
0.44397120868662443 3
0.44403168572312235 3
0.4440921627596202 3
0.44415263979611813 3
0.444213116832616 3
0.4442735938691139 3
0.4443303574033707 3
0.4445088707611035 3
0.4446950763734786 3
0.4531151774550096 3
0.4650954661851138 3
0.46816467578738186 3
0.5151943249197751 3
0.5152548019562729 3
0.5153152789927709 3
0.5153757560292688 3
0.5154362330657667 3
0.5154967101022645 3
0.5155571871387624 3
0.5156176641752603 3
0.5156781412117583 3
0.5157386182482561 3
0.515799095284754 3
0.5158595723212519 3
0.5159200493577498 3
0.5159805263942476 3
0.5160410034307455 3
0.5161014804672435 3
0.5161619575037414 3
0.5162224345402392 3
0.5162829115767371 3
0.516343388613235 3
0.516403865649733 3
0.5164643426862308 3
0.5165248197227287 3
0.5165852967592266 3
0.5166457737957245 3
0.5167062508322223 3
0.5167667278687202 3
0.5168272049052182 3
0.5168876819417161 3
0.5169481589782139 3
0.5170086360147118 3
0.5170691130512097 3
0.5171295900877076 3
0.5171900671242055 3
0.5172505441607034 3
0.5173110211972013 3
0.5173714982336992 3
0.5174319752701971 3
0.5174924523066949 3
0.5175529293431929 3
0.5176134063796908 3
0.5176738834161887 3
0.5177343604526865 3
0.5177948374891844 3
0.5178553145256823 3
0.5179157915621803 3
0.5179762685986781 3
0.518036745635176 3
0.5180972226716739 3
0.5181576997081718 3
0.5182181767446696 3
0.5182786537811676 3
0.5183391308176655 3
0.5183996078541634 3
0.5184600848906612 3
0.5185205619271591 3
0.518581038963657 3
0.518641516000155 3
0.5187019930366528 3
0.5187624700731507 3
0.5188229471096486 3
0.5188834241461465 3
0.5189439011826443 3
0.5190043782191422 3
0.5190648552556402 3
0.5191253322921381 3
0.5191858093286359 3
0.5192462863651338 3
0.5193067634016317 3
0.5193672404381297 3
0.5194277174746275 3
0.5194881945111254 3
0.5195486715476233 3
0.5196091485841212 3
0.519669625620619 3
0.5197301026571169 3
0.5197905796936149 3
0.5198510567301128 3
0.5199115337666106 3
0.5199720108031085 3
0.5200324878396064 3
0.5200929648761043 3
0.5201534419126022 3
0.5202139189491001 3
0.520274395985598 3
0.5203348730220959 3
0.5203953500585937 3
0.5204558270950916 3
0.5205163041315896 3
0.5205767811680875 3
0.5206372582045853 3
0.5206977352410832 3
0.5207582122775811 3
0.520818689314079 3
0.5208791663505768 3
0.5209396433870748 3
0.5210001204235727 3
0.5210605974600706 3
0.5211210744965684 3
0.5211815515330663 3
0.5212383150673231 3
0.521416828425056 3
0.521603034037431 3
0.530023135118962 3
0.5420034238490663 3
0.5450726334513343 3
0.5921022825837275 3
0.5921627596202255 3
0.5922232366567233 3
0.5922837136932212 3
0.5923441907297191 3
0.592404667766217 3
0.5924651448027148 3
0.5925256218392128 3
0.5925860988757107 3
0.5926465759122086 3
0.5927070529487064 3
0.5927675299852043 3
0.5928280070217022 3
0.5928884840582002 3
0.592948961094698 3
0.5930094381311959 3
0.5930699151676938 3
0.5931303922041917 3
0.5931908692406895 3
0.5932513462771875 3
0.5933118233136854 3
0.5933723003501833 3
0.5934327773866811 3
0.593493254423179 3
0.5935537314596769 3
0.5936142084961749 3
0.5936746855326727 3
0.5937351625691706 3
0.5937956396056685 3
0.5938561166421664 3
0.5939165936786643 3
0.5939770707151621 3
0.5940375477516601 3
0.594098024788158 3
0.5941585018246559 3
0.5942189788611537 3
0.5942794558976516 3
0.5943399329341496 3
0.5944004099706475 3
0.5944608870071453 3
0.5945213640436432 3
0.5945818410801411 3
0.594642318116639 3
0.5947027951531368 3
0.5947632721896348 3
0.5948237492261327 3
0.5948842262626306 3
0.5949447032991284 3
0.5950051803356263 3
0.5950656573721242 3
0.5951261344086222 3
0.59518661144512 3
0.5952470884816179 3
0.5953075655181158 3
0.5953680425546137 3
0.5954285195911115 3
0.5954889966276095 3
0.5955494736641074 3
0.5956099507006053 3
0.5956704277371031 3
0.595730904773601 3
0.5957913818100989 3
0.5958518588465969 3
0.5959123358830947 3
0.5959728129195926 3
0.5960332899560905 3
0.5960937669925884 3
0.5961542440290862 3
0.5962147210655842 3
0.5962751981020821 3
0.59633567513858 3
0.5963961521750778 3
0.5964566292115757 3
0.5965171062480736 3
0.5965775832845716 3
0.5966380603210694 3
0.5966985373575673 3
0.5967590143940652 3
0.5968194914305631 3
0.5968799684670609 3
0.5969404455035588 3
0.5970009225400568 3
0.5970613995765547 3
0.5971218766130525 3
0.5971823536495504 3
0.5972428306860483 3
0.5973033077225463 3
0.5973637847590441 3
0.597424261795542 3
0.5974847388320399 3
0.5975452158685378 3
0.5976056929050356 3
0.5976661699415335 3
0.5977266469780315 3
0.5977871240145294 3
0.5978476010510272 3
0.5979080780875251 3
0.597968555124023 3
0.598029032160521 3
0.5980895091970188 3
0.5981462727312756 3
0.5983247860890084 3
0.5985109917013834 3
0.6069310927829145 3
0.6189113815130187 3
0.6219805911152867 3
0.66901024024768 3
0.6690707172841779 3
0.6691311943206758 3
0.6691916713571736 3
0.6692521483936715 3
0.6693126254301694 3
0.6693731024666674 3
0.6694335795031652 3
0.6694940565396631 3
0.669554533576161 3
0.6696150106126589 3
0.6696754876491567 3
0.6697359646856547 3
0.6697964417221526 3
0.6698569187586505 3
0.6699173957951483 3
0.6699778728316462 3
0.6700383498681441 3
0.6700988269046421 3
0.67015930394114 3
0.6702197809776378 3
0.6702802580141357 3
0.6703407350506336 3
0.6704012120871315 3
0.6704616891236294 3
0.6705221661601273 3
0.6705826431966252 3
0.6706431202331231 3
0.6707035972696209 3
0.6707640743061188 3
0.6708245513426168 3
0.6708850283791147 3
0.6709455054156125 3
0.6710059824521104 3
0.6710664594886083 3
0.6711269365251062 3
0.671187413561604 3
0.671247890598102 3
0.6713083676345999 3
0.6713688446710978 3
0.6714293217075956 3
0.6714897987440935 3
0.6715502757805915 3
0.6716107528170894 3
0.6716712298535872 3
0.6717317068900851 3
0.671792183926583 3
0.6718526609630809 3
0.6719131379995787 3
0.6719736150360767 3
0.6720340920725746 3
0.6720945691090725 3
0.6721550461455703 3
0.6722155231820682 3
0.6722760002185661 3
0.6723364772550641 3
0.6723969542915619 3
0.6724574313280598 3
0.6725179083645577 3
0.6725783854010556 3
0.6726388624375534 3
0.6726993394740514 3
0.6727598165105493 3
0.6728202935470472 3
0.672880770583545 3
0.6729412476200429 3
0.6730017246565408 3
0.6730622016930388 3
0.6731226787295366 3
0.6731831557660345 3
0.6732436328025324 3
0.6733041098390303 3
0.6733645868755281 3
0.6734250639120261 3
0.673485540948524 3
0.6735460179850219 3
0.6736064950215197 3
0.6736669720580176 3
0.6737274490945155 3
0.6737879261310135 3
0.6738484031675113 3
0.6739088802040092 3
0.6739693572405071 3
0.674029834277005 3
0.6740903113135028 3
0.6741507883500008 3
0.6742112653864987 3
0.6742717424229966 3
0.6743322194594944 3
0.6743926964959923 3
0.6744531735324902 3
0.6745136505689882 3
0.674574127605486 3
0.6746346046419839 3
0.6746950816784818 3
0.6747555587149797 3
0.6748160357514775 3
0.6748765127879754 3
0.6749369898244734 3
0.6749974668609713 3
0.675054230395228 3
0.6752327437529608 3
0.675418949365336 3
0.683839050446867 3
0.6958193391769711 3
0.6988885487792392 3
0.7459181979116324 3
0.7459786749481303 3
0.7460391519846282 3
0.7460996290211261 3
0.746160106057624 3
0.7462205830941219 3
0.7462810601306198 3
0.7463415371671177 3
0.7464020142036156 3
0.7464624912401134 3
0.7465229682766114 3
0.7465834453131093 3
0.7466439223496072 3
0.746704399386105 3
0.7467648764226029 3
0.7468253534591008 3
0.7468858304955988 3
0.7469463075320966 3
0.7470067845685945 3
0.7470672616050924 3
0.7471277386415903 3
0.7471882156780881 3
0.747248692714586 3
0.747309169751084 3
0.7473696467875819 3
0.7474301238240797 3
0.7474906008605776 3
0.7475510778970755 3
0.7476115549335735 3
0.7476720319700713 3
0.7477325090065692 3
0.7477929860430671 3
0.747853463079565 3
0.7479139401160628 3
0.7479744171525607 3
0.7480348941890587 3
0.7480953712255566 3
0.7481558482620544 3
0.7482163252985523 3
0.7482768023350502 3
0.7483372793715481 3
0.748397756408046 3
0.7484582334445439 3
0.7485187104810418 3
0.7485791875175397 3
0.7486396645540375 3
0.7487001415905354 3
0.7487606186270334 3
0.7488210956635313 3
0.7488815727000291 3
0.748942049736527 3
0.7490025267730249 3
0.7490630038095228 3
0.7491234808460207 3
0.7491839578825186 3
0.7492444349190165 3
0.7493049119555144 3
0.7493653889920122 3
0.7494258660285101 3
0.749486343065008 3
0.749546820101506 3
0.7496072971380038 3
0.7496677741745017 3
0.7497282512109996 3
0.7497887282474975 3
0.7498492052839953 3
0.7499096823204933 3
0.7499701593569912 3
0.7500306363934891 3
0.7500911134299869 3
0.7501515904664848 3
0.7502120675029827 3
0.7502725445394807 3
0.7503330215759785 3
0.7503934986124764 3
0.7504539756489743 3
0.7505144526854722 3
0.75057492972197 3
0.750635406758468 3
0.7506958837949659 3
0.7507563608314638 3
0.7508168378679616 3
0.7508773149044595 3
0.7509377919409574 3
0.7509982689774554 3
0.7510587460139532 3
0.7511192230504511 3
0.751179700086949 3
0.7512401771234469 3
0.7513006541599447 3
0.7513611311964427 3
0.7514216082329406 3
0.7514820852694385 3
0.7515425623059363 3
0.7516030393424342 3
0.7516635163789321 3
0.7517239934154301 3
0.7517844704519279 3
0.7518449474884258 3
0.7519054245249237 3
0.7519621880591805 3
0.7521407014169134 3
0.7523269070292884 3
0.7607470081108194 3
0.7727272968409237 3
0.7757965064431916 3
0.8228261555755849 3
0.8228866326120828 3
0.8229471096485806 3
0.8230075866850786 3
0.8230680637215765 3
0.8231285407580744 3
0.8231890177945722 3
0.8232494948310701 3
0.823309971867568 3
0.823370448904066 3
0.8234309259405638 3
0.8234914029770617 3
0.8235518800135596 3
0.8236123570500575 3
0.8236728340865553 3
0.8237333111230533 3
0.8237937881595512 3
0.8238542651960491 3
0.8239147422325469 3
0.8239752192690448 3
0.8240356963055427 3
0.8240961733420407 3
0.8241566503785385 3
0.8242171274150364 3
0.8242776044515343 3
0.8243380814880322 3
0.82439855852453 3
0.824459035561028 3
0.8245195125975259 3
0.8245799896340238 3
0.8246404666705216 3
0.8247009437070195 3
0.8247614207435174 3
0.8248218977800154 3
0.8248823748165132 3
0.8249428518530111 3
0.825003328889509 3
0.8250638059260069 3
0.8251242829625047 3
0.8251847599990026 3
0.8252452370355006 3
0.8253057140719985 3
0.8253661911084963 3
0.8254266681449942 3
0.8254871451814921 3
0.82554762221799 3
0.8256080992544879 3
0.8256685762909858 3
0.8257290533274837 3
0.8257895303639816 3
0.8258500074004794 3
0.8259104844369773 3
0.8259709614734753 3
0.8260314385099732 3
0.826091915546471 3
0.8261523925829689 3
0.8262128696194668 3
0.8262733466559647 3
0.8263338236924626 3
0.8263943007289605 3
0.8264547777654584 3
0.8265152548019563 3
0.8265757318384541 3
0.826636208874952 3
0.82669668591145 3
0.8267571629479479 3
0.8268176399844457 3
0.8268781170209436 3
0.8269385940574415 3
0.8269990710939394 3
0.8270595481304372 3
0.8271200251669352 3
0.8271805022034331 3
0.827240979239931 3
0.8273014562764288 3
0.8273619333129267 3
0.8274224103494247 3
0.8274828873859226 3
0.8275433644224204 3
0.8276038414589183 3
0.8276643184954162 3
0.8277247955319141 3
0.827785272568412 3
0.8278457496049099 3
0.8279062266414078 3
0.8279667036779057 3
0.8280271807144035 3
0.8280876577509014 3
0.8281481347873993 3
0.8282086118238973 3
0.8282690888603951 3
0.828329565896893 3
0.8283900429333909 3
0.8284505199698888 3
0.8285109970063866 3
0.8285714740428846 3
0.8286319510793825 3
0.8286924281158804 3
0.8287529051523782 3
0.8288133821888761 3
0.8288701457231329 3
0.8290486590808658 3
0.8292348646932408 3
0.8376549657747718 3
0.8496352545048761 3
0.8527044641071441 3
0.8997341132395373 3
0.8997945902760353 3
0.8998550673125332 3
0.899915544349031 3
0.8999760213855289 3
0.9000364984220268 3
0.9000969754585247 3
0.9001574524950225 3
0.9002179295315205 3
0.9002784065680184 3
0.9003388836045163 3
0.9003993606410141 3
0.900459837677512 3
0.90052031471401 3
0.9005807917505079 3
0.9006412687870057 3
0.9007017458235036 3
0.9007622228600015 3
0.9008226998964994 3
0.9008831769329972 3
0.9009436539694952 3
0.9010041310059931 3
0.901064608042491 3
0.9011250850789888 3
0.9011855621154867 3
0.9012460391519846 3
0.9013065161884826 3
0.9013669932249804 3
0.9014274702614783 3
0.9014879472979762 3
0.9015484243344741 3
0.9016089013709719 3
0.9016693784074699 3
0.9017298554439678 3
0.9017903324804657 3
0.9018508095169635 3
0.9019112865534614 3
0.9019717635899593 3
0.9020322406264573 3
0.9020927176629551 3
0.902153194699453 3
0.9022136717359509 3
0.9022741487724488 3
0.9023346258089466 3
0.9023951028454446 3
0.9024555798819425 3
0.9025160569184404 3
0.9025765339549382 3
0.9026370109914361 3
0.902697488027934 3
0.902757965064432 3
0.9028184421009298 3
0.9028789191374277 3
0.9029393961739256 3
0.9029998732104235 3
0.9030603502469213 3
0.9031208272834192 3
0.9031813043199172 3
0.9032417813564151 3
0.9033022583929129 3
0.9033627354294108 3
0.9034232124659087 3
0.9034836895024067 3
0.9035441665389045 3
0.9036046435754024 3
0.9036651206119003 3
0.9037255976483982 3
0.903786074684896 3
0.9038465517213939 3
0.9039070287578919 3
0.9039675057943898 3
0.9040279828308876 3
0.9040884598673855 3
0.9041489369038834 3
0.9042094139403813 3
0.9042698909768792 3
0.9043303680133771 3
0.904390845049875 3
0.9044513220863729 3
0.9045117991228707 3
0.9045722761593686 3
0.9046327531958666 3
0.9046932302323645 3
0.9047537072688623 3
0.9048141843053602 3
0.9048746613418581 3
0.904935138378356 3
0.9049956154148538 3
0.9050560924513518 3
0.9051165694878497 3
0.9051770465243476 3
0.9052375235608454 3
0.9052980005973433 3
0.9053584776338413 3
0.9054189546703392 3
0.9054794317068371 3
0.9055399087433349 3
0.9056003857798328 3
0.9056608628163307 3
0.9057213398528287 3
0.9057781033870854 3
0.9059566167448182 3
0.9061428223571933 3
0.9145629234387243 3
0.9265432121688285 3
0.9296124217710965 3
0.9766420709034898 3
0.9767025479399877 3
0.9767630249764856 3
0.9768235020129835 3
0.9768839790494813 3
0.9769444560859792 3
0.9770049331224772 3
0.9770654101589751 3
0.9771258871954729 3
0.9771863642319708 3
0.9772468412684687 3
0.9773073183049666 3
0.9773677953414645 3
0.9774282723779624 3
0.9774887494144603 3
0.9775492264509582 3
0.977609703487456 3
0.9776701805239539 3
0.9777306575604519 3
0.9777911345969498 3
0.9778516116334476 3
0.9779120886699455 3
0.9779725657064434 3
0.9780330427429413 3
0.9780935197794391 3
0.9781539968159371 3
0.978214473852435 3
0.9782749508889329 3
0.9783354279254307 3
0.9783959049619286 3
0.9784563819984265 3
0.9785168590349245 3
0.9785773360714223 3
0.9786378131079202 3
0.9786982901444181 3
0.978758767180916 3
0.9788192442174138 3
0.9788797212539118 3
0.9789401982904097 3
0.9790006753269076 3
0.9790611523634054 3
0.9791216293999033 3
0.9791821064364012 3
0.9792425834728992 3
0.979303060509397 3
0.9793635375458949 3
0.9794240145823928 3
0.9794844916188907 3
0.9795449686553885 3
0.9796054456918865 3
0.9796659227283844 3
0.9797263997648823 3
0.9797868768013801 3
0.979847353837878 3
0.9799078308743759 3
0.9799683079108739 3
0.9800287849473717 3
0.9800892619838696 3
0.9801497390203675 3
0.9802102160568654 3
0.9802706930933632 3
0.9803311701298612 3
0.9803916471663591 3
0.980452124202857 3
0.9805126012393548 3
0.9805730782758527 3
0.9806335553123506 3
0.9806940323488486 3
0.9807545093853464 3
0.9808149864218443 3
0.9808754634583422 3
0.9809359404948401 3
0.9809964175313379 3
0.9810568945678358 3
0.9811173716043338 3
0.9811778486408317 3
0.9812383256773295 3
0.9812988027138274 3
0.9813592797503253 3
0.9814197567868232 3
0.9814802338233211 3
0.981540710859819 3
0.9816011878963169 3
0.9816616649328148 3
0.9817221419693127 3
0.9817826190058105 3
0.9818430960423085 3
0.9819035730788064 3
0.9819640501153043 3
0.9820245271518021 3
0.9820850041883 3
0.982145481224798 3
0.9822059582612959 3
0.9822664352977937 3
0.9823269123342916 3
0.9823873893707895 3
0.9824478664072874 3
0.9825083434437852 3
0.9825688204802832 3
0.9826292975167811 3
0.9826860610510378 3
0.9828645744087706 3
0.9830507800211458 3
0.9914708811026768 3
