0.05375400594054258 0
0.05381448297704048 0
0.05387496001353837 0
0.05393543705003626 0
0.053995914086534154 0
0.054056391123032045 0
0.054116868159529936 0
0.05417734519602783 0
0.05423782223252572 0
0.05429829926902361 0
0.0543587763055215 0
0.05441925334201939 0
0.054479730378517284 0
0.054540207415015175 0
0.05460068445151307 0
0.05466116148801096 0
0.05472163852450885 0
0.05478211556100674 0
0.05484259259750463 0
0.05490306963400252 0
0.054963546670500414 0
0.055024023706998305 0
0.0550845007434962 0
0.05514497777999409 0
0.05520545481649198 0
0.05526593185298987 0
0.05532640888948776 0
0.05538688592598565 0
0.05544736296248355 0
0.05550783999898144 0
0.055568317035479334 0
0.055628794071977225 0
0.055689271108475116 0
0.05574974814497301 0
0.0558102251814709 0
0.05587070221796879 0
0.05593117925446668 0
0.05599165629096457 0
0.056052133327462464 0
0.056112610363960355 0
0.056173087400458246 0
0.05623356443695614 0
0.05629404147345403 0
0.05635451850995192 0
0.05641499554644981 0
0.0564754725829477 0
0.056535949619445594 0
0.056596426655943485 0
0.05665690369244138 0
0.05671738072893927 0
0.05677785776543716 0
0.05683833480193505 0
0.05689881183843294 0
0.05695928887493083 0
0.057019765911428724 0
0.05708024294792662 0
0.057140719984424514 0
0.057201197020922405 0
0.057261674057420296 0
0.05732215109391819 0
0.05738262813041608 0
0.05744310516691397 0
0.05750358220341186 0
0.05756405923990975 0
0.057624536276407644 0
0.057685013312905535 0
0.057745490349403426 0
0.05780596738590132 0
0.05786644442239921 0
0.0579269214588971 0
0.05798739849539499 0
0.05804787553189288 0
0.058108352568390774 0
0.058168829604888665 0
0.058229306641386556 0
0.05828978367788445 0
0.05835026071438234 0
0.05841073775088023 0
0.05847121478737812 0
0.05853169182387601 0
0.058592168860373904 0
0.058652645896871795 0
0.058713122933369694 0
0.058773599969867585 0
0.058834077006365476 0
0.05889455404286337 0
0.05895503107936126 0
0.05901550811585915 0
0.05907598515235704 0
0.05913646218885493 0
0.059196939225352824 0
0.059257416261850715 0
0.059317893298348606 0
0.0593783703348465 0
0.05943884737134439 0
0.05949932440784228 0
0.05955980144434017 0
0.05962027848083806 0
0.059680755517335954 0
0.059741232553833845 0
0.13066196360449503 0
0.13072244064099292 0
0.1307829176774908 0
0.1308433947139887 0
0.1309038717504866 0
0.13096434878698449 0
0.13102482582348238 0
0.13108530285998027 0
0.13114577989647816 0
0.13120625693297605 0
0.13126673396947394 0
0.13132721100597183 0
0.13138768804246972 0
0.13144816507896762 0
0.1315086421154655 0
0.1315691191519634 0
0.1316295961884613 0
0.13169007322495918 0
0.13175055026145707 0
0.13181102729795496 0
0.13187150433445285 0
0.13193198137095075 0
0.13199245840744864 0
0.13205293544394653 0
0.13211341248044442 0
0.1321738895169423 0
0.1322343665534402 0
0.1322948435899381 0
0.13235532062643598 0
0.13241579766293388 0
0.13247627469943177 0
0.1325367517359297 0
0.13259722877242758 0
0.13265770580892547 0
0.13271818284542336 0
0.13277865988192125 0
0.13283913691841914 0
0.13289961395491703 0
0.13296009099141493 0
0.13302056802791282 0
0.1330810450644107 0
0.1331415221009086 0
0.1332019991374065 0
0.13326247617390438 0
0.13332295321040227 0
0.13338343024690016 0
0.13344390728339806 0
0.13350438431989595 0
0.13356486135639384 0
0.13362533839289173 0
0.13368581542938962 0
0.1337462924658875 0
0.1338067695023854 0
0.1338672465388833 0
0.13392772357538119 0
0.13398820061187908 0
0.13404867764837697 0
0.13410915468487486 0
0.13416963172137275 0
0.13423010875787064 0
0.13429058579436853 0
0.13435106283086642 0
0.13441153986736432 0
0.1344720169038622 0
0.1345324939403601 0
0.134592970976858 0
0.13465344801335588 0
0.13471392504985377 0
0.13477440208635166 0
0.13483487912284955 0
0.13489535615934745 0
0.13495583319584534 0
0.13501631023234323 0
0.13507678726884112 0
0.135137264305339 0
0.1351977413418369 0
0.1352582183783348 0
0.13531869541483268 0
0.13537917245133058 0
0.13543964948782847 0
0.13550012652432636 0
0.13556060356082425 0
0.13562108059732214 0
0.13568155763382003 0
0.13574203467031792 0
0.13580251170681581 0
0.1358629887433137 0
0.1359234657798116 0
0.1359839428163095 0
0.13604441985280738 0
0.13610489688930527 0
0.13616537392580316 0
0.13622585096230105 0
0.13628632799879895 0
0.13634680503529684 0
0.13640728207179473 0
0.13646775910829262 0
0.1365282361447905 0
0.1365887131812884 0
0.1366491902177863 0
0.20756992126844748 0
0.20763039830494537 0
0.20769087534144326 0
0.20775135237794115 0
0.20781182941443904 0
0.20787230645093693 0
0.20793278348743482 0
0.20799326052393272 0
0.2080537375604306 0
0.2081142145969285 0
0.2081746916334264 0
0.20823516866992428 0
0.20829564570642217 0
0.20835612274292006 0
0.20841659977941795 0
0.20847707681591585 0
0.20853755385241374 0
0.20859803088891163 0
0.20865850792540952 0
0.2087189849619074 0
0.2087794619984053 0
0.20883993903490322 0
0.2089004160714011 0
0.208960893107899 0
0.2090213701443969 0
0.2090818471808948 0
0.20914232421739268 0
0.20920280125389057 0
0.20926327829038846 0
0.20932375532688635 0
0.20938423236338424 0
0.20944470939988213 0
0.20950518643638003 0
0.20956566347287792 0
0.2096261405093758 0
0.2096866175458737 0
0.2097470945823716 0
0.20980757161886948 0
0.20986804865536737 0
0.20992852569186526 0
0.20998900272836316 0
0.21004947976486105 0
0.21010995680135894 0
0.21017043383785683 0
0.21023091087435472 0
0.2102913879108526 0
0.2103518649473505 0
0.2104123419838484 0
0.21047281902034629 0
0.21053329605684418 0
0.21059377309334207 0
0.21065425012983996 0
0.21071472716633785 0
0.21077520420283574 0
0.21083568123933363 0
0.21089615827583152 0
0.21095663531232942 0
0.2110171123488273 0
0.2110775893853252 0
0.2111380664218231 0
0.21119854345832098 0
0.21125902049481887 0
0.21131949753131676 0
0.21137997456781465 0
0.21144045160431255 0
0.21150092864081044 0
0.21156140567730833 0
0.21162188271380622 0
0.2116823597503041 0
0.211742836786802 0
0.2118033138232999 0
0.21186379085979778 0
0.21192426789629568 0
0.21198474493279357 0
0.21204522196929146 0
0.21210569900578935 0
0.21216617604228724 0
0.21222665307878513 0
0.21228713011528302 0
0.21234760715178091 0
0.2124080841882788 0
0.2124685612247767 0
0.2125290382612746 0
0.21258951529777248 0
0.21264999233427037 0
0.21271046937076826 0
0.21277094640726615 0
0.21283142344376405 0
0.21289190048026194 0
0.21295237751675983 0
0.21301285455325772 0
0.2130733315897556 0
0.2131338086262535 0
0.2131942856627514 0
0.21325476269924928 0
0.21331523973574718 0
0.21337571677224507 0
0.21343619380874296 0
0.21349667084524085 0
0.21355714788173874 0
0.28447787893239995 0
0.2845383559688978 0
0.28459883300539573 0
0.2846593100418936 0
0.2847197870783915 0
0.2847802641148894 0
0.2848407411513873 0
0.28490121818788516 0
0.2849616952243831 0
0.28502217226088095 0
0.28508264929737887 0
0.28514312633387673 0
0.28520360337037465 0
0.2852640804068725 0
0.28532455744337043 0
0.2853850344798683 0
0.2854455115163662 0
0.2855059885528641 0
0.285566465589362 0
0.28562694262585986 0
0.2856874196623578 0
0.28574789669885564 0
0.28580837373535356 0
0.2858688507718514 0
0.28592932780834934 0
0.2859898048448472 0
0.2860502818813451 0
0.286110758917843 0
0.2861712359543409 0
0.28623171299083877 0
0.2862921900273367 0
0.28635266706383455 0
0.2864131441003325 0
0.28647362113683034 0
0.28653409817332826 0
0.2865945752098261 0
0.28665505224632404 0
0.2867155292828219 0
0.2867760063193198 0
0.2868364833558177 0
0.2868969603923156 0
0.28695743742881347 0
0.2870179144653114 0
0.28707839150180925 0
0.28713886853830717 0
0.28719934557480503 0
0.28725982261130295 0
0.2873202996478008 0
0.28738077668429873 0
0.2874412537207966 0
0.2875017307572945 0
0.2875622077937924 0
0.2876226848302903 0
0.28768316186678816 0
0.2877436389032861 0
0.28780411593978394 0
0.28786459297628186 0
0.2879250700127797 0
0.28798554704927765 0
0.2880460240857755 0
0.28810650112227343 0
0.2881669781587713 0
0.2882274551952692 0
0.2882879322317671 0
0.288348409268265 0
0.2884088863047629 0
0.2884693633412608 0
0.2885298403777587 0
0.28859031741425656 0
0.2886507944507545 0
0.28871127148725234 0
0.28877174852375026 0
0.2888322255602481 0
0.28889270259674604 0
0.2889531796332439 0
0.2890136566697418 0
0.2890741337062397 0
0.2891346107427376 0
0.28919508777923547 0
0.2892555648157334 0
0.28931604185223125 0
0.2893765188887292 0
0.28943699592522704 0
0.28949747296172496 0
0.2895579499982228 0
0.28961842703472074 0
0.2896789040712186 0
0.2897393811077165 0
0.2897998581442144 0
0.2898603351807123 0
0.28992081221721017 0
0.2899812892537081 0
0.29004176629020595 0
0.29010224332670387 0
0.29016272036320173 0
0.29022319739969965 0
0.2902836744361975 0
0.29034415147269543 0
0.2904046285091933 0
0.2904651055456912 0
0.36138583659635237 0
0.3614463136328503 0
0.36150679066934815 0
0.3615672677058461 0
0.36162774474234394 0
0.36168822177884186 0
0.3617486988153397 0
0.36180917585183764 0
0.3618696528883355 0
0.3619301299248334 0
0.3619906069613313 0
0.3620510839978292 0
0.36211156103432707 0
0.362172038070825 0
0.36223251510732285 0
0.36229299214382077 0
0.36235346918031863 0
0.36241394621681655 0
0.3624744232533144 0
0.36253490028981233 0
0.3625953773263102 0
0.3626558543628081 0
0.362716331399306 0
0.3627768084358039 0
0.36283728547230176 0
0.3628977625087997 0
0.36295823954529755 0
0.36301871658179546 0
0.3630791936182933 0
0.36313967065479125 0
0.3632001476912891 0
0.36326062472778703 0
0.3633211017642849 0
0.3633815788007828 0
0.3634420558372807 0
0.3635025328737786 0
0.36356300991027646 0
0.3636234869467744 0
0.36368396398327224 0
0.36374444101977016 0
0.363804918056268 0
0.36386539509276594 0
0.3639258721292638 0
0.3639863491657617 0
0.3640468262022596 0
0.3641073032387575 0
0.36416778027525537 0
0.3642282573117533 0
0.36428873434825115 0
0.36434921138474907 0
0.36440968842124694 0
0.36447016545774485 0
0.3645306424942427 0
0.36459111953074064 0
0.3646515965672385 0
0.3647120736037364 0
0.36477255064023434 0
0.3648330276767322 0
0.3648935047132301 0
0.364953981749728 0
0.3650144587862259 0
0.36507493582272377 0
0.3651354128592217 0
0.36519588989571955 0
0.36525636693221747 0
0.36531684396871533 0
0.36537732100521325 0
0.3654377980417111 0
0.36549827507820903 0
0.3655587521147069 0
0.3656192291512048 0
0.3656797061877027 0
0.3657401832242006 0
0.36580066026069846 0
0.3658611372971964 0
0.36592161433369425 0
0.36598209137019216 0
0.36604256840669 0
0.36610304544318795 0
0.3661635224796858 0
0.36622399951618373 0
0.3662844765526816 0
0.3663449535891795 0
0.3664054306256774 0
0.3664659076621753 0
0.36652638469867316 0
0.3665868617351711 0
0.36664733877166894 0
0.36670781580816686 0
0.3667682928446647 0
0.36682876988116264 0
0.3668892469176605 0
0.3669497239541584 0
0.3670102009906563 0
0.3670706780271542 0
0.36713115506365207 0
0.36719163210015 0
0.36725210913664785 0
0.36731258617314577 0
0.36737306320964364 0
0.43829379426030485 0
0.4383542712968027 0
0.43841474833330063 0
0.4384752253697985 0
0.4385357024062964 0
0.4385961794427943 0
0.4386566564792922 0
0.43871713351579006 0
0.438777610552288 0
0.43883808758878584 0
0.43889856462528376 0
0.4389590416617816 0
0.43901951869827954 0
0.4390799957347774 0
0.4391404727712753 0
0.4392009498077732 0
0.4392614268442711 0
0.43932190388076897 0
0.4393823809172669 0
0.43944285795376475 0
0.4395033349902627 0
0.43956381202676054 0
0.43962428906325846 0
0.4396847660997563 0
0.43974524313625424 0
0.4398057201727521 0
0.43986619720925 0
0.4399266742457479 0
0.4399871512822458 0
0.44004762831874367 0
0.4401081053552416 0
0.44016858239173945 0
0.44022905942823737 0
0.44028953646473523 0
0.44035001350123315 0
0.440410490537731 0
0.44047096757422893 0
0.4405314446107268 0
0.4405919216472247 0
0.4406523986837226 0
0.4407128757202205 0
0.44077335275671836 0
0.4408338297932163 0
0.44089430682971414 0
0.44095478386621206 0
0.44101526090271 0
0.44107573793920785 0
0.44113621497570576 0
0.44119669201220363 0
0.44125716904870155 0
0.4413176460851994 0
0.44137812312169733 0
0.4414386001581952 0
0.4414990771946931 0
0.441559554231191 0
0.4416200312676889 0
0.44168050830418676 0
0.4417409853406847 0
0.44180146237718254 0
0.44186193941368046 0
0.4419224164501783 0
0.44198289348667624 0
0.4420433705231741 0
0.442103847559672 0
0.4421643245961699 0
0.4422248016326678 0
0.44228527866916567 0
0.4423457557056636 0
0.44240623274216145 0
0.4424667097786594 0
0.44252718681515724 0
0.44258766385165516 0
0.442648140888153 0
0.44270861792465094 0
0.4427690949611488 0
0.4428295719976467 0
0.4428900490341446 0
0.4429505260706425 0
0.44301100310714037 0
0.4430714801436383 0
0.44313195718013615 0
0.44319243421663407 0
0.44325291125313193 0
0.44331338828962985 0
0.4433738653261277 0
0.44343434236262563 0
0.4434948193991235 0
0.4435552964356214 0
0.4436157734721193 0
0.4436762505086172 0
0.44373672754511506 0
0.443797204581613 0
0.44385768161811084 0
0.44391815865460876 0
0.4439786356911066 0
0.44403911272760455 0
0.4440995897641024 0
0.44416006680060033 0
0.4442205438370982 0
0.4442810208735961 0
0.5152017519242573 0
0.5152622289607551 0
0.515322705997253 0
0.515383183033751 0
0.5154436600702489 0
0.5155041371067467 0
0.5155646141432446 0
0.5156250911797425 0
0.5156855682162405 0
0.5157460452527383 0
0.5158065222892362 0
0.5158669993257341 0
0.515927476362232 0
0.5159879533987298 0
0.5160484304352277 0
0.5161089074717257 0
0.5161693845082236 0
0.5162298615447214 0
0.5162903385812193 0
0.5163508156177172 0
0.5164112926542151 0
0.516471769690713 0
0.5165322467272109 0
0.5165927237637088 0
0.5166532008002067 0
0.5167136778367045 0
0.5167741548732024 0
0.5168346319097004 0
0.5168951089461983 0
0.5169555859826961 0
0.517016063019194 0
0.5170765400556919 0
0.5171370170921898 0
0.5171974941286877 0
0.5172579711651856 0
0.5173184482016835 0
0.5173789252381814 0
0.5174394022746793 0
0.5174998793111771 0
0.517560356347675 0
0.517620833384173 0
0.5176813104206709 0
0.5177417874571687 0
0.5178022644936666 0
0.5178627415301645 0
0.5179232185666625 0
0.5179836956031603 0
0.5180441726396582 0
0.5181046496761561 0
0.518165126712654 0
0.5182256037491518 0
0.5182860807856497 0
0.5183465578221477 0
0.5184070348586456 0
0.5184675118951434 0
0.5185279889316413 0
0.5185884659681392 0
0.5186489430046372 0
0.518709420041135 0
0.5187698970776329 0
0.5188303741141308 0
0.5188908511506287 0
0.5189513281871265 0
0.5190118052236244 0
0.5190722822601224 0
0.5191327592966203 0
0.5191932363331181 0
0.519253713369616 0
0.5193141904061139 0
0.5193746674426118 0
0.5194351444791097 0
0.5194956215156076 0
0.5195560985521055 0
0.5196165755886034 0
0.5196770526251012 0
0.5197375296615991 0
0.5197980066980971 0
0.519858483734595 0
0.5199189607710928 0
0.5199794378075907 0
0.5200399148440886 0
0.5201003918805865 0
0.5201608689170844 0
0.5202213459535823 0
0.5202818229900802 0
0.5203423000265781 0
0.5204027770630759 0
0.5204632540995738 0
0.5205237311360718 0
0.5205842081725697 0
0.5206446852090675 0
0.5207051622455654 0
0.5207656392820633 0
0.5208261163185612 0
0.520886593355059 0
0.520947070391557 0
0.5210075474280549 0
0.5210680244645528 0
0.5211285015010506 0
0.5211889785375485 0
0.5921097095882097 0
0.5921701866247077 0
0.5922306636612055 0
0.5922911406977034 0
0.5923516177342013 0
0.5924120947706992 0
0.592472571807197 0
0.592533048843695 0
0.5925935258801929 0
0.5926540029166908 0
0.5927144799531886 0
0.5927749569896865 0
0.5928354340261844 0
0.5928959110626824 0
0.5929563880991802 0
0.5930168651356781 0
0.593077342172176 0
0.5931378192086739 0
0.5931982962451717 0
0.5932587732816696 0
0.5933192503181676 0
0.5933797273546655 0
0.5934402043911633 0
0.5935006814276612 0
0.5935611584641591 0
0.593621635500657 0
0.593682112537155 0
0.5937425895736528 0
0.5938030666101507 0
0.5938635436466486 0
0.5939240206831465 0
0.5939844977196443 0
0.5940449747561423 0
0.5941054517926402 0
0.5941659288291381 0
0.5942264058656359 0
0.5942868829021338 0
0.5943473599386317 0
0.5944078369751297 0
0.5944683140116275 0
0.5945287910481254 0
0.5945892680846233 0
0.5946497451211212 0
0.594710222157619 0
0.594770699194117 0
0.5948311762306149 0
0.5948916532671128 0
0.5949521303036106 0
0.5950126073401085 0
0.5950730843766064 0
0.5951335614131044 0
0.5951940384496022 0
0.5952545154861001 0
0.595314992522598 0
0.5953754695590959 0
0.5954359465955937 0
0.5954964236320917 0
0.5955569006685896 0
0.5956173777050875 0
0.5956778547415853 0
0.5957383317780832 0
0.5957988088145811 0
0.5958592858510791 0
0.5959197628875769 0
0.5959802399240748 0
0.5960407169605727 0
0.5961011939970706 0
0.5961616710335684 0
0.5962221480700663 0
0.5962826251065643 0
0.5963431021430622 0
0.59640357917956 0
0.5964640562160579 0
0.5965245332525558 0
0.5965850102890538 0
0.5966454873255516 0
0.5967059643620495 0
0.5967664413985474 0
0.5968269184350453 0
0.5968873954715431 0
0.596947872508041 0
0.597008349544539 0
0.5970688265810369 0
0.5971293036175347 0
0.5971897806540326 0
0.5972502576905305 0
0.5973107347270284 0
0.5973712117635263 0
0.5974316888000242 0
0.5974921658365221 0
0.59755264287302 0
0.5976131199095178 0
0.5976735969460157 0
0.5977340739825137 0
0.5977945510190116 0
0.5978550280555094 0
0.5979155050920073 0
0.5979759821285052 0
0.5980364591650031 0
0.598096936201501 0
0.6690176672521622 0
0.6690781442886601 0
0.669138621325158 0
0.6691990983616558 0
0.6692595753981537 0
0.6693200524346516 0
0.6693805294711496 0
0.6694410065076474 0
0.6695014835441453 0
0.6695619605806432 0
0.6696224376171411 0
0.6696829146536389 0
0.6697433916901369 0
0.6698038687266348 0
0.6698643457631327 0
0.6699248227996306 0
0.6699852998361284 0
0.6700457768726263 0
0.6701062539091243 0
0.6701667309456222 0
0.67022720798212 0
0.6702876850186179 0
0.6703481620551158 0
0.6704086390916137 0
0.6704691161281116 0
0.6705295931646095 0
0.6705900702011074 0
0.6706505472376053 0
0.6707110242741031 0
0.670771501310601 0
0.670831978347099 0
0.6708924553835969 0
0.6709529324200947 0
0.6710134094565926 0
0.6710738864930905 0
0.6711343635295884 0
0.6711948405660862 0
0.6712553176025842 0
0.6713157946390821 0
0.67137627167558 0
0.6714367487120778 0
0.6714972257485757 0
0.6715577027850737 0
0.6716181798215716 0
0.6716786568580694 0
0.6717391338945673 0
0.6717996109310652 0
0.6718600879675631 0
0.6719205650040609 0
0.6719810420405589 0
0.6720415190770568 0
0.6721019961135547 0
0.6721624731500525 0
0.6722229501865504 0
0.6722834272230483 0
0.6723439042595463 0
0.6724043812960441 0
0.672464858332542 0
0.6725253353690399 0
0.6725858124055378 0
0.6726462894420356 0
0.6727067664785336 0
0.6727672435150315 0
0.6728277205515294 0
0.6728881975880272 0
0.6729486746245251 0
0.673009151661023 0
0.673069628697521 0
0.6731301057340188 0
0.6731905827705167 0
0.6732510598070146 0
0.6733115368435125 0
0.6733720138800103 0
0.6734324909165083 0
0.6734929679530062 0
0.6735534449895041 0
0.6736139220260019 0
0.6736743990624998 0
0.6737348760989977 0
0.6737953531354957 0
0.6738558301719935 0
0.6739163072084914 0
0.6739767842449893 0
0.6740372612814872 0
0.674097738317985 0
0.674158215354483 0
0.6742186923909809 0
0.6742791694274788 0
0.6743396464639766 0
0.6744001235004745 0
0.6744606005369724 0
0.6745210775734704 0
0.6745815546099682 0
0.6746420316464661 0
0.674702508682964 0
0.6747629857194619 0
0.6748234627559597 0
0.6748839397924576 0
0.6749444168289556 0
0.6750048938654535 0
0.7459256249161146 0
0.7459861019526125 0
0.7460465789891104 0
0.7461070560256083 0
0.7461675330621061 0
0.7462280100986041 0
0.746288487135102 0
0.7463489641715999 0
0.7464094412080978 0
0.7464699182445956 0
0.7465303952810936 0
0.7465908723175915 0
0.7466513493540894 0
0.7467118263905872 0
0.7467723034270851 0
0.746832780463583 0
0.746893257500081 0
0.7469537345365788 0
0.7470142115730767 0
0.7470746886095746 0
0.7471351656460725 0
0.7471956426825703 0
0.7472561197190682 0
0.7473165967555662 0
0.7473770737920641 0
0.7474375508285619 0
0.7474980278650598 0
0.7475585049015577 0
0.7476189819380556 0
0.7476794589745535 0
0.7477399360110514 0
0.7478004130475493 0
0.7478608900840472 0
0.747921367120545 0
0.7479818441570429 0
0.7480423211935409 0
0.7481027982300388 0
0.7481632752665366 0
0.7482237523030345 0
0.7482842293395324 0
0.7483447063760303 0
0.7484051834125282 0
0.7484656604490261 0
0.748526137485524 0
0.7485866145220219 0
0.7486470915585197 0
0.7487075685950176 0
0.7487680456315156 0
0.7488285226680135 0
0.7488889997045113 0
0.7489494767410092 0
0.7490099537775071 0
0.749070430814005 0
0.7491309078505028 0
0.7491913848870008 0
0.7492518619234987 0
0.7493123389599966 0
0.7493728159964944 0
0.7494332930329923 0
0.7494937700694903 0
0.7495542471059882 0
0.749614724142486 0
0.7496752011789839 0
0.7497356782154818 0
0.7497961552519797 0
0.7498566322884775 0
0.7499171093249755 0
0.7499775863614734 0
0.7500380633979713 0
0.7500985404344691 0
0.750159017470967 0
0.750219494507465 0
0.7502799715439629 0
0.7503404485804607 0
0.7504009256169586 0
0.7504614026534565 0
0.7505218796899544 0
0.7505823567264522 0
0.7506428337629502 0
0.7507033107994481 0
0.750763787835946 0
0.7508242648724438 0
0.7508847419089417 0
0.7509452189454396 0
0.7510056959819376 0
0.7510661730184354 0
0.7511266500549333 0
0.7511871270914312 0
0.7512476041279291 0
0.7513080811644269 0
0.7513685582009249 0
0.7514290352374228 0
0.7514895122739207 0
0.7515499893104185 0
0.7516104663469164 0
0.7516709433834143 0
0.7517314204199123 0
0.7517918974564101 0
0.751852374492908 0
0.7519128515294059 0
0.8228335825800671 0
0.822894059616565 0
0.8229545366530628 0
0.8230150136895608 0
0.8230754907260587 0
0.8231359677625566 0
0.8231964447990544 0
0.8232569218355523 0
0.8233173988720502 0
0.8233778759085482 0
0.823438352945046 0
0.8234988299815439 0
0.8235593070180418 0
0.8236197840545397 0
0.8236802610910375 0
0.8237407381275355 0
0.8238012151640334 0
0.8238616922005313 0
0.8239221692370291 0
0.823982646273527 0
0.8240431233100249 0
0.8241036003465229 0
0.8241640773830207 0
0.8242245544195186 0
0.8242850314560165 0
0.8243455084925144 0
0.8244059855290122 0
0.8244664625655101 0
0.8245269396020081 0
0.824587416638506 0
0.8246478936750038 0
0.8247083707115017 0
0.8247688477479996 0
0.8248293247844976 0
0.8248898018209954 0
0.8249502788574933 0
0.8250107558939912 0
0.8250712329304891 0
0.8251317099669869 0
0.8251921870034848 0
0.8252526640399828 0
0.8253131410764807 0
0.8253736181129785 0
0.8254340951494764 0
0.8254945721859743 0
0.8255550492224722 0
0.8256155262589701 0
0.825676003295468 0
0.8257364803319659 0
0.8257969573684638 0
0.8258574344049616 0
0.8259179114414595 0
0.8259783884779575 0
0.8260388655144554 0
0.8260993425509532 0
0.8261598195874511 0
0.826220296623949 0
0.8262807736604469 0
0.8263412506969448 0
0.8264017277334427 0
0.8264622047699406 0
0.8265226818064385 0
0.8265831588429363 0
0.8266436358794342 0
0.8267041129159322 0
0.8267645899524301 0
0.8268250669889279 0
0.8268855440254258 0
0.8269460210619237 0
0.8270064980984216 0
0.8270669751349194 0
0.8271274521714174 0
0.8271879292079153 0
0.8272484062444132 0
0.827308883280911 0
0.8273693603174089 0
0.8274298373539068 0
0.8274903143904048 0
0.8275507914269026 0
0.8276112684634005 0
0.8276717454998984 0
0.8277322225363963 0
0.8277926995728941 0
0.8278531766093921 0
0.82791365364589 0
0.8279741306823879 0
0.8280346077188857 0
0.8280950847553836 0
0.8281555617918815 0
0.8282160388283795 0
0.8282765158648773 0
0.8283369929013752 0
0.8283974699378731 0
0.828457946974371 0
0.8285184240108688 0
0.8285789010473668 0
0.8286393780838647 0
0.8286998551203626 0
0.8287603321568604 0
0.8288208091933583 0
0.8997415402440195 0
0.8998020172805175 0
0.8998624943170154 0
0.8999229713535132 0
0.8999834483900111 0
0.900043925426509 0
0.9001044024630069 0
0.9001648794995047 0
0.9002253565360027 0
0.9002858335725006 0
0.9003463106089985 0
0.9004067876454963 0
0.9004672646819942 0
0.9005277417184921 0
0.9005882187549901 0
0.9006486957914879 0
0.9007091728279858 0
0.9007696498644837 0
0.9008301269009816 0
0.9008906039374794 0
0.9009510809739774 0
0.9010115580104753 0
0.9010720350469732 0
0.901132512083471 0
0.9011929891199689 0
0.9012534661564668 0
0.9013139431929648 0
0.9013744202294626 0
0.9014348972659605 0
0.9014953743024584 0
0.9015558513389563 0
0.9016163283754541 0
0.901676805411952 0
0.90173728244845 0
0.9017977594849479 0
0.9018582365214457 0
0.9019187135579436 0
0.9019791905944415 0
0.9020396676309395 0
0.9021001446674373 0
0.9021606217039352 0
0.9022210987404331 0
0.902281575776931 0
0.9023420528134288 0
0.9024025298499267 0
0.9024630068864247 0
0.9025234839229226 0
0.9025839609594204 0
0.9026444379959183 0
0.9027049150324162 0
0.9027653920689142 0
0.902825869105412 0
0.9028863461419099 0
0.9029468231784078 0
0.9030073002149057 0
0.9030677772514035 0
0.9031282542879014 0
0.9031887313243994 0
0.9032492083608973 0
0.9033096853973951 0
0.903370162433893 0
0.9034306394703909 0
0.9034911165068888 0
0.9035515935433867 0
0.9036120705798846 0
0.9036725476163825 0
0.9037330246528804 0
0.9037935016893782 0
0.9038539787258761 0
0.9039144557623741 0
0.903974932798872 0
0.9040354098353698 0
0.9040958868718677 0
0.9041563639083656 0
0.9042168409448635 0
0.9042773179813614 0
0.9043377950178593 0
0.9043982720543572 0
0.9044587490908551 0
0.9045192261273529 0
0.9045797031638508 0
0.9046401802003488 0
0.9047006572368467 0
0.9047611342733445 0
0.9048216113098424 0
0.9048820883463403 0
0.9049425653828382 0
0.905003042419336 0
0.905063519455834 0
0.9051239964923319 0
0.9051844735288298 0
0.9052449505653276 0
0.9053054276018255 0
0.9053659046383234 0
0.9054263816748214 0
0.9054868587113193 0
0.9055473357478171 0
0.905607812784315 0
0.9056682898208129 0
0.9057287668573109 0
0.976649497907972 0
0.9767099749444699 0
0.9767704519809678 0
0.9768309290174657 0
0.9768914060539635 0
0.9769518830904614 0
0.9770123601269594 0
0.9770728371634573 0
0.9771333141999551 0
0.977193791236453 0
0.9772542682729509 0
0.9773147453094488 0
0.9773752223459466 0
0.9774356993824446 0
0.9774961764189425 0
0.9775566534554404 0
0.9776171304919382 0
0.9776776075284361 0
0.977738084564934 0
0.977798561601432 0
0.9778590386379298 0
0.9779195156744277 0
0.9779799927109256 0
0.9780404697474235 0
0.9781009467839213 0
0.9781614238204193 0
0.9782219008569172 0
0.9782823778934151 0
0.9783428549299129 0
0.9784033319664108 0
0.9784638090029087 0
0.9785242860394067 0
0.9785847630759045 0
0.9786452401124024 0
0.9787057171489003 0
0.9787661941853982 0
0.978826671221896 0
0.978887148258394 0
0.9789476252948919 0
0.9790081023313898 0
0.9790685793678876 0
0.9791290564043855 0
0.9791895334408834 0
0.9792500104773814 0
0.9793104875138792 0
0.9793709645503771 0
0.979431441586875 0
0.9794919186233729 0
0.9795523956598707 0
0.9796128726963687 0
0.9796733497328666 0
0.9797338267693645 0
0.9797943038058623 0
0.9798547808423602 0
0.9799152578788581 0
0.9799757349153561 0
0.9800362119518539 0
0.9800966889883518 0
0.9801571660248497 0
0.9802176430613476 0
0.9802781200978454 0
0.9803385971343433 0
0.9803990741708413 0
0.9804595512073392 0
0.980520028243837 0
0.9805805052803349 0
0.9806409823168328 0
0.9807014593533308 0
0.9807619363898286 0
0.9808224134263265 0
0.9808828904628244 0
0.9809433674993223 0
0.9810038445358201 0
0.981064321572318 0
0.981124798608816 0
0.9811852756453139 0
0.9812457526818117 0
0.9813062297183096 0
0.9813667067548075 0
0.9814271837913054 0
0.9814876608278033 0
0.9815481378643012 0
0.9816086149007991 0
0.981669091937297 0
0.9817295689737949 0
0.9817900460102927 0
0.9818505230467907 0
0.9819110000832886 0
0.9819714771197865 0
0.9820319541562843 0
0.9820924311927822 0
0.9821529082292801 0
0.9822133852657781 0
0.9822738623022759 0
0.9823343393387738 0
0.9823948163752717 0
0.9824552934117696 0
0.9825157704482674 0
0.9825762474847654 0
0.9826367245212633 0
