0.05981629834913605 0
0.06000436071263169 0
0.06172822150298168 0
0.07017484760052052 0
0.1367242560130885 0
0.13691231837658413 0
0.13863617916693413 0
0.14708280526447298 0
0.21363221367704097 0
0.21382027604053658 0
0.21554413683088658 0
0.22399076292842543 0
0.2905401713409934 0
0.290728233704489 0
0.29245209449483905 0
0.3008987205923779 0
0.36744812900494583 0
0.3676361913684415 0
0.3693600521587915 0
0.37780667825633035 0
0.4443560866688983 0
0.4445441490323939 0
0.44626800982274395 0
0.4547146359202828 0
0.5212640443328508 0
0.5214521066963463 0
0.5231759674866964 0
0.5316225935842352 0
0.5981720019968032 0
0.5983600643602989 0
0.6000839251506488 0
0.6085305512481877 0
0.6750799596607556 0
0.6752680220242513 0
0.6769918828146013 0
0.6854385089121401 0
0.7519879173247082 0
0.7521759796882037 0
0.7538998404785537 0
0.7623464665760926 0
0.8288958749886606 0
0.8290839373521562 0
0.8308077981425062 0
0.839254424240045 0
0.905803832652613 0
0.9059918950161087 0
0.9077157558064586 0
0.9161623819039975 0
0.9827117903165654 0
0.9828998526800611 0
0.9846237134704111 0
0.9930703395679499 0
