0.05995343268189662 1
0.060140434044751945 1
0.06848202107889972 1
0.07692864717643857 1
0.13686139034584907 1
0.1370483917087044 1
0.14538997874285217 1
0.15383660484039102 1
0.21376934800980152 1
0.21395634937265684 1
0.22229793640680462 1
0.23074456250434347 1
0.290677305673754 1
0.2908643070366093 1
0.2992058940707571 1
0.3076525201682959 1
0.3675852633377064 1
0.36777226470056174 1
0.3761138517347095 1
0.3845604778322484 1
0.4444932210016589 1
0.4446802223645142 1
0.453021809398662 1
0.4614684354962008 1
0.5214011786656113 1
0.5215881800284666 1
0.5299297670626144 1
0.5383763931601533 1
0.5983091363295637 1
0.598496137692419 1
0.6068377247265668 1
0.6152843508241057 1
0.6752170939935163 1
0.6754040953563716 1
0.6837456823905194 1
0.6921923084880581 1
0.7521250516574687 1
0.752312053020324 1
0.7606536400544718 1
0.7691002661520107 1
0.8290330093214211 1
0.8292200106842764 1
0.8375615977184242 1
0.8460082238159631 1
0.9059409669853736 1
0.906127968348229 1
0.9144695553823766 1
0.9229161814799155 1
0.982848924649326 1
0.9830359260121814 1
0.9913775130463292 1
0.9998241391438679 1
