0.05373172492709599 0
0.05379220196359388 0
0.053852679000091774 0
0.053913156036589666 0
0.05397363307308756 0
0.05403411010958545 0
0.05409458714608334 0
0.05415506418258124 0
0.05421554121907913 0
0.05427601825557702 0
0.05433649529207491 0
0.0543969723285728 0
0.054457449365070694 0
0.054517926401568585 0
0.054578403438066476 0
0.05463888047456437 0
0.05469935751106226 0
0.05475983454756015 0
0.05482031158405804 0
0.05488078862055593 0
0.054941265657053824 0
0.055001742693551715 0
0.05506221973004961 0
0.0551226967665475 0
0.05518317380304539 0
0.05524365083954328 0
0.05530412787604117 0
0.05536460491253906 0
0.055425081949036954 0
0.055485558985534845 0
0.05554603602203274 0
0.05560651305853063 0
0.05566699009502852 0
0.05572746713152641 0
0.05578794416802431 0
0.0558484212045222 0
0.05590889824102009 0
0.05596937527751798 0
0.056029852314015874 0
0.056090329350513765 0
0.056150806387011656 0
0.05621128342350955 0
0.05627176046000744 0
0.05633223749650533 0
0.05639271453300322 0
0.05645319156950111 0
0.056513668605999004 0
0.056574145642496895 0
0.056634622678994787 0
0.05669509971549268 0
0.05675557675199057 0
0.05681605378848846 0
0.05687653082498635 0
0.05693700786148424 0
0.056997484897982134 0
0.057057961934480025 0
0.05711843897097792 0
0.05717891600747581 0
0.0572393930439737 0
0.05729987008047159 0
0.05736034711696948 0
0.05742082415346738 0
0.05748130118996527 0
0.05754177822646316 0
0.057602255262961054 0
0.057662732299458945 0
0.057723209335956836 0
0.05778368637245473 0
0.05784416340895262 0
0.05790464044545051 0
0.0579651174819484 0
0.05802559451844629 0
0.058086071554944184 0
0.058146548591442075 0
0.058207025627939966 0
0.05826750266443786 0
0.05832797970093575 0
0.05838845673743364 0
0.05844893377393153 0
0.05850941081042942 0
0.058569887846927314 0
0.058630364883425205 0
0.0586908419199231 0
0.05875131895642099 0
0.05881179599291888 0
0.05887227302941677 0
0.05893275006591466 0
0.05899322710241255 0
0.05905370413891045 0
0.05911418117540834 0
0.059174658211906234 0
0.059235135248404125 0
0.059295612284902016 0
0.05935608932139991 0
0.0594165663578978 0
0.05947704339439569 0
0.05953752043089358 0
0.05959799746739147 0
0.059658474503889364 0
0.059718951540387255 0
0.13063968259104844 0
0.13070015962754633 0
0.13076063666404422 0
0.1308211137005421 0
0.13088159073704 0
0.1309420677735379 0
0.1310025448100358 0
0.13106302184653368 0
0.13112349888303157 0
0.13118397591952946 0
0.13124445295602735 0
0.13130492999252524 0
0.13136540702902313 0
0.13142588406552103 0
0.13148636110201892 0
0.1315468381385168 0
0.1316073151750147 0
0.1316677922115126 0
0.13172826924801048 0
0.13178874628450837 0
0.13184922332100626 0
0.13190970035750416 0
0.13197017739400205 0
0.13203065443049994 0
0.13209113146699783 0
0.13215160850349572 0
0.1322120855399936 0
0.1322725625764915 0
0.1323330396129894 0
0.1323935166494873 0
0.13245399368598518 0
0.13251447072248307 0
0.13257494775898096 0
0.13263542479547885 0
0.13269590183197674 0
0.13275637886847463 0
0.13281685590497253 0
0.13287733294147044 0
0.13293780997796834 0
0.13299828701446623 0
0.13305876405096412 0
0.133119241087462 0
0.1331797181239599 0
0.1332401951604578 0
0.13330067219695568 0
0.13336114923345357 0
0.13342162626995147 0
0.13348210330644936 0
0.13354258034294725 0
0.13360305737944514 0
0.13366353441594303 0
0.13372401145244092 0
0.1337844884889388 0
0.1338449655254367 0
0.1339054425619346 0
0.1339659195984325 0
0.13402639663493038 0
0.13408687367142827 0
0.13414735070792616 0
0.13420782774442405 0
0.13426830478092194 0
0.13432878181741983 0
0.13438925885391773 0
0.13444973589041562 0
0.1345102129269135 0
0.1345706899634114 0
0.1346311669999093 0
0.13469164403640718 0
0.13475212107290507 0
0.13481259810940296 0
0.13487307514590086 0
0.13493355218239875 0
0.13499402921889664 0
0.13505450625539453 0
0.13511498329189242 0
0.1351754603283903 0
0.1352359373648882 0
0.1352964144013861 0
0.13535689143788399 0
0.13541736847438188 0
0.13547784551087977 0
0.13553832254737766 0
0.13559879958387555 0
0.13565927662037344 0
0.13571975365687133 0
0.13578023069336922 0
0.13584070772986712 0
0.135901184766365 0
0.1359616618028629 0
0.1360221388393608 0
0.13608261587585868 0
0.13614309291235657 0
0.13620356994885446 0
0.13626404698535236 0
0.13632452402185025 0
0.13638500105834814 0
0.13644547809484603 0
0.13650595513134392 0
0.1365664321678418 0
0.1366269092043397 0
0.2075476402550009 0
0.20760811729149878 0
0.20766859432799667 0
0.20772907136449456 0
0.20778954840099245 0
0.20785002543749034 0
0.20791050247398823 0
0.20797097951048613 0
0.20803145654698402 0
0.2080919335834819 0
0.2081524106199798 0
0.2082128876564777 0
0.20827336469297558 0
0.20833384172947347 0
0.20839431876597136 0
0.20845479580246926 0
0.20851527283896715 0
0.20857574987546504 0
0.20863622691196293 0
0.20869670394846082 0
0.2087571809849587 0
0.2088176580214566 0
0.2088781350579545 0
0.2089386120944524 0
0.20899908913095028 0
0.20905956616744817 0
0.20912004320394606 0
0.20918052024044398 0
0.20924099727694187 0
0.20930147431343976 0
0.20936195134993765 0
0.20942242838643554 0
0.20948290542293344 0
0.20954338245943133 0
0.20960385949592922 0
0.2096643365324271 0
0.209724813568925 0
0.2097852906054229 0
0.20984576764192078 0
0.20990624467841867 0
0.20996672171491657 0
0.21002719875141446 0
0.21008767578791235 0
0.21014815282441024 0
0.21020862986090813 0
0.21026910689740602 0
0.2103295839339039 0
0.2103900609704018 0
0.2104505380068997 0
0.2105110150433976 0
0.21057149207989548 0
0.21063196911639337 0
0.21069244615289126 0
0.21075292318938915 0
0.21081340022588704 0
0.21087387726238493 0
0.21093435429888283 0
0.21099483133538072 0
0.2110553083718786 0
0.2111157854083765 0
0.2111762624448744 0
0.21123673948137228 0
0.21129721651787017 0
0.21135769355436806 0
0.21141817059086596 0
0.21147864762736385 0
0.21153912466386174 0
0.21159960170035963 0
0.21166007873685752 0
0.2117205557733554 0
0.2117810328098533 0
0.2118415098463512 0
0.21190198688284909 0
0.21196246391934698 0
0.21202294095584487 0
0.21208341799234276 0
0.21214389502884065 0
0.21220437206533854 0
0.21226484910183643 0
0.21232532613833432 0
0.21238580317483222 0
0.2124462802113301 0
0.212506757247828 0
0.2125672342843259 0
0.21262771132082378 0
0.21268818835732167 0
0.21274866539381956 0
0.21280914243031746 0
0.21286961946681535 0
0.21293009650331324 0
0.21299057353981113 0
0.21305105057630902 0
0.2131115276128069 0
0.2131720046493048 0
0.2132324816858027 0
0.21329295872230059 0
0.21335343575879848 0
0.21341391279529637 0
0.21347438983179426 0
0.21353486686829215 0
0.28445559791895336 0
0.2845160749554512 0
0.28457655199194914 0
0.284637029028447 0
0.2846975060649449 0
0.2847579831014428 0
0.2848184601379407 0
0.2848789371744386 0
0.2849394142109365 0
0.28499989124743436 0
0.2850603682839323 0
0.28512084532043014 0
0.28518132235692806 0
0.2852417993934259 0
0.28530227642992384 0
0.2853627534664217 0
0.2854232305029196 0
0.2854837075394175 0
0.2855441845759154 0
0.28560466161241327 0
0.2856651386489112 0
0.28572561568540905 0
0.28578609272190697 0
0.28584656975840483 0
0.28590704679490275 0
0.2859675238314006 0
0.28602800086789854 0
0.2860884779043964 0
0.2861489549408943 0
0.2862094319773922 0
0.2862699090138901 0
0.28633038605038796 0
0.2863908630868859 0
0.28645134012338375 0
0.28651181715988167 0
0.28657229419637953 0
0.28663277123287745 0
0.2866932482693753 0
0.28675372530587323 0
0.2868142023423711 0
0.286874679378869 0
0.2869351564153669 0
0.2869956334518648 0
0.28705611048836266 0
0.2871165875248606 0
0.28717706456135844 0
0.28723754159785636 0
0.2872980186343542 0
0.28735849567085214 0
0.28741897270735 0
0.2874794497438479 0
0.2875399267803458 0
0.2876004038168437 0
0.28766088085334157 0
0.2877213578898395 0
0.28778183492633735 0
0.2878423119628353 0
0.28790278899933314 0
0.28796326603583106 0
0.2880237430723289 0
0.28808422010882684 0
0.2881446971453247 0
0.2882051741818226 0
0.2882656512183205 0
0.2883261282548184 0
0.28838660529131627 0
0.2884470823278142 0
0.28850755936431205 0
0.28856803640080997 0
0.28862851343730783 0
0.28868899047380575 0
0.28874946751030367 0
0.28880994454680153 0
0.28887042158329945 0
0.2889308986197973 0
0.28899137565629524 0
0.2890518526927931 0
0.289112329729291 0
0.2891728067657889 0
0.2892332838022868 0
0.28929376083878466 0
0.2893542378752826 0
0.28941471491178045 0
0.28947519194827837 0
0.28953566898477623 0
0.28959614602127415 0
0.289656623057772 0
0.28971710009426993 0
0.2897775771307678 0
0.2898380541672657 0
0.2898985312037636 0
0.2899590082402615 0
0.29001948527675936 0
0.2900799623132573 0
0.29014043934975514 0
0.29020091638625306 0
0.2902613934227509 0
0.29032187045924884 0
0.2903823474957467 0
0.2904428245322446 0
0.3613635555829058 0
0.3614240326194037 0
0.36148450965590156 0
0.3615449866923995 0
0.36160546372889735 0
0.36166594076539527 0
0.36172641780189313 0
0.36178689483839105 0
0.3618473718748889 0
0.36190784891138683 0
0.3619683259478847 0
0.3620288029843826 0
0.3620892800208805 0
0.3621497570573784 0
0.36221023409387626 0
0.3622707111303742 0
0.36233118816687204 0
0.36239166520336996 0
0.3624521422398678 0
0.36251261927636574 0
0.3625730963128636 0
0.3626335733493615 0
0.3626940503858594 0
0.3627545274223573 0
0.3628150044588552 0
0.3628754814953531 0
0.36293595853185096 0
0.3629964355683489 0
0.36305691260484674 0
0.36311738964134466 0
0.3631778666778425 0
0.36323834371434044 0
0.3632988207508383 0
0.3633592977873362 0
0.3634197748238341 0
0.363480251860332 0
0.36354072889682987 0
0.3636012059333278 0
0.36366168296982565 0
0.36372216000632357 0
0.36378263704282143 0
0.36384311407931935 0
0.3639035911158172 0
0.36396406815231513 0
0.364024545188813 0
0.3640850222253109 0
0.3641454992618088 0
0.3642059762983067 0
0.36426645333480456 0
0.3643269303713025 0
0.36438740740780035 0
0.36444788444429826 0
0.36450836148079613 0
0.36456883851729405 0
0.3646293155537919 0
0.36468979259028983 0
0.3647502696267877 0
0.3648107466632856 0
0.3648712236997835 0
0.3649317007362814 0
0.36499217777277926 0
0.3650526548092772 0
0.3651131318457751 0
0.36517360888227296 0
0.3652340859187709 0
0.36529456295526874 0
0.36535503999176666 0
0.3654155170282645 0
0.36547599406476244 0
0.3655364711012603 0
0.3655969481377582 0
0.3656574251742561 0
0.365717902210754 0
0.3657783792472519 0
0.3658388562837498 0
0.36589933332024765 0
0.3659598103567456 0
0.36602028739324344 0
0.36608076442974136 0
0.3661412414662392 0
0.36620171850273714 0
0.366262195539235 0
0.3663226725757329 0
0.3663831496122308 0
0.3664436266487287 0
0.36650410368522657 0
0.3665645807217245 0
0.36662505775822235 0
0.36668553479472027 0
0.36674601183121813 0
0.36680648886771605 0
0.3668669659042139 0
0.36692744294071183 0
0.3669879199772097 0
0.3670483970137076 0
0.3671088740502055 0
0.3671693510867034 0
0.36722982812320126 0
0.3672903051596992 0
0.36735078219619705 0
0.43827151324685826 0
0.4383319902833561 0
0.43839246731985404 0
0.4384529443563519 0
0.4385134213928498 0
0.4385738984293477 0
0.4386343754658456 0
0.43869485250234347 0
0.4387553295388414 0
0.43881580657533925 0
0.43887628361183717 0
0.43893676064833503 0
0.43899723768483295 0
0.4390577147213308 0
0.43911819175782874 0
0.4391786687943266 0
0.4392391458308245 0
0.4392996228673224 0
0.4393600999038203 0
0.43942057694031816 0
0.4394810539768161 0
0.43954153101331395 0
0.43960200804981187 0
0.43966248508630973 0
0.43972296212280765 0
0.4397834391593055 0
0.43984391619580343 0
0.4399043932323013 0
0.4399648702687992 0
0.4400253473052971 0
0.440085824341795 0
0.44014630137829286 0
0.4402067784147908 0
0.44026725545128864 0
0.44032773248778656 0
0.4403882095242844 0
0.44044868656078234 0
0.4405091635972802 0
0.4405696406337781 0
0.440630117670276 0
0.4406905947067739 0
0.44075107174327177 0
0.4408115487797697 0
0.44087202581626755 0
0.4409325028527655 0
0.44099297988926334 0
0.44105345692576126 0
0.4411139339622591 0
0.44117441099875704 0
0.4412348880352549 0
0.4412953650717528 0
0.44135584210825074 0
0.4414163191447486 0
0.4414767961812465 0
0.4415372732177444 0
0.4415977502542423 0
0.44165822729074017 0
0.4417187043272381 0
0.44177918136373595 0
0.44183965840023387 0
0.44190013543673173 0
0.44196061247322965 0
0.4420210895097275 0
0.44208156654622544 0
0.4421420435827233 0
0.4422025206192212 0
0.4422629976557191 0
0.442323474692217 0
0.44238395172871486 0
0.4424444287652128 0
0.44250490580171065 0
0.44256538283820857 0
0.44262585987470643 0
0.44268633691120435 0
0.4427468139477022 0
0.44280729098420013 0
0.442867768020698 0
0.4429282450571959 0
0.4429887220936938 0
0.4430491991301917 0
0.44310967616668956 0
0.4431701532031875 0
0.44323063023968534 0
0.44329110727618326 0
0.4433515843126811 0
0.44341206134917904 0
0.4434725383856769 0
0.4435330154221748 0
0.4435934924586727 0
0.4436539694951706 0
0.44371444653166847 0
0.4437749235681664 0
0.44383540060466425 0
0.4438958776411622 0
0.44395635467766004 0
0.44401683171415796 0
0.4440773087506558 0
0.44413778578715374 0
0.4441982628236516 0
0.4442587398601495 0
0.5151794709108107 0
0.5152399479473085 0
0.5153004249838065 0
0.5153609020203044 0
0.5154213790568023 0
0.5154818560933001 0
0.515542333129798 0
0.5156028101662959 0
0.5156632872027939 0
0.5157237642392917 0
0.5157842412757896 0
0.5158447183122875 0
0.5159051953487854 0
0.5159656723852832 0
0.5160261494217812 0
0.5160866264582791 0
0.516147103494777 0
0.5162075805312748 0
0.5162680575677727 0
0.5163285346042706 0
0.5163890116407686 0
0.5164494886772664 0
0.5165099657137643 0
0.5165704427502622 0
0.5166309197867601 0
0.5166913968232579 0
0.5167518738597559 0
0.5168123508962538 0
0.5168728279327517 0
0.5169333049692495 0
0.5169937820057474 0
0.5170542590422453 0
0.5171147360787433 0
0.5171752131152411 0
0.517235690151739 0
0.5172961671882369 0
0.5173566442247348 0
0.5174171212612326 0
0.5174775982977305 0
0.5175380753342285 0
0.5175985523707264 0
0.5176590294072243 0
0.5177195064437221 0
0.51777998348022 0
0.517840460516718 0
0.5179009375532159 0
0.5179614145897137 0
0.5180218916262116 0
0.5180823686627095 0
0.5181428456992074 0
0.5182033227357052 0
0.5182637997722032 0
0.5183242768087011 0
0.518384753845199 0
0.5184452308816968 0
0.5185057079181947 0
0.5185661849546926 0
0.5186266619911906 0
0.5186871390276884 0
0.5187476160641863 0
0.5188080931006842 0
0.5188685701371821 0
0.5189290471736799 0
0.5189895242101779 0
0.5190500012466758 0
0.5191104782831737 0
0.5191709553196715 0
0.5192314323561694 0
0.5192919093926673 0
0.5193523864291653 0
0.5194128634656631 0
0.519473340502161 0
0.5195338175386589 0
0.5195942945751568 0
0.5196547716116546 0
0.5197152486481526 0
0.5197757256846505 0
0.5198362027211484 0
0.5198966797576462 0
0.5199571567941441 0
0.520017633830642 0
0.52007811086714 0
0.5201385879036378 0
0.5201990649401357 0
0.5202595419766336 0
0.5203200190131315 0
0.5203804960496293 0
0.5204409730861272 0
0.5205014501226252 0
0.5205619271591231 0
0.5206224041956209 0
0.5206828812321188 0
0.5207433582686167 0
0.5208038353051146 0
0.5208643123416125 0
0.5209247893781104 0
0.5209852664146083 0
0.5210457434511062 0
0.521106220487604 0
0.5211666975241019 0
0.5920874285747632 0
0.5921479056112611 0
0.5922083826477589 0
0.5922688596842568 0
0.5923293367207547 0
0.5923898137572526 0
0.5924502907937504 0
0.5925107678302484 0
0.5925712448667463 0
0.5926317219032442 0
0.592692198939742 0
0.5927526759762399 0
0.5928131530127378 0
0.5928736300492358 0
0.5929341070857336 0
0.5929945841222315 0
0.5930550611587294 0
0.5931155381952273 0
0.5931760152317251 0
0.5932364922682231 0
0.593296969304721 0
0.5933574463412189 0
0.5934179233777167 0
0.5934784004142146 0
0.5935388774507125 0
0.5935993544872105 0
0.5936598315237083 0
0.5937203085602062 0
0.5937807855967041 0
0.593841262633202 0
0.5939017396696998 0
0.5939622167061978 0
0.5940226937426957 0
0.5940831707791936 0
0.5941436478156915 0
0.5942041248521893 0
0.5942646018886872 0
0.5943250789251852 0
0.5943855559616831 0
0.5944460329981809 0
0.5945065100346788 0
0.5945669870711767 0
0.5946274641076746 0
0.5946879411441724 0
0.5947484181806704 0
0.5948088952171683 0
0.5948693722536662 0
0.594929849290164 0
0.5949903263266619 0
0.5950508033631599 0
0.5951112803996578 0
0.5951717574361556 0
0.5952322344726535 0
0.5952927115091514 0
0.5953531885456493 0
0.5954136655821471 0
0.5954741426186451 0
0.595534619655143 0
0.5955950966916409 0
0.5956555737281387 0
0.5957160507646366 0
0.5957765278011345 0
0.5958370048376325 0
0.5958974818741303 0
0.5959579589106282 0
0.5960184359471261 0
0.596078912983624 0
0.5961393900201218 0
0.5961998670566198 0
0.5962603440931177 0
0.5963208211296156 0
0.5963812981661134 0
0.5964417752026113 0
0.5965022522391092 0
0.5965627292756072 0
0.596623206312105 0
0.5966836833486029 0
0.5967441603851008 0
0.5968046374215987 0
0.5968651144580965 0
0.5969255914945945 0
0.5969860685310924 0
0.5970465455675903 0
0.5971070226040881 0
0.597167499640586 0
0.5972279766770839 0
0.5972884537135819 0
0.5973489307500797 0
0.5974094077865776 0
0.5974698848230755 0
0.5975303618595734 0
0.5975908388960712 0
0.5976513159325691 0
0.5977117929690671 0
0.597772270005565 0
0.5978327470420628 0
0.5978932240785607 0
0.5979537011150586 0
0.5980141781515566 0
0.5980746551880544 0
0.6689953862387156 0
0.6690558632752135 0
0.6691163403117114 0
0.6691768173482092 0
0.6692372943847071 0
0.6692977714212051 0
0.669358248457703 0
0.6694187254942008 0
0.6694792025306987 0
0.6695396795671966 0
0.6696001566036945 0
0.6696606336401923 0
0.6697211106766903 0
0.6697815877131882 0
0.6698420647496861 0
0.6699025417861839 0
0.6699630188226818 0
0.6700234958591798 0
0.6700839728956777 0
0.6701444499321755 0
0.6702049269686734 0
0.6702654040051713 0
0.6703258810416692 0
0.6703863580781672 0
0.670446835114665 0
0.6705073121511629 0
0.6705677891876608 0
0.6706282662241587 0
0.6706887432606565 0
0.6707492202971544 0
0.6708096973336524 0
0.6708701743701503 0
0.6709306514066481 0
0.670991128443146 0
0.6710516054796439 0
0.6711120825161419 0
0.6711725595526397 0
0.6712330365891376 0
0.6712935136256355 0
0.6713539906621334 0
0.6714144676986312 0
0.6714749447351291 0
0.6715354217716271 0
0.671595898808125 0
0.6716563758446228 0
0.6717168528811207 0
0.6717773299176186 0
0.6718378069541165 0
0.6718982839906144 0
0.6719587610271123 0
0.6720192380636102 0
0.6720797151001081 0
0.6721401921366059 0
0.6722006691731038 0
0.6722611462096018 0
0.6723216232460997 0
0.6723821002825975 0
0.6724425773190954 0
0.6725030543555933 0
0.6725635313920912 0
0.672624008428589 0
0.672684485465087 0
0.6727449625015849 0
0.6728054395380828 0
0.6728659165745806 0
0.6729263936110785 0
0.6729868706475765 0
0.6730473476840744 0
0.6731078247205722 0
0.6731683017570701 0
0.673228778793568 0
0.6732892558300659 0
0.6733497328665637 0
0.6734102099030617 0
0.6734706869395596 0
0.6735311639760575 0
0.6735916410125553 0
0.6736521180490532 0
0.6737125950855511 0
0.6737730721220491 0
0.6738335491585469 0
0.6738940261950448 0
0.6739545032315427 0
0.6740149802680406 0
0.6740754573045384 0
0.6741359343410364 0
0.6741964113775343 0
0.6742568884140322 0
0.67431736545053 0
0.6743778424870279 0
0.6744383195235258 0
0.6744987965600238 0
0.6745592735965216 0
0.6746197506330195 0
0.6746802276695174 0
0.6747407047060153 0
0.6748011817425131 0
0.674861658779011 0
0.674922135815509 0
0.6749826128520069 0
0.745903343902668 0
0.7459638209391659 0
0.7460242979756638 0
0.7460847750121617 0
0.7461452520486596 0
0.7462057290851575 0
0.7462662061216554 0
0.7463266831581533 0
0.7463871601946511 0
0.746447637231149 0
0.746508114267647 0
0.7465685913041449 0
0.7466290683406428 0
0.7466895453771406 0
0.7467500224136385 0
0.7468104994501364 0
0.7468709764866344 0
0.7469314535231322 0
0.7469919305596301 0
0.747052407596128 0
0.7471128846326259 0
0.7471733616691237 0
0.7472338387056217 0
0.7472943157421196 0
0.7473547927786175 0
0.7474152698151153 0
0.7474757468516132 0
0.7475362238881111 0
0.7475967009246091 0
0.7476571779611069 0
0.7477176549976048 0
0.7477781320341027 0
0.7478386090706006 0
0.7478990861070984 0
0.7479595631435964 0
0.7480200401800943 0
0.7480805172165922 0
0.74814099425309 0
0.7482014712895879 0
0.7482619483260858 0
0.7483224253625838 0
0.7483829023990816 0
0.7484433794355795 0
0.7485038564720774 0
0.7485643335085753 0
0.7486248105450731 0
0.748685287581571 0
0.748745764618069 0
0.7488062416545669 0
0.7488667186910647 0
0.7489271957275626 0
0.7489876727640605 0
0.7490481498005584 0
0.7491086268370563 0
0.7491691038735542 0
0.7492295809100521 0
0.74929005794655 0
0.7493505349830478 0
0.7494110120195457 0
0.7494714890560437 0
0.7495319660925416 0
0.7495924431290394 0
0.7496529201655373 0
0.7497133972020352 0
0.7497738742385331 0
0.749834351275031 0
0.7498948283115289 0
0.7499553053480268 0
0.7500157823845247 0
0.7500762594210225 0
0.7501367364575204 0
0.7501972134940184 0
0.7502576905305163 0
0.7503181675670141 0
0.750378644603512 0
0.7504391216400099 0
0.7504995986765078 0
0.7505600757130056 0
0.7506205527495036 0
0.7506810297860015 0
0.7507415068224994 0
0.7508019838589972 0
0.7508624608954951 0
0.750922937931993 0
0.750983414968491 0
0.7510438920049888 0
0.7511043690414867 0
0.7511648460779846 0
0.7512253231144825 0
0.7512858001509803 0
0.7513462771874783 0
0.7514067542239762 0
0.7514672312604741 0
0.7515277082969719 0
0.7515881853334698 0
0.7516486623699677 0
0.7517091394064657 0
0.7517696164429635 0
0.7518300934794614 0
0.7518905705159593 0
0.8228113015666205 0
0.8228717786031184 0
0.8229322556396163 0
0.8229927326761142 0
0.8230532097126121 0
0.82311368674911 0
0.8231741637856078 0
0.8232346408221057 0
0.8232951178586037 0
0.8233555948951016 0
0.8234160719315994 0
0.8234765489680973 0
0.8235370260045952 0
0.8235975030410931 0
0.823657980077591 0
0.8237184571140889 0
0.8237789341505868 0
0.8238394111870847 0
0.8238998882235825 0
0.8239603652600804 0
0.8240208422965783 0
0.8240813193330763 0
0.8241417963695741 0
0.824202273406072 0
0.8242627504425699 0
0.8243232274790678 0
0.8243837045155656 0
0.8244441815520636 0
0.8245046585885615 0
0.8245651356250594 0
0.8246256126615572 0
0.8246860896980551 0
0.824746566734553 0
0.824807043771051 0
0.8248675208075488 0
0.8249279978440467 0
0.8249884748805446 0
0.8250489519170425 0
0.8251094289535403 0
0.8251699059900383 0
0.8252303830265362 0
0.8252908600630341 0
0.8253513370995319 0
0.8254118141360298 0
0.8254722911725277 0
0.8255327682090257 0
0.8255932452455235 0
0.8256537222820214 0
0.8257141993185193 0
0.8257746763550172 0
0.825835153391515 0
0.825895630428013 0
0.8259561074645109 0
0.8260165845010088 0
0.8260770615375066 0
0.8261375385740045 0
0.8261980156105024 0
0.8262584926470004 0
0.8263189696834982 0
0.8263794467199961 0
0.826439923756494 0
0.8265004007929919 0
0.8265608778294897 0
0.8266213548659876 0
0.8266818319024856 0
0.8267423089389835 0
0.8268027859754813 0
0.8268632630119792 0
0.8269237400484771 0
0.826984217084975 0
0.8270446941214729 0
0.8271051711579708 0
0.8271656481944687 0
0.8272261252309666 0
0.8272866022674644 0
0.8273470793039623 0
0.8274075563404603 0
0.8274680333769582 0
0.827528510413456 0
0.8275889874499539 0
0.8276494644864518 0
0.8277099415229497 0
0.8277704185594476 0
0.8278308955959455 0
0.8278913726324434 0
0.8279518496689413 0
0.8280123267054391 0
0.828072803741937 0
0.828133280778435 0
0.8281937578149329 0
0.8282542348514307 0
0.8283147118879286 0
0.8283751889244265 0
0.8284356659609244 0
0.8284961429974222 0
0.8285566200339202 0
0.8286170970704181 0
0.828677574106916 0
0.8287380511434138 0
0.8287985281799117 0
0.8997192592305729 0
0.8997797362670709 0
0.8998402133035688 0
0.8999006903400666 0
0.8999611673765645 0
0.9000216444130624 0
0.9000821214495603 0
0.9001425984860582 0
0.9002030755225561 0
0.900263552559054 0
0.9003240295955519 0
0.9003845066320497 0
0.9004449836685476 0
0.9005054607050456 0
0.9005659377415435 0
0.9006264147780413 0
0.9006868918145392 0
0.9007473688510371 0
0.900807845887535 0
0.9008683229240328 0
0.9009287999605308 0
0.9009892769970287 0
0.9010497540335266 0
0.9011102310700244 0
0.9011707081065223 0
0.9012311851430203 0
0.9012916621795182 0
0.901352139216016 0
0.9014126162525139 0
0.9014730932890118 0
0.9015335703255097 0
0.9015940473620075 0
0.9016545243985055 0
0.9017150014350034 0
0.9017754784715013 0
0.9018359555079991 0
0.901896432544497 0
0.901956909580995 0
0.9020173866174929 0
0.9020778636539907 0
0.9021383406904886 0
0.9021988177269865 0
0.9022592947634844 0
0.9023197717999822 0
0.9023802488364802 0
0.9024407258729781 0
0.902501202909476 0
0.9025616799459738 0
0.9026221569824717 0
0.9026826340189696 0
0.9027431110554676 0
0.9028035880919654 0
0.9028640651284633 0
0.9029245421649612 0
0.9029850192014591 0
0.9030454962379569 0
0.9031059732744549 0
0.9031664503109528 0
0.9032269273474507 0
0.9032874043839485 0
0.9033478814204464 0
0.9034083584569443 0
0.9034688354934423 0
0.9035293125299401 0
0.903589789566438 0
0.9036502666029359 0
0.9037107436394338 0
0.9037712206759316 0
0.9038316977124295 0
0.9038921747489275 0
0.9039526517854254 0
0.9040131288219232 0
0.9040736058584211 0
0.904134082894919 0
0.904194559931417 0
0.9042550369679148 0
0.9043155140044127 0
0.9043759910409106 0
0.9044364680774085 0
0.9044969451139063 0
0.9045574221504042 0
0.9046178991869022 0
0.9046783762234001 0
0.9047388532598979 0
0.9047993302963958 0
0.9048598073328937 0
0.9049202843693916 0
0.9049807614058895 0
0.9050412384423874 0
0.9051017154788853 0
0.9051621925153832 0
0.905222669551881 0
0.9052831465883789 0
0.9053436236248769 0
0.9054041006613748 0
0.9054645776978726 0
0.9055250547343705 0
0.9055855317708684 0
0.9056460088073663 0
0.9057064858438643 0
0.9766272168945254 0
0.9766876939310233 0
0.9767481709675212 0
0.9768086480040191 0
0.9768691250405169 0
0.9769296020770148 0
0.9769900791135128 0
0.9770505561500107 0
0.9771110331865085 0
0.9771715102230064 0
0.9772319872595043 0
0.9772924642960023 0
0.9773529413325001 0
0.977413418368998 0
0.9774738954054959 0
0.9775343724419938 0
0.9775948494784916 0
0.9776553265149895 0
0.9777158035514875 0
0.9777762805879854 0
0.9778367576244832 0
0.9778972346609811 0
0.977957711697479 0
0.978018188733977 0
0.9780786657704748 0
0.9781391428069727 0
0.9781996198434706 0
0.9782600968799685 0
0.9783205739164663 0
0.9783810509529642 0
0.9784415279894622 0
0.9785020050259601 0
0.9785624820624579 0
0.9786229590989558 0
0.9786834361354537 0
0.9787439131719516 0
0.9788043902084494 0
0.9788648672449474 0
0.9789253442814453 0
0.9789858213179432 0
0.979046298354441 0
0.9791067753909389 0
0.9791672524274369 0
0.9792277294639348 0
0.9792882065004326 0
0.9793486835369305 0
0.9794091605734284 0
0.9794696376099263 0
0.9795301146464241 0
0.9795905916829221 0
0.97965106871942 0
0.9797115457559179 0
0.9797720227924157 0
0.9798324998289136 0
0.9798929768654115 0
0.9799534539019095 0
0.9800139309384073 0
0.9800744079749052 0
0.9801348850114031 0
0.980195362047901 0
0.9802558390843988 0
0.9803163161208968 0
0.9803767931573947 0
0.9804372701938926 0
0.9804977472303904 0
0.9805582242668883 0
0.9806187013033862 0
0.9806791783398842 0
0.980739655376382 0
0.9808001324128799 0
0.9808606094493778 0
0.9809210864858757 0
0.9809815635223735 0
0.9810420405588715 0
0.9811025175953694 0
0.9811629946318673 0
0.9812234716683651 0
0.981283948704863 0
0.9813444257413609 0
0.9814049027778589 0
0.9814653798143567 0
0.9815258568508546 0
0.9815863338873525 0
0.9816468109238504 0
0.9817072879603482 0
0.9817677649968461 0
0.9818282420333441 0
0.981888719069842 0
0.9819491961063399 0
0.9820096731428377 0
0.9820701501793356 0
0.9821306272158336 0
0.9821911042523315 0
0.9822515812888293 0
0.9823120583253272 0
0.9823725353618251 0
0.982433012398323 0
0.9824934894348208 0
0.9825539664713188 0
0.9826144435078167 0
