0.05992213316300737 0
0.06010886927570261 0
0.06655975316881103 0
0.07500637926634988 0
0.13683009082695982 0
0.13701682693965506 0
0.1434677108327635 0
0.15191433693030235 0
0.21373804849091227 0
0.2139247846036075 0
0.22037566849671594 0
0.2288222945942548 0
0.2906460061548647 0
0.29083274226755995 0
0.2972836261606684 0
0.3057302522582072 0
0.36755396381881716 0
0.3677406999315124 0
0.37419158382462087 0
0.3826382099221597 0
0.44446192148276964 0
0.44464865759546485 0
0.4510995414885733 0
0.45954616758611216 0
0.5213698791467221 0
0.5215566152594173 0
0.5280074991525258 0
0.5364541252500646 0
0.5982778368106745 0
0.5984645729233697 0
0.6049154568164782 0
0.6133620829140171 0
0.675185794474627 0
0.6753725305873222 0
0.6818234144804306 0
0.6902700405779695 0
0.7520937521385794 0
0.7522804882512747 0
0.7587313721443831 0
0.7671779982419219 0
0.8290017098025318 0
0.8291884459152271 0
0.8356393298083356 0
0.8440859559058744 0
0.9059096674664843 0
0.9060964035791795 0
0.912547287472288 0
0.9209939135698268 0
0.9828176251304368 0
0.9830043612431321 0
0.9894552451362404 0
0.9979018712337793 0
