0.0002793701163544546 1
0.00038599993175691814 1
0.0004862319582352339 1
0.0005864639847135497 1
0.0006866960111918655 1
0.0007869280376701812 1
0.000887160064148497 1
0.0009937898795509606 1
0.0010940219060292763 1
0.0011942539325075921 1
0.0012944859589859078 1
0.0013947179854642236 1
0.001501347800866687 1
0.001601579827345003 1
0.0018041764766096838 2
0.002025966492646808 2
0.0021539222711297644 2
0.0047087726481727914 2
0.004815402463575255 2
0.004922032278977718 2
0.005028662094380182 2
0.005128894120858498 2
0.005235523936260962 2
0.005342153751663425 2
0.005442385778141741 2
0.005542617804620057 2
0.005670573583103013 2
0.005798529361585969 2
0.005926485140068926 2
0.00614827515610605 2
0.006342341420138534 2
0.006544938069403214 2
0.009466595011430717 2
0.009566827037909032 2
0.011654638823489268 2
0.01179752277612857 2
0.011940406728767871 2
0.012083290681407172 2
0.014196693622684 2
0.014331047190091104 2
0.014473931142730406 2
0.016544682157846248 2
0.016644914184324563 2
0.01674514621080288 2
0.01688803016344218 2
0.019016361278875352 2
0.019231753505988332 2
0.019447145733101308 2
0.019662537960214284 2
0.019886460572559456 2
0.02266310096563961 2
0.022769730781042073 2
0.022869962807520388 2
0.022970194833998703 2
0.023076824649401168 2
0.023177056675879482 2
0.023277288702357797 2
0.023377520728836115 2
0.02347775275531443 2
0.02362063670795373 2
0.025874791005561813 2
0.025981420820964274 2
0.026081652847442592 2
0.026181884873920907 2
0.02628211690039922 2
0.026388746715801686 2
0.02648897874228 2
0.026589210768758316 2
0.026689442795236634 2
0.026796072610639095 2
0.026924028389122053 2
0.027051984167605007 2
0.029329597024601632 2
0.029429829051079947 2
0.02953006107755826 2
0.03171597229330877 2
0.03194202750196199 2
0.03206998328044495 2
0.032204336847852046 2
0.032332292626335 2
0.03246024840481796 2
0.03258820418330092 2
0.03483596069198485 2
0.03496391647046781 2
0.03509827003787491 2
0.03522622581635787 2
0.03535418159484082 2
0.03548213737332378 2
0.035610093151806736 2
0.03782159552325383 2
0.03792182754973215 2
0.03802205957621046 2
0.038122291602688776 2
0.03822892141809124 2
0.03832915344456956 2
0.03845710922305251 2
0.04069633534650425 2
0.04083068891391135 2
0.04106527450779677 2
0.0412827993312178 2
0.0414256832838571 2
0.041634677722045925 2
0.0418500699491589 2
0.041984423516566005 2
0.04211877708397311 2
0.042253130651380214 2
0.04239601460401952 2
0.04253889855665882 2
0.042688180298222266 2
0.042837462039785716 2
0.04298674378134917 2
0.04851869860442898 2
0.04862532841983144 2
0.048725560446309754 2
0.04883219026171222 2
0.04893242228819054 2
0.04906037806667349 2
0.051455283720612824 2
0.05158323949909578 2
0.05168986931449824 2
0.051796499129900704 2
0.054167946224451494 2
0.0543022997918586 2
0.054430255570341556 2
0.05455821134882451 2
0.05469256491623162 2
0.057046951240318014 2
0.057147183266796325 2
0.05732205616405637 2
0.057428685979458834 2
0.05995368000818917 2
0.06421460743167161 2
0.06436388917323506 2
0.06459420957450439 2
0.06474349131606784 2
0.06489490565393934 2
0.06509963489951207 2
0.06539819838263897 2
0.06598039717473642 2
0.06885513699798683 2
0.06900441873955028 2
0.06915370048111373 2
0.06929658443375303 2
0.06944799877162453 2
0.06965272801719725 2
0.07013895997543249 2
0.07309900365100488 2
0.07324828539256834 2
0.07339116934520763 2
0.07353405329784693 2
0.07368333503941038 2
0.07383261678097383 2
0.07398189852253728 2
0.07673294775992084 2
0.08175947725799297 2
0.08188743303647593 2
0.08201538881495889 2
0.08214334459344184 2
0.0875217524823421 2
0.0876646364349814 2
0.08781391817654485 2
0.0879631999181083 2
0.0881060838707476 2
0.08824043743815471 2
0.08838332139079401 2
0.09480883406694646 2
0.09493678984542941 2
0.09506474562391237 2
0.09519270140239533 2
0.09532065718087829 2
0.0954550107482854 2
0.09848116490940731 2
0.0986155184768144 2
0.10486402565939879 3
0.10514766096836933 3
0.10623955027809055 3
0.10653384856860136 3
0.1076086771078582 3
0.10790297539836899 3
0.10897140614870167 3
0.10925290886136418 3
0.11032133961169686 3
0.11061563790220766 3
0.12479527075442727 3
0.1309989934145426 3
0.1314276452724605 3
0.14463481420820964 3
0.19254359026853654 3
0.1997581635786672 3
0.20736300201317093 4
0.20747176442488144 4
0.20758052683659195 4
0.20768928924830246 4
0.2088515542361893 4
0.2091458525267001 4
0.20940816187259018 4
0.20967047121848023 4
0.2100969904800901 4
0.21041048213737332 4
0.21081994062851878 4
0.21123366431228036 4
0.21335986283140546 4
0.21457970791960965 4
0.21835440338485687 4
0.219096546900058 4
0.2202780052547173 4
0.22094550789913672 4
0.22181560719282084 4
0.22547940765004948 4
0.2289086225133927 4
0.23240821305490156 4
0.2356220356911318 4
0.23892329477599208 4
0.2413779131265568 4
0.24381760330296517 4
0.24622103934213668 4
0.2540476677926775 4
0.2604923738356024 4
0.2622666939638994 4
0.2634694782816392 4
0.2656361961306173 4
0.26725057153581055 4
0.2689758419490224 4
0.27082053775548504 4
0.2719316204319787 4
0.27304910089739654 4
0.27416658136281435 4
0.28316613778278227 4
0.283803784078889 4
0.28447341931961645 4
0.2876189988739892 4
0.28896040195175215 4
0.294366533592657 4
0.3028521343023851 4
0.3037755485037704 4
0.3048610400245675 4
0.3056564984474699 4
0.30656924966731497 4
0.3125341215409288 4
0.31317176783703554 4
0.313841403077763 4
0.3176352919097826 4
0.32240164465827276 4
0.3308595216159962 4
0.3317829358173815 4
0.3328684273381786 4
0.33366388576108097 4
0.33457663698092605 4
0.34030905585696253 4
0.3409467021530692 4
0.3416163373937967 4
0.34541449141843245 4
0.3501808441669226 4
0.3586429863172621 4
0.3595664005186474 4
0.3606518920394445 4
0.3614473504623469 4
0.36236010168219196 4
0.3680925205582284 4
0.36873016685433513 4
0.3693998020950626 4
0.37320222131231445 4
0.3779685740608046 4
0.3864349814037602 4
0.3873583956051455 4
0.38844388712594263 4
0.389239345548845 4
0.39015209676869006 4
0.39588451564472654 4
0.39652216194083323 4
0.3971917971815607 4
0.40099848159142865 4
0.4057648343399188 4
0.4142355068754905 4
0.41515892107687585 4
0.4162444125976729 4
0.41703987102057527 4
0.4179526222404204 4
0.4725023032040127 4
0.47313994950011945 4
0.4738095847408469 4
0.47759920838025044 4
0.48236556112874057 4
0.49082557068277205 4
0.49174898488415736 4
0.4928344764049544 4
0.49362993482785683 4
0.4945426860477019 4
0.5005075579213157 4
0.5011452042174225 4
0.50181483945815 4
0.5056087282901696 4
0.5103750810386597 4
0.5188329579963831 4
0.5197563721977685 4
0.5208418637185656 4
0.521637322141468 4
0.522550073361313 4
0.5282824922373495 4
0.5289201385334562 4
0.5295897737741836 4
0.5333879277988194 4
0.5381542805473095 4
0.546616422697649 4
0.5475398368990344 4
0.5486253284198315 4
0.5494207868427338 4
0.5503335380625789 4
0.5560659569386154 4
0.5567036032347221 4
0.5573732384754495 4
0.5611756576927014 4
0.5659420104411915 4
0.5744084177841471 4
0.5753318319855325 4
0.5764173235063296 4
0.577212781929232 4
0.578125533149077 4
0.5838579520251135 4
0.5844955983212202 4
0.5851652335619476 4
0.5889719179718156 4
0.5937382707203057 4
0.6022089432558775 4
0.6031323574572628 4
0.6042178489780599 4
0.6050133074009623 4
0.6059260586208073 4
0.6604757395843996 4
0.6611133858805064 4
0.6617830211212339 4
0.6655726447606374 4
0.6703389975091275 4
0.678799007063159 4
0.6797224212645443 4
0.6808079127853414 4
0.6816033712082438 4
0.6825161224280889 4
0.6884809943017026 4
0.6891186405978094 4
0.6897882758385369 4
0.6935821646705566 4
0.6983485174190467 4
0.7068063943767701 4
0.7077298085781554 4
0.7088153000989524 4
0.7096107585218548 4
0.7105235097417 4
0.7162559286177363 4
0.7168935749138431 4
0.7175632101545706 4
0.7213613641792064 4
0.7261277169276965 4
0.734589859078036 4
0.7355132732794213 4
0.7365987648002184 4
0.7373942232231208 4
0.7383069744429659 4
0.7440393933190023 4
0.744677039615109 4
0.7453466748558365 4
0.7491490940730884 4
0.7539154468215785 4
0.7623818541645341 4
0.7633052683659194 4
0.7643907598867165 4
0.7651862183096189 4
0.766098969529464 4
0.7718313884055004 4
0.7724690347016071 4
0.7731386699423346 4
0.7769453543522026 4
0.7817117071006927 4
0.7901823796362644 4
0.7911057938376497 4
0.7921912853584467 4
0.7929867437813491 4
0.7938994950011943 4
0.8471888115467294 4
0.8478264578428362 4
0.8484960930835637 4
0.8522857167229672 4
0.8570520694714573 4
0.8655120790254888 4
0.8664354932268741 4
0.8675209847476713 4
0.8683164431705735 4
0.8692291943904187 4
0.8751940662640325 4
0.8758317125601393 4
0.8765013478008666 4
0.8802952366328863 4
0.8850615893813765 4
0.8935194663390998 4
0.8944428805404853 4
0.8955283720612823 4
0.8963238304841846 4
0.8972365817040298 4
0.9029690005800662 4
0.903606646876173 4
0.9042762821169004 4
0.9080744361415362 4
0.9128407888900263 4
0.9213029310403658 4
0.9222263452417511 4
0.9233118367625482 4
0.9241072951854505 4
0.9250200464052957 4
0.9307524652813322 4
0.9313901115774388 4
0.9320597468181663 4
0.9358621660354182 4
0.9406285187839083 4
0.9490949261268639 4
0.9500183403282493 4
0.9511038318490463 4
0.9518992902719486 4
0.9528120414917938 4
