0.19997782099839628 0
0.21280112259869655 0
0.21349208380250453 0
0.21380131026717167 0
0.21848662435595592 0
0.22107133108131163 0
0.22834348449175965 0
0.23193051148189853 0
0.23512940594397244 0
0.2384093390657522 0
0.24086395741631692 0
0.2433036475927253 0
0.24574333776913365 0
0.28835474460026617 0
0.2936542464257686 0
0.31702963455829664 0
0.32168935749138433 0
0.34480883406694646 0
0.3494685570000341 0
0.37259656396082846 0
0.3772562868939161 0
0.40039282423994266 0
0.40505254717303035 0
0.47699355102876445 0
0.4816532739618521 0
0.5050030709386836 0
0.5096627938717713 0
0.5327822704473334 0
0.5374419933804211 0
0.5605700003412154 0
0.5652297232743031 0
0.5883662606203296 0
0.5930259835534173 0
0.6649669874091514 0
0.6696267103422391 0
0.6929765073190706 0
0.6976362302521582 0
0.7207557068277204 0
0.725415429760808 0
0.7485434367216024 0
0.75320315965469 0
0.7763396970007166 0
0.7809994199338042 0
0.8516800593714812 0
0.8563397823045689 0
0.8796895792814003 0
0.884349302214488 0
0.9074687787900502 0
0.9121285017231379 0
0.9352565086839322 0
0.9399162316170199 0
