0.1296661207220118 1
0.12969810966663253 2
0.1420842290237827 3
0.14212901354625174 4
0.1721175828300406 5
0.17216236735250964 6
0.17220715187497868 7
0.1790421230422766 8
0.2535529054492101 9
0.2536446070904562 10
0.2537149827686218 11
0.29023356194765754 11
0.29032526358890365 11
0.29069207015388815 11
0.2907901695840584 11
0.2911569761490429 11
0.29125507557921315 11
0.29162188214419765 11
0.2917199815743679 11
0.29208678813935235 11
0.29218488756952266 11
0.3005489302896919 11
0.3006129081789334 11
0.30071100760910363 11
0.31828786638004575 11
0.31837956802129186 11
0.3187463745862763 11
0.31884447401644656 11
0.31921128058143106 11
0.3193093800116013 11
0.3196761865765858 11
0.31977428600675606 11
0.32014109257174056 11
0.3202391920019108 11
0.3285840413553076 11
0.32864801924454906 11
0.32874611867471937 11
0.3460670658886955 11
0.3461587675299416 11
0.3465255740949261 11
0.3466236735250964 11
0.3469904800900809 11
0.34708857952025113 11
0.34745538608523563 11
0.3475534855154059 11
0.3479202920803903 11
0.34801839151056063 11
0.35636324086395743 11
0.3564272187531989 11
0.3565253181833692 11
0.3738547957825775 11
0.3739464974238237 11
0.37431330398880813 11
0.3744114034189784 11
0.3747782099839629 11
0.37487630941413314 11
0.37524311597911764 11
0.3753412154092879 11
0.37570802197427233 11
0.37580612140444264 11
0.38415097075783944 11
0.3842149486470809 11
0.3843130480772512 11
0.40165105606169177 11
0.4017427577029379 11
0.4021095642679223 11
0.40220766369809263 11
0.4025744702630771 11
0.40267256969324733 11
0.40303937625823183 11
0.4031374756884021 11
0.4035042822533866 11
0.40360238168355683 11
0.41194723103695363 11
0.4120112089261951 11
0.4121093083563654 11
0.4782517828505135 11
0.4783434844917597 11
0.4787102910567441 11
0.47880839048691437 11
0.47917519705189887 11
0.4792732964820691 11
0.4796401030470536 11
0.4797382024772239 11
0.4801050090422083 11
0.4802031084723786 11
0.4885479578257754 11
0.4886119357150169 11
0.4887100351451872 11
0.5062613027604327 11
0.5063530044016787 11
0.5067198109666633 11
0.5068179103968335 11
0.507184716961818 11
0.5072828163919882 11
0.5076496229569727 11
0.507747722387143 11
0.5081145289521275 11
0.5082126283822977 11
0.5165574777356945 11
0.516621455624936 11
0.5167195550551062 11
0.5340405022690825 11
0.5341322039103286 11
0.5344990104753131 11
0.5345971099054834 11
0.5349639164704678 11
0.5350620159006381 11
0.5354288224656225 11
0.5355269218957928 11
0.5358937284607773 11
0.5359918278909476 11
0.5443366772443443 11
0.5444006551335858 11
0.5444987545637561 11
0.5618282321629645 11
0.5619199338042106 11
0.5622867403691951 11
0.5623848397993654 11
0.5627516463643498 11
0.5628497457945201 11
0.5632165523595045 11
0.5633146517896748 11
0.5636814583546593 11
0.5637795577848296 11
0.5721244071382263 11
0.5721883850274678 11
0.5722864844576381 11
0.5896244924420787 11
0.5897161940833248 11
0.5900830006483093 11
0.5901811000784796 11
0.590547906643464 11
0.5906460060736343 11
0.5910128126386187 11
0.5911109120687891 11
0.5914777186337735 11
0.5915758180639438 11
0.5999206674173405 11
0.599984645306582 11
0.6000827447367523 11
0.6662252192309005 11
0.6663169208721466 11
0.6666837274371311 11
0.6667818268673014 11
0.6671486334322858 11
0.6672467328624561 11
0.6676135394274405 11
0.6677116388576108 11
0.6680784454225953 11
0.6681765448527656 11
0.6765213942061623 11
0.6765853720954038 11
0.6766834715255741 11
0.6942347391408196 11
0.6943264407820657 11
0.6946932473470502 11
0.6947913467772204 11
0.695158153342205 11
0.6952562527723752 11
0.6956230593373597 11
0.6957211587675299 11
0.6960879653325144 11
0.6961860647626846 11
0.7045309141160815 11
0.704594892005323 11
0.7046929914354932 11
0.7220139386494694 11
0.7221056402907156 11
0.7224724468557 11
0.7225705462858703 11
0.7229373528508547 11
0.7230354522810251 11
0.7234022588460095 11
0.7235003582761798 11
0.7238671648411642 11
0.7239652642713345 11
0.7323101136247313 11
0.7323740915139728 11
0.7324721909441431 11
0.7498016685433514 11
0.7498933701845976 11
0.750260176749582 11
0.7503582761797523 11
0.7507250827447367 11
0.7508231821749071 11
0.7511899887398915 11
0.7512880881700618 11
0.7516548947350462 11
0.7517529941652165 11
0.7600978435186133 11
0.7601618214078548 11
0.7602599208380251 11
0.7775979288224656 11
0.7776896304637118 11
0.7780564370286962 11
0.7781545364588665 11
0.778521343023851 11
0.7786194424540213 11
0.7789862490190057 11
0.779084348449176 11
0.7794511550141604 11
0.7795492544443307 11
0.7878941037977275 11
0.787958081686969 11
0.7880561811171393 11
0.8529382911932303 11
0.8530299928344764 11
0.8533967993994609 11
0.8534948988296311 11
0.8538617053946156 11
0.8539598048247858 11
0.8543266113897704 11
0.8544247108199406 11
0.8547915173849251 11
0.8548896168150953 11
0.8632344661684922 11
0.8632984440577336 11
0.863396543487904 11
0.8809478111031495 11
0.8810395127443955 11
0.88140631930938 11
0.8815044187395503 11
0.8818712253045348 11
0.881969324734705 11
0.8823361312996895 11
0.8824342307298597 11
0.8828010372948443 11
0.8828991367250145 11
0.8912439860784113 11
0.8913079639676528 11
0.891406063397823 11
0.9087270106117993 11
0.9088187122530453 11
0.9091855188180298 11
0.9092836182482001 11
0.9096504248131846 11
0.9097485242433548 11
0.9101153308083393 11
0.9102134302385095 11
0.9105802368034941 11
0.9106783362336643 11
0.9190231855870611 11
0.9190871634763026 11
0.9191852629064728 11
0.9365147405056813 11
0.9366064421469273 11
0.9369732487119118 11
0.9370713481420822 11
0.9374381547070666 11
0.9375362541372368 11
0.9379030607022213 11
0.9380011601323915 11
0.9383679666973761 11
0.9384660661275464 11
0.9468109154809431 11
0.9468748933701846 11
0.9469729928003549 11
