0.21391433787149827 1
0.21859965196028253 2
0.2186081823455147 3
0.22120568464871873 4
0.22847783805916674 5
0.23204567168253318 6
0.23523390316306683 7
0.2385436926331593 8
0.240998310983724 9
0.2434380011601324 10
0.2458584979697683 11
0.2826479168799263 11
0.2826564472651585 11
0.28266497765039067 11
0.2826905688060873 11
0.28269909919131947 11
0.28270762957655166 11
0.2884827003787491 11
0.2937800696079435 11
0.3120201658306889 11
0.3120286962159211 11
0.3120372266011533 11
0.3120628177568499 11
0.3120713481420821 11
0.3120798785273143 11
0.3171575903367796 11
0.32181518067355924 11
0.33979510014672265 11
0.33980363053195484 11
0.339812160917187 11
0.33983775207288364 11
0.3398462824581158 11
0.339854812843348 11
0.3449367898454294 11
0.349594380182209 11
0.3675785648479885 11
0.36758709523322075 11
0.36759562561845294 11
0.3676212167741495 11
0.36762974715938174 11
0.3676382775446139 11
0.3727245197393114 11
0.377382110076091 11
0.39537055993448667 11
0.39537909031971885 11
0.39538762070495104 11
0.39541321186064765 11
0.39542174224587984 11
0.395430272631112 11
0.4005207800184256 11
0.40517837035520526 11
0.47198408230115674 11
0.4719926126863889 11
0.4720011430716211 11
0.4720267342273177 11
0.4720352646125499 11
0.4720437949977821 11
0.4771215068072474 11
0.481779097144027 11
0.49999360221107586 11
0.5000021325963081 11
0.5000106629815403 11
0.5000362541372368 11
0.500044784522469 11
0.5000533149077012 11
0.5051310267171666 11
0.5097886170539462 11
0.5277685365271095 11
0.5277770669123417 11
0.5277855972975739 11
0.5278111884532706 11
0.5278197188385028 11
0.527828249223735 11
0.5329102262258164 11
0.537567816562596 11
0.5555520012283754 11
0.5555605316136076 11
0.5555690619988398 11
0.5555946531545365 11
0.5556031835397687 11
0.5556117139250009 11
0.5606979561196984 11
0.565355546456478 11
0.5833439963148735 11
0.5833525267001057 11
0.5833610570853379 11
0.5833866482410346 11
0.5833951786262668 11
0.583403709011499 11
0.5884942163988126 11
0.5931518067355922 11
0.6599575186815436 11
0.6599660490667758 11
0.6599745794520081 11
0.6600001706077047 11
0.6600087009929368 11
0.660017231378169 11
0.6650949431876344 11
0.669752533524414 11
0.6879670385914628 11
0.687975568976695 11
0.6879840993619272 11
0.6880096905176237 11
0.688018220902856 11
0.6880267512880882 11
0.6931044630975535 11
0.6977620534343331 11
0.7157419729074965 11
0.7157505032927287 11
0.7157590336779609 11
0.7157846248336575 11
0.7157931552188896 11
0.7158016856041218 11
0.7208836626062033 11
0.7255412529429829 11
0.7435254376087624 11
0.7435339679939946 11
0.7435424983792268 11
0.7435680895349234 11
0.7435766199201556 11
0.7435851503053877 11
0.7486713925000853 11
0.7533289828368649 11
0.7713174326952605 11
0.7713259630804927 11
0.7713344934657249 11
0.7713600846214215 11
0.7713686150066537 11
0.7713771453918858 11
0.7764676527791995 11
0.7811252431159791 11
0.8466705906438735 11
0.8466791210291057 11
0.8466876514143379 11
0.8467132425700344 11
0.8467217729552666 11
0.8467303033404988 11
0.8518080151499642 11
0.8564656054867438 11
0.8746801105537926 11
0.8746886409390248 11
0.874697171324257 11
0.8747227624799536 11
0.8747312928651858 11
0.874739823250418 11
0.8798175350598832 11
0.884475125396663 11
0.9024550448698263 11
0.9024635752550585 11
0.9024721056402907 11
0.9024976967959873 11
0.9025062271812195 11
0.9025147575664517 11
0.9075967345685331 11
0.9122543249053128 11
0.9302385095710922 11
0.9302470399563244 11
0.9302555703415566 11
0.9302811614972533 11
0.9302896918824854 11
0.9302982222677176 11
0.9353844644624151 11
0.9400420547991948 11
