0.2150232879516839 0
0.22018417101716314 0
0.22066827037909031 0
0.22296507660285939 0
0.2297126113215273 0
0.2334958371720067 0
0.23677150510117037 0
0.23942018971576756 0
0.24187480806633227 0
0.24431449824274065 0
0.24730866345924182 0
0.25498387757191115 1
0.2621749923226533 2
0.26322209710990546 3
0.2653376326474904 4
0.2666769031289453 5
0.2688031016480704 6
0.27064779745453305 7
0.2717588801310267 8
0.27287636059644454 9
0.27399384106186236 10
0.27571058108984203 11
0.28370994984133485 11
0.2843795850820623 11
0.2850449551301737 11
0.289081959941311 11
0.29448809158221584 11
0.30360280820281843 11
0.3045582113488245 11
0.3055647968062238 11
0.30647754802606886 11
0.3074756030982359 11
0.31307793359948133 11
0.3137475688402088 11
0.31441293888832017 11
0.31775684989934144 11
0.3225232026478316 11
0.3316101955164295 11
0.33256559866243557 11
0.33357218411983486 11
0.33448493533967993 11
0.335482990411847 11
0.34085286791551506 11
0.34152250315624255 11
0.3421878732043539 11
0.34553604940799126 11
0.3503024021564814 11
0.3593936602176954 11
0.3603490633637015 11
0.36135564882110077 11
0.36226840004094585 11
0.3632664551131129 11
0.36863633261678097 11
0.36930596785750847 11
0.3699713379056198 11
0.37332377930187327 11
0.3780901320503634 11
0.3871856553041935 11
0.38814105845019964 11
0.3891476439075989 11
0.39006039512744395 11
0.391058450199611 11
0.39642832770327907 11
0.39709796294400657 11
0.3977633329921179 11
0.40112003958098746 11
0.4058863923294776 11
0.41498618077592386 11
0.4159415839219299 11
0.41694816937932916 11
0.41786092059917423 11
0.41885897567134134 11
0.47304611526256524 11
0.47371575050329273 11
0.4743811205514041 11
0.47772076636980926 11
0.4824871191182994 11
0.49157624458320537 11
0.49253164772921143 11
0.4935382331866107 11
0.4944509844064558 11
0.49544903947862284 11
0.5010513699798683 11
0.5017210052205958 11
0.5023863752687071 11
0.5057302862797284 11
0.5104966390282185 11
0.5195836318968164 11
0.5205390350428225 11
0.5215456205002218 11
0.5224583717200669 11
0.5234564267922339 11
0.528826304295902 11
0.5294959395366294 11
0.5301613095847408 11
0.5335094857883782 11
0.5382758385368683 11
0.5473670965980824 11
0.5483224997440884 11
0.5493290852014877 11
0.5502418364213328 11
0.5512398914934998 11
0.556609768997168 11
0.5572794042378953 11
0.5579447742860068 11
0.5612972156822602 11
0.5660635684307503 11
0.5751590916845805 11
0.5761144948305865 11
0.5771210802879858 11
0.5780338315078309 11
0.5790318865799979 11
0.5844017640836661 11
0.5850713993243934 11
0.5857367693725049 11
0.5890934759613744 11
0.5938598287098645 11
0.6029596171563107 11
0.6039150203023168 11
0.6049216057597161 11
0.6058343569795612 11
0.6068324120517282 11
0.6610195516429522 11
0.6616891868836796 11
0.662354556931791 11
0.6656942027501962 11
0.6704605554986863 11
0.6795496809635924 11
0.6805050841095984 11
0.6815116695669976 11
0.6824244207868427 11
0.6834224758590098 11
0.6890248063602552 11
0.6896944416009827 11
0.6903598116490941 11
0.6937037226601154 11
0.6984700754086055 11
0.7075570682772034 11
0.7085124714232095 11
0.7095190568806087 11
0.7104318081004538 11
0.7114298631726209 11
0.7167997406762889 11
0.7174693759170164 11
0.7181347459651278 11
0.7214829221687652 11
0.7262492749172552 11
0.7353405329784694 11
0.7362959361244754 11
0.7373025215818746 11
0.7382152728017197 11
0.7392133278738868 11
0.7445832053775548 11
0.7452528406182823 11
0.7459182106663937 11
0.7492706520626472 11
0.7540370048111372 11
0.7631325280649675 11
0.7640879312109735 11
0.7650945166683727 11
0.7660072678882178 11
0.7670053229603849 11
0.772375200464053 11
0.7730448357047804 11
0.7737102057528918 11
0.7770669123417614 11
0.7818332650902515 11
0.7909330535366977 11
0.7918884566827038 11
0.7928950421401031 11
0.7938077933599481 11
0.7948058484321152 11
0.847732623605282 11
0.8484022588460095 11
0.8490676288941209 11
0.852407274712526 11
0.8571736274610161 11
0.8662627529259221 11
0.8672181560719282 11
0.8682247415293275 11
0.8691374927491725 11
0.8701355478213396 11
0.8757378783225851 11
0.8764075135633125 11
0.8770728836114239 11
0.8804167946224452 11
0.8851831473709353 11
0.8942701402395332 11
0.8952255433855393 11
0.8962321288429386 11
0.8971448800627836 11
0.8981429351349507 11
0.9035128126386187 11
0.9041824478793462 11
0.9048478179274576 11
0.908195994131095 11
0.9129623468795851 11
0.9220536049407991 11
0.9230090080868052 11
0.9240155935442045 11
0.9249283447640495 11
0.9259263998362166 11
0.9312962773398846 11
0.9319659125806121 11
0.9326312826287235 11
0.935983724024977 11
0.9407500767734671 11
0.9498456000272972 11
0.9508010031733033 11
0.9518075886307026 11
0.9527203398505476 11
0.9537183949227147 11
