0.2147119288907087 1
0.219226635274849 2
0.22041022622581635 2
0.2220054082642372 2
0.2290387108881837 3
0.23253830142969256 3
0.2358118367625482 3
0.23911309584740847 4
0.24156771419797318 4
0.24400740437438154 4
0.2463511277169277 4
0.2541713583785444 5
0.26061393182516124 6
0.26239038454976626 7
0.26377017436107414 8
0.2658750469171188 9
0.26750648309277647 10
0.2692914662026137 11
0.2711361620090763 12
0.27224724468557 13
0.2733647251509878 14
0.2744139625345481 15
0.28329622615757327 15
0.28393387245368 15
0.28460350769440745 15
0.3030867198962705 15
0.30401013409765587 15
0.3050785648479885 15
0.3058740232708909 15
0.306786774490736 15
0.3126642099157198 15
0.31330185621182655 15
0.313971491452554 15
0.3310941072098816 15
0.33201752141126695 15
0.33308595216159964 15
0.333881410584502 15
0.33479416180434707 15
0.34043914423175353 15
0.3410767905278602 15
0.3417464257685877 15
0.3588775719111475 15
0.35980098611253286 15
0.3608694168628655 15
0.3616648752857679 15
0.362577626505613 15
0.3682226089330194 15
0.36886025522912613 15
0.36952989046985363 15
0.3866695669976456 15
0.38759298119903096 15
0.38866141194936366 15
0.389456870372266 15
0.3903696215921111 15
0.39601460401951755 15
0.39665225031562423 15
0.39732188555635173 15
0.41447009246937594 15
0.41539350667076125 15
0.41646193742109394 15
0.4172573958439963 15
0.4181701470638414 15
0.4726323915788037 15
0.47327003787491045 15
0.4739396731156379 15
0.49106015627665744 15
0.4919835704780428 15
0.49305200122837545 15
0.49384745965127785 15
0.49476021087112293 15
0.5006376462961067 15
0.5012752925922135 15
0.501944927832941 15
0.5190675435902685 15
0.5199909577916538 15
0.5210593885419865 15
0.5218548469648889 15
0.5227675981847341 15
0.5284125806121405 15
0.5290502269082472 15
0.5297198621489746 15
0.5468510082915344 15
0.5477744224929197 15
0.5488428532432524 15
0.5496383116661548 15
0.550551062886 15
0.5561960453134064 15
0.5568336916095131 15
0.5575033268502405 15
0.5746430033780325 15
0.5755664175794178 15
0.5766348483297505 15
0.5774303067526529 15
0.5783430579724981 15
0.5839880403999045 15
0.5846256866960112 15
0.5852953219367386 15
0.6024435288497628 15
0.6033669430511482 15
0.6044353738014808 15
0.6052308322243832 15
0.6061435834442284 15
0.6606058279591907 15
0.6612434742552974 15
0.6619131094960249 15
0.6790335926570444 15
0.6799570068584297 15
0.6810254376087624 15
0.6818208960316647 15
0.6827336472515099 15
0.6886110826764936 15
0.6892487289726004 15
0.6899183642133279 15
0.7070409799706555 15
0.7079643941720408 15
0.7090328249223735 15
0.7098282833452759 15
0.7107410345651209 15
0.7163860169925274 15
0.7170236632886341 15
0.7176932985293616 15
0.7348244446719214 15
0.7357478588733067 15
0.7368162896236394 15
0.7376117480465417 15
0.7385244992663869 15
0.7441694816937933 15
0.7448071279899 15
0.7454767632306275 15
0.7626164397584195 15
0.7635398539598048 15
0.7646082847101375 15
0.7654037431330399 15
0.766316494352885 15
0.7719614767802914 15
0.7725991230763981 15
0.7732687583171256 15
0.7904169652301498 15
0.7913403794315351 15
0.7924088101818678 15
0.7932042686047702 15
0.7941170198246152 15
0.8473188999215204 15
0.8479565462176272 15
0.8486261814583547 15
0.8657466646193742 15
0.8666700788207595 15
0.8677385095710922 15
0.8685339679939946 15
0.8694467192138396 15
0.8753241546388235 15
0.8759618009349303 15
0.8766314361756576 15
0.8937540519329853 15
0.8946774661343706 15
0.8957458968847033 15
0.8965413553076057 15
0.8974541065274508 15
0.9030990889548572 15
0.903736735250964 15
0.9044063704916914 15
0.9215375166342512 15
0.9224609308356365 15
0.9235293615859692 15
0.9243248200088716 15
0.9252375712287166 15
0.9308825536561232 15
0.9315201999522298 15
0.9321898351929573 15
0.9493295117207493 15
0.9502529259221346 15
0.9513213566724673 15
0.9521168150953697 15
0.9530295663152148 15
