0.1250383867335449 0
0.1250746408707817 0
0.14154894735046233 0
0.14158733408400723 0
0.14546226157573275 0
0.14547932234619715 0
0.14550704609820178 0
0.1455539632169789 0
0.1455902173542157 0
0.14900663663971064 0
0.14902369741017504 0
0.14905142116217968 0
0.14907914491418434 0
0.14910686866618897 0
0.1491345924181936 0
0.14918150953697068 0
0.14919857030743508 0
0.14924548742621216 0
0.149281741563449 0
0.15995325348892755 0
0.15997031425939195 0
0.1599980380113966 0
0.16002576176340125 0
0.16005348551540588 0
0.1600812092674105 0
0.16010893301941514 0
0.1601366567714198 0
0.16016438052342444 0
0.16019210427542907 0
0.16021982802743373 0
0.1602667451462108 0
0.16151644658272768 0
0.16153350735319208 0
0.1615612311051967 0
0.16158895485720134 0
0.161616678609206 0
0.16164440236121064 0
0.16167212611321527 0
0.1616998498652199 0
0.16172757361722456 0
0.1617552973692292 0
0.16178302112123383 0
0.1618107448732385 0
0.16183846862524312 0
0.1618853857440202 0
0.16400092128160507 0
0.16401798205206947 0
0.1640457058040741 0
0.16407342955607876 0
0.1641011533080834 0
0.16412887706008802 0
0.16415660081209268 0
0.16418432456409732 0
0.16421204831610195 0
0.16423977206810658 0
0.16426749582011124 0
0.16429521957211587 0
0.1643229433241205 0
0.16435066707612517 0
0.1643783908281298 0
0.16442530794690688 0
0.16636810318353976 0
0.16638516395400416 0
0.16641288770600882 0
0.16644061145801345 0
0.16646833521001808 0
0.1664960589620227 0
0.16652378271402737 0
0.166551506466032 0
0.16657923021803664 0
0.1666069539700413 0
0.16663467772204593 0
0.16667732964820692 0
0.16669439041867132 0
0.16847084314327634 0
0.16848790391374074 0
0.16851562766574538 0
0.16854335141775004 0
0.16857107516975467 0
0.1685987989217593 0
0.16862652267376393 0
0.1686542464257686 0
0.16868197017777323 0
0.16870969392977786 0
0.16873741768178252 0
0.16876514143378715 0
0.16879286518579178 0
0.16883978230456886 0
0.17399426758112396 0
0.17401132835158836 0
0.174039052103593 0
0.17408596922237007 0
0.17410302999283447 0
0.17414994711161155 0
0.17501578121267958 0
0.17503284198314395 0
0.1750605657351486 0
0.1751074828539257 0
0.1766408195994131 0
0.1766578803698775 0
0.17668560412188214 0
0.17671332787388677 0
0.17676024499266388 0
0.17677730576312825 0
0.17682422288190536 0
0.17686047701914218 0
0.17766873101989286 0
0.17768579179035726 0
0.1777135155423619 0
0.17774123929436653 0
0.1777689630463712 0
0.17781588016514827 0
0.18021505101170368 0
0.18025130514894053 0
0.18087615586719896 0
0.18089321663766336 0
0.180920940389668 0
0.18096785750844507 0
0.18533541474732998 0
0.18535247551779438 0
0.185380199269799 0
0.18540792302180367 0
0.1854356467738083 0
0.1854782986999693 0
0.1854910942778176 0
0.18551455283720614 0
0.18553801139659468 0
0.1855657351485993 0
0.19488944620739074 0
0.1949065069778551 0
0.19493423072985977 0
0.1949619544818644 0
0.19498967823386903 0
0.1950174019858737 0
0.19506431910465077 0
0.19508137987511517 0
0.19512829699389225 0
0.1986321527280172 0
0.19864921349848158 0
0.19867693725048624 0
0.19870466100249087 0
0.19875157812126795 0
0.19876863889173235 0
0.19881555601050943 0
