0.12334510526495376 1
0.12386119357150169 1
0.12593620977923364 1
0.12638405500392397 1
0.12684469580646263 1
0.12741196642440372 1
0.12795577848295628 1
0.13955923499505238 1
0.14196267103422391 1
0.14318464871873615 1
0.14625985259494317 1
0.1471299518886273 1
0.14871660354181596 1
0.15012838229774456 1
0.15068072474152933 1
0.16077856826014264 1
0.1612498720442215 1
0.16232896577609446 1
0.1628237281195619 1
0.16499471116115605 1
0.1661015286450336 1
0.16716356160644213 1
0.16808271061521138 1
0.16950728494898828 1
0.17158230115672024 1
0.17343979254103115 1
0.174732145903709 1
0.1755190739413792 1
0.1759647865697615 1
0.1763849080424472 1
0.1775962227454192 1
0.1781293718224315 1
0.17956034394513257 1
0.18059891834715255 1
0.18128561435834442 1
0.18203202306616167 1
0.1823966970348381 1
0.1844397242979493 1
0.18505817722728357 1
0.18611381239976799 1
0.18653606646876172 1
0.19590242945371414 1
0.19642278295287816 1
0.19685570000341215 1
0.19839330194151567 1
0.19944893711400008 1
