0.2535720988159825 0
0.29025275531443 0
0.29071766130958476 0
0.29118256730473946 0
0.2916474732998942 0
0.29211237929504896 0
0.30063849933462994 0
0.31830705974681817 0
0.3187719657419729 0
0.31923687173712767 0
0.31970177773228237 0
0.3201666837274371 0
0.3286736104002457 0
0.346086259255468 0
0.34655116525062274 0
0.34701607124577744 0
0.3474809772409322 0
0.34794588323608694 0
0.3564528099088955 0
0.37387398914935 0
0.37433889514450475 0
0.37480380113965944 0
0.3752687071348142 0
0.37573361312996895 0
0.3842405398027775 0
0.4016702494284642 0
0.40213515542361894 0
0.4026000614187737 0
0.4030649674139284 0
0.40352987340908314 0
0.4120368000818917 0
0.478270976217286 0
0.47873588221244073 0
0.47920078820759543 0
0.4796656942027502 0
0.48013060019790493 0
0.4886375268707135 0
0.5062804961272052 0
0.5067454021223599 0
0.5072103081175146 0
0.5076752141126694 0
0.5081401201078241 0
0.5166470467806327 0
0.5340596956358549 0
0.5345246016310097 0
0.5349895076261644 0
0.5354544136213192 0
0.5359193196164739 0
0.5444262462892824 0
0.5618474255297369 0
0.5623123315248917 0
0.5627772375200464 0
0.5632421435152012 0
0.5637070495103559 0
0.5722139761831644 0
0.5896436858088512 0
0.5901085918040059 0
0.5905734977991606 0
0.5910384037943154 0
0.5915033097894701 0
0.6000102364622787 0
0.6662444125976729 0
0.6667093185928277 0
0.6671742245879824 0
0.6676391305831372 0
0.6681040365782919 0
0.6766109632511004 0
0.694253932507592 0
0.6947188385027467 0
0.6951837444979015 0
0.6956486504930562 0
0.696113556488211 0
0.7046204831610196 0
0.7220331320162419 0
0.7224980380113966 0
0.7229629440065514 0
0.7234278500017061 0
0.7238927559968609 0
0.7323996826696694 0
0.7498208619101239 0
0.7502857679052786 0
0.7507506739004334 0
0.7512155798955881 0
0.7516804858907429 0
0.7601874125635514 0
0.7776171221892381 0
0.7780820281843928 0
0.7785469341795476 0
0.7790118401747023 0
0.7794767461698571 0
0.7879836728426656 0
0.8529574845600028 0
0.8534223905551575 0
0.8538872965503123 0
0.854352202545467 0
0.8548171085406217 0
0.8633240352134303 0
0.8809670044699218 0
0.8814319104650766 0
0.8818968164602313 0
0.8823617224553861 0
0.8828266284505408 0
0.8913335551233493 0
0.9087462039785716 0
0.9092111099737265 0
0.9096760159688811 0
0.9101409219640358 0
0.9106058279591907 0
0.9191127546319992 0
0.9365339338724536 0
0.9369988398676085 0
0.9374637458627632 0
0.9379286518579178 0
0.9383935578530727 0
0.9469004845258812 0
