0.25946872760773876 0
0.2628936772784659 0
0.265107312246221 0
0.2665702733135428 0
0.26869860442897603 0
0.27054330023543866 0
0.2716543829119323 0
0.2727718633773501 0
0.2738893438427679 0
0.2756060838707476 0
0.27736547582488824 0
0.2809695635854915 0
0.28200600539120346 0
0.3034748524243355 0
0.3078616030299928 0
0.3111841880779336 0
0.31168961340294127 0
0.33148223973794655 0
0.3358647251509878 0
0.3391489234653837 0
0.35926570443921246 0
0.3636481898522537 0
0.3669323881666496 0
0.38705769952571056 0
0.3914401849387518 0
0.39472438325314774 0
0.4148582249974409 0
0.41924071041048216 0
0.4214074282594602 0
0.4216185552939571 0
0.4247022895553963 0
0.42581337223189 0
0.42970749309038797 0
0.42992715051011704 0
0.4310254376087624 0
0.43123656464325927 0
0.43144769167775615 0
0.43446105026102977 0
0.4355550721670591 0
0.439146364349814 0
0.4393660217695431 0
0.4404643088681885 0
0.4406754359026854 0
0.44088656293718226 0
0.4438849933462995 0
0.4449107721704712 0
0.44917169959395364 0
0.4521509366362985 0
0.4526435663834579 0
0.4533366601835739 0
0.4575975876070563 0
0.4599882280683796 0
0.4610417306445559 0
0.4621016310096564 0
0.46573130992595624 0
0.4659509673456853 0
0.4670876411778756 0
0.47030572900672196 0
0.4713421708124339 0
0.4914482888047224 0
0.49583503941037976 0
0.4991576244583205 0
0.4996630497833282 0
0.5194556761183335 0
0.5238381615313747 0
0.5271223598457706 0
0.5472391408195995 0
0.5516216262326407 0
0.5549058245470365 0
0.5750311359060976 0
0.5794136213191388 0
0.5826978196335346 0
0.6028316613778278 0
0.607214146790869 0
0.6093808646398471 0
0.609591991674344 0
0.6126757259357832 0
0.6137356263008837 0
0.6182951172074931 0
0.6213084757907668 0
0.6223513153854028 0
0.6266122428088853 0
0.6296064080253865 0
0.6306833691609514 0
0.6342746613437062 0
0.6344943187634353 0
0.6355926058620808 0
0.6358037328965777 0
0.6360148599310745 0
0.6389983621660354 0
0.6394909919131948 0
0.640235268024704 0
0.643826560207459 0
0.6440462176271881 0
0.6451445047258334 0
0.6453556317603303 0
0.6455667587948272 0
0.6479616644487665 0
0.6490151670249429 0
0.6500750673900433 0
0.6537047463063432 0
0.6539244037260723 0
0.6550610775582625 0
0.6582791653871088 0
0.6593156071928208 0
0.6794217251851093 0
0.6838084757907668 0
0.6871310608387075 0
0.6876364861637152 0
0.7074291124987204 0
0.7118115979117617 0
0.7150957962261576 0
0.7352125771999863 0
0.7395950626130277 0
0.7428792609274235 0
0.7630045722864844 0
0.7673870576995258 0
0.7706712560139216 0
0.7908050977582147 0
0.795187583171256 0
0.797219947452827 0
0.7974310744873239 0
0.8005148087487631 0
0.8016258914252568 0
0.8055200122837547 0
0.8057396697034838 0
0.8068379568021292 0
0.8070490838366261 0
0.807260210871123 0
0.8102735694543965 0
0.8113164090490327 0
0.8155773364725151 0
0.8185715016890163 0
0.8195972805131879 0
0.8238582079366704 0
0.8268374449790152 0
0.8273300747261746 0
0.8280231685262907 0
0.832284095949773 0
0.8346747364110964 0
0.8357282389872727 0
0.8367881393523732 0
0.840417818268673 0
0.8406374756884021 0
0.8417741495205924 0
0.8449922373494387 0
0.8460286791551507 0
0.8661347971474391 0
0.8705215477530965 0
0.8738441328010373 0
0.874349558126045 0
0.8941421844610503 0
0.8985246698740915 0
0.9018088681884874 0
0.9219256491623161 0
0.9263081345753574 0
0.9295923328897533 0
0.9497176442488143 0
0.9541001296618555 0
0.9562753778960658 0
0.9564865049305626 0
0.9595553110178455 0
0.9606493329238749 0
0.9645434537823728 0
0.9647631112021019 0
0.9658613983007472 0
0.9660725253352441 0
0.966283652369741 0
0.9692820827788583 0
0.9703590439144232 0
0.9739503360971782 0
0.9741699935169073 0
0.9752682806155526 0
0.9754794076500495 0
0.9756905346845464 0
0.9786740369195073 0
0.9791666666666666 0
0.9799109427781758 0
0.9835022349609308 0
0.9837218923806599 0
0.9848201794793053 0
0.9850313065138022 0
0.985242433548299 0
0.9876373392022384 0
0.9886908417784147 0
0.9897507421435152 0
0.993380421059815 0
0.9936000784795441 0
