0.2800696079434947 0
0.3096913706622991 0
0.3376561060497492 0
0.36543957075101513 0
0.39323156583751323 0
0.42321373733237794 0
0.4329724980380114 0
0.44239644112328114 0
0.4506623844132801 0
0.45907334425222646 0
0.46940577336472517 0
0.49766480704268606 0
0.5256295424301362 0
0.5534130071314021 0
0.5812050022179002 0
0.6111871737127649 0
0.6198199235677483 0
0.628117855802368 0
0.637509809943017 0
0.6470467806326133 0
0.6573792097451121 0
0.685638243423073 0
0.713602978810523 0
0.741386443511789 0
0.769178438598287 0
0.7990262565257447 0
0.8087850172313782 0
0.8170829494659979 0
0.8253488927559969 0
0.8337598525949432 0
0.8440922817074419 0
0.8723513153854028 0
0.9003160507728529 0
0.9280995154741188 0
0.9580667587948272 0
0.9677935305558399 0
0.9771854846964889 0
0.9867224553860853 0
