0.22592725287473983 1
0.23083222438325315 2
0.23416973760535026 3
0.2374390077455898 4
0.23744327293820588 5
0.23968889685058178 6
0.2421435152011465 7
0.24458320537755485 8
0.24758590097928823 9
0.3009797147439178 10
0.3009839799365339 11
0.3009925103217661 11
0.32901482580953356 11
0.32901909100214966 11
0.32902762138738184 11
0.3567940253181834 11
0.3567982905107995 11
0.35680682089603166 11
0.3845817552120654 11
0.3845860204046815 11
0.38459455078991367 11
0.4123780154911796 11
0.4123822806837957 11
0.41239081106902786 11
0.4889787422800014 11
0.48898300747261747 11
0.48899153785784966 11
0.5169882621899204 11
0.5169925273825366 11
0.5170010577677688 11
0.5447674616985703 11
0.5447717268911864 11
0.5447802572764187 11
0.5725551915924523 11
0.5725594567850684 11
0.5725679871703007 11
0.6003514518715665 11
0.6003557170641827 11
0.6003642474494149 11
0.6769521786603883 11
0.6769564438530044 11
0.6769649742382366 11
0.7049616985703074 11
0.7049659637629235 11
0.7049744941481557 11
0.7327408980789573 11
0.7327451632715734 11
0.7327536936568055 11
0.7605286279728393 11
0.7605328931654554 11
0.7605414235506875 11
0.7883248882519535 11
0.7883291534445696 11
0.7883376838298017 11
0.8636652506227182 11
0.8636695158153342 11
0.8636780462005664 11
0.8916747705326372 11
0.8916790357252533 11
0.8916875661104855 11
0.919453970041287 11
0.9194582352339031 11
0.9194667656191353 11
0.947241699935169 11
0.9472459651277851 11
0.9472544955130173 11
