0.42642969256491625 0
0.42652139420616236 0
0.4266130958474085 0
0.4267047974886546 0
0.4267964991299007 0
0.42688180298222267 0
0.4361713925000853 0
0.4362630941413314 0
0.4363547957825775 0
0.4364464974238237 0
0.4365381990650698 0
0.43662350291739177 0
0.4455270925034975 0
0.4456187941447436 0
0.4457104957859897 0
0.4458021974272358 0
0.4458938990684819 0
0.4459792029208039 0
0.4539529805166001 0
0.45404468215784627 0
0.4541363837990924 0
0.4542280854403385 0
0.4543197870815846 0
0.4544050909339066 0
0.4627179513426826 0
0.46280965298392873 0
0.4629013546251749 0
0.462993056266421 0
0.4630847579076671 0
0.4631700617599891 0
0.61435194663391 0
0.6144436482751561 0
0.6145353499164022 0
0.6146270515576483 0
0.6147187531988945 0
0.6148040570512164 0
0.6229676357184291 0
0.6230593373596751 0
0.6231510390009213 0
0.6232427406421674 0
0.6233344422834135 0
0.6234197461357355 0
0.6312996894939775 0
0.6313913911352237 0
0.6314830927764697 0
0.6315747944177159 0
0.631666496058962 0
0.6317517999112839 0
0.6408515883577303 0
0.6409432899989763 0
0.6410349916402225 0
0.6411266932814685 0
0.6412183949227147 0
0.6413036987750367 0
0.6506913877230696 0
0.6507830893643157 0
0.6508747910055618 0
0.650966492646808 0
0.651058194288054 0
0.651143498140376 0
0.802242211758283 0
0.8023339133995291 0
0.8024256150407753 0
0.8025173166820213 0
0.8026090183232675 0
0.8026943221755894 0
0.8119327293820588 0
0.812024431023305 0
0.8121161326645512 0
0.8122078343057972 0
0.8122995359470434 0
0.8123848397993654 0
0.8202136008462142 0
0.8203053024874604 0
0.8203970041287064 0
0.8204887057699526 0
0.8205804074111986 0
0.8206657112635206 0
0.8286394888593169 0
0.828731190500563 0
0.8288228921418092 0
0.8289145937830552 0
0.8290062954243014 0
0.8290915992766233 0
0.8374044596853993 0
0.8374961613266455 0
0.8375878629678917 0
0.8376795646091377 0
0.8377712662503839 0
0.8378565701027059 0
0.961265653256901 0
0.9613573548981472 0
0.9614490565393933 0
0.9615407581806394 0
0.9616324598218856 0
0.9617177636742076 0
0.9709753642474495 0
0.9710670658886955 0
0.9711587675299417 0
0.9712504691711877 0
0.9713421708124339 0
0.9714274746647559 0
0.9805272631112021 0
0.9806189647524483 0
0.9807106663936943 0
0.9808023680349405 0
0.9808940696761865 0
0.9809793735285085 0
0.9903670624765415 0
0.9904587641177875 0
0.9905504657590337 0
0.9906421674002798 0
0.9907338690415259 0
0.9908191728938479 0
