0.00009383423755416794 0
0.004523236769372505 0
0.009274661343706282 0
0.011434981403760194 0
0.013977036202954925 0
0.016352748490121815 0
0.018781775684989933 0
0.022471167297915175 0
0.025682857337837376 0
0.029137663356877196 0
0.03149631487357969 0
0.034616303272255775 0
0.0376296618555294 0
0.04047667792677517 0
0.04833316272562869 0
0.051242024089807894 0
0.05395468659364657 0
0.056861415361517724 0
0.0597340225884601 0
0.06399495001194254 0
0.06862694919302556 0
0.07277271641587334 0
0.07651329034019176 0
0.0815398198382639 0
0.08730209506261302 0
0.09449747500597128 0
0.09826150748967824 0
0.1901273586515167 0
