0.2018395775753233 1
0.20194833998703382 2
0.20205283720612824 3
0.20222344491077218 3
0.20240045040434027 3
0.20258172109052444 3
0.20296132323335722 3
0.2031425939195414 3
0.20334305797249805 3
0.20370773194117447 3
0.20392738936090354 3
0.20415344456955675 3
0.20439229535605827 3
0.2046311461425598 3
0.204812416828744 3
0.20499368751492816 3
0.20523893609035385 3
0.20551617361040025 3
0.20569744429658443 3
0.2059554884498584 3
0.20621353260313235 3
0.20649077012317876 3
0.21307196232981881 4
0.21419797318046882 5
0.214291807418023 6
0.21436858088511276 7
0.2151363155560105 8
0.2152173542157164 9
0.21531118845327055 10
0.21547113317637426 10
0.2155521718360801 10
0.2156460060736343 10
0.21579102262258162 11
0.2159488347493773 11
0.21609385129832462 12
0.21629644794758932 12
0.2163774866072952 12
0.2164777186337735 12
0.21662273518272085 12
0.21678267990582456 12
0.2169276964547719 12
0.21713242570034463 12
0.2172134643600505 12
0.2173136963865288 12
0.21745871293547617 12
0.21761865765857985 12
0.2177636742075272 12
0.21796840345309995 12
0.2180494421128058 12
0.21814327635036 12
0.21884276793940013 12
0.2193823148053366 12
0.219572115876753 12
0.21970860204046816 12
0.21994318763435355 12
0.22216108779472482 12
0.22235088886614118 12
0.22248737502985635 12
0.22272196062374178 12
0.2230951649776504 13
0.22424889958030506 14
0.22436192718463166 15
0.22473939673115637 15
0.2249739823250418 15
0.22564788275838538 16
0.2260381478827584 17
0.22796174975261882 18
0.22811316409049032 19
0.22820913092435255 20
0.22919652301497936 21
0.2293756611048555 21
0.23044195925888014 22
0.23063815811922067 23
0.23075331831985532 24
0.23269398096018015 24
0.23288378203159654 24
0.2330202681953117 24
0.2332548537891971 24
0.2359675162930358 24
0.23615731736445217 24
0.23629380352816734 24
0.23652838912205276 24
0.2376437369911625 25
0.23990002388507864 25
0.24048009008086804 25
0.24234397925410311 25
0.24292191285358447 25
0.24478366943051147 25
0.24536160302999283 25
0.2465068072474153 25
0.24669660831883167 25
0.24683309448254684 25
0.24706768007643226 25
0.25011302760432663 25
0.2502793701163544 25
0.2504457126283823 25
0.25061205514041013 25
0.250778397652438 25
0.25094474016446583 25
0.2511110826764937 25
0.25127742518852153 25
0.2514437677005494 25
0.2516101102125772 25
0.251776452724605 25
0.2519427952366329 25
0.25266787798136964 25
0.2533716347630259 26
0.2538408059507967 27
0.2544421981096666 27
0.25463199918108304 27
0.2547684853447982 27
0.2550052035349916 28
0.25518007643225166 29
0.25605657351485994 29
0.25694160098270036 29
0.25702263964240624 29
0.2571228716688846 29
0.2572678882178319 29
0.25742783294093563 29
0.25757284948988296 29
0.2577967721022281 29
0.257877810761934 29
0.2579780427884123 29
0.2581145289521275 29
0.25827447367523115 29
0.25841095983894635 29
0.2591019210427543 29
0.25918295970246014 29
0.25928105913263044 29
0.2595582966526768 29
0.2597203739720886 29
0.2598653905210359 29
0.2600253352441396 29
0.26017035179308695 29
0.2607653461630327 29
0.2609551472344491 29
0.26109163339816427 29
0.2613774013034429 29
0.2617079537311905 29
0.26181245095028494 29
0.2620171801958576 29
0.2630131026717167 29
0.263243423072986 29
0.26392585389156176 29
0.2641156549629781 29
0.26425214112669326 29
0.2645379090319719 29
0.26541227351827207 30
0.26603285904391444 30
0.26621199713379057 30
0.2676621626232641 30
0.26785196369468045 30
0.2679884498583956 30
0.2682742177636742 30
0.26945354352202544 30
0.26964334459344186 30
0.269779830757157 30
0.27006559866243557 30
0.27456964206503565 30
0.27475944313645206 30
0.2748959293001672 30
0.2751816972054458 30
0.2757702937864674 31
0.28153896679974066 31
0.28162000545944654 31
0.2817138396970007 31
0.2860643361654212 31
0.2861901593475961 31
0.28629465656669056 31
0.2864929880233391 31
0.2867808885249258 31
0.28988808134575356 32
0.2903572525335244 32
0.29082215852867915 32
0.2912870645238339 32
0.29175197051898866 32
0.2934772409322005 32
0.29454780427884125 32
0.29488901968812914 32
0.2950020472924557 32
0.29538804722421264 32
0.2956226328180981 32
0.2961557818951104 32
0.29653538403794316 32
0.2984568533114956 32
0.29860826764936704 32
0.29870423448322925 32
0.30005843313884056 32
0.3002674275770294 32
0.3007579247278807 32
0.30125055447504007 32
0.3046179240454499 32
0.31071714948647083 32
0.31079818814617666 32
0.31089202238373087 32
0.3148927730576313 32
0.3150185962398062 32
0.3151230934589006 32
0.3153214249155492 32
0.3156093254171358 32
0.31794238577814177 32
0.31841155696591256 32
0.3188764629610673 32
0.31934136895622206 32
0.3198062749513768 32
0.32151235199781625 32
0.32258291534445693 32
0.3229241307537448 32
0.32303715835807145 32
0.32342315828982837 32
0.32365774388371377 32
0.3241908929607261 32
0.3245704951035589 32
0.32649196437711125 32
0.3266433787149828 32
0.326739345548845 32
0.3280935442044563 32
0.3283025386426451 32
0.32879303579349645 32
0.32927500255911557 32
0.332625311359061 32
0.3386818848739209 32
0.3387629235336268 32
0.33885675777118096 32
0.34267197256628107 32
0.342797795748456 32
0.3429022929675504 32
0.343100624424199 32
0.34338852492578564 32
0.34572158528679153 32
0.3461907564745624 32
0.34665566246971713 32
0.3471205684648719 32
0.34758547446002663 32
0.349291551506466 32
0.35036211485310675 32
0.35070333026239464 32
0.3508163578667213 32
0.3512023577984782 32
0.3514369433923636 32
0.35197009246937594 32
0.35234969461220866 32
0.3542711638857611 32
0.3544225782236326 32
0.3545185450574948 32
0.35587274371310607 32
0.3560817381512949 32
0.35657223530214627 32
0.3570542020677654 32
0.3604087760603269 32
0.36646534957518684 32
0.36654638823489266 32
0.3666402224724469 32
0.3704597024601631 32
0.370585525642338 32
0.37069002286143243 32
0.370888354318081 32
0.37117625481966765 32
0.37350931518067354 32
0.3739784863684444 32
0.37444339236359914 32
0.3749082983587539 32
0.37537320435390864 32
0.377079281400348 32
0.37814984474698876 32
0.37849106015627665 32
0.3786040877606033 32
0.3789900876923602 32
0.3792246732862456 32
0.37975782236325795 32
0.38013742450609067 32
0.3820588937796431 32
0.3822103081175146 32
0.3823062749513768 32
0.3836604736069881 32
0.3838694680451769 32
0.3843599651960283 32
0.3848419319616474 32
0.388200771146825 32
0.39425734466168494 32
0.3943383833213908 32
0.394432217558945 32
0.3982559627392773 32
0.39838178592145224 32
0.3984862831405466 32
0.39868461459719523 32
0.39897251509878184 32
0.4013055754597878 32
0.4017747466475586 32
0.40223965264271333 32
0.4027045586378681 32
0.40316946463302283 32
0.40487554167946227 32
0.40594610502610295 32
0.40628732043539084 32
0.4064003480397175 32
0.4067863479714744 32
0.4070209335653598 32
0.40755408264237214 32
0.4079336847852049 32
0.4098551540587573 32
0.4100065683966288 32
0.410102535230491 32
0.4114567338861023 32
0.4116657283242911 32
0.41215622547514247 32
0.4126381922407616 32
0.4160012966185553 32
0.42423525096393355 32
0.42431628962363943 32
0.4244101238611936 32
0.42693725048623193 33
0.42773697410175043 34
0.42831064250861567 35
0.42892269764902585 35
0.43399401166956697 35
0.43407505032927285 35
0.43416888456682706 35
0.43667895042140104 35
0.43732939229535606 35
0.4379030607022213 35
0.43844047497184974 35
0.44341795475483675 35
0.4434989934145426 35
0.4435928276520968 35
0.44603465042481316 35
0.44668509229876824 35
0.4472587607056335 35
0.44779617497526186 35
0.4516838980448357 35
0.4517649367045416 35
0.45185877094209576 35
0.45446053843791584 35
0.45511098031187086 35
0.45568464871873615 35
0.45622206298836454 35
0.460570426860477 35
0.4606514655201829 35
0.4607495649503532 35
0.46322550926399836 35
0.4638759511379534 35
0.46444961954481867 35
0.46498703381444706 35
0.4708751322209711 35
0.470956170880677 35
0.47105000511823114 35
0.47485668952809906 35
0.474982512710274 35
0.4750870099293684 35
0.47528534138601697 35
0.47557324188760364 35
0.4779063022486095 35
0.47837547343638037 35
0.4788403794315351 35
0.4793052854266899 35
0.4797701914218446 35
0.481476268468284 35
0.48254683181492475 35
0.48288804722421264 35
0.48300107482853927 35
0.4833870747602962 35
0.4836216603541816 35
0.48415480943119393 35
0.48453441157402666 35
0.48645588084757907 35
0.4866072951854506 35
0.4867032620193128 35
0.48805746067492406 35
0.4882664551131129 35
0.48875695226396426 35
0.4892389190295834 35
0.49259136042583684 35
0.49869058586685777 35
0.4987716245265636 35
0.4988654587641178 35
0.5028662094380182 35
0.5029920326201931 35
0.5030965298392875 35
0.5032948612959361 35
0.5035827617975228 35
0.5059158221585287 35
0.5063849933462995 35
0.5068498993414543 35
0.507314805336609 35
0.5077797113317637 35
0.5094857883782031 35
0.5105563517248439 35
0.5108975671341318 35
0.5110105947384583 35
0.5113965946702153 35
0.5116311802641007 35
0.512164329341113 35
0.5125439314839458 35
0.5144654007574982 35
0.5146168150953697 35
0.514712781929232 35
0.5160669805848432 35
0.516275975023032 35
0.5167664721738834 35
0.5172484389395025 35
0.5205987477394479 35
0.5266553212543078 35
0.5267363599140137 35
0.5268301941515678 35
0.530645408946668 35
0.5307712321288429 35
0.5308757293479374 35
0.531074060804586 35
0.5313619613061726 35
0.5336950216671785 35
0.5341641928549493 35
0.5346290988501041 35
0.5350940048452588 35
0.5355589108404135 35
0.537264987886853 35
0.5383355512334937 35
0.5386767666427816 35
0.5387897942471082 35
0.5391757941788651 35
0.5394103797727505 35
0.5399435288497628 35
0.5403231309925957 35
0.5422446002661481 35
0.5423960146040195 35
0.5424919814378817 35
0.5438461800934931 35
0.5440551745316818 35
0.5445456716825332 35
0.5450276384481523 35
0.5483822124407138 35
0.5544387859555737 35
0.5545198246152796 35
0.5546136588528338 35
0.55843313884055 35
0.5585589620227249 35
0.5586634592418194 35
0.558861790698468 35
0.5591496912000546 35
0.5614827515610605 35
0.5619519227488313 35
0.5624168287439861 35
0.5628817347391408 35
0.5633466407342955 35
0.565052717780735 35
0.5661232811273758 35
0.5664644965366636 35
0.5665775241409902 35
0.5669635240727471 35
0.5671981096666325 35
0.5677312587436448 35
0.5681108608864777 35
0.5700323301600301 35
0.5701837444979015 35
0.5702797113317637 35
0.5716339099873751 35
0.5718429044255638 35
0.5723334015764152 35
0.5728153683420343 35
0.5761742075272119 35
0.5822307810420718 35
0.5823118197017777 35
0.5824056539393319 35
0.5862293991196642 35
0.5863552223018391 35
0.5864597195209336 35
0.5866580509775822 35
0.5869459514791688 35
0.5892790118401747 35
0.5897481830279455 35
0.5902130890231003 35
0.590677995018255 35
0.5911429010134097 35
0.5928489780598492 35
0.59391954140649 35
0.5942607568157778 35
0.5943737844201045 35
0.5947597843518613 35
0.5949943699457467 35
0.595527519022759 35
0.5959071211655919 35
0.5978285904391443 35
0.5979800047770157 35
0.598075971610878 35
0.5994301702664893 35
0.599639164704678 35
0.6001296618555294 35
0.6006116286211486 35
0.6039747329989422 35
0.6122086873443204 35
0.6122897260040263 35
0.6123835602415805 35
0.6148595045552258 35
0.6156592281707441 35
0.6162328965776095 35
0.6168449517180196 35
0.620841437199304 35
0.6209224758590098 35
0.621016310096564 35
0.6234751936397448 35
0.6241256355136998 35
0.624699303920565 35
0.6252367181901934 35
0.6291393694339237 35
0.6292204080936296 35
0.6293142423311837 35
0.6318072474152933 35
0.6324576892892483 35
0.6330313576961135 35
0.633568771965742 35
0.6385313235745727 35
0.6386123622342785 35
0.6387061964718327 35
0.641359146279046 35
0.642009588153001 35
0.6425832565598663 35
0.6431206708294946 35
0.648543863240864 35
0.6486249019005699 35
0.6487230013307401 35
0.6511989456443853 35
0.6518493875183403 35
0.6524230559252056 35
0.652960470194834 35
0.658848568601358 35
0.6589296072610639 35
0.659023441498618 35
0.662830125908486 35
0.6629559490906609 35
0.6630604463097554 35
0.663258777766404 35
0.6635466782679906 35
0.6658797386289965 35
0.6663489098167673 35
0.6668138158119221 35
0.6672787218070768 35
0.6677436278022315 35
0.669449704848671 35
0.6705202681953117 35
0.6708614836045996 35
0.6709745112089261 35
0.6713605111406831 35
0.6715950967345685 35
0.6721282458115808 35
0.6725078479544137 35
0.6744293172279661 35
0.6745807315658375 35
0.6746766983996997 35
0.676030897055311 35
0.6762398914934998 35
0.6767303886443512 35
0.6772123554099703 35
0.6805647968062237 35
0.6866640222472447 35
0.6867450609069505 35
0.6868388951445047 35
0.6908396458184052 35
0.6909654690005801 35
0.6910699662196744 35
0.691268297676323 35
0.6915561981779097 35
0.6938892585389156 35
0.6943584297266865 35
0.6948233357218412 35
0.695288241716996 35
0.6957531477121507 35
0.6974592247585901 35
0.6985297881052308 35
0.6988710035145187 35
0.6989840311188453 35
0.6993700310506022 35
0.6996046166444877 35
0.7001377657215 35
0.7005173678643327 35
0.7024388371378851 35
0.7025902514757566 35
0.7026862183096189 35
0.7040404169652301 35
0.704249411403419 35
0.7047399085542703 35
0.7052218753198894 35
0.7085721841198348 35
0.7146287576346948 35
0.7147097962944007 35
0.7148036305319548 35
0.718618845327055 35
0.7187446685092299 35
0.7188491657283242 35
0.7190474971849729 35
0.7193353976865595 35
0.7216684580475654 35
0.7221376292353363 35
0.722602535230491 35
0.7230674412256457 35
0.7235323472208005 35
0.72523842426724 35
0.7263089876138806 35
0.7266502030231685 35
0.7267632306274951 35
0.7271492305592521 35
0.7273838161531375 35
0.7279169652301498 35
0.7282965673729825 35
0.730218036646535 35
0.7303694509844064 35
0.7304654178182687 35
0.7318196164738799 35
0.7320286109120688 35
0.7325191080629201 35
0.7330010748285393 35
0.7363556488211007 35
0.7424122223359607 35
0.7424932609956666 35
0.7425870952332208 35
0.746406575220937 35
0.7465323984031119 35
0.7466368956222063 35
0.7468352270788549 35
0.7471231275804415 35
0.7494561879414474 35
0.7499253591292183 35
0.750390265124373 35
0.7508551711195277 35
0.7513200771146825 35
0.753026154161122 35
0.7540967175077626 35
0.7544379329170505 35
0.7545509605213772 35
0.7549369604531341 35
0.7551715460470195 35
0.7557046951240318 35
0.7560842972668645 35
0.758005766540417 35
0.7581571808782884 35
0.7582531477121507 35
0.759607346367762 35
0.7598163408059508 35
0.7603068379568021 35
0.7607888047224213 35
0.7641476439075988 35
0.7702042174224588 35
0.7702852560821647 35
0.7703790903197189 35
0.7742028355000512 35
0.7743286586822261 35
0.7744331559013206 35
0.774631487357969 35
0.7749193878595557 35
0.7772524482205616 35
0.7777216194083325 35
0.7781865254034872 35
0.778651431398642 35
0.7791163373937967 35
0.7808224144402361 35
0.7818929777868768 35
0.7822341931961647 35
0.7823472208004913 35
0.7827332207322483 35
0.7829678063261337 35
0.783500955403146 35
0.7838805575459787 35
0.7858020268195312 35
0.7859534411574026 35
0.7860494079912649 35
0.7874036066468761 35
0.787612601085065 35
0.7881030982359163 35
0.7885850650015355 35
0.7919481693793292 35
0.8000477701573003 35
0.8001288088170062 35
0.8002226430545604 35
0.8027497696795988 35
0.8035494932951172 35
0.8041231617019825 35
0.8047352168423926 35
0.8098065308629337 35
0.8098875695226396 35
0.8099814037601938 35
0.8124402873033746 35
0.8130907291773296 35
0.813664397584195 35
0.8142018118538233 35
0.8181044630975535 35
0.8181855017572593 35
0.8182793359948135 35
0.8207211587675299 35
0.821371600641485 35
0.8219452690483502 35
0.8224826833179787 35
0.8263704063875524 35
0.8264514450472583 35
0.8265452792848125 35
0.8291470467806327 35
0.8297974886545877 35
0.8303711570614529 35
0.8309085713310813 35
0.8352569352031938 35
0.8353379738628997 35
0.8354360732930699 35
0.8379120176067151 35
0.8385624594806701 35
0.8391361278875354 35
0.8396735421571638 35
0.8455616405636879 35
0.8456426792233938 35
0.8457365134609479 35
0.8495431978708159 35
0.8496690210529908 35
0.8497735182720851 35
0.8499718497287337 35
0.8502597502303204 35
0.8525928105913263 35
0.8530619817790971 35
0.8535268877742519 35
0.8539917937694066 35
0.8544566997645614 35
0.8561627768110008 35
0.8572333401576415 35
0.8575745555669294 35
0.857687583171256 35
0.858073583103013 35
0.8583081686968983 35
0.8588413177739107 35
0.8592209199167434 35
0.8611423891902958 35
0.8612938035281673 35
0.8613897703620296 35
0.8627439690176408 35
0.8629529634558296 35
0.863443460606681 35
0.8639254273723002 35
0.8672778687685536 35
0.8733770942095745 35
0.8734581328692804 35
0.8735519671068346 35
0.877552717780735 35
0.8776785409629099 35
0.8777830381820043 35
0.8779813696386529 35
0.8782692701402396 35
0.8806023305012455 35
0.8810715016890163 35
0.881536407684171 35
0.8820013136793258 35
0.8824662196744805 35
0.8841722967209199 35
0.8852428600675607 35
0.8855840754768486 35
0.8856971030811751 35
0.886083103012932 35
0.8863176886068175 35
0.8868508376838298 35
0.8872304398266626 35
0.889151909100215 35
0.8893033234380865 35
0.8893992902719486 35
0.89075348892756 35
0.8909624833657488 35
0.8914529805166002 35
0.8919349472822192 35
0.8952852560821647 35
0.9013418295970246 35
0.9014228682567305 35
0.9015167024942846 35
0.9053319172893848 35
0.9054577404715597 35
0.9055622376906541 35
0.9057605691473027 35
0.9060484696488893 35
0.9083815300098953 35
0.9088507011976661 35
0.9093156071928208 35
0.9097805131879756 35
0.9102454191831303 35
0.9119514962295697 35
0.9130220595762104 35
0.9133632749854983 35
0.9134763025898249 35
0.9138623025215818 35
0.9140968881154673 35
0.9146300371924796 35
0.9150096393353124 35
0.9169311086088647 35
0.9170825229467363 35
0.9171784897805985 35
0.9185326884362098 35
0.9187416828743986 35
0.91923218002525 35
0.919714146790869 35
0.9230687207834306 35
0.9291252942982905 35
0.9292063329579964 35
0.9293001671955505 35
0.9331196471832668 35
0.9332454703654417 35
0.9333499675845361 35
0.9335482990411847 35
0.9338361995427713 35
0.9361692599037773 35
0.9366384310915481 35
0.9371033370867028 35
0.9375682430818576 35
0.9380331490770123 35
0.9397392261234517 35
0.9408097894700924 35
0.9411510048793803 35
0.9412640324837069 35
0.9416500324154639 35
0.9418846180093493 35
0.9424177670863616 35
0.9427973692291944 35
0.9447188385027467 35
0.9448702528406183 35
0.9449662196744805 35
0.9463204183300918 35
0.9465294127682806 35
0.947019909919132 35
0.947501876684751 35
0.9508607158699287 35
0.9590882724263827 35
0.9591693110860886 35
0.9592631453236428 35
0.9617732111782168 35
0.9625729347937353 35
0.9631466032006005 35
0.9637586583410107 35
0.9688150441873955 35
0.9688960828471014 35
0.9689899170846555 35
0.9714829221687652 35
0.9721333640427202 35
0.9727070324495855 35
0.9732444467192138 35
0.9782069983280445 35
0.9782880369877504 35
0.9783818712253045 35
0.9810348210325178 35
0.9816852629064728 35
0.9822589313133381 35
0.9827963455829666 35
0.9882195379943358 35
0.9883005766540417 35
0.988398676084212 35
0.9908746203978571 35
0.9915250622718121 35
0.9920987306786775 35
0.9926361449483059 35
