0.21492092332889753 1
0.22601468932336985 2
0.22620875558740233 3
0.22638576108097042 4
0.22647959531852457 5
0.22676109803118707 6
0.2268613300576654 7
0.2269700924693759 8
0.2271385675777118 9
0.2272366670078821 10
0.22734329682328455 11
0.23138243423072985 12
0.2315487767427577 13
0.23164474357661993 14
0.2318345446480363 15
0.23470288668236258 16
0.23493107448732384 17
0.2381107755826253 18
0.23821100760910363 19
0.24036279728392534 20
0.24066562595966834 21
0.26273586515167024 22
0.26355904732657726 23
0.2648748592486437 24
0.27040254887910736 25
0.27151363155560104 26
0.277312160917187 27
0.27827609444842527 28
0.2930485890742826 29
0.2931402907155287 30
0.29323199235677483 31
0.29332369399802094 32
0.30171332787388677 33
0.3018135599003651 34
0.3020033609717815 35
0.3020950626130276 36
0.3021910294468898 37
0.30239149349984645 38
0.3024703995632443 39
