0.2145029344525199 0
0.21901977343296825 0
0.22020123178762752 0
0.22173883372573105 0
0.22883184904630294 0
0.23233143958781177 0
0.23554526222404204 0
0.2388465213089023 0
0.24130113965946703 0
0.2437408298358754 0
0.24614426587504692 0
0.2539708943255877 1
0.26041560036851263 2
0.2621899204968096 3
0.2633927048145494 4
0.2655594226635275 5
0.26717379806872077 6
0.2688990684819326 7
0.27074376428839525 8
0.27185484696488893 9
0.27297232743030675 10
0.27408980789572457 11
0.2830893643156925 11
0.2837270106117992 11
0.2843966458525267 11
0.28888362848466237 11
0.2942897601255673 11
0.3027753608352953 11
0.30369877503668063 11
0.30478426655747776 11
0.3055797249803801 11
0.3064924762002252 11
0.312457348073839 11
0.31309499436994576 11
0.3137646296106732 11
0.3175585184426929 11
0.32232487119118297 11
0.3307827481489064 11
0.33170616235029177 11
0.33279165387108883 11
0.3335871122939912 11
0.33449986351383626 11
0.34023228238987274 11
0.3408699286859795 11
0.3415395639267069 11
0.34533771795134266 11
0.3501040706998328 11
0.3585662128501723 11
0.3594896270515576 11
0.36057511857235475 11
0.3613705769952571 11
0.3622833282151022 11
0.36801574709113866 11
0.36865339338724534 11
0.36932302862797284 11
0.37312544784522467 11
0.3778918005937148 11
0.3863582079366704 11
0.3872816221380558 11
0.38836711365885285 11
0.3891625720817552 11
0.3900753233016003 11
0.39580774217763676 11
0.3964453884737435 11
0.39711502371447094 11
0.4009217081243389 11
0.405688060872829 11
0.4141587334084007 11
0.41508214760978607 11
0.41616763913058313 11
0.41696309755348554 11
0.4178758487733306 11
0.4724255297369229 11
0.47306317603302966 11
0.4737328112737571 11
0.47752243491316065 11
0.4822887876616508 11
0.49074879721568226 11
0.4916722114170676 11
0.4927577029378647 11
0.49355316136076705 11
0.4944659125806121 11
0.500430784454226 11
0.5010684307503327 11
0.5017380659910602 11
0.5055319548230798 11
0.5102983075715699 11
0.5187561845292934 11
0.5196795987306787 11
0.5207650902514758 11
0.5215605486743782 11
0.5224732998942232 11
0.5282057187702597 11
0.5288433650663664 11
0.5295130003070939 11
0.5333111543317296 11
0.5380775070802197 11
0.5465396492305592 11
0.5474630634319446 11
0.5485485549527417 11
0.5493440133756441 11
0.5502567645954891 11
0.5559891834715256 11
0.5566268297676323 11
0.5572964650083598 11
0.5610988842256116 11
0.5658652369741017 11
0.5743316443170574 11
0.5752550585184427 11
0.5763405500392398 11
0.5771360084621422 11
0.5780487596819872 11
0.5837811785580237 11
0.5844188248541304 11
0.5850884600948579 11
0.5888951445047258 11
0.5936614972532159 11
0.6021321697887877 11
0.603055583990173 11
0.6041410755109701 11
0.6049365339338725 11
0.6058492851537175 11
0.6603989661173099 11
0.6610366124134166 11
0.6617062476541441 11
0.6654958712935476 11
0.6702622240420377 11
0.6787222335960692 11
0.6796456477974545 11
0.6807311393182516 11
0.681526597741154 11
0.6824393489609991 11
0.688404220834613 11
0.6890418671307196 11
0.6897115023714471 11
0.6935053912034668 11
0.6982717439519569 11
0.7067296209096803 11
0.7076530351110656 11
0.7087385266318627 11
0.7095339850547651 11
0.7104467362746102 11
0.7161791551506466 11
0.7168168014467533 11
0.7174864366874808 11
0.7212845907121166 11
0.7260509434606067 11
0.7345130856109462 11
0.7354364998123315 11
0.7365219913331286 11
0.737317449756031 11
0.7382302009758761 11
0.7439626198519125 11
0.7446002661480192 11
0.7452699013887467 11
0.7490723206059986 11
0.7538386733544887 11
0.7623050806974443 11
0.7632284948988296 11
0.7643139864196267 11
0.7651094448425291 11
0.7660221960623742 11
0.7717546149384106 11
0.7723922612345173 11
0.7730618964752448 11
0.7768685808851128 11
0.7816349336336029 11
0.7901056061691746 11
0.7910290203705599 11
0.7921145118913571 11
0.7929099703142594 11
0.7938227215341045 11
0.8471120380796396 11
0.8477496843757464 11
0.8484193196164739 11
0.8522089432558775 11
0.8569752960043675 11
0.865435305558399 11
0.8663587197597844 11
0.8674442112805815 11
0.8682396697034838 11
0.8691524209233289 11
0.8751172927969427 11
0.8757549390930495 11
0.876424574333777 11
0.8802184631657965 11
0.8849848159142867 11
0.8934426928720101 11
0.8943661070733955 11
0.8954515985941925 11
0.8962470570170948 11
0.89715980823694 11
0.9028922271129765 11
0.9035298734090832 11
0.9041995086498106 11
0.9079976626744464 11
0.9127640154229365 11
0.921226157573276 11
0.9221495717746614 11
0.9232350632954585 11
0.9240305217183608 11
0.9249432729382059 11
0.9306756918142424 11
0.9313133381103491 11
0.9319829733510765 11
0.9357853925683284 11
0.9405517453168185 11
0.9490181526597741 11
0.9499415668611595 11
0.9510270583819566 11
0.9518225168048589 11
0.952735268024704 11
