0.25008743644863 0
0.25025377896065787 0
0.2504201214726857 0
0.25058646398471357 0
0.2507528064967414 0
0.2509191490087692 0
0.25108549152079707 0
0.2512518340328249 0
0.25141817654485277 0
0.2515845190568806 0
0.25175086156890847 0
0.2519172040809363 0
0.30003284198314395 0
0.3007323335721841 0
0.3280679530487597 0
0.32876744463779983 0
0.3558471525574095 0
0.35654664414644965 0
0.3836348824512915 0
0.38433437404033166 0
0.4114311427304057 0
0.41213063431944585 0
0.4880318695192275 0
0.48873136110826765 0
0.5160413894291466 0
0.5167408810181868 0
0.5438205889377964 0
0.5445200805268366 0
0.5716083188316784 0
0.5723078104207187 0
0.5994045791107926 0
0.6001040706998328 0
0.6760053058996144 0
0.6767047974886546 0
0.7040148258095336 0
0.7047143173985737 0
0.7317940253181834 0
0.7324935169072235 0
0.7595817552120654 0
0.7602812468011055 0
0.7873780154911796 0
0.7880775070802197 0
0.8627183778619443 0
0.8634178694509844 0
0.8907278977718633 0
0.8914273893609035 0
0.9185070972805132 0
0.9192065888695533 0
0.9462948271743952 0
0.9469943187634353 0
