0.12965759033677962 1
0.12968957928140035 1
0.14207569863855052 2
0.14212048316101955 2
0.14528312348585662 3
0.14534070358617396 4
0.1721090524448084 5
0.17215383696727743 5
0.1721986214897465 5
0.17224340601221552 5
0.17903359265704438 6
0.25354437506397787 7
0.25363607670522403 8
0.2537064523833896 9
0.29022503156242535 9
0.29031673320367146 9
0.2907816391988262 9
0.29124654519398097 9
0.2917114511891357 9
0.29217635718429047 9
0.3005403999044597 9
0.30070247722387144 9
0.3182793359948135 9
0.3183710376360596 9
0.31883594363121437 9
0.3193008496263691 9
0.3197657556215239 9
0.3202306616166786 9
0.3285755109700754 9
0.3287375882894871 9
0.3460585355034633 9
0.34615023714470944 9
0.3466151431398642 9
0.34708004913501894 9
0.3475449551301737 9
0.34800986112532845 9
0.35635471047872525 9
0.35651678779813695 9
0.37384626539734533 9
0.37393796703859145 9
0.3744028730337462 9
0.37486777902890095 9
0.3753326850240557 9
0.37579759101921045 9
0.38414244037260725 9
0.38430451769201895 9
0.4016425256764595 9
0.4017342273177057 9
0.4021991333128604 9
0.40266403930801514 9
0.4031289453031699 9
0.40359385129832465 9
0.41193870065172145 9
0.4121007779711332 9
0.4782432524652813 9
0.47833495410652743 9
0.4787998601016822 9
0.47926476609683694 9
0.4797296720919917 9
0.48019457808714644 9
0.48853942744054324 9
0.48870150475995494 9
0.5062527723752005 9
0.5063444740164466 9
0.5068093800116014 9
0.5072742860067561 9
0.5077391920019108 9
0.5082040979970656 9
0.5165489473504623 9
0.5167110246698741 9
0.5340319718838503 9
0.5341236735250964 9
0.5345885795202512 9
0.5350534855154059 9
0.5355183915105606 9
0.5359832975057154 9
0.5443281468591121 9
0.5444902241785239 9
0.5618197017777323 9
0.5619114034189784 9
0.5623763094141332 9
0.5628412154092879 9
0.5633061214044426 9
0.5637710273995974 9
0.5721158767529941 9
0.5722779540724059 9
0.5896159620568465 9
0.5897076636980926 9
0.5901725696932474 9
0.5906374756884021 9
0.5911023816835568 9
0.5915672876787116 9
0.5999121370321083 9
0.6000742143515201 9
0.6662166888456683 9
0.6663083904869144 9
0.6667732964820692 9
0.6672382024772239 9
0.6677031084723786 9
0.6681680144675334 9
0.6765128638209301 9
0.6766749411403419 9
0.6942262087555874 9
0.6943179103968335 9
0.6947828163919882 9
0.695247722387143 9
0.6957126283822977 9
0.6961775343774524 9
0.7045223837308493 9
0.7046844610502611 9
0.7220054082642372 9
0.7220971099054834 9
0.7225620159006381 9
0.7230269218957928 9
0.7234918278909476 9
0.7239567338861023 9
0.7323015832394991 9
0.7324636605589109 9
0.7497931381581192 9
0.7498848397993654 9
0.7503497457945201 9
0.7508146517896748 9
0.7512795577848296 9
0.7517444637799843 9
0.7600893131333811 9
0.7602513904527929 9
0.7775893984372334 9
0.7776811000784796 9
0.7781460060736343 9
0.7786109120687891 9
0.7790758180639438 9
0.7795407240590985 9
0.7878855734124953 9
0.7880476507319071 9
0.8529297608079981 9
0.8530214624492443 9
0.853486368444399 9
0.8539512744395537 9
0.8544161804347085 9
0.8548810864298632 9
0.86322593578326 9
0.8633880131026718 9
0.8809392807179173 9
0.8810309823591633 9
0.8814958883543181 9
0.8819607943494728 9
0.8824257003446275 9
0.8828906063397823 9
0.8912354556931791 9
0.8913975330125908 9
0.908718480226567 9
0.9088101818678131 9
0.9092750878629678 9
0.9097399938581227 9
0.9102048998532773 9
0.9106698058484322 9
0.9190146552018289 9
0.9191767325212407 9
0.936506210120449 9
0.9365979117616952 9
0.9370628177568499 9
0.9375277237520047 9
0.9379926297471594 9
0.9384575357423142 9
0.9468023850957109 9
0.9469644624151227 9
