0.00029856348312689803 1
0.0004051932985293616 2
0.0005054253250076773 3
0.0006056573514859931 4
0.0007058893779643088 5
0.0008061214044426246 6
0.0009063534309209404 7
0.001012983246323404 8
0.0011132152728017197 9
0.0012134472992800355 10
0.0013136793257583512 11
0.001413911352236667 12
0.0015205411676391305 13
0.0016932814685911217 14
0.001915071484628246 15
0.0020451598594192514 16
0.002173115637902208 17
0.004727966014945235 17
0.004834595830347698 18
0.004941225645750162 19
0.005047855461152626 19
0.005148087487630942 20
0.005254717303033405 21
0.0053613471184358686 21
0.005461579144914184 22
0.0055618111713925 23
0.005689766949875457 23
0.005817722728358413 24
0.006037380148087488 25
0.006259170164124612 26
0.006434043061384652 27
0.006655833077421776 28
0.00948578837820316 28
0.009586020404681475 28
0.011673832190261713 28
0.011816716142901014 28
0.011959600095540314 28
0.012102484048179615 29
0.014215886989456444 29
0.014350240556863549 29
0.01449312450950285 29
0.01656387552461869 29
0.01666410755109701 29
0.016764339577575324 29
0.016907223530214625 29
0.01911446070904562 30
0.019329852936158597 31
0.019545245163271573 32
0.01976063739038455 33
0.0199056539393319 33
0.02268229433241205 34
0.022788924147814516 34
0.02288915617429283 34
0.022989388200771146 35
0.02309601801617361 35
0.023196250042651925 36
0.023296482069130243 36
0.02339671409560856 36
0.023496946122086873 36
0.023639830074726174 36
0.025893984372334256 36
0.026000614187736717 36
0.026100846214215035 36
0.02620107824069335 36
0.026301310267171665 36
0.02640794008257413 36
0.026508172109052444 36
0.02660840413553076 36
0.026708636162009077 37
0.02681526597741154 37
0.026943221755894496 38
0.027071177534377454 38
0.029348790391374075 38
0.02944902241785239 38
0.029549254444330705 38
0.03173516566008121 38
0.031826867301327326 39
0.03196122086873443 39
0.03208917664721739 39
0.03222353021462449 39
0.03235148599310745 40
0.03247944177159041 40
0.03260739755007336 40
0.0348551540587573 40
0.03498310983724025 40
0.03511746340464735 40
0.03524541918313031 40
0.03537337496161327 40
0.035501330740096225 40
0.035629286518579176 40
0.037840788890026275 40
0.037941020916504586 40
0.038041252942982905 40
0.03814148496946122 40
0.03824811478486369 40
0.038348346811342 40
0.03847630258982496 40
0.04071552871327669 40
0.04084988228068379 41
0.04094158392192991 41
0.041156976149042894 42
0.041301992697990245 42
0.04151738492510322 43
0.0417327771522162 44
0.04186926331593135 44
0.04200361688333845 45
0.042137970450745556 45
0.04227232401815266 45
0.042415207970791964 45
0.04255809192343126 45
0.04270737366499471 45
0.04285665540655816 46
0.043005937148121606 46
0.04853789197120142 46
0.04864452178660388 46
0.0487447538130822 47
0.048851383628484665 47
0.04895161565496298 47
0.049079571433445934 47
0.05147447708738526 48
0.05160243286586822 48
0.051709062681270686 48
0.05181569249667315 48
0.05418713959122394 48
0.054321493158631044 48
0.054449448937114 48
0.05457740471559696 48
0.054711758283004064 48
0.057066144607090453 48
0.05723888490804245 49
0.057341249530828815 49
0.05744787934623127 49
0.05997287337496161 50
0.06423380079844405 50
0.06446198860340532 51
0.06461340294127683 52
0.06476268468284027 52
0.06491409902071177 52
0.0654173917494114 52
0.06599959054150885 52
0.06887433036475928 53
0.06902361210632273 53
0.06917289384788618 53
0.06931577780052547 53
0.06946719213839697 53
0.07015815334220493 54
0.07296891527621388 55
0.07311819701777732 55
0.07326747875934077 55
0.07341036271198008 56
0.07355324666461938 56
0.07370252840618283 56
0.07385181014774628 56
0.07400109188930973 57
0.07675214112669328 57
0.08177867062476542 57
0.08190662640324838 57
0.08203458218173133 57
0.08216253796021428 57
0.08754094584911455 57
0.08768382980175385 57
0.0878331115433173 57
0.08798239328488075 57
0.08812527723752005 57
0.08825963080492714 57
0.08840251475756646 58
0.0946936738663118 58
0.0948280274337189 58
0.09495598321220186 58
0.09508393899068482 58
0.09521189476916778 58
0.09533985054765073 58
0.09547420411505783 58
0.09850035827617976 58
0.09863471184358685 58
0.1315449380694032 59
0.19256278363530896 59
0.19977735694543966 60
0.20738219537994335 61
0.20749095779165386 62
0.2075997202033644 63
0.2077084826150749 64
0.20887074760296176 65
0.20916504589347254 66
0.20942735523936262 67
0.20968966458525268 68
0.21011618384686254 69
0.21042967550414576 70
0.21083913399529122 70
0.21125285767905277 71
0.2133790561981779 71
0.2145989012863821 71
0.2183735967516293 71
0.21911574026683045 71
0.22029719862148975 71
0.22096470126590917 71
0.22183480055959326 71
0.22549860101682193 71
0.22892781588016514 71
0.232427406421674 71
0.23564122905790424 71
0.23894248814276453 71
0.24139710649332924 71
0.2438367966697376 71
0.24624023270890913 71
0.25406686115945 71
0.26051156720237484 71
0.2622858873306719 71
0.26348867164841167 71
0.2656553894973897 71
0.267269764902583 71
0.2689950353157949 71
0.27083973112225745 71
0.27195081379875113 71
0.27306829426416895 71
0.2741857747295868 71
0.2831853311495547 71
0.28382297744566143 71
0.2844926126863889 71
0.2876381922407616 72
0.2889795953185246 72
0.2943857269594295 72
0.30287132766915753 72
0.3037947418705429 72
0.30488023339133996 72
0.3056756918142423 72
0.30658844303408744 72
0.3125533149077012 72
0.31319096120380796 72
0.31386059644453546 72
0.3176544852765551 72
0.32242083802504523 72
0.3308787149827686 72
0.33180212918415397 72
0.33288762070495104 72
0.3336830791278534 72
0.3345958303476985 72
0.34032824922373495 72
0.3409658955198417 72
0.34163553076056913 72
0.3454336847852049 72
0.350200037533695 72
0.3586621796840345 72
0.3595855938854199 72
0.36067108540621695 72
0.3614665438291193 72
0.36237929504896443 72
0.36811171392500086 72
0.3687493602211076 72
0.36941899546183504 72
0.3732214146790869 72
0.377987767427577 72
0.3864541747705326 72
0.387377588971918 72
0.38846308049271505 72
0.3892585389156174 72
0.39017129013546253 72
0.39590370901149896 72
0.3965413553076057 72
0.39721099054833314 72
0.4010176749582011 72
0.40578402770669125 72
0.41425470024226296 72
0.41517811444364827 72
0.41626360596444534 72
0.41705906438734774 72
0.4179718156071928 72
0.4725214965707851 72
0.47315914286689187 72
0.47382877810761936 72
0.4776184017470229 72
0.482384754495513 72
0.49084476404954447 72
0.49176817825092983 72
0.4928536697717269 72
0.49364912819462925 72
0.4945618794144744 72
0.5005267512880882 72
0.501164397584195 72
0.5018340328249223 72
0.505627921656942 72
0.5103942744054322 72
0.5188521513631555 72
0.5197755655645409 72
0.5208610570853379 72
0.5216565155082403 72
0.5225692667280855 72
0.5283016856041218 72
0.5289393319002286 72
0.5296089671409561 72
0.5334071211655919 72
0.538173473914082 72
0.5466356160644215 72
0.5475590302658068 72
0.5486445217866038 72
0.5494399802095062 72
0.5503527314293514 72
0.5560851503053877 72
0.5567227966014945 72
0.557392431842222 72
0.5611948510594739 72
0.565961203807964 72
0.5744276111509196 72
0.5753510253523049 72
0.5764365168731019 72
0.5772319752960043 72
0.5781447265158495 72
0.5838771453918858 72
0.5845147916879926 72
0.5851844269287201 72
0.5889911113385881 72
0.5937574640870782 72
0.6022281366226498 72
0.6031515508240353 72
0.6042370423448323 72
0.6050325007677346 72
0.6059452519875798 72
0.6604949329511721 72
0.6611325792472789 72
0.6618022144880062 72
0.6655918381274099 72
0.6703581908759 72
0.6788182004299315 72
0.6797416146313168 72
0.6808271061521138 72
0.6816225645750162 72
0.6825353157948613 72
0.6885001876684751 72
0.6891378339645818 72
0.6898074692053093 72
0.6936013580373289 72
0.698367710785819 72
0.7068255877435425 72
0.7077490019449278 72
0.7088344934657249 72
0.7096299518886273 72
0.7105427031084723 72
0.7162751219845088 72
0.7169127682806156 72
0.7175824035213431 72
0.7213805575459787 72
0.7261469102944689 72
0.7346090524448085 72
0.7355324666461938 72
0.7366179581669908 72
0.7374134165898932 72
0.7383261678097383 72
0.7440585866857747 72
0.7446962329818815 72
0.745365868222609 72
0.7491682874398607 72
0.7539346401883509 72
0.7624010475313066 72
0.7633244617326919 72
0.7644099532534889 72
0.7652054116763913 72
0.7661181628962364 72
0.7718505817722728 72
0.7724882280683796 72
0.7731578633091071 72
0.7769645477189749 72
0.7817309004674651 72
0.7902015730030368 72
0.7911249872044221 72
0.7922104787252192 72
0.7930059371481216 72
0.7939186883679668 72
0.8472080049135019 72
0.8478456512096086 72
0.8485152864503361 72
0.8523049100897396 72
0.8570712628382298 72
0.8655312723922612 72
0.8664546865936466 72
0.8675401781144436 72
0.868335636537346 72
0.8692483877571912 72
0.8752132596308049 72
0.8758509059269116 72
0.8765205411676391 72
0.8803144299996588 72
0.8850807827481489 72
0.8935386597058723 72
0.8944620739072576 72
0.8955475654280547 72
0.8963430238509571 72
0.8972557750708022 72
0.9029881939468386 72
0.9036258402429453 72
0.9042954754836728 72
0.9080936295083086 72
0.9128599822567988 72
0.9213221244071382 72
0.9222455386085235 72
0.9233310301293206 72
0.924126488552223 72
0.9250392397720681 72
0.9307716586481045 72
0.9314093049442113 72
0.9320789401849388 72
0.9358813594021906 72
0.9406477121506808 72
0.9491141194936363 72
0.9500375336950216 72
0.9511230252158187 72
0.9519184836387211 72
0.9528312348585662 72
