0.21481216091718702 0
0.21932686730132733 0
0.22051045825229468 0
0.22210564029071553 0
0.22913894291466202 0
0.22957185996519602 0
0.2326385334561709 0
0.2359120687890265 0
0.23921332787388677 0
0.2416679462244515 0
0.24410763640085986 0
0.246451359743406 0
0.2542673252124066 0
0.25873298188146177 0
0.2590592691165933 0
0.26070989865902344 0
0.26162051728256047 0
0.26248635138362847 0
0.2626462961067322 0
0.26387040638755244 0
0.26477675981847343 0
0.26597527894359707 0
0.2664167263793633 0
0.26760671511925477 0
0.26851093595386766 0
0.2693980960180162 0
0.2703044494489371 0
0.27123639403555466 0
0.2714155321254308 0
0.27234747671204834 0
0.27252661480192447 0
0.27346495717746616 0
0.2736440952673423 0
0.2745141945610264 0
0.27541841539563927 0
0.2805494421128058 0
0.2809290442556386 0
0.2812276077387655 0
0.2814963148735797 0
0.28214035895861056 0
0.2833985907803596 0
0.28356919848500356 0
0.28403623707646636 0
0.2842153751663425 0
0.2847037397208858 0
0.2848807452144539 0
0.3031890845190569 0
0.30335969222370085 0
0.3041124987204422 0
0.30429163681031834 0
0.3051809294707749 0
0.30535153717541885 0
0.30597638789367726 0
0.30615552598355344 0
0.30688700651721434 0
0.30706401201078243 0
0.3076248848397994 0
0.3101669396389941 0
0.3104100556181117 0
0.31067449756030985 0
0.3113142764527246 0
0.31164909407308833 0
0.31276657453850615 0
0.3129371822431501 0
0.3134042208346129 0
0.313583358924489 0
0.31407172347903234 0
0.3142487289726004 0
0.331196471832668 0
0.3313670795373119 0
0.3321198860340533 0
0.3322990241239294 0
0.333188316784386 0
0.33335892448902993 0
0.33398377520728834 0
0.3341629132971645 0
0.3348943938308254 0
0.3350713993243935 0
0.33562800696079437 0
0.3381316750264442 0
0.33837479100556184 0
0.33863923294775994 0
0.3392790118401747 0
0.3405415088545399 0
0.3407121165591838 0
0.3411791551506466 0
0.34135829324052275 0
0.341846657795066 0
0.3420236632886341 0
0.3589799365339339 0
0.35915054423857784 0
0.3599033507353192 0
0.36008248882519533 0
0.3609717814856519 0
0.36114238919029584 0
0.36176723990855425 0
0.36194637799843044 0
0.36267785853209134 0
0.3628548640256594 0
0.3634114716620603 0
0.3659151397277101 0
0.3661582557068277 0
0.36642269764902585 0
0.3670624765414406 0
0.3683249735558058 0
0.36849558126044973 0
0.36896261985191253 0
0.36914175794178866 0
0.3696301224963319 0
0.3698071279899 0
0.386771931620432 0
0.38694253932507594 0
0.3876953458218173 0
0.38787448391169344 0
0.38876377657215 0
0.38893438427679394 0
0.38955923499505235 0
0.38973837308492854 0
0.39046985361858944 0
0.3906468591121575 0
0.3912034667485584 0
0.3937071348142082 0
0.39395025079332585 0
0.39421469273552395 0
0.39485447162793874 0
0.3961169686423039 0
0.39628757634694783 0
0.39675461493841063 0
0.39693375302828676 0
0.39742211758283 0
0.3975991230763981 0
0.4145724570921623 0
0.4147430647968062 0
0.4154958712935476 0
0.4156750093834238 0
0.4165643020438803 0
0.41673490974852423 0
0.4173597604667827 0
0.4175388985566588 0
0.4182703790903197 0
0.4184473845838878 0
0.41900399222028867 0
0.42368504111645683 0
0.4239281570955744 0
0.42419259903777257 0
0.42483237793018735 0
0.42557665404169653 0
0.4334438018220903 0
0.4336869178012079 0
0.43395135974340604 0
0.4345911386358208 0
0.4353183539768656 0
0.44286774490736003 0
0.4431108608864776 0
0.44337530282867577 0
0.4440150817210905 0
0.44467405398027776 0
0.451133688197359 0
0.45137680417647663 0
0.45164124611867473 0
0.4522810250110895 0
0.45260304705360493 0
0.45309994199338044 0
0.45955317842153753 0
0.45994770873852664 0
0.46025053741426963 0
0.460527774934316 0
0.46118034940457914 0
0.4618563824342307 0
0.46988560753403624 0
0.470265209676869 0
0.4705637731599959 0
0.4708324802948101 0
0.471476524379841 0
0.47273475620159006 0
0.472905363906234 0
0.4733724024976968 0
0.47355154058757293 0
0.4740399051421162 0
0.47421691063568433 0
0.49116252089944384 0
0.4913331286040878 0
0.49208593510082915 0
0.4922650731907053 0
0.49315436585116185 0
0.4933249735558058 0
0.4939498242740642 0
0.4941289623639404 0
0.4948604428976013 0
0.49503744839116937 0
0.4955983212201863 0
0.49814037601938105 0
0.49838349199849863 0
0.4986479339406968 0
0.4992877128331115 0
0.49962253045347527 0
0.5007400109188931 0
0.500910618623537 0
0.5013776572149998 0
0.501556795304876 0
0.5020451598594192 0
0.5022221653529874 0
0.5191699082130549 0
0.5193405159176988 0
0.5200933224144403 0
0.5202724605043164 0
0.5211617531647729 0
0.5213323608694168 0
0.5219572115876753 0
0.5221363496775514 0
0.5228678302112123 0
0.5230448357047804 0
0.5236014433411813 0
0.5261051114068311 0
0.5263482273859488 0
0.5266126693281469 0
0.5272524482205616 0
0.5285149452349268 0
0.5286855529395708 0
0.5291525915310336 0
0.5293317296209097 0
0.529820094175453 0
0.5299970996690211 0
0.5469533729143208 0
0.5471239806189647 0
0.5478767871157062 0
0.5480559252055823 0
0.5489452178660388 0
0.5491158255706827 0
0.5497406762889412 0
0.5499198143788173 0
0.5506512949124782 0
0.5508283004060464 0
0.5513849080424472 0
0.553888576108097 0
0.5541316920872147 0
0.5543961340294128 0
0.5550359129218275 0
0.5562984099361927 0
0.5564690176408367 0
0.5569360562322995 0
0.5571151943221756 0
0.5576035588767189 0
0.557780564370287 0
0.5747453680008189 0
0.5749159757054628 0
0.5756687822022043 0
0.5758479202920804 0
0.5767372129525369 0
0.5769078206571808 0
0.5775326713754393 0
0.5777118094653154 0
0.5784432899989763 0
0.5786202954925445 0
0.5791769031289453 0
0.5816805711945952 0
0.5819236871737128 0
0.5821881291159109 0
0.5828279080083256 0
0.5840904050226908 0
0.5842610127273348 0
0.5847280513187976 0
0.5849071894086737 0
0.585395553963217 0
0.5855725594567851 0
0.6025458934725492 0
0.6027165011771931 0
0.6034693076739346 0
0.6036484457638107 0
0.6045377384242673 0
0.6047083461289112 0
0.6053331968471696 0
0.6055123349370457 0
0.6062438154707066 0
0.6064208209642747 0
0.6069774286006756 0
0.6116584774968438 0
0.6119015934759614 0
0.6121660354181595 0
0.6128058143105742 0
0.6134989081106903 0
0.6202912273518272 0
0.6205343433309448 0
0.6207987852731429 0
0.6214385641655578 0
0.6221145971952093 0
0.6285891595864469 0
0.6288322755655645 0
0.6290967175077626 0
0.6297364964001775 0
0.6304466509707578 0
0.6379811137270959 0
0.6382242297062135 0
0.6384886716484116 0
0.6391284505408265 0
0.6394504725833419 0
0.6399985498345105 0
0.6475266148019244 0
0.6479211451189135 0
0.6482239737946566 0
0.648501211314703 0
0.6491537857849661 0
0.6498298188146177 0
0.6578590439144232 0
0.6582386460572559 0
0.6585372095403829 0
0.6588059166751971 0
0.6594499607602279 0
0.660708192581977 0
0.6608788002866209 0
0.6613458388780837 0
0.6615249769679599 0
0.6620133415225031 0
0.6621903470160713 0
0.6791359572798308 0
0.6793065649844747 0
0.6800593714812161 0
0.6802385095710922 0
0.6811278022315488 0
0.6812984099361927 0
0.6819232606544512 0
0.6821023987443273 0
0.6828338792779882 0
0.6830108847715562 0
0.6835717576005732 0
0.686113812399768 0
0.6863569283788856 0
0.6866213703210837 0
0.6872611492134985 0
0.6875959668338623 0
0.6887134472992801 0
0.688884055003924 0
0.6893510935953868 0
0.689530231685263 0
0.6900185962398062 0
0.6901956017333742 0
0.7071433445934419 0
0.7073139522980858 0
0.7080667587948272 0
0.7082458968847033 0
0.7091351895451599 0
0.7093057972498038 0
0.7099306479680623 0
0.7101097860579384 0
0.7108412665915993 0
0.7110182720851673 0
0.7115748797215682 0
0.714078547787218 0
0.7143216637663357 0
0.7145861057085338 0
0.7152258846009486 0
0.7164883816153137 0
0.7166589893199576 0
0.7171260279114204 0
0.7173051660012966 0
0.7177935305558399 0
0.717970536049408 0
0.7349268092947078 0
0.7350974169993517 0
0.7358502234960931 0
0.7360293615859692 0
0.7369186542464258 0
0.7370892619510697 0
0.7377141126693282 0
0.7378932507592043 0
0.7386247312928652 0
0.7388017367864332 0
0.7393583444228341 0
0.7418620124884839 0
0.7421051284676016 0
0.7423695704097997 0
0.7430093493022145 0
0.7442718463165796 0
0.7444424540212236 0
0.7449094926126864 0
0.7450886307025625 0
0.7455769952571059 0
0.7457540007506739 0
0.7627188043812059 0
0.7628894120858498 0
0.7636422185825912 0
0.7638213566724673 0
0.7647106493329239 0
0.7648812570375678 0
0.7655061077558263 0
0.7656852458457024 0
0.7664167263793633 0
0.7665937318729313 0
0.7671503395093322 0
0.769654007574982 0
0.7698971235540997 0
0.7701615654962978 0
0.7708013443887126 0
0.7720638414030777 0
0.7722344491077217 0
0.7727014876991845 0
0.7728806257890606 0
0.773368990343604 0
0.773545995837172 0
0.7905193298529362 0
0.7906899375575801 0
0.7914427440543215 0
0.7916218821441976 0
0.7925111748046542 0
0.7926817825092981 0
0.7933066332275566 0
0.7934857713174327 0
0.7942172518510936 0
0.7943942573446617 0
0.7949508649810626 0
0.7994975603098236 0
0.7997406762889412 0
0.8000051182311393 0
0.8006448971235541 0
0.8013891732350633 0
0.8092563210154571 0
0.8094994369945747 0
0.8097638789367728 0
0.8104036578291876 0
0.8110796908588391 0
0.8175542532500768 0
0.8177973692291944 0
0.8180618111713925 0
0.8187015900638073 0
0.8193605623229945 0
0.8258201965400758 0
0.8260633125191934 0
0.8263277544613915 0
0.8269675333538062 0
0.8272895553963217 0
0.8277864503360972 0
0.8342396867642543 0
0.8346342170812434 0
0.8349370457569864 0
0.8352142832770328 0
0.8358668577472959 0
0.8365428907769474 0
0.844572115876753 0
0.8449517180195858 0
0.8452502815027126 0
0.8455189886375268 0
0.8461630327225578 0
0.8474212645443068 0
0.8475918722489507 0
0.8480589108404135 0
0.8482380489302896 0
0.848726413484833 0
0.848903418978401 0
0.8658490292421606 0
0.8660196369468045 0
0.8667724434435459 0
0.866951581533422 0
0.8678408741938786 0
0.8680114818985225 0
0.868636332616781 0
0.8688154707066571 0
0.869546951240318 0
0.8697239567338861 0
0.8702848295629031 0
0.8728268843620978 0
0.8730700003412154 0
0.8733344422834135 0
0.8739742211758283 0
0.874309038796192 0
0.8754265192616099 0
0.8755971269662538 0
0.8760641655577166 0
0.8762433036475927 0
0.876731668202136 0
0.8769086736957041 0
0.8938564165557716 0
0.8940270242604156 0
0.894779830757157 0
0.8949589688470332 0
0.8958482615074896 0
0.8960188692121336 0
0.896643719930392 0
0.8968228580202682 0
0.8975543385539291 0
0.8977313440474972 0
0.8982879516838981 0
0.9007916197495479 0
0.9010347357286655 0
0.9012991776708636 0
0.9019389565632784 0
0.9032014535776436 0
0.9033720612822875 0
0.9038390998737503 0
0.9040182379636265 0
0.9045066025181697 0
0.9046836080117379 0
0.9216398812570376 0
0.9218104889616815 0
0.9225632954584229 0
0.922742433548299 0
0.9236317262087556 0
0.9238023339133995 0
0.924427184631658 0
0.9246063227215341 0
0.925337803255195 0
0.9255148087487631 0
0.926071416385164 0
0.9285750844508138 0
0.9288182004299315 0
0.9290826423721296 0
0.9297224212645443 0
0.9309849182789095 0
0.9311555259835534 0
0.9316225645750162 0
0.9318017026648924 0
0.9322900672194356 0
0.9324670727130037 0
0.9494318763435357 0
0.9496024840481796 0
0.950355290544921 0
0.9505344286347972 0
0.9514237212952537 0
0.9515943289998976 0
0.9522191797181561 0
0.9523983178080322 0
0.9531297983416931 0
0.9533068038352612 0
0.9538634114716621 0
0.9585380625789061 0
0.9587811785580237 0
0.9590456205002218 0
0.9596853993926365 0
0.9604126147336813 0
0.9682648343399188 0
0.9685079503190364 0
0.9687723922612346 0
0.9694121711536493 0
0.9701223257242297 0
0.9776567884805678 0
0.9778999044596854 0
0.9781643464018835 0
0.9788041252942983 0
0.9791261473368137 0
0.9796742245879824 0
0.9872022895553964 0
0.9875968198723855 0
0.9878996485481284 0
0.9881768860681749 0
0.9888294605384379 0
0.9895054935680896 0
