0.20107610809704166 1
0.22447921998157436 1
0.23058057801890333 1
0.2341334834681134 1
0.23740701880096904 1
0.23965264271334494 1
0.24210726106390965 1
0.244546951240318 1
0.24754964684205139 1
0.2859598389463268 1
0.2922744566144607 1
0.2951300030709387 1
0.31483092776469784 1
0.3203287610468489 1
0.3231651141365544 1
0.34261012727334766 1
0.3481079605554987 1
0.35094431364520423 1
0.37039785716722967 1
0.3758956904493807 1
0.37873204353908624 1
0.39819411744634386 1
0.4036919507284949 1
0.40652830381820043 1
0.47479484423516566 1
0.4802926775173167 1
0.4831290306070222 1
0.5028043641450848 1
0.5083021974272358 1
0.5111385505169413 1
0.5305835636537346 1
0.5360813969358856 1
0.5389177500255912 1
0.5583712935476166 1
0.5638691268297676 1
0.5667054799194732 1
0.5861675538267308 1
0.5916653871088818 1
0.5945017401985874 1
0.6627682806155526 1
0.6682661138977036 1
0.6711024669874092 1
0.6907778005254718 1
0.6962756338076228 1
0.6991119868973282 1
0.7185570000341216 1
0.7240548333162725 1
0.726891186405978 1
0.7463447299280036 1
0.7518425632101545 1
0.7546789162998601 1
0.7741409902071178 1
0.7796388234892688 1
0.7824751765789743 1
0.8494813525778824 1
0.8549791858600334 1
0.8578155389497389 1
0.8774908724878016 1
0.8829887057699526 1
0.8858250588596581 1
0.9052700719964514 1
0.9107679052786024 1
0.9136042583683079 1
0.9330578018903334 1
0.9385556351724844 1
0.94139198826219 1
