0.20186730132732794 1
0.2018864946941004 2
0.2019035554645648 3
0.20208056095813287 3
0.20209975432490532 3
0.20225116866277681 3
0.20227036202954926 3
0.2024281741563449 3
0.20244736752311734 3
0.2026094448425291 3
0.20262863820930152 3
0.20298904698536185 3
0.2030082403521343 3
0.20317031767154606 3
0.20318951103831848 3
0.20337078172450268 3
0.20338997509127513 3
0.2037354556931791 3
0.20375464905995155 3
0.20395511311290818 3
0.20397430647968062 3
0.2041811683215614 3
0.20420036168833386 3
0.20442001910806293 3
0.20443921247483537 3
0.20465886989456444 3
0.2046780632613369 3
0.20484014058074862 3
0.20485933394752107 3
0.20502141126693282 3
0.20504060463370527 3
0.20526665984235848 3
0.20528585320913093 3
0.2055438973624049 3
0.20556309072917733 3
0.20572516804858906 3
0.2057443614153615 3
0.20598321220186303 3
0.20600240556863547 3
0.206241256355137 3
0.20626044972190943 3
0.2065184938751834 3
0.20653768724195584 3
0.21533891220527518 4
0.21535810557204763 5
0.21537729893882007 6
0.21567372982563893 6
0.21569292319241137 6
0.21571211655918382 6
0.21581874637458628 6
0.21583793974135873 6
0.21585713310813115 6
0.2158763264749036 7
0.21589551984167604 8
0.21597655850138192 8
0.21599575186815437 8
0.21601494523492681 8
0.21612157505032928 8
0.21614076841710173 8
0.21615996178387417 8
0.2161791551506466 8
0.21619834851741904 8
0.21650544238577815 8
0.2165246357525506 8
0.21654382911932302 8
0.21665045893472548 8
0.21666965230149793 8
0.21668884566827037 8
0.21670803903504282 8
0.21672723240181527 8
0.2168104036578292 8
0.21682959702460164 8
0.21684879039137409 8
0.21695542020677655 8
0.21697461357354897 8
0.21699380694032142 8
0.21701300030709386 8
0.2170321936738663 8
0.21734142013853347 8
0.2173606135053059 8
0.21737980687207833 8
0.2174864366874808 8
0.21750563005425325 8
0.2175248234210257 8
0.21754401678779814 8
0.21756321015457059 8
0.2176463814105845 8
0.21766557477735696 8
0.21768476814412938 8
0.21779139795953184 8
0.2178105913263043 8
0.21782978469307673 8
0.21784897805984918 8
0.21786817142662163 8
0.21817100010236462 8
0.21819019346913707 8
0.2182093868359095 8
0.2188704916914048 9
0.2188896850581772 9
0.21941003855734126 9
0.2194292319241137 9
0.21944842529088612 9
0.21959983962875765 9
0.21961903299553007 9
0.2196382263623025 9
0.2197363257924728 9
0.21975551915924524 9
0.21977471252601768 9
0.21979390589279013 9
0.21981309925956255 9
0.21997091138635821 9
0.21999010475313066 9
0.2200092981199031 9
0.22218881154672945 9
0.2222080049135019 9
0.22222719828027435 9
0.22237861261814584 9
0.2223978059849183 9
0.22241699935169074 9
0.222515098781861 9
0.22253429214863343 9
0.22255348551540588 9
0.22257267888217833 9
0.22259187224895077 9
0.2227496843757464 9
0.22276887774251886 9
0.2227880711092913 9
0.22312288872965502 10
0.22314208209642747 11
0.22315914286689187 12
0.22317833623366432 13
0.22319539700412871 14
0.22321459037090116 15
0.22323165114136553 16
0.22325084450813798 17
0.22476712048316103 17
0.22478631384993347 17
0.22480337462039784 17
0.2248225679871703 17
0.2248396287576347 17
0.22485882212440714 17
0.22487588289487154 17
0.22489507626164398 17
0.22491213703210838 18
0.22492919780257276 18
0.22567560651039 18
0.22569479987716246 18
0.22571186064762686 18
0.2257310540143993 18
0.22574811478486367 18
0.22576730815163612 18
0.22578436892210052 18
0.22580356228887297 18
0.22582062305933737 18
0.22798947350462348 18
0.2280086668713959 18
0.2280257276418603 18
0.22804492100863274 18
0.229224246766984 18
0.22924344013375644 18
0.22940338485686013 18
0.22942257822363257 18
0.23046968301088477 19
0.23048887637765722 20
0.23050593714812162 21
0.2306658818712253 21
0.23068507523799775 21
0.2327217047121848 21
0.23274089807895726 21
0.23276009144572968 21
0.23291150578360117 21
0.23293069915037362 21
0.23294989251714607 21
0.23304799194731635 21
0.2330671853140888 21
0.23308637868086124 21
0.23310557204763366 21
0.2331247654144061 21
0.23328257754120177 21
0.23330177090797422 21
0.23332096427474663 21
0.23599524004504044 21
0.23601443341181289 21
0.23603362677858533 21
0.23618504111645683 21
0.23620423448322928 21
0.2362234278500017 21
0.23632152728017197 21
0.23634072064694442 21
0.23635991401371687 21
0.2363791073804893 21
0.23639830074726176 21
0.2365561128740574 21
0.23657530624082984 21
0.2365944996076023 21
0.24653453099941994 21
0.24655372436619238 21
0.24657291773296483 21
0.24672433207083633 21
0.24674352543760877 21
0.2467627188043812 21
0.24686081823455147 21
0.24688001160132392 21
0.24689920496809636 21
0.2469183983348688 21
0.24693759170164126 21
0.2470954038284369 21
0.24711459719520934 21
0.2471337905619818 21
0.25014075135633124 21
0.2501599447231037 21
0.2503070938683591 21
0.25032628723513156 21
0.25047343638038694 21
0.25049262974715936 21
0.2506397788924148 21
0.2506589722591872 21
0.25080612140444264 21
0.25082531477121506 21
0.2509724639164705 21
0.2509916572832429 21
0.2511388064284983 21
0.25115799979527076 21
0.25130514894052614 21
0.2513243423072986 21
0.251471491452554 21
0.25149068481932646 21
0.25163783396458184 21
0.2516570273313543 21
0.2518041764766097 21
0.2518233698433821 21
0.25197051898863754 21
0.25198971235540996 21
0.25269346913706625 21
0.25271266250383867 21
0.25272972327430304 21
0.25274678404476747 22
0.25276384481523184 23
0.2544699218616713 23
0.2544891152284437 23
0.25450830859521617 23
0.25465972293308764 23
0.2546789162998601 23
0.25469810966663253 23
0.25479620909680284 23
0.25481540246357526 23
0.2548345958303477 23
0.25485378919712015 23
0.25487298256389257 23
0.2550329272869963 23
0.25504998805746065 23
0.2550691814242331 23
0.25508837479100555 23
0.255107568157778 23
0.25512676152455044 24
0.2552078001842563 24
0.2552269935510288 24
0.2571505954208892 24
0.25716978878766167 24
0.2571889821544341 24
0.2572956119698366 24
0.257314805336609 24
0.2573339987033815 24
0.2573531920701539 24
0.2573723854369263 24
0.25745555669294024 24
0.2574747500597127 24
0.25749394342648513 24
0.2576005732418876 24
0.25761976660866004 24
0.2576389599754325 24
0.25765815334220493 24
0.25767734670897735 24
0.25800576654041696 24
0.25802495990718943 24
0.25804415327396185 24
0.2581422527041321 24
0.2581614460709046 24
0.258180639437677 24
0.25819983280444947 24
0.2582190261712219 24
0.2583021974272358 24
0.25832139079400823 24
0.2583405841607807 24
0.25843868359095096 24
0.25845787695772343 24
0.25847707032449585 24
0.2584962636912683 24
0.25851545705804074 24
0.25930878288463505 24
0.2593279762514075 24
0.25934716961817994 24
0.2595860204046815 24
0.25960308117514586 24
0.25962227454191833 24
0.25974809772409324 24
0.25976729109086566 24
0.25978648445763813 24
0.25989311427304057 24
0.259912307639813 24
0.25993150100658546 24
0.2599506943733579 24
0.25996988774013036 24
0.2600530589961443 24
0.2600722523629167 24
0.2600914457296892 24
0.2601980755450916 24
0.2602172689118641 24
0.2602364622786365 24
0.2602556556454089 24
0.2602748490121814 24
0.26079306991503737 24
0.2608122632818098 24
0.26083145664858226 24
0.26098287098645373 24
0.2610020643532262 24
0.2610212577199986 24
0.26111935715016893 24
0.26113855051694135 24
0.26115774388371377 24
0.26117693725048624 24
0.26119613061725866 24
0.2614051250554475 24
0.26142431842221997 24
0.2614435117889924 24
0.26173567748319515 24
0.26175487084996757 24
0.26184017470228954 24
0.261859368069062 24
0.2620449039478623 24
0.2620640973146347 24
0.2630408264237213 24
0.26306001979049376 24
0.26327114682499064 24
0.26329034019176306 24
0.2633095335585355 24
0.26395357764356636 24
0.26397277101033884 24
0.26399196437711125 24
0.2641433787149828 24
0.2641625720817552 24
0.2641817654485277 24
0.2642798648786979 24
0.26429905824547034 24
0.2643182516122428 24
0.26433744497901523 24
0.2643566383457877 24
0.26456563278397655 24
0.26458482615074896 24
0.26460401951752144 24
0.26543999727027673 24
0.26545919063704915 24
0.2654762514075136 24
0.26606058279591904 24
0.2660797761626915 24
0.26623972088579523 24
0.26625891425256765 24
0.2676898863752687 24
0.26770907974204117 24
0.2677282731088136 24
0.2678796874466851 24
0.26789888081345753 24
0.26791807418023 24
0.26801617361040025 24
0.2680353669771727 24
0.26805456034394515 24
0.26807375371071757 24
0.26809294707749004 24
0.2683019415156788 24
0.2683211348824513 24
0.2683403282492237 24
0.2694812672740301 24
0.2695004606408025 24
0.269519654007575 24
0.26967106834544646 24
0.26969026171221894 24
0.26970945507899136 24
0.2698075545091616 24
0.2698267478759341 24
0.2698459412427065 24
0.269865134609479 24
0.2698843279762514 24
0.27009332241444023 24
0.2701125157812127 24
0.2701317091479851 24
0.2745973658170403 24
0.2746165591838127 24
0.2746357525505852 24
0.27478716688845667 24
0.27480636025522914 24
0.27482555362200156 24
0.2749236530521718 24
0.2749428464189443 24
0.2749620397857167 24
0.2749812331524892 24
0.2750004265192616 24
0.27520942095745043 24
0.2752286143242229 24
0.2752478076909953 24
0.28174156344900536 24
0.2817607568157778 24
0.28177995018255025 24
0.28609205991742587 25
0.28611125328419834 26
0.2861283140546627 26
0.2861453748251271 26
0.28632238031869517 26
0.28634157368546764 26
0.286358634455932 26
0.2865207117753438 26
0.2865399051421162 26
0.2865569659125806 26
0.28680861227693044 26
0.28682780564370286 26
0.2868448664141673 26
0.2899158050977582 27
0.28993499846453064 28
0.2899541918313031 29
0.28997338519807553 30
0.28999044596853996 31
0.29038497628552906 31
0.2904041696523015 31
0.29042336301907395 31
0.2904425563858464 31
0.2904596171563108 31
0.2908498822806838 31
0.29086907564745623 31
0.2908882690142287 31
0.2909074623810011 31
0.2909245231514655 31
0.2913147882758385 31
0.291333981642611 31
0.2913531750093834 31
0.2913723683761559 31
0.29138942914662025 31
0.29177969427099326 31
0.29179888763776574 31
0.29181808100453815 31
0.29183727437131063 31
0.291854335141775 31
0.2935049646842051 31
0.2935241580509776 31
0.29354335141775 31
0.29457552803084586 31
0.29459472139761833 31
0.2946117821680827 31
0.2946309755348552 31
0.29464803630531955 31
0.29466722967209197 31
0.2946842904425564 31
0.2947034838093288 31
0.2954157709762173 31
0.2954349643429897 31
0.29545202511345414 31
0.29547121848022656 31
0.295488279250691 31
0.2955074726174634 31
0.2955245333879278 31
0.29554372675470025 31
0.2955607875251646 31
0.29557784829562905 31
0.29618350564711504 31
0.29620269901388746 31
0.2962197597843519 31
0.2962389531511243 31
0.2962560139215887 31
0.29627520728836115 31
0.2962922680588255 31
0.296311461425598 31
0.29632852219606237 31
0.2984845770635002 31
0.29850377043027265 31
0.298520831200737 31
0.29854002456750944 31
0.30008615689084517 31
0.30010535025761764 31
0.300122411028082 31
0.300295151329034 31
0.3003143446958065 31
0.3003335380625789 31
0.30035273142935137 31
0.30036979219981574 31
0.30078564847988537 31
0.3008048418466578 31
0.3008219026171222 31
0.3012761456307367 31
0.30129533899750915 31
0.3013123997679735 31
0.3013294605384379 31
0.3013465213089023 31
0.3013635820793667 31
0.3046456477974545 31
0.304664841164227 31
0.30468190193469136 31
0.3109197461357355 31
0.31093893950250795 31
0.31095813286928037 31
0.3149204968096359 31
0.3149396901764084 31
0.31495675094687275 31
0.3149738117173372 31
0.31515081721090527 31
0.3151700105776777 31
0.31518707134814206 31
0.3153491486675538 31
0.3153683420343263 31
0.31538540280479066 31
0.3156370491691405 31
0.3156562425359129 31
0.31567330330637733 31
0.31797010953014637 31
0.31798930289691885 31
0.31800849626369126 31
0.31802768963046374 31
0.3180447504009281 31
0.3184392807179172 31
0.3184584740846897 31
0.3184776674514621 31
0.31849686081823453 31
0.31851392158869896 31
0.31890418671307197 31
0.3189233800798444 31
0.31894257344661686 31
0.3189617668133893 31
0.3189788275838537 31
0.3193690927082267 31
0.31938828607499914 31
0.3194074794417716 31
0.31942667280854403 31
0.3194437335790084 31
0.3198339987033815 31
0.3198531920701539 31
0.3198723854369263 31
0.3198915788036988 31
0.31990863957416316 31
0.32154007574982085 31
0.3215592691165933 31
0.32157846248336575 31
0.3226106390964616 31
0.322629832463234 31
0.32264689323369844 31
0.32266608660047086 31
0.3226831473709353 31
0.3227023407377077 31
0.32271940150817213 31
0.32273859487494455 31
0.32345088204183303 31
0.32347007540860545 31
0.3234871361790698 31
0.3235063295458423 31
0.32352339031630667 31
0.32354258368307914 31
0.3235596444535435 31
0.323578837820316 31
0.32359589859078036 31
0.32361295936124473 31
0.3242186167127307 31
0.3242378100795032 31
0.32425487084996757 31
0.32427406421674004 31
0.3242911249872044 31
0.3243103183539769 31
0.32432737912444126 31
0.3243465724912137 31
0.3243636332616781 31
0.3265196881291159 31
0.32653888149588833 31
0.32655594226635276 31
0.3265751356331252 31
0.3281212679564609 31
0.3281404613232334 31
0.32815752209369775 31
0.32833026239464974 31
0.32834945576142216 31
0.32836864912819463 31
0.32838784249496705 31
0.3284049032654315 31
0.32882075954550105 31
0.3288399529122735 31
0.3288570136827379 31
0.3293005937148122 31
0.3293197870815846 31
0.329336847852049 31
0.3293539086225134 31
0.3293709693929778 31
0.3293880301634422 31
0.33265303511106564 31
0.33267222847783806 31
0.33268928924830243 31
0.33888448152318557 31
0.33890367488995804 31
0.33892286825673046 31
0.34269969631828573 31
0.3427188896850582 31
0.3427359504555226 31
0.34275301122598695 31
0.34293001671955503 31
0.3429492100863275 31
0.3429662708567919 31
0.34312834817620363 31
0.34314754154297605 31
0.3431646023134405 31
0.3434162486777903 31
0.3434354420445627 31
0.34345250281502715 31
0.3457493090387962 31
0.3457685024055686 31
0.3457876957723411 31
0.3458068891391135 31
0.34582394990957793 31
0.34621848022656704 31
0.34623767359333946 31
0.34625686696011193 31
0.34627606032688435 31
0.3462931210973488 31
0.3466833862217218 31
0.3467025795884942 31
0.3467217729552667 31
0.3467409663220391 31
0.3467580270925035 31
0.34714829221687654 31
0.34716748558364896 31
0.3471866789504214 31
0.34720587231719385 31
0.3472229330876582 31
0.34761319821203124 31
0.3476323915788037 31
0.34765158494557613 31
0.3476707783123486 31
0.347687839082813 31
0.3493192752584707 31
0.3493384686252431 31
0.34935766199201557 31
0.3503898386051114 31
0.35040903197188383 31
0.35042609274234826 31
0.3504452861091207 31
0.3504623468795851 31
0.3504815402463575 31
0.3504986010168219 31
0.35051779438359437 31
0.3512300815504828 31
0.35124927491725527 31
0.35126633568771964 31
0.3512855290544921 31
0.3513025898249565 31
0.35132178319172896 31
0.35133884396219334 31
0.35135803732896576 31
0.3513750980994302 31
0.35139215886989456 31
0.35199781622138054 31
0.352017009588153 31
0.3520340703586174 31
0.35205326372538986 31
0.35207032449585424 31
0.35208951786262666 31
0.3521065786330911 31
0.3521257719998635 31
0.35214283277032793 31
0.35429888763776574 31
0.35431808100453815 31
0.3543351417750026 31
0.354354335141775 31
0.3559004674651107 31
0.35591966083188314 31
0.35593672160234757 31
0.35610946190329956 31
0.356128655270072 31
0.35614784863684446 31
0.3561670420036169 31
0.3561841027740813 31
0.3565999590541509 31
0.35661915242092335 31
0.3566362131913877 31
0.35707979322346195 31
0.3570989865902344 31
0.3571160473606988 31
0.3571331081311632 31
0.3571501689016276 31
0.35716722967209197 31
0.3604364998123315 31
0.360455693179104 31
0.36047275394956835 31
0.3666679462244515 31
0.36668713959122395 31
0.3667063329579964 31
0.37048742621216774 31
0.3705066195789402 31
0.3705236803494046 31
0.37054074111986895 31
0.37071774661343704 31
0.3707369399802095 31
0.3707540007506739 31
0.37091607807008564 31
0.3709352714368581 31
0.3709523322073225 31
0.3712039785716723 31
0.37122317193844473 31
0.37124023270890916 31
0.3735370389326782 31
0.3735562322994506 31
0.3735754256662231 31
0.3735946190329955 31
0.37361167980345994 31
0.37400621012044905 31
0.37402540348722146 31
0.37404459685399394 31
0.37406379022076636 31
0.3740808509912308 31
0.3744711161156038 31
0.3744903094823762 31
0.3745095028491487 31
0.3745286962159211 31
0.3745457569863855 31
0.37493602211075855 31
0.37495521547753097 31
0.3749744088443034 31
0.37499360221107586 31
0.37501066298154023 31
0.37540092810591325 31
0.3754201214726857 31
0.37543931483945814 31
0.3754585082062306 31
0.375475568976695 31
0.3771070051523527 31
0.3771261985191251 31
0.3771453918858976 31
0.3781775684989934 31
0.37819676186576584 31
0.37821382263623027 31
0.3782330160030027 31
0.3782500767734671 31
0.37826927014023953 31
0.3782863309107039 31
0.3783055242774764 31
0.3790178114443648 31
0.3790370048111373 31
0.37905406558160165 31
0.3790732589483741 31
0.3790903197188385 31
0.37910951308561097 31
0.37912657385607534 31
0.37914576722284776 31
0.3791628279933122 31
0.37917988876377656 31
0.37978554611526255 31
0.379804739482035 31
0.3798218002524994 31
0.37984099361927187 31
0.37985805438973624 31
0.37987724775650866 31
0.3798943085269731 31
0.3799135018937455 31
0.37993056266420994 31
0.38208661753164774 31
0.38210581089842016 31
0.3821228716688846 31
0.382142065035657 31
0.38368819735899273 31
0.38370739072576515 31
0.3837244514962296 31
0.38389719179718157 31
0.383916385163954 31
0.38393557853072646 31
0.3839547718974989 31
0.3839718326679633 31
0.3843876889480329 31
0.38440688231480535 31
0.3844239430852697 31
0.38486752311734396 31
0.38488671648411643 31
0.3849037772545808 31
0.38492083802504523 31
0.3849378987955096 31
0.384954959565974 31
0.38822849489882966 31
0.3882476882656021 31
0.38826474903606645 31
0.3944599413109496 31
0.39447913467772205 31
0.3944983280444945 31
0.39828368649128193 31
0.3983028798580544 31
0.3983199406285188 31
0.3983370013989832 31
0.3985140068925513 31
0.3985332002593237 31
0.3985502610297881 31
0.39871233834919984 31
0.3987315317159723 31
0.3987485924864367 31
0.3990002388507865 31
0.3990194322175589 31
0.39903649298802335 31
0.4013332992117924 31
0.40135249257856487 31
0.4013716859453373 31
0.40139087931210976 31
0.40140794008257413 31
0.40180247039956324 31
0.4018216637663357 31
0.40184085713310813 31
0.40186005049988055 31
0.401877111270345 31
0.402267376394718 31
0.4022865697614904 31
0.4023057631282629 31
0.4023249564950353 31
0.40234201726549973 31
0.40273228238987274 31
0.40275147575664516 31
0.40277066912341764 31
0.40278986249019005 31
0.4028069232606544 31
0.4031971883850275 31
0.4032163817517999 31
0.40323557511857233 31
0.4032547684853448 31
0.4032718292558092 31
0.4049032654314669 31
0.40492245879823935 31
0.40494165216501177 31
0.4059738287781076 31
0.4059930221448801 31
0.40601008291534446 31
0.4060292762821169 31
0.4060463370525813 31
0.4060655304193537 31
0.40608259118981815 31
0.4061017845565906 31
0.40681407172347905 31
0.4068332650902515 31
0.40685032586071584 31
0.4068695192274883 31
0.4068865799979527 31
0.40690577336472517 31
0.40692283413518954 31
0.406942027501962 31
0.4069590882724264 31
0.40697614904289076 31
0.40758180639437674 31
0.4076009997611492 31
0.4076180605316136 31
0.40763725389838606 31
0.40765431466885044 31
0.4076735080356229 31
0.4076905688060873 31
0.4077097621728597 31
0.40772682294332413 31
0.40988287781076194 31
0.40990207117753436 31
0.4099191319479988 31
0.4099383253147712 31
0.4114844576381069 31
0.4115036510048794 31
0.4115207117753438 31
0.41169345207629576 31
0.4117126454430682 31
0.41173183880984066 31
0.4117510321766131 31
0.4117680929470775 31
0.4121839492271471 31
0.41220314259391955 31
0.4122202033643839 31
0.4126637833964582 31
0.4126829767632306 31
0.412700037533695 31
0.4127170983041594 31
0.4127341590746238 31
0.4127512198450882 31
0.41602902037055994 31
0.41604821373733236 31
0.4160652745077968 31
0.4244378476131982 31
0.42445704097997067 31
0.4244762343467431 31
0.4269649742382366 31
0.42698416760500907 31
0.4277646978537551 31
0.4277838912205275 31
0.42780095199099194 31
0.42782014535776436 31
0.42783720612822873 31
0.4278563994950012 31
0.4278734602654656 31
0.42789265363223805 31
0.42833836626062033 31
0.42835755962739275 31
0.4283746203978572 31
0.4283938137646296 31
0.428410874535094 31
0.42843006790186644 31
0.42844712867233087 31
0.4284663220391033 31
0.42848338280956766 31
0.4285004435800321 31
0.4285196369468045 31
0.42895042140103046 31
0.42896961476780293 31
0.4289866755382673 31
0.4290037363087317 31
0.42902292967550415 31
0.43419660831883167 31
0.43421580168560414 31
0.43423499505237656 31
0.4367066741734057 31
0.4367258675401781 31
0.4373571160473607 31
0.43737630941413314 31
0.43739337018459756 31
0.43741256355137 31
0.43742962432183435 31
0.43744881768860683 31
0.4374658784590712 31
0.4374850718258437 31
0.43793078445422595 31
0.43794997782099837 31
0.4379670385914628 31
0.4379862319582352 31
0.43800329272869964 31
0.43802248609547206 31
0.4380395468659365 31
0.4380587402327089 31
0.4380758010031733 31
0.4380928617736377 31
0.43811205514041013 31
0.4384681987238544 31
0.4384873920906268 31
0.4385044528610912 31
0.4385215136315556 31
0.43854070699832803 31
0.4436205514041014 31
0.44363974477087387 31
0.4436589381376463 31
0.4460623741768178 31
0.4460815675435903 31
0.44671281605077284 31
0.4467320094175453 31
0.4467490701880097 31
0.4467682635547821 31
0.44678532432524654 31
0.44680451769201895 31
0.4468215784624834 31
0.4468407718292558 31
0.44728648445763813 31
0.44730567782441055 31
0.4473227385948749 31
0.4473419319616474 31
0.44735899273211177 31
0.44737818609888425 31
0.4473952468693486 31
0.44741444023612104 31
0.44743150100658546 31
0.44744856177704984 31
0.4474677551438223 31
0.4478238987272665 31
0.44784309209403894 31
0.44786015286450337 31
0.44787721363496774 31
0.4478964070017402 31
0.45188649469410036 31
0.45190568806087283 31
0.45192488142764525 31
0.4544882621899205 31
0.4545074555566929 31
0.4551387040638755 31
0.455157897430648 31
0.45517495820111237 31
0.4551941515678848 31
0.4552112123383492 31
0.45523040570512163 31
0.45524746647558606 31
0.4552666598423585 31
0.45571237247074076 31
0.45573156583751323 31
0.4557486266079776 31
0.4557678199747501 31
0.45578488074521445 31
0.4558040741119869 31
0.4558211348824513 31
0.4558403282492237 31
0.45585738901968814 31
0.4558744497901525 31
0.455893643156925 31
0.4562497867403692 31
0.4562689801071416 31
0.45628604087760605 31
0.4563031016480704 31
0.4563222950148429 31
0.4607772887023578 31
0.46079648206913026 31
0.4608156754359027 31
0.463253233016003 31
0.46327242638277544 31
0.46390367488995804 31
0.46392286825673046 31
0.4639399290271949 31
0.4639591223939673 31
0.46397618316443173 31
0.46399537653120415 31
0.4640124373016685 31
0.464031630668441 31
0.4644773432968233 31
0.46449653666359575 31
0.4645135974340601 31
0.46453279080083254 31
0.46454985157129697 31
0.4645690449380694 31
0.4645861057085338 31
0.46460529907530623 31
0.46462235984577066 31
0.46463942061623503 31
0.46465861398300745 31
0.4650147575664517 31
0.46503395093322414 31
0.46505101170368857 31
0.46506807247415294 31
0.46508726584092536 31
0.4710777288702358 31
0.4710969222370082 31
0.4711161156037807 31
0.4748844132801037 31
0.4749036066468762 31
0.47492066741734057 31
0.47493772818780494 31
0.475114733681373 31
0.4751339270481455 31
0.47515098781860987 31
0.47531306513802163 31
0.4753322585047941 31
0.4753493192752585 31
0.4756009656396083 31
0.4756201590063807 31
0.47563721977684514 31
0.4779340260006142 31
0.4779532193673866 31
0.4779724127341591 31
0.4779916061009315 31
0.4780086668713959 31
0.47840319718838503 31
0.47842239055515745 31
0.4784415839219299 31
0.47846077728870234 31
0.47847783805916677 31
0.4788681031835398 31
0.4788872965503122 31
0.4789064899170847 31
0.4789256832838571 31
0.47894274405432147 31
0.47933300917869454 31
0.47935220254546695 31
0.4793713959122394 31
0.47939058927901185 31
0.4794076500494762 31
0.47979791517384923 31
0.4798171085406217 31
0.4798363019073941 31
0.4798554952741666 31
0.47987255604463097 31
0.48150399222028867 31
0.4815231855870611 31
0.48154237895383356 31
0.4825745555669294 31
0.4825937489337018 31
0.48261080970416625 31
0.4826300030709387 31
0.4826470638414031 31
0.4826662572081755 31
0.4826833179786399 31
0.48270251134541237 31
0.4834147985123008 31
0.48343399187907327 31
0.48345105264953764 31
0.4834702460163101 31
0.4834873067867745 31
0.48350650015354696 31
0.48352356092401133 31
0.48354275429078375 31
0.4835598150612482 31
0.48357687583171255 31
0.48418253318319854 31
0.484201726549971 31
0.4842187873204354 31
0.48423798068720786 31
0.48425504145767223 31
0.48427423482444465 31
0.4842912955949091 31
0.4843104889616815 31
0.4843275497321459 31
0.48648360459958373 31
0.48650279796635615 31
0.4865198587368206 31
0.486539052103593 31
0.4880851844269287 31
0.48810437779370114 31
0.48812143856416557 31
0.48829417886511756 31
0.48831337223189 31
0.48833256559866245 31
0.48835175896543487 31
0.4883688197358993 31
0.48878467601596887 31
0.48880386938274134 31
0.4888209301532057 31
0.48926451018527994 31
0.4892837035520524 31
0.4893007643225168 31
0.4893178250929812 31
0.4893348858634456 31
0.48935194663390996 31
0.49261908417784145 31
0.4926382775446139 31
0.4926553383150783 31
0.4988931825161224 31
0.4989123758828949 31
0.4989315692496673 31
0.5028939331900228 31
0.5029131265567953 31
0.5029301873272597 31
0.5029472480977241 31
0.5031242535912922 31
0.5031434469580647 31
0.503160507728529 31
0.5033225850479408 31
0.5033417784147132 31
0.5033588391851777 31
0.5036104855495274 31
0.5036296789162998 31
0.5036467396867642 31
0.5059435459105334 31
0.5059627392773057 31
0.5059819326440782 31
0.5060011260108507 31
0.506018186781315 31
0.5064127170983042 31
0.5064319104650766 31
0.506451103831849 31
0.5064702971986215 31
0.5064873579690858 31
0.5068776230934589 31
0.5068968164602313 31
0.5069160098270038 31
0.5069352031937763 31
0.5069522639642406 31
0.5073425290886137 31
0.5073617224553861 31
0.5073809158221585 31
0.507400109188931 31
0.5074171699593953 31
0.5078074350837684 31
0.5078266284505408 31
0.5078458218173133 31
0.5078650151840857 31
0.5078820759545501 31
0.5095135121302078 31
0.5095327054969803 31
0.5095518988637527 31
0.5105840754768486 31
0.510603268843621 31
0.5106203296140853 31
0.5106395229808578 31
0.5106565837513222 31
0.5106757771180946 31
0.510692837888559 31
0.5107120312553315 31
0.5114243184222199 31
0.5114435117889924 31
0.5114605725594568 31
0.5114797659262292 31
0.5114968266966936 31
0.5115160200634661 31
0.5115330808339305 31
0.5115522742007029 31
0.5115693349711673 31
0.5115863957416317 31
0.5121920530931177 31
0.5122112464598901 31
0.5122283072303545 31
0.512247500597127 31
0.5122645613675914 31
0.5122837547343638 31
0.5123008155048282 31
0.5123200088716007 31
0.512337069642065 31
0.5144931245095028 31
0.5145123178762753 31
0.5145293786467396 31
0.5145485720135121 31
0.5160947043368479 31
0.5161138977036203 31
0.5161309584740847 31
0.5163036987750367 31
0.5163228921418092 31
0.5163420855085815 31
0.516361278875354 31
0.5163783396458184 31
0.516794195925888 31
0.5168133892926604 31
0.5168304500631249 31
0.5172740300951991 31
0.5172932234619716 31
0.517310284232436 31
0.5173273450029003 31
0.5173444057733647 31
0.5173614665438291 31
0.5206264714914526 31
0.5206456648582249 31
0.5206627256286894 31
0.5268579179035725 31
0.526877111270345 31
0.5268963046371175 31
0.5306731326986727 31
0.5306923260654451 31
0.5307093868359095 31
0.5307264476063739 31
0.530903453099942 31
0.5309226464667144 31
0.5309397072371789 31
0.5311017845565906 31
0.531120977923363 31
0.5311380386938274 31
0.5313896850581772 31
0.5314088784249497 31
0.531425939195414 31
0.5337227454191831 31
0.5337419387859555 31
0.533761132152728 31
0.5337803255195005 31
0.5337973862899649 31
0.534191916606954 31
0.5342111099737265 31
0.5342303033404988 31
0.5342494967072713 31
0.5342665574777357 31
0.5346568226021087 31
0.5346760159688811 31
0.5346952093356536 31
0.5347144027024261 31
0.5347314634728905 31
0.5351217285972635 31
0.5351409219640358 31
0.5351601153308083 31
0.5351793086975808 31
0.5351963694680452 31
0.5355866345924182 31
0.5356058279591907 31
0.5356250213259631 31
0.5356442146927355 31
0.5356612754632 31
0.5372927116388576 31
0.5373119050056301 31
0.5373310983724024 31
0.5383632749854983 31
0.5383824683522708 31
0.5383995291227351 31
0.5384187224895076 31
0.538435783259972 31
0.5384549766267445 31
0.5384720373972088 31
0.5384912307639813 31
0.5392035179308697 31
0.5392227112976422 31
0.5392397720681066 31
0.5392589654348791 31
0.5392760262053434 31
0.5392952195721159 31
0.5393122803425803 31
0.5393314737093527 31
0.5393485344798171 31
0.5393655952502815 31
0.5399712526017675 31
0.53999044596854 31
0.5400075067390043 31
0.5400267001057768 31
0.5400437608762412 31
0.5400629542430136 31
0.540080015013478 31
0.5400992083802505 31
0.5401162691507149 31
0.5422723240181526 31
0.5422915173849251 31
0.5423085781553895 31
0.5423277715221619 31
0.5438739038454976 31
0.5438930972122701 31
0.5439101579827345 31
0.5440828982836865 31
0.544102091650459 31
0.5441212850172313 31
0.5441404783840038 31
0.5441575391544682 31
0.5445733954345379 31
0.5445925888013102 31
0.5446096495717747 31
0.5450532296038489 31
0.5450724229706213 31
0.5450894837410858 31
0.5451065445115502 31
0.5451236052820145 31
0.5451406660524789 31
0.5484099361927185 31
0.5484291295594909 31
0.5484461903299553 31
0.5546413826048384 31
0.5546605759716109 31
0.5546797693383834 31
0.5584608625925547 31
0.5584800559593271 31
0.5584971167297915 31
0.5585141775002559 31
0.558691182993824 31
0.5587103763605964 31
0.5587274371310609 31
0.5588895144504726 31
0.558908707817245 31
0.5589257685877094 31
0.5591774149520592 31
0.5591966083188317 31
0.559213669089296 31
0.5615104753130651 31
0.5615296686798376 31
0.56154886204661 31
0.5615680554133825 31
0.5615851161838469 31
0.561979646500836 31
0.5619988398676085 31
0.5620180332343808 31
0.5620372266011533 31
0.5620542873716177 31
0.5624445524959907 31
0.5624637458627632 31
0.5624829392295356 31
0.5625021325963081 31
0.5625191933667725 31
0.5629094584911455 31
0.5629286518579178 31
0.5629478452246903 31
0.5629670385914628 31
0.5629840993619272 31
0.5633743644863002 31
0.5633935578530727 31
0.5634127512198451 31
0.5634319445866175 31
0.563449005357082 31
0.5650804415327396 31
0.5650996348995121 31
0.5651188282662845 31
0.5661510048793803 31
0.5661701982461528 31
0.5661872590166172 31
0.5662064523833896 31
0.566223513153854 31
0.5662427065206265 31
0.5662597672910908 31
0.5662789606578633 31
0.5669912478247517 31
0.5670104411915242 31
0.5670275019619886 31
0.5670466953287611 31
0.5670637560992254 31
0.5670829494659979 31
0.5671000102364623 31
0.5671192036032348 31
0.5671362643736991 31
0.5671533251441635 31
0.5677589824956495 31
0.567778175862422 31
0.5677952366328863 31
0.5678144299996588 31
0.5678314907701232 31
0.5678506841368957 31
0.56786774490736 31
0.5678869382741325 31
0.5679039990445969 31
0.5700600539120346 31
0.5700792472788071 31
0.5700963080492715 31
0.570115501416044 31
0.5716616337393796 31
0.5716808271061521 31
0.5716978878766165 31
0.5718706281775685 31
0.571889821544341 31
0.5719090149111133 31
0.5719282082778858 31
0.5719452690483502 31
0.5723611253284199 31
0.5723803186951922 31
0.5723973794656567 31
0.572840959497731 31
0.5728601528645033 31
0.5728772136349678 31
0.5728942744054322 31
0.5729113351758965 31
0.5729283959463609 31
0.5762019312792166 31
0.576221124645989 31
0.5762381854164534 31
0.5824333776913365 31
0.582452571058109 31
0.5824717644248815 31
0.5862571228716689 31
0.5862763162384413 31
0.5862933770089057 31
0.5863104377793701 31
0.5864874432729382 31
0.5865066366397107 31
0.5865236974101751 31
0.5866857747295868 31
0.5867049680963592 31
0.5867220288668237 31
0.5869736752311734 31
0.5869928685979459 31
0.5870099293684102 31
0.5893067355921794 31
0.5893259289589518 31
0.5893451223257242 31
0.5893643156924967 31
0.5893813764629611 31
0.5897759067799502 31
0.5897951001467227 31
0.5898142935134951 31
0.5898334868802675 31
0.5898505476507319 31
0.5902408127751049 31
0.5902600061418773 31
0.5902791995086498 31
0.5902983928754223 31
0.5903154536458867 31
0.5907057187702597 31
0.5907249121370322 31
0.5907441055038045 31
0.590763298870577 31
0.5907803596410414 31
0.5911706247654144 31
0.5911898181321869 31
0.5912090114989593 31
0.5912282048657317 31
0.5912452656361962 31
0.5928767018118538 31
0.5928958951786263 31
0.5929150885453988 31
0.5939472651584946 31
0.593966458525267 31
0.5939835192957313 31
0.5940027126625038 31
0.5940197734329682 31
0.5940389667997407 31
0.594056027570205 31
0.5940752209369775 31
0.5947875081038659 31
0.5948067014706384 31
0.5948237622411028 31
0.5948429556078753 31
0.5948600163783396 31
0.5948792097451121 31
0.5948962705155765 31
0.594915463882349 31
0.5949325246528133 31
0.5949495854232777 31
0.5955552427747637 31
0.5955744361415362 31
0.5955914969120005 31
0.595610690278773 31
0.5956277510492374 31
0.5956469444160098 31
0.5956640051864742 31
0.5956831985532467 31
0.5957002593237111 31
0.5978563141911488 31
0.5978755075579213 31
0.5978925683283857 31
0.5979117616951581 31
0.5994578940184939 31
0.5994770873852663 31
0.5994941481557308 31
0.5996668884566827 31
0.5996860818234552 31
0.5997052751902275 31
0.599724468557 31
0.5997415293274644 31
0.6001573856075341 31
0.6001765789743064 31
0.6001936397447709 31
0.6006372197768451 31
0.6006564131436176 31
0.600673473914082 31
0.6006905346845464 31
0.6007075954550107 31
0.6007246562254751 31
0.6040024567509469 31
0.6040216501177194 31
0.6040387108881837 31
0.6124112839935851 31
0.6124304773603576 31
0.6124496707271301 31
0.6148872283072303 31
0.6149064216740028 31
0.6156869519227488 31
0.6157061452895213 31
0.6157232060599857 31
0.6157423994267581 31
0.6157594601972225 31
0.615778653563995 31
0.6157957143344593 31
0.6158149077012318 31
0.616260620329614 31
0.6162798136963865 31
0.6162968744668509 31
0.6163160678336234 31
0.6163331286040877 31
0.6163523219708602 31
0.6163693827413246 31
0.616388576108097 31
0.6164056368785614 31
0.6164226976490258 31
0.6164418910157983 31
0.6168726754700242 31
0.6168918688367967 31
0.6169089296072611 31
0.6169259903777254 31
0.6169451837444979 31
0.6210440338485687 31
0.621063227215341 31
0.6210824205821135 31
0.6235029173917495 31
0.6235221107585218 31
0.6241533592657045 31
0.6241725526324768 31
0.6241896134029413 31
0.6242088067697137 31
0.6242258675401782 31
0.6242450609069505 31
0.6242621216774149 31
0.6242813150441874 31
0.6247270276725697 31
0.6247462210393422 31
0.6247632818098066 31
0.6247824751765789 31
0.6247995359470434 31
0.6248187293138158 31
0.6248357900842803 31
0.6248549834510526 31
0.6248720442215171 31
0.6248891049919815 31
0.6249082983587538 31
0.6252644419421981 31
0.6252836353089706 31
0.625300696079435 31
0.6253177568498993 31
0.6253369502166718 31
0.6293419660831883 31
0.6293611594499607 31
0.6293803528167332 31
0.6318349711672979 31
0.6318541645340704 31
0.6324854130412529 31
0.6325046064080254 31
0.6325216671784898 31
0.6325408605452623 31
0.6325579213157266 31
0.6325771146824991 31
0.6325941754529635 31
0.6326133688197358 31
0.6330590814481182 31
0.6330782748148907 31
0.633095335585355 31
0.6331145289521275 31
0.6331315897225919 31
0.6331507830893643 31
0.6331678438598287 31
0.6331870372266012 31
0.6332040979970656 31
0.6332211587675299 31
0.6332403521343024 31
0.6335964957177466 31
0.633615689084519 31
0.6336327498549834 31
0.6336498106254479 31
0.6336690039922203 31
0.6387339202238373 31
0.6387531135906097 31
0.6387723069573822 31
0.6413868700310505 31
0.641406063397823 31
0.6420373119050057 31
0.642056505271778 31
0.6420735660422424 31
0.6420927594090149 31
0.6421098201794793 31
0.6421290135462517 31
0.6421460743167161 31
0.6421652676834886 31
0.6426109803118709 31
0.6426301736786433 31
0.6426472344491078 31
0.6426664278158801 31
0.6426834885863446 31
0.642702681953117 31
0.6427197427235813 31
0.6427389360903538 31
0.6427559968608182 31
0.6427730576312827 31
0.642792250998055 31
0.6431483945814993 31
0.6431675879482718 31
0.6431846487187362 31
0.6432017094892005 31
0.643220902855973 31
0.6487507250827448 31
0.6487699184495171 31
0.6487891118162896 31
0.65122666939639 31
0.6512458627631624 31
0.651877111270345 31
0.6518963046371175 31
0.6519133654075818 31
0.6519325587743543 31
0.6519496195448187 31
0.651968812911591 31
0.6519858736820555 31
0.6520050670488279 31
0.6524507796772102 31
0.6524699730439827 31
0.6524870338144471 31
0.6525062271812195 31
0.6525232879516839 31
0.6525424813184564 31
0.6525595420889208 31
0.6525787354556932 31
0.6525957962261576 31
0.652612856996622 31
0.6526320503633944 31
0.6529881939468386 31
0.6530073873136111 31
0.6530244480840754 31
0.6530415088545398 31
0.6530607022213123 31
0.6590511652506227 31
0.6590703586173952 31
0.6590895519841676 31
0.6628578496604907 31
0.6628770430272631 31
0.6628941037977275 31
0.6629111645681919 31
0.66308817006176 31
0.6631073634285324 31
0.6631244241989969 31
0.6632865015184086 31
0.663305694885181 31
0.6633227556556454 31
0.6635744020199952 31
0.6635935953867677 31
0.663610656157232 31
0.6659074623810012 31
0.6659266557477735 31
0.665945849114546 31
0.6659650424813185 31
0.6659821032517829 31
0.666376633568772 31
0.6663958269355444 31
0.6664150203023168 31
0.6664342136690893 31
0.6664512744395537 31
0.6668415395639267 31
0.6668607329306991 31
0.6668799262974716 31
0.6668991196642441 31
0.6669161804347085 31
0.6673064455590815 31
0.6673256389258538 31
0.6673448322926263 31
0.6673640256593988 31
0.6673810864298632 31
0.6677713515542362 31
0.6677905449210086 31
0.6678097382877811 31
0.6678289316545535 31
0.667845992425018 31
0.6694774286006756 31
0.6694966219674481 31
0.6695158153342204 31
0.6705479919473163 31
0.6705671853140888 31
0.6705842460845531 31
0.6706034394513256 31
0.67062050022179 31
0.6706396935885625 31
0.6706567543590268 31
0.6706759477257993 31
0.6713882348926877 31
0.6714074282594602 31
0.6714244890299246 31
0.671443682396697 31
0.6714607431671614 31
0.6714799365339339 31
0.6714969973043983 31
0.6715161906711707 31
0.6715332514416351 31
0.6715503122120995 31
0.6721559695635855 31
0.672175162930358 31
0.6721922237008223 31
0.6722114170675948 31
0.6722284778380592 31
0.6722476712048316 31
0.672264731975296 31
0.6722839253420685 31
0.6723009861125329 31
0.6744570409799706 31
0.6744762343467431 31
0.6744932951172075 31
0.6745124884839799 31
0.6760586208073157 31
0.6760778141740881 31
0.6760948749445524 31
0.6762676152455045 31
0.676286808612277 31
0.6763060019790493 31
0.6763251953458218 31
0.6763422561162862 31
0.6767581123963559 31
0.6767773057631282 31
0.6767943665335927 31
0.6772379465656669 31
0.6772571399324393 31
0.6772742007029038 31
0.6772912614733682 31
0.6773083222438325 31
0.6773253830142969 31
0.6805925205582284 31
0.6806117139250009 31
0.6806287746954652 31
0.6868666188965094 31
0.6868858122632818 31
0.6869050056300543 31
0.6908673695704098 31
0.6908865629371822 31
0.6909036237076467 31
0.6909206844781111 31
0.6910976899716791 31
0.6911168833384516 31
0.6911339441089159 31
0.6912960214283277 31
0.6913152147951002 31
0.6913322755655645 31
0.6915839219299144 31
0.6916031152966868 31
0.6916201760671512 31
0.6939169822909202 31
0.6939361756576927 31
0.6939553690244652 31
0.6939745623912376 31
0.6939916231617019 31
0.6943861534786911 31
0.6944053468454635 31
0.694424540212236 31
0.6944437335790085 31
0.6944607943494728 31
0.6948510594738458 31
0.6948702528406183 31
0.6948894462073907 31
0.6949086395741632 31
0.6949257003446275 31
0.6953159654690005 31
0.695335158835773 31
0.6953543522025455 31
0.695373545569318 31
0.6953906063397823 31
0.6957808714641553 31
0.6958000648309277 31
0.6958192581977002 31
0.6958384515644727 31
0.695855512334937 31
0.6974869485105948 31
0.6975061418773671 31
0.6975253352441396 31
0.6985575118572355 31
0.6985767052240079 31
0.6985937659944723 31
0.6986129593612448 31
0.6986300201317092 31
0.6986492134984816 31
0.698666274268946 31
0.6986854676357185 31
0.6993977548026069 31
0.6994169481693794 31
0.6994340089398438 31
0.6994532023066161 31
0.6994702630770806 31
0.699489456443853 31
0.6995065172143174 31
0.6995257105810898 31
0.6995427713515542 31
0.6995598321220187 31
0.7001654894735047 31
0.700184682840277 31
0.7002017436107415 31
0.7002209369775139 31
0.7002379977479783 31
0.7002571911147507 31
0.7002742518852151 31
0.7002934452519876 31
0.7003105060224519 31
0.7024665608898898 31
0.7024857542566623 31
0.7025028150271266 31
0.7025220083938991 31
0.7040681407172348 31
0.7040873340840073 31
0.7041043948544716 31
0.7042771351554237 31
0.704296328522196 31
0.7043155218889685 31
0.704334715255741 31
0.7043517760262054 31
0.7047676323062749 31
0.7047868256730474 31
0.7048038864435118 31
0.705247466475586 31
0.7052666598423585 31
0.7052837206128229 31
0.7053007813832872 31
0.7053178421537517 31
0.7053349029242161 31
0.7085999078718395 31
0.7086191012386119 31
0.7086361620090763 31
0.7148313542839595 31
0.7148505476507319 31
0.7148697410175043 31
0.7186465690790597 31
0.718665762445832 31
0.7186828232162964 31
0.7186998839867609 31
0.7188768894803289 31
0.7188960828471014 31
0.7189131436175658 31
0.7190752209369775 31
0.71909441430375 31
0.7191114750742144 31
0.7193631214385642 31
0.7193823148053367 31
0.719399375575801 31
0.7216961817995701 31
0.7217153751663425 31
0.7217345685331149 31
0.7217537618998874 31
0.7217708226703518 31
0.7221653529873409 31
0.7221845463541133 31
0.7222037397208858 31
0.7222229330876583 31
0.7222399938581227 31
0.7226302589824957 31
0.7226494523492681 31
0.7226686457160405 31
0.722687839082813 31
0.7227048998532773 31
0.7230951649776504 31
0.7231143583444228 31
0.7231335517111953 31
0.7231527450779677 31
0.7231698058484322 31
0.7235600709728052 31
0.7235792643395775 31
0.72359845770635 31
0.7236176510731225 31
0.7236347118435869 31
0.7252661480192445 31
0.725285341386017 31
0.7253045347527894 31
0.7263367113658853 31
0.7263559047326578 31
0.7263729655031221 31
0.7263921588698946 31
0.726409219640359 31
0.7264284130071315 31
0.7264454737775958 31
0.7264646671443682 31
0.7271769543112567 31
0.7271961476780291 31
0.7272132084484936 31
0.7272324018152659 31
0.7272494625857304 31
0.7272686559525028 31
0.7272857167229672 31
0.7273049100897396 31
0.727321970860204 31
0.7273390316306685 31
0.7279446889821545 31
0.7279638823489268 31
0.7279809431193913 31
0.7280001364861637 31
0.7280171972566281 31
0.7280363906234005 31
0.7280534513938649 31
0.7280726447606374 31
0.7280897055311017 31
0.7302457603985396 31
0.7302649537653121 31
0.7302820145357765 31
0.7303012079025489 31
0.7318473402258846 31
0.7318665335926571 31
0.7318835943631214 31
0.7320563346640734 31
0.7320755280308459 31
0.7320947213976183 31
0.7321139147643908 31
0.7321309755348552 31
0.7325468318149247 31
0.7325660251816972 31
0.7325830859521616 31
0.7330266659842358 31
0.7330458593510083 31
0.7330629201214727 31
0.733079980891937 31
0.7330970416624015 31
0.7331141024328659 31
0.7363833725731054 31
0.7364025659398779 31
0.7364196267103422 31
0.7426148189852254 31
0.7426340123519978 31
0.7426532057187702 31
0.7464342989729417 31
0.746453492339714 31
0.7464705531101784 31
0.7464876138806429 31
0.7466646193742109 31
0.7466838127409834 31
0.7467008735114478 31
0.7468629508308595 31
0.746882144197632 31
0.7468992049680964 31
0.7471508513324462 31
0.7471700446992187 31
0.747187105469683 31
0.7494839116934521 31
0.7495031050602246 31
0.7495222984269969 31
0.7495414917937694 31
0.7495585525642338 31
0.7499530828812229 31
0.7499722762479953 31
0.7499914696147678 31
0.7500106629815403 31
0.7500277237520047 31
0.7504179888763777 31
0.7504371822431501 31
0.7504563756099225 31
0.750475568976695 31
0.7504926297471594 31
0.7508828948715324 31
0.7509020882383048 31
0.7509212816050773 31
0.7509404749718497 31
0.7509575357423142 31
0.7513478008666872 31
0.7513669942334595 31
0.751386187600232 31
0.7514053809670045 31
0.7514224417374689 31
0.7530538779131265 31
0.753073071279899 31
0.7530922646466714 31
0.7541244412597673 31
0.7541436346265398 31
0.7541606953970041 31
0.7541798887637766 31
0.754196949534241 31
0.7542161429010135 31
0.7542332036714778 31
0.7542523970382502 31
0.7549646842051387 31
0.7549838775719111 31
0.7550009383423756 31
0.755020131709148 31
0.7550371924796124 31
0.7550563858463848 31
0.7550734466168492 31
0.7550926399836216 31
0.755109700754086 31
0.7551267615245505 31
0.7557324188760365 31
0.7557516122428088 31
0.7557686730132733 31
0.7557878663800457 31
0.7558049271505101 31
0.7558241205172825 31
0.7558411812877469 31
0.7558603746545194 31
0.7558774354249838 31
0.7580334902924216 31
0.7580526836591941 31
0.7580697444296585 31
0.7580889377964309 31
0.7596350701197666 31
0.7596542634865391 31
0.7596713242570035 31
0.7598440645579554 31
0.7598632579247279 31
0.7598824512915003 31
0.7599016446582728 31
0.7599187054287372 31
0.7603345617088068 31
0.7603537550755792 31
0.7603708158460436 31
0.7608143958781178 31
0.7608335892448903 31
0.7608506500153547 31
0.760867710785819 31
0.7608847715562835 31
0.7609018323267479 31
0.7641753676596035 31
0.764194561026376 31
0.7642116217968403 31
0.7704068140717235 31
0.7704260074384959 31
0.7704452008052683 31
0.7742305592520559 31
0.7742497526188282 31
0.7742668133892927 31
0.7742838741597571 31
0.7744608796533251 31
0.7744800730200976 31
0.774497133790562 31
0.7746592111099737 31
0.7746784044767462 31
0.7746954652472106 31
0.7749471116115604 31
0.7749663049783329 31
0.7749833657487972 31
0.7772801719725663 31
0.7772993653393387 31
0.7773185587061112 31
0.7773377520728836 31
0.777354812843348 31
0.7777493431603372 31
0.7777685365271095 31
0.777787729893882 31
0.7778069232606545 31
0.7778239840311189 31
0.7782142491554919 31
0.7782334425222643 31
0.7782526358890367 31
0.7782718292558092 31
0.7782888900262735 31
0.7786791551506466 31
0.778698348517419 31
0.7787175418841915 31
0.778736735250964 31
0.7787537960214284 31
0.7791440611458014 31
0.7791632545125737 31
0.7791824478793462 31
0.7792016412461187 31
0.779218702016583 31
0.7808501381922408 31
0.7808693315590132 31
0.7808885249257856 31
0.7819207015388815 31
0.781939894905654 31
0.7819569556761183 31
0.7819761490428908 31
0.7819932098133552 31
0.7820124031801277 31
0.782029463950592 31
0.7820486573173645 31
0.7827609444842529 31
0.7827801378510254 31
0.7827971986214898 31
0.7828163919882621 31
0.7828334527587266 31
0.782852646125499 31
0.7828697068959635 31
0.7828889002627358 31
0.7829059610332002 31
0.7829230218036647 31
0.7835286791551507 31
0.783547872521923 31
0.7835649332923875 31
0.7835841266591599 31
0.7836011874296244 31
0.7836203807963967 31
0.7836374415668612 31
0.7836566349336336 31
0.783673695704098 31
0.7858297505715358 31
0.7858489439383083 31
0.7858660047087727 31
0.7858851980755451 31
0.7874313303988808 31
0.7874505237656533 31
0.7874675845361176 31
0.7876403248370697 31
0.7876595182038421 31
0.7876787115706145 31
0.787697904937387 31
0.7877149657078514 31
0.788130821987921 31
0.7881500153546934 31
0.7881670761251578 31
0.788610656157232 31
0.7886298495240045 31
0.7886469102944689 31
0.7886639710649332 31
0.7886810318353977 31
0.7886980926058621 31
0.7919758931313338 31
0.7919950864981062 31
0.7920121472685706 31
0.800250366806565 31
0.8002695601733374 31
0.8002887535401099 31
0.8027774934316033 31
0.8027966867983758 31
0.8035772170471218 31
0.8035964104138943 31
0.8036134711843587 31
0.8036326645511311 31
0.8036497253215955 31
0.803668918688368 31
0.8036859794588324 31
0.8037051728256048 31
0.804150885453987 31
0.8041700788207595 31
0.8041871395912239 31
0.8042063329579964 31
0.8042233937284607 31
0.8042425870952332 31
0.8042596478656976 31
0.8042788412324701 31
0.8042959020029344 31
0.8043129627733988 31
0.8043321561401713 31
0.8047629405943972 31
0.8047821339611697 31
0.8047991947316341 31
0.8048162555020985 31
0.8048354488688709 31
0.8100091275121984 31
0.8100283208789709 31
0.8100475142457433 31
0.8124680110553792 31
0.8124872044221517 31
0.8131184529293343 31
0.8131376462961067 31
0.8131547070665711 31
0.8131739004333436 31
0.813190961203808 31
0.8132101545705804 31
0.8132272153410448 31
0.8132464087078173 31
0.8136921213361995 31
0.813711314702972 31
0.8137283754734363 31
0.8137475688402088 31
0.8137646296106732 31
0.8137838229774457 31
0.81380088374791 31
0.8138200771146825 31
0.8138371378851469 31
0.8138541986556113 31
0.8138733920223837 31
0.814229535605828 31
0.8142487289726004 31
0.8142657897430648 31
0.8142828505135292 31
0.8143020438803016 31
0.8183070597468182 31
0.8183262531135906 31
0.818345446480363 31
0.8207488825195346 31
0.8207680758863071 31
0.8213993243934896 31
0.8214185177602621 31
0.8214355785307265 31
0.8214547718974989 31
0.8214718326679633 31
0.8214910260347358 31
0.8215080868052002 31
0.8215272801719725 31
0.8219729928003549 31
0.8219921861671273 31
0.8220092469375917 31
0.8220284403043642 31
0.8220455010748285 31
0.822064694441601 31
0.8220817552120654 31
0.8221009485788379 31
0.8221180093493022 31
0.8221350701197666 31
0.8221542634865391 31
0.8225104070699832 31
0.8225296004367557 31
0.8225466612072201 31
0.8225637219776845 31
0.8225829153444569 31
0.8265730030368171 31
0.8265921964035896 31
0.8266113897703621 31
0.8291747705326372 31
0.8291939638994097 31
0.8298252124065922 31
0.8298444057733647 31
0.8298614665438291 31
0.8298806599106016 31
0.8298977206810659 31
0.8299169140478384 31
0.8299339748183028 31
0.8299531681850753 31
0.8303988808134576 31
0.83041807418023 31
0.8304351349506943 31
0.8304543283174668 31
0.8304713890879312 31
0.8304905824547036 31
0.830507643225168 31
0.8305268365919405 31
0.8305438973624049 31
0.8305609581328692 31
0.8305801514996417 31
0.830936295083086 31
0.8309554884498584 31
0.8309725492203228 31
0.8309896099907872 31
0.8310088033575597 31
0.8354637970450746 31
0.835482990411847 31
0.8355021837786194 31
0.8379397413587197 31
0.8379589347254922 31
0.8385901832326748 31
0.8386093765994472 31
0.8386264373699116 31
0.8386456307366841 31
0.8386626915071485 31
0.8386818848739209 31
0.8386989456443853 31
0.8387181390111578 31
0.83916385163954 31
0.8391830450063125 31
0.8392001057767768 31
0.8392192991435493 31
0.8392363599140137 31
0.8392555532807862 31
0.8392726140512505 31
0.839291807418023 31
0.8393088681884874 31
0.8393259289589518 31
0.8393451223257242 31
0.8397012659091685 31
0.8397204592759409 31
0.8397375200464053 31
0.8397545808168697 31
0.8397737741836422 31
0.8457642372129526 31
0.8457834305797249 31
0.8458026239464974 31
0.8495709216228204 31
0.8495901149895929 31
0.8496071757600573 31
0.8496242365305218 31
0.8498012420240898 31
0.8498204353908623 31
0.8498374961613266 31
0.8499995734807384 31
0.8500187668475109 31
0.8500358276179752 31
0.8502874739823251 31
0.8503066673490974 31
0.8503237281195619 31
0.852620534343331 31
0.8526397277101034 31
0.8526589210768758 31
0.8526781144436483 31
0.8526951752141126 31
0.8530897055311017 31
0.8531088988978742 31
0.8531280922646467 31
0.8531472856314191 31
0.8531643464018835 31
0.8535546115262566 31
0.8535738048930289 31
0.8535929982598014 31
0.8536121916265739 31
0.8536292523970382 31
0.8540195175214113 31
0.8540387108881837 31
0.8540579042549562 31
0.8540770976217286 31
0.8540941583921929 31
0.8544844235165661 31
0.8545036168833384 31
0.8545228102501109 31
0.8545420036168834 31
0.8545590643873477 31
0.8561905005630054 31
0.8562096939297779 31
0.8562288872965503 31
0.8572610639096462 31
0.8572802572764187 31
0.857297318046883 31
0.8573165114136554 31
0.8573335721841199 31
0.8573527655508922 31
0.8573698263213567 31
0.8573890196881291 31
0.8581013068550176 31
0.85812050022179 31
0.8581375609922544 31
0.8581567543590268 31
0.8581738151294912 31
0.8581930084962637 31
0.858210069266728 31
0.8582292626335005 31
0.8582463234039649 31
0.8582633841744293 31
0.8588690415259153 31
0.8588882348926877 31
0.8589052956631521 31
0.8589244890299246 31
0.858941549800389 31
0.8589607431671614 31
0.8589778039376258 31
0.8589969973043983 31
0.8590140580748626 31
0.8611701129423005 31
0.8611893063090729 31
0.8612063670795373 31
0.8612255604463097 31
0.8627716927696455 31
0.862790886136418 31
0.8628079469068823 31
0.8629806872078343 31
0.8629998805746067 31
0.8630190739413792 31
0.8630382673081516 31
0.8630553280786161 31
0.8634711843586856 31
0.8634903777254581 31
0.8635074384959225 31
0.8639510185279967 31
0.8639702118947692 31
0.8639872726652336 31
0.8640043334356979 31
0.8640213942061623 31
0.8640384549766268 31
0.8673055925205583 31
0.8673247858873306 31
0.867341846657795 31
0.8735796908588391 31
0.8735988842256116 31
0.8736180775923841 31
0.8775804415327396 31
0.8775996348995121 31
0.8776166956699765 31
0.8776337564404408 31
0.877810761934009 31
0.8778299553007813 31
0.8778470160712458 31
0.8780090933906575 31
0.8780282867574299 31
0.8780453475278943 31
0.8782969938922441 31
0.8783161872590166 31
0.878333248029481 31
0.88063005425325 31
0.8806492476200225 31
0.880668440986795 31
0.8806876343535675 31
0.8807046951240318 31
0.8810992254410209 31
0.8811184188077934 31
0.8811376121745658 31
0.8811568055413382 31
0.8811738663118026 31
0.8815641314361756 31
0.8815833248029481 31
0.8816025181697206 31
0.8816217115364929 31
0.8816387723069574 31
0.8820290374313304 31
0.8820482307981028 31
0.8820674241648753 31
0.8820866175316477 31
0.8821036783021121 31
0.8824939434264851 31
0.8825131367932576 31
0.8825323301600301 31
0.8825515235268024 31
0.8825685842972668 31
0.8842000204729246 31
0.884219213839697 31
0.8842384072064694 31
0.8852705838195652 31
0.8852897771863377 31
0.8853068379568021 31
0.8853260313235746 31
0.8853430920940389 31
0.8853622854608114 31
0.8853793462312758 31
0.8853985395980483 31
0.8861108267649367 31
0.8861300201317092 31
0.8861470809021735 31
0.886166274268946 31
0.8861833350394104 31
0.8862025284061829 31
0.8862195891766472 31
0.8862387825434197 31
0.8862558433138841 31
0.8862729040843484 31
0.8868785614358344 31
0.8868977548026069 31
0.8869148155730713 31
0.8869340089398438 31
0.8869510697103081 31
0.8869702630770806 31
0.886987323847545 31
0.8870065172143174 31
0.8870235779847818 31
0.8891796328522196 31
0.889198826218992 31
0.8892158869894564 31
0.8892350803562289 31
0.8907812126795646 31
0.890800406046337 31
0.8908174668168014 31
0.8909902071177535 31
0.8910094004845259 31
0.8910285938512983 31
0.8910477872180708 31
0.8910648479885351 31
0.8914807042686048 31
0.8914998976353772 31
0.8915169584058416 31
0.8919605384379159 31
0.8919797318046883 31
0.8919967925751527 31
0.8920138533456171 31
0.8920309141160815 31
0.8920479748865459 31
0.8953129798341694 31
0.8953321732009417 31
0.8953492339714062 31
0.9015444262462893 31
0.9015636196130618 31
0.9015828129798341 31
0.9053596410413894 31
0.9053788344081619 31
0.9053958951786263 31
0.9054129559490907 31
0.9055899614426588 31
0.9056091548094312 31
0.9056262155798955 31
0.9057882928993073 31
0.9058074862660798 31
0.9058245470365441 31
0.906076193400894 31
0.9060953867676664 31
0.9061124475381308 31
0.9084092537618998 31
0.9084284471286723 31
0.9084476404954448 31
0.9084668338622173 31
0.9084838946326816 31
0.9088784249496707 31
0.9088976183164432 31
0.9089168116832156 31
0.9089360050499881 31
0.9089530658204524 31
0.9093433309448254 31
0.9093625243115979 31
0.9093817176783704 31
0.9094009110451428 31
0.9094179718156072 31
0.9098082369399803 31
0.9098274303067526 31
0.9098466236735251 31
0.9098658170402976 31
0.9098828778107619 31
0.910273142935135 31
0.9102923363019074 31
0.9103115296686798 31
0.9103307230354523 31
0.9103477838059166 31
0.9119792199815744 31
0.9119984133483469 31
0.9120176067151192 31
0.9130497833282151 31
0.9130689766949875 31
0.9130860374654519 31
0.9131052308322244 31
0.9131222916026888 31
0.9131414849694612 31
0.9131585457399256 31
0.9131777391066981 31
0.9138900262735865 31
0.913909219640359 31
0.9139262804108234 31
0.9139454737775958 31
0.9139625345480602 31
0.9139817279148327 31
0.913998788685297 31
0.9140179820520695 31
0.9140350428225339 31
0.9140521035929983 31
0.9146577609444843 31
0.9146769543112567 31
0.9146940150817211 31
0.9147132084484936 31
0.914730269218958 31
0.9147494625857304 31
0.9147665233561948 31
0.9147857167229672 31
0.9148027774934316 31
0.9169588323608694 31
0.9169780257276419 31
0.9169950864981062 31
0.9170142798648787 31
0.9185604121882144 31
0.9185796055549869 31
0.9185966663254512 31
0.9187694066264033 31
0.9187885999931756 31
0.9188077933599481 31
0.9188269867267206 31
0.918844047497185 31
0.9192599037772545 31
0.919279097144027 31
0.9192961579144914 31
0.9197397379465657 31
0.9197589313133381 31
0.9197759920838025 31
0.9197930528542669 31
0.9198101136247313 31
0.9198271743951957 31
0.9230964445354353 31
0.9231156379022076 31
0.923132698672672 31
0.9293278909475552 31
0.9293470843143277 31
0.9293662776811 31
0.9331473709352714 31
0.9331665643020439 31
0.9331836250725083 31
0.9332006858429727 31
0.9333776913365408 31
0.9333968847033132 31
0.9334139454737777 31
0.9335760227931893 31
0.9335952161599618 31
0.9336122769304261 31
0.933863923294776 31
0.9338831166615484 31
0.9339001774320128 31
0.9361969836557819 31
0.9362161770225543 31
0.9362353703893268 31
0.9362545637560993 31
0.9362716245265637 31
0.9366661548435528 31
0.9366853482103252 31
0.9367045415770976 31
0.9367237349438701 31
0.9367407957143344 31
0.9371310608387075 31
0.9371502542054799 31
0.9371694475722524 31
0.9371886409390248 31
0.9372057017094892 31
0.9375959668338623 31
0.9376151602006346 31
0.9376343535674071 31
0.9376535469341796 31
0.9376706077046439 31
0.938060872829017 31
0.9380800661957894 31
0.9380992595625618 31
0.9381184529293343 31
0.9381355136997986 31
0.9397669498754564 31
0.9397861432422289 31
0.9398053366090012 31
0.9408375132220971 31
0.9408567065888696 31
0.9408737673593339 31
0.9408929607261064 31
0.9409100214965708 31
0.9409292148633432 31
0.9409462756338076 31
0.9409654690005801 31
0.9416777561674685 31
0.941696949534241 31
0.9417140103047054 31
0.9417332036714778 31
0.9417502644419422 31
0.9417694578087147 31
0.941786518579179 31
0.9418057119459515 31
0.9418227727164159 31
0.9418398334868803 31
0.9424454908383663 31
0.9424646842051387 31
0.9424817449756031 31
0.9425009383423756 31
0.94251799911284 31
0.9425371924796124 31
0.9425542532500768 31
0.9425734466168492 31
0.9425905073873136 31
0.9447465622547514 31
0.9447657556215239 31
0.9447828163919882 31
0.9448020097587607 31
0.9463481420820964 31
0.9463673354488689 31
0.9463843962193332 31
0.9465571365202853 31
0.9465763298870578 31
0.9465955232538301 31
0.9466147166206026 31
0.946631777391067 31
0.9470476336711365 31
0.947066827037909 31
0.9470838878083734 31
0.9475274678404477 31
0.9475466612072201 31
0.9475637219776845 31
0.9475807827481489 31
0.9475978435186133 31
0.9476149042890777 31
0.9508884396219334 31
0.9509076329887057 31
0.9509246937591702 31
0.9592908690756474 31
0.9593100624424199 31
0.9593292558091924 31
0.9618009349302215 31
0.9618201282969939 31
0.96260065854574 31
0.9626198519125123 31
0.9626369126829768 31
0.9626561060497492 31
0.9626731668202136 31
0.962692360186986 31
0.9627094209574505 31
0.9627286143242229 31
0.9631743269526052 31
0.9631935203193777 31
0.963210581089842 31
0.9632297744566145 31
0.9632468352270789 31
0.9632660285938514 31
0.9632830893643157 31
0.9633022827310881 31
0.9633193435015526 31
0.9633364042720169 31
0.9633555976387894 31
0.9637863820930154 31
0.9638055754597877 31
0.9638226362302521 31
0.9638396970007166 31
0.963858890367489 31
0.9690176408366602 31
0.9690368342034327 31
0.969056027570205 31
0.9715106459207697 31
0.9715298392875422 31
0.9721610877947248 31
0.9721802811614972 31
0.9721973419319616 31
0.9722165352987341 31
0.9722335960691985 31
0.9722527894359709 31
0.9722698502064353 31
0.9722890435732078 31
0.9727347562015901 31
0.9727539495683625 31
0.9727710103388268 31
0.9727902037055993 31
0.9728072644760637 31
0.9728264578428362 31
0.9728435186133005 31
0.972862711980073 31
0.9728797727505374 31
0.9728968335210018 31
0.9729160268877742 31
0.9732721704712185 31
0.973291363837991 31
0.9733084246084553 31
0.9733254853789197 31
0.9733446787456922 31
0.9784095949773092 31
0.9784287883440816 31
0.978447981710854 31
0.9810625447845225 31
0.981081738151295 31
0.9817129866584775 31
0.98173218002525 31
0.9817492407957144 31
0.9817684341624868 31
0.9817854949329512 31
0.9818046882997236 31
0.981821749070188 31
0.9818409424369604 31
0.9822866550653427 31
0.9823058484321152 31
0.9823229092025796 31
0.9823421025693521 31
0.9823591633398164 31
0.9823783567065889 31
0.9823954174770533 31
0.9824146108438258 31
0.9824316716142901 31
0.9824487323847545 31
0.982467925751527 31
0.9828240693349711 31
0.9828432627017436 31
0.982860323472208 31
0.9828773842426723 31
0.9828965776094448 31
0.9884263998362166 31
0.9884455932029891 31
0.9884647865697614 31
0.9909023441498618 31
0.9909215375166343 31
0.9915527860238168 31
0.9915719793905893 31
0.9915890401610536 31
0.9916082335278261 31
0.9916252942982905 31
0.991644487665063 31
0.9916615484355273 31
0.9916807418022998 31
0.992126454430682 31
0.9921456477974545 31
0.9921627085679189 31
0.9921819019346914 31
0.9921989627051557 31
0.9922181560719282 31
0.9922352168423926 31
0.992254410209165 31
0.9922714709796294 31
0.9922885317500938 31
0.9923077251168663 31
0.9926638687003105 31
0.9926830620670829 31
0.9927001228375474 31
0.9927171836080118 31
0.9927363769747842 31
