0.00029429829051079946 1
0.000400928105913263 2
0.0005011601323915788 3
0.0006013921588698945 4
0.0007016241853482103 5
0.000801856211826526 6
0.0009020882383048419 7
0.0010087180537073053 8
0.0011089500801856212 9
0.0012091821066639368 10
0.0013094141331422527 11
0.0014096461596205684 12
0.001516275975023032 13
0.0020408946668031528 14
0.002168850445286109 15
0.004723700822329136 15
0.0048303306377316 16
0.004936960453134064 17
0.005043590268536527 17
0.005143822295014843 18
0.0052504521104173064 19
0.00535708192581977 19
0.005457313952298086 20
0.005557545978776402 21
0.005685501757259358 21
0.005813457535742314 22
0.009481523185587062 22
0.009581755212065377 22
0.011669566997645613 22
0.011812450950284915 22
0.011955334902924216 22
0.012098218855563517 23
0.014211621796840346 23
0.014345975364247449 23
0.014488859316886751 23
0.016559610332002594 23
0.01665984235848091 23
0.016760074384959224 23
0.016902958337598525 23
0.019901388746715803 23
0.022678029139795955 24
0.022784658955198416 24
0.02288489098167673 24
0.02298512300815505 25
0.02309175282355751 25
0.02319198485003583 26
0.023292216876514144 26
0.02339244890299246 26
0.023492680929470777 27
0.023635564882110077 28
0.025889719179718156 28
0.02599634899512062 28
0.026096581021598935 28
0.02619681304807725 28
0.026297045074555568 28
0.02640367488995803 28
0.026503906916436348 28
0.026604138942914662 28
0.026704370969392977 29
0.026811000784795442 29
0.026938956563278396 30
0.027066912341761354 30
0.029344525198757975 30
0.029444757225236293 30
0.029544989251714608 30
0.03173090046746511 30
0.031822602108711226 31
0.03195695567611833 31
0.03208491145460129 31
0.03221926502200839 31
0.03234722080049135 32
0.03247517657897431 32
0.032603132357457265 32
0.0348508888661412 32
0.034978844644624155 32
0.03511319821203125 32
0.03524115399051421 32
0.03536910976899717 32
0.035497065547480125 32
0.03562502132596308 32
0.037836523697410175 32
0.03793675572388849 32
0.038036987750366805 32
0.03813721977684512 32
0.03824384959224759 32
0.0383440816187259 32
0.03847203739720886 32
0.040711263520660596 32
0.0408456170880677 33
0.04093731872931382 33
0.041297727505374145 33
0.04186499812331525 33
0.04199935169072235 34
0.042133705258129456 34
0.04226805882553656 34
0.042410942778175864 34
0.04255382673081516 34
0.04270310847237861 35
0.04285239021394206 36
0.04300167195550551 37
0.04853362677858532 37
0.04864025659398778 37
0.0487404886204661 38
0.048847118435868565 38
0.04894735046234688 38
0.049075306240829834 38
0.05147021189476917 39
0.05159816767325212 39
0.051704797488654586 39
0.05181142730405705 39
0.05418287439860784 39
0.054317227966014944 39
0.0544451837444979 39
0.05457313952298086 39
0.054707493090387964 39
0.05706187941447436 39
0.057336984338212715 39
0.05744361415361518 39
0.05996860818234551 40
0.06422953560582796 40
0.06460913774866073 41
0.06475841949022418 41
0.06490983382809568 41
0.0651145630736684 41
0.0654131265567953 41
0.06599532534889276 41
0.06887006517214317 42
0.06901934691370662 42
0.06916862865527007 42
0.06931151260790937 42
0.06946292694578086 42
0.06966765619135361 43
0.07015388814958884 43
0.07296465008359777 44
0.07311393182516122 45
0.07326321356672467 45
0.07340609751936397 46
0.07354898147200327 47
0.07369826321356672 47
0.07384754495513017 47
0.07399682669669362 48
0.07674787593407718 48
0.08177440543214931 48
0.08190236121063227 48
0.08203031698911523 48
0.08215827276759818 48
0.08753668065649844 48
0.08767956460913774 48
0.08782884635070119 48
0.08797812809226464 48
0.08812101204490395 48
0.08825536561231105 48
0.08839824956495035 49
0.0946894086736957 49
0.09482376224110281 49
0.09495171801958577 49
0.09507967379806873 49
0.09520762957655168 49
0.09533558535503463 49
0.09546993892244174 49
0.09849609308356365 49
0.09863044665097076 49
0.19255851844269287 50
0.19977309175282357 51
0.20737793018732725 52
0.20748669259903776 53
0.20759545501074828 54
0.2077042174224588 55
0.20886648241034564 56
0.20916078070085645 57
0.2094230900467465 58
0.20968539939263658 59
0.21011191865424642 60
0.21042541031152967 61
0.21083486880267513 61
0.21124859248643668 62
0.2133747910055618 62
0.214594636093766 62
0.2183693315590132 62
0.21911147507421436 62
0.22029293342887366 62
0.22096043607329308 62
0.22183053536697717 62
0.22549433582420583 62
0.22892355068754905 62
0.2324231412290579 62
0.23563696386528815 62
0.23893822295014844 62
0.24139284130071315 62
0.2438325314771215 62
0.24623596751629304 62
0.25406259596683384 62
0.26050730200975875 62
0.2622816221380558 62
0.2634844064557955 62
0.2656511243047736 62
0.2672654997099669 62
0.26899077012317874 62
0.27083546592964136 62
0.27194654860613504 62
0.27306402907155286 62
0.2741815095369707 62
0.2831810659569386 62
0.28381871225304534 62
0.28448834749377283 62
0.2876339270481455 63
0.2889753301259085 63
0.2943814617668134 63
0.30286706247654144 63
0.3037904766779268 63
0.30487596819872387 63
0.3056714266216262 63
0.3065841778414713 63
0.3125490497150851 63
0.31318669601119187 63
0.31385633125191936 63
0.317650220083939 63
0.32241657283242914 63
0.3308744497901525 63
0.3317978639915379 63
0.33288335551233494 63
0.3336788139352373 63
0.3345915651550824 63
0.34032398403111885 63
0.3409616303272256 63
0.34163126556795304 63
0.3454294195925888 63
0.3501957723410789 63
0.35865791449141843 63
0.3595813286928038 63
0.36066682021360086 63
0.3614622786365032 63
0.3623750298563483 63
0.36810744873238477 63
0.3687450950284915 63
0.36941473026921895 63
0.37321714948647083 63
0.3779835022349609 63
0.38644990957791653 63
0.3873733237793019 63
0.38845881530009896 63
0.3892542737230013 63
0.39016702494284644 63
0.39589944381888287 63
0.3965370901149896 63
0.39720672535571705 63
0.401013409765585 63
0.40577976251407516 63
0.4142504350496468 63
0.4151738492510322 63
0.41625934077182924 63
0.41705479919473165 63
0.4179675504145767 63
0.47251723137816903 63
0.4731548776742758 63
0.4738245129150032 63
0.4776141365544068 63
0.4823804893028969 63
0.4908404988569284 63
0.49176391305831374 63
0.4928494045791108 63
0.49364486300201316 63
0.49455761422185823 63
0.5005224860954721 63
0.5011601323915787 63
0.5018297676323062 63
0.5056236564643259 63
0.5103900092128161 63
0.5188478861705395 63
0.5197713003719248 63
0.5208567918927218 63
0.5216522503156242 63
0.5225650015354694 63
0.5282974204115057 63
0.5289350667076125 63
0.52960470194834 63
0.5334028559729758 63
0.5381692087214659 63
0.5466313508718054 63
0.5475547650731907 63
0.5486402565939877 63
0.5494357150168901 63
0.5503484662367353 63
0.5560808851127717 63
0.5567185314088784 63
0.5573881666496059 63
0.5611905858668578 63
0.5659569386153479 63
0.5744233459583035 63
0.5753467601596888 63
0.5764322516804858 63
0.5772277101033882 63
0.5781404613232334 63
0.5838728801992698 63
0.5845105264953765 63
0.585180161736104 63
0.588986846145972 63
0.5937531988944621 63
0.6022238714300338 63
0.6031472856314191 63
0.6042327771522162 63
0.6050282355751185 63
0.6059409867949637 63
0.660490667758556 63
0.6611283140546627 63
0.6617979492953902 63
0.6655875729347938 63
0.6703539256832839 63
0.6788139352373154 63
0.6797373494387007 63
0.6808228409594977 63
0.6816182993824002 63
0.6825310506022452 63
0.688495922475859 63
0.6891335687719657 63
0.6898032040126932 63
0.6935970928447128 63
0.698363445593203 63
0.7068213225509264 63
0.7077447367523118 63
0.7088302282731088 63
0.7096256866960112 63
0.7105384379158562 63
0.7162708567918927 63
0.7169085030879995 63
0.717578138328727 63
0.7213762923533626 63
0.7261426451018528 63
0.7346047872521924 63
0.7355282014535777 63
0.7366136929743747 63
0.7374091513972771 63
0.7383219026171222 63
0.7440543214931586 63
0.7446919677892654 63
0.7453616030299929 63
0.7491640222472447 63
0.7539303749957348 63
0.7623967823386905 63
0.7633201965400758 63
0.7644056880608728 63
0.7652011464837752 63
0.7661138977036203 63
0.7718463165796567 63
0.7724839628757635 63
0.773153598116491 63
0.7769602825263588 63
0.781726635274849 63
0.7901973078104207 63
0.791120722011806 63
0.7922062135326031 63
0.7930016719555055 63
0.7939144231753505 63
0.8472037397208858 63
0.8478413860169925 63
0.84851102125772 63
0.8523006448971235 63
0.8570669976456137 63
0.8655270071996451 63
0.8664504214010305 63
0.8675359129218275 63
0.8683313713447299 63
0.8692441225645751 63
0.8752089944381888 63
0.8758466407342955 63
0.876516275975023 63
0.8803101648070427 63
0.8850765175555328 63
0.8935343945132562 63
0.8944578087146415 63
0.8955433002354386 63
0.896338758658341 63
0.8972515098781861 63
0.9029839287542225 63
0.9036215750503293 63
0.9042912102910567 63
0.9080893643156925 63
0.9128557170641827 63
0.9213178592145221 63
0.9222412734159074 63
0.9233267649367045 63
0.9241222233596069 63
0.925034974579452 63
0.9307673934554884 63
0.9314050397515952 63
0.9320746749923227 63
0.9358770942095745 63
0.9406434469580647 63
0.9491098543010202 63
0.9500332685024055 63
0.9511187600232026 63
0.951914218446105 63
0.9528269696659502 63
