0.29009067799501825 0
0.2905598491827891 0
0.29102475517794385 0
0.2914896611730986 0
0.2919545671682533 0
0.3004764220152182 0
0.3181449824274064 0
0.31861415361517725 0
0.319079059610332 0
0.31954396560548676 0
0.3200088716006415 0
0.3285115330808339 0
0.34592418193605623 0
0.3463933531238271 0
0.3468582591189818 0
0.3473231651141366 0
0.3477880711092913 0
0.35629073258948374 0
0.37371191182993824 0
0.3741810830177091 0
0.37464598901286383 0
0.3751108950080186 0
0.3755758010031733 0
0.38407846248336575 0
0.40150817210905243 0
0.4019773432968233 0
0.402442249291978 0
0.4029071552871328 0
0.40337206128228753 0
0.41187472276247994 0
0.4781088988978742 0
0.47857807008564507 0
0.4790429760807998 0
0.4795078820759546 0
0.47997278807110927 0
0.48847544955130173 0
0.5061184188077934 0
0.5065875899955642 0
0.5070524959907189 0
0.5075174019858737 0
0.5079823079810284 0
0.5164849694612209 0
0.5338976183164432 0
0.534366789504214 0
0.5348316954993687 0
0.5352966014945235 0
0.5357615074896782 0
0.5442641689698707 0
0.5616853482103252 0
0.562154519398096 0
0.5626194253932507 0
0.5630843313884055 0
0.5635492373835602 0
0.5720518988637527 0
0.5894816084894394 0
0.5899507796772102 0
0.5904156856723649 0
0.5908805916675197 0
0.5913454976626744 0
0.5998481591428669 0
0.6660823352782612 0
0.666551506466032 0
0.6670164124611867 0
0.6674813184563415 0
0.6679462244514962 0
0.6764488859316887 0
0.6940918551881803 0
0.6945610263759512 0
0.6950259323711059 0
0.6954908383662606 0
0.6959557443614154 0
0.7044584058416078 0
0.7218710546968301 0
0.7223402258846009 0
0.7228051318797557 0
0.7232700378749104 0
0.7237349438700652 0
0.7322376053502576 0
0.7496587845907121 0
0.7501279557784829 0
0.7505928617736377 0
0.7510577677687924 0
0.7515226737639472 0
0.7600253352441396 0
0.7774550448698263 0
0.7779242160575972 0
0.7783891220527519 0
0.7788540280479066 0
0.7793189340430614 0
0.7878215955232538 0
0.852795407240591 0
0.8532645784283618 0
0.8537294844235166 0
0.8541943904186713 0
0.8546592964138261 0
0.8631619578940185 0
0.8808049271505101 0
0.881274098338281 0
0.8817390043334357 0
0.8822039103285905 0
0.8826688163237452 0
0.8911714778039376 0
0.9085841266591599 0
0.9090532978469308 0
0.9095182038420855 0
0.9099831098372403 0
0.910448015832395 0
0.9189506773125874 0
0.9363718565530419 0
0.9368410277408128 0
0.9373059337359675 0
0.9377708397311223 0
0.938235745726277 0
0.9467384072064694 0
