0.14568191899546185 0
0.14569471457331012 0
0.14937984099361928 0
0.14940969734193196 0
0.14942249291978027 0
0.14943528849762855 0
0.14944808407547686 0
0.14946087965332513 0
0.16033498822806838 0
0.1603477838059167 0
0.16036057938376497 0
0.16037337496161327 0
0.16038617053946155 0
0.16039896611730986 0
0.16041176169515817 0
0.16042455727300645 0
0.16043735285085475 0
0.16045014842870303 0
0.16195362882587777 0
0.16196642440372608 0
0.16197921998157436 0
0.16199201555942266 0
0.16200481113727097 0
0.16201760671511925 0
0.16203040229296756 0
0.16204319787081584 0
0.16205599344866414 0
0.16206878902651245 0
0.16208158460436073 0
0.16209438018220904 0
0.16449355102876445 0
0.16450634660661276 0
0.16451914218446104 0
0.16453193776230934 0
0.16454473334015765 0
0.16455752891800593 0
0.16457032449585424 0
0.16458312007370252 0
0.16459591565155082 0
0.16460871122939913 0
0.1646215068072474 0
0.16463430238509572 0
0.164647097962944 0
0.1646598935407923 0
0.16675623571160472 0
0.16677329648206912 0
0.16678609205991743 0
0.1667988876377657 0
0.16681168321561402 0
0.16682447879346232 0
0.1668372743713106 0
0.1668500699491589 0
0.1668628655270072 0
0.1668756611048555 0
0.1668884566827038 0
0.16890802538642646 0
0.16892082096427474 0
0.16893361654212305 0
0.16894641211997133 0
0.16895920769781964 0
0.16897200327566794 0
0.16898479885351622 0
0.16899759443136453 0
0.1690103900092128 0
0.16902318558706111 0
0.1690359811649094 0
0.1690487767427577 0
0.1742245879823933 0
0.17425444433070597 0
0.17426723990855428 0
0.17517572593578326 0
0.17518852151363157 0
0.17695857644931245 0
0.17698843279762513 0
0.17700122837547344 0
0.17701402395332172 0
0.17788412324700584 0
0.17789691882485412 0
0.17790971440270242 0
0.17792250998055073 0
0.18103610059030265 0
0.18104889616815095 0
0.18562758044153274 0
0.18564464121199714 0
0.19520293786467396 0
0.19523279421298667 0
0.19524558979083495 0
0.19525838536868326 0
0.19527118094653154 0
0.19528397652437984 0
0.19889019688129117 0
0.19892005322960385 0
0.19893284880745216 0
0.19894564438530044 0
