0.3035793496434299 0
0.304534752789436 0
0.331586736957041 0
0.33254214010304706 0
0.3593702016583069 0
0.36032560480431297 0
0.387162196744805 0
0.38811759989081107 0
0.4149627222165353 0
0.41591812536254136 0
0.49155278602381686 0
0.4925081891698229 0
0.5195601733374279 0
0.5205155764834339 0
0.5473436380386938 0
0.5482990411846999 0
0.5751356331251919 0
0.576091036271198 0
0.6029361585969223 0
0.6038915617429284 0
0.6795262224042038 0
0.6804816255502099 0
0.7075336097178149 0
0.7084890128638209 0
0.7353170744190808 0
0.7362724775650868 0
0.7631090695055789 0
0.764064472651585 0
0.7909095949773092 0
0.7918649981233152 0
0.8662392943665336 0
0.8671946975125396 0
0.8942466816801447 0
0.8952020848261507 0
0.9220301463814106 0
0.9229855495274166 0
0.9498221414679087 0
0.9507775446139147 0
