0.2651414337871498 1
0.2768046029958713 2
0.27690270242604154 2
0.27694748694851057 3
0.27699227147097966 4
0.2770370559934487 5
0.27708823830484186 6
0.2771330228273109 7
0.2780948237622411 7
0.2781396082847101 7
0.27818439280717916 7
0.2782291773296482 7
0.27829955300781384 7
0.27834433753028287 7
0.2810420718599652 7
0.3044195925888013 7
0.31030769099532535 7
0.3324269799024124 7
0.33827242638277544 7
0.3602104446036783 7
0.36605589108404135 7
0.3880024396901764 7
0.39384788617053945 7
0.41580296516190673 7
0.42074419080765685 7
0.42078897533012594 7
0.42083375985259497 7
0.4209020029344525 8
0.4209702460163101 9
0.42101503053877914 9
0.4210598150612482 9
0.4211280581431057 9
0.42117284266557475 9
0.42178489780598494 9
0.4218872624287713 9
0.4219320469512403 9
0.42197683147370935 9
0.4220280137851025 9
0.4220791960964957 9
0.4221239806189648 9
0.4221687651414338 9
0.422219947452827 9
0.422264731975296 9
0.42382579247278807 9
0.4303664653495752 9
0.4304112498720442 9
0.43045603439451324 9
0.43052427747637084 9
0.4305925205582284 9
0.4306373050806974 9
0.43068208960316645 9
0.43075033268502405 9
0.4307951172074931 9
0.431571382263623 9
0.4316737468864094 9
0.43171853140887845 9
0.4317633159313475 9
0.43181449824274065 9
0.4318656805541338 9
0.43191046507660286 9
0.4319552495990719 9
0.43200643191046506 9
0.4320512164329341 9
0.43358455317842154 9
0.4398053366090013 9
0.4398501211314703 9
0.43989490565393935 9
0.4399631487357969 9
0.4400313918176545 9
0.4400761763401235 9
0.44012096086259256 9
0.44018920394445016 9
0.4402339884669192 9
0.4410102535230491 9
0.44111261814583547 9
0.4411574026683045 9
0.44120218719077353 9
0.4412533695021667 9
0.4413045518135599 9
0.4413493363360289 9
0.441394120858498 9
0.44144530316989117 9
0.4414900876923602 9
0.44300849626369126 9
0.4484977991606101 9
0.44854258368307914 9
0.4485873682055482 9
0.4486556112874057 9
0.4487238543692633 9
0.44876863889173235 9
0.4488134234142014 9
0.448881666496059 9
0.448926451018528 9
0.4492953901798205 9
0.44939348960999076 9
0.44943827413245985 9
0.4494830586549289 9
0.44953424096632205 9
0.4495854232777152 9
0.44963020780018426 9
0.4496749923226533 9
0.44972617463404646 9
0.4497709591565155 9
0.45127443955369023 9
0.4569236871737128 9
0.4569684716961818 9
0.45701325621865085 9
0.4570814993005084 9
0.457149742382366 9
0.45719452690483503 9
0.45723931142730406 9
0.4573075545091616 9
0.4573523390316307 9
0.4577212781929232 9
0.45781937762309344 9
0.45786416214556247 9
0.4579089466680315 9
0.45796012897942473 9
0.4580113112908179 9
0.45805609581328693 9
0.45810088033575597 9
0.45815206264714914 9
0.45819684716961817 9
0.4600607363428532 9
0.46660993960487257 9
0.4666547241273416 9
0.46669950864981063 9
0.46674429317227967 9
0.4668125362541372 9
0.46685732077660624 9
0.46721133176374247 9
0.4673136963865288 9
0.46735848090899784 9
0.4674032654314669 9
0.4674480499539359 9
0.4674992322653291 9
0.4675440167877981 9
0.4703782372811956 9
0.49239302896918824 9
0.4982811273757123 9
0.5204004162827993 9
0.5262458627631624 9
0.5481838809840652 9
0.5540293274644283 9
0.5759758760705633 9
0.5818213225509264 9
0.6037764015422936 9
0.6087176271880438 9
0.6087624117105128 9
0.6088071962329819 9
0.6088754393148395 9
0.608943682396697 9
0.6089884669191661 9
0.6090332514416351 9
0.6091014945234927 9
0.6091462790459617 9
0.6097583341863718 9
0.6098606988091583 9
0.6099054833316273 9
0.6099502678540963 9
0.6100014501654895 9
0.6100526324768827 9
0.6100974169993517 9
0.6101422015218207 9
0.6101933838332139 9
0.6102381683556829 9
0.6117992288531751 9
0.6176212167741495 9
0.6176660012966185 9
0.6177107858190876 9
0.6177790289009452 9
0.6178472719828028 9
0.6178920565052718 9
0.6179368410277408 9
0.6180050841095984 9
0.6180498686320675 9
0.61841880779336 9
0.6185169072235303 9
0.6185616917459993 9
0.6186064762684683 9
0.6186576585798614 9
0.6187088408912547 9
0.6187536254137237 9
0.6187984099361927 9
0.618849592247586 9
0.618894376770055 9
0.6204319787081585 9
0.6259383423755417 9
0.6259831268980107 9
0.6260279114204798 9
0.6260961545023374 9
0.626164397584195 9
0.626209182106664 9
0.626253966629133 9
0.6263222097109905 9
0.6263669942334595 9
0.6267359333947521 9
0.6268340328249223 9
0.6268788173473914 9
0.6269236018698604 9
0.6269747841812536 9
0.6270259664926469 9
0.6270707510151159 9
0.6271155355375849 9
0.627166717848978 9
0.6272115023714471 9
0.6287299109427782 9
0.6349336336028935 9
0.6349784181253625 9
0.6350232026478316 9
0.6350914457296891 9
0.6351596888115467 9
0.6352044733340158 9
0.6352492578564848 9
0.6353175009383424 9
0.6353622854608114 9
0.6361385505169413 9
0.6362409151397277 9
0.6362856996621967 9
0.6363304841846658 9
0.636381666496059 9
0.6364328488074521 9
0.6364776333299211 9
0.6365224178523902 9
0.6365736001637834 9
0.6366183846862524 9
0.6381218650834272 9
0.6444855324666462 9
0.6445303169891152 9
0.6445751015115843 9
0.6446433445934419 9
0.6447115876752995 9
0.6447563721977685 9
0.6448011567202375 9
0.644869399802095 9
0.644914184324564 9
0.6456904493806941 9
0.6457928140034804 9
0.6458375985259495 9
0.6458823830484185 9
0.6459335653598116 9
0.6459847476712048 9
0.6460295321936739 9
0.6460743167161429 9
0.6461254990275361 9
0.6461702835500052 9
0.6480341727232402 9
0.6545833759852595 9
0.6546281605077285 9
0.6546729450301976 9
0.6547177295526666 9
0.6547859726345242 9
0.6548307571569932 9
0.6551847681441294 9
0.6552871327669157 9
0.6553319172893848 9
0.6553767018118538 9
0.6554214863343228 9
0.6554726686457161 9
0.6555174531681851 9
0.6583516736615825 9
0.6803664653495752 9
0.6862545637560993 9
0.7083738526631863 9
0.7142192991435493 9
0.7361573173644522 9
0.7420027638448152 9
0.7639493124509503 9
0.7697947589313133 9
0.7917498379226806 9
0.7965567100010237 9
0.7966014945234927 9
0.7966462790459617 9
0.7967145221278193 9
0.7967827652096768 9
0.7968275497321459 9
0.7968723342546149 9
0.7969405773364725 9
0.7969853618589415 9
0.7975974169993517 9
0.7976997816221381 9
0.7977445661446071 9
0.7977893506670761 9
0.7978405329784694 9
0.7978917152898625 9
0.7979364998123315 9
0.7979812843348005 9
0.7980324666461938 9
0.7980772511686628 9
0.7996383116661548 9
0.806178984542942 9
0.806223769065411 9
0.8062685535878801 9
0.8063367966697376 9
0.8064050397515952 9
0.8064498242740642 9
0.8064946087965332 9
0.8065628518783908 9
0.8066076364008599 9
0.8073839014569898 9
0.8074862660797761 9
0.8075310506022452 9
0.8075758351247142 9
0.8076270174361074 9
0.8076781997475005 9
0.8077229842699696 9
0.8077677687924386 9
0.8078189511038318 9
0.8078637356263009 9
0.8093970723717883 9
0.8149034360391715 9
0.8149482205616405 9
0.8149930050841095 9
0.8150612481659671 9
0.8151294912478247 9
0.8151742757702938 9
0.8152190602927628 9
0.8152873033746204 9
0.8153320878970894 9
0.815701027058382 9
0.8157991264885522 9
0.8158439110110213 9
0.8158886955334903 9
0.8159398778448834 9
0.8159910601562766 9
0.8160358446787457 9
0.8160806292012147 9
0.8161318115126079 9
0.816176596035077 9
0.817695004606408 9
0.8231843075033268 9
0.8232290920257959 9
0.8232738765482649 9
0.8233421196301225 9
0.8234103627119801 9
0.8234551472344491 9
0.8234999317569182 9
0.8235681748387758 9
0.8236129593612448 9
0.8239818985225372 9
0.8240799979527076 9
0.8241247824751766 9
0.8241695669976457 9
0.8242207493090388 9
0.824271931620432 9
0.824316716142901 9
0.8243615006653701 9
0.8244126829767632 9
0.8244574674992322 9
0.825960947896407 9
0.8316101955164296 9
0.8316549800388986 9
0.8316997645613676 9
0.8317680076432251 9
0.8318362507250827 9
0.8318810352475517 9
0.8319258197700208 9
0.8319940628518784 9
0.8320388473743474 9
0.83240778653564 9
0.8325058859658102 9
0.8325506704882792 9
0.8325954550107483 9
0.8326466373221415 9
0.8326978196335346 9
0.8327426041560037 9
0.8327873886784727 9
0.8328385709898659 9
0.8328833555123349 9
0.83474724468557 9
0.8412964479475893 9
0.8413412324700583 9
0.8413860169925274 9
0.8414308015149964 9
0.841499044596854 9
0.841543829119323 9
0.8418978401064592 9
0.8420002047292455 9
0.8420449892517146 9
0.8420897737741836 9
0.8421345582966526 9
0.8421857406080459 9
0.8422305251305149 9
0.8450647456239124 9
0.867079537311905 9
0.8729676357184291 9
0.8950869246255161 9
0.9009323711058791 9
0.922870389326782 9
0.928715835807145 9
0.9506623844132801 9
0.9556121404442625 9
0.9556569249667315 9
0.9557017094892005 9
0.9557699525710581 9
0.9558381956529157 9
0.9558829801753848 9
0.9559277646978538 9
0.9559960077797113 9
0.9560407923021804 9
0.9566528474425905 9
0.9567552120653768 9
0.9567999965878459 9
0.9568447811103149 9
0.9568959634217081 9
0.9569471457331014 9
0.9569919302555704 9
0.9570367147780394 9
0.9570878970894325 9
0.9571326816119016 9
0.9586788139352374 9
0.96520242604156 9
0.9652472105640291 9
0.9652919950864981 9
0.9653602381683557 9
0.9654284812502133 9
0.9654732657726823 9
0.9655180502951514 9
0.9655862933770089 9
0.9656310778994779 9
0.9664073429556079 9
0.9665097075783943 9
0.9665544921008633 9
0.9665992766233323 9
0.9666504589347255 9
0.9667016412461187 9
0.9667464257685877 9
0.9667912102910567 9
0.96684239260245 9
0.966887177124919 9
0.96840558569625 9
0.9746093083563654 9
0.9746540928788344 9
0.9746988774013035 9
0.974767120483161 9
0.9748353635650185 9
0.9748801480874877 9
0.9749249326099567 9
0.9749931756918142 9
0.9750379602142832 9
0.9758142252704132 9
0.9759165898931996 9
0.9759613744156687 9
0.9760061589381377 9
0.9760573412495308 9
0.976108523560924 9
0.9761533080833931 9
0.9761980926058621 9
0.9762492749172552 9
0.9762940594397242 9
0.977797539836899 9
0.984161207220118 9
0.984205991742587 9
0.9842507762650561 9
0.9843190193469137 9
0.9843872624287713 9
0.9844320469512403 9
0.9844768314737093 9
0.984545074555567 9
0.984589859078036 9
0.9853661241341659 9
0.9854684887569523 9
0.9855132732794213 9
0.9855580578018903 9
0.9856092401132835 9
0.9856604224246767 9
0.9857052069471457 9
0.9857499914696147 9
0.985801173781008 9
0.985845958303477 9
0.9877098474767121 9
0.9947452826969666 10
0.9947900672194356 11
0.9961336028935067 11
0.9961783874159758 11
0.9972830723035452 11
