0.23759468727607738 0
0.2398509741699935 0
0.24043317296209096 0
0.242294929539018 0
0.2428749957348074 0
0.24473461971542634 0
0.24531468591121575 0
0.25262096086259256 0
0.301203637356263 0
0.3292280854403385 0
0.3570072849489883 0
0.3847950148428703 0
0.4125912751219845 0
0.4891920019108063 0
0.5172015218207254 0
0.5449807213293753 0
0.5727684512232573 0
0.6005647115023715 0
0.6771654382911932 0
0.7051749582011123 0
0.7329541577097621 0
0.7607418876036441 0
0.7885381478827583 0
0.863878510253523 0
0.8918880301634422 0
0.919667229672092 0
0.947454959565974 0
