0.20021453918858975 0
0.2129418739550278 0
0.21363283515883577 0
0.21402310028320878 0
0.218706281775685 0
0.22130591667519706 0
0.22858020268195312 0
0.23214377111270346 0
0.2353405329784693 0
0.23864392465963763 0
0.24109854301020234 0
0.24353823318661072 0
0.24595659739993858 0
0.2885829324052274 0
0.2938717712491896 0
0.31725782236325795 0
0.32190688231480535 0
0.3450370218719077 0
0.3496860818234552 0
0.3728247517657897 0
0.3774738117173372 0
0.40062101204490397 0
0.4052700719964514 0
0.4772217388337257 0
0.48187079878527317 0
0.5052312587436448 0
0.5098803186951922 0
0.5330104582522946 0
0.5376595182038421 0
0.5607981881461767 0
0.5654472480977241 0
0.5885944484252909 0
0.5932435083768383 0
0.6651951752141126 0
0.66984423516566 0
0.6932046951240318 0
0.6978537550755792 0
0.7209838946326816 0
0.725632954584229 0
0.7487716245265637 0
0.7534206844781111 0
0.7765678848056778 0
0.7812169447572253 0
0.8519082471764425 0
0.8565573071279899 0
0.8799177670863616 0
0.884566827037909 0
0.9076969665950114 0
0.9123460265465588 0
0.9354846964888934 0
0.9401337564404408 0
