0.1437753778960658 1
0.22506355136997988 1
0.2278359265704439 1
0.2649367045415771 1
0.28071151943221756 1
0.29571220186303615 1
0.2983224997440884 1
0.32374731292865183 1
0.32635761080970416 1
0.35152651243730165 1
0.354136810318354 1
0.37931424233118366 1
0.381924540212236 1
0.4071105026102979 1
0.4097208004913502 1
0.45971099054833314 1
0.470047684853448 1
0.48371122939911965 1
0.486321527280172 1
0.5117207493090388 1
0.5143310471900912 1
0.5394999488176886 1
0.5421102466987409 1
0.5672876787115706 1
0.5698979765926229 1
0.5950839389906848 1
0.5976942368717372 1
0.6476844269287201 1
0.6580211212338349 1
0.6716846657795066 1
0.674294963660559 1
0.6996941856894258 1
0.702304483570478 1
0.7274733851980756 1
0.7300836830791279 1
0.7552611150919576 1
0.7578714129730099 1
0.7830573753710718 1
0.785667673252124 1
0.83439749889105 1
0.8447341931961647 1
0.8583977377418365 1
0.8610080356228887 1
0.8864072576517555 1
0.8890175555328078 1
0.9141864571604054 1
0.9167967550414576 1
0.9419741870542874 1
0.9445844849353396 1
0.987360101682192 1
