0.12966825331831985 1
0.1297002422629406 2
0.14208636162009075 3
0.1421311461425598 4
0.17211971542634866 5
0.1721644999488177 6
0.17220928447128672 7
0.17904425563858464 8
0.25355503804551816 9
0.25364673968676427 10
0.25371711536492986 11
0.2902356945439656 11
0.29032739618521175 11
0.2906942027501962 11
0.29079230218036645 11
0.29115910874535095 11
0.2912572081755212 11
0.2916240147405057 11
0.29172211417067595 11
0.2920889207356604 11
0.2921870201658307 11
0.3005510628859999 11
0.3006150407752414 11
0.3007131402054117 11
0.3182899989763538 11
0.3183817006175999 11
0.31874850718258435 11
0.31884660661275466 11
0.3192134131777391 11
0.31931151260790935 11
0.31967831917289385 11
0.3197764186030641 11
0.3201432251680486 11
0.32024132459821886 11
0.32858617395161566 11
0.3286501518408571 11
0.3287482512710274 11
0.34606919848500356 11
0.3461609001262497 11
0.34652770669123417 11
0.3466258061214044 11
0.3469926126863889 11
0.3470907121165592 11
0.3474575186815437 11
0.3475556181117139 11
0.3479224246766984 11
0.3480205241068687 11
0.3563653734602655 11
0.35642935134950693 11
0.35652745077967724 11
0.37385692837888557 11
0.37394863002013173 11
0.3743154365851162 11
0.37441353601528643 11
0.37478034258027093 11
0.3748784420104412 11
0.3752452485754257 11
0.37534334800559593 11
0.37571015457058043 11
0.3758082540007507 11
0.3841531033541475 11
0.38421708124338894 11
0.38431518067355924 11
0.4016531886579998 11
0.4017448902992459 11
0.4021116968642304 11
0.4022097962944007 11
0.4025766028593851 11
0.4026747022895554 11
0.4030415088545399 11
0.4031396082847101 11
0.40350641484969463 11
0.4036045142798649 11
0.4119493636332617 11
0.41201334152250313 11
0.41211144095267344 11
0.47825391544682155 11
0.4783456170880677 11
0.47871242365305217 11
0.4788105230832224 11
0.4791773296482069 11
0.47927542907837717 11
0.47964223564336167 11
0.4797403350735319 11
0.4801071416385164 11
0.4802052410686867 11
0.48855009042208347 11
0.4886140683113249 11
0.48871216774149523 11
0.5062634353567407 11
0.5063551369979868 11
0.5067219435629713 11
0.5068200429931415 11
0.5071868495581261 11
0.5072849489882963 11
0.5076517555532808 11
0.507749854983451 11
0.5081166615484355 11
0.5082147609786057 11
0.5165596103320026 11
0.5166235882212441 11
0.5167216876514144 11
0.5340426348653905 11
0.5341343365066367 11
0.5345011430716211 11
0.5345992425017914 11
0.5349660490667758 11
0.5350641484969462 11
0.5354309550619306 11
0.5355290544921009 11
0.5358958610570853 11
0.5359939604872556 11
0.5443388098406524 11
0.5444027877298939 11
0.5445008871600642 11
0.5618303647592725 11
0.5619220664005187 11
0.5622888729655031 11
0.5623869723956734 11
0.5627537789606578 11
0.5628518783908282 11
0.5632186849558126 11
0.5633167843859829 11
0.5636835909509673 11
0.5637816903811376 11
0.5721265397345344 11
0.5721905176237759 11
0.5722886170539462 11
0.5896266250383867 11
0.5897183266796329 11
0.5900851332446173 11
0.5901832326747876 11
0.5905500392397721 11
0.5906481386699424 11
0.5910149452349268 11
0.5911130446650971 11
0.5914798512300815 11
0.5915779506602519 11
0.5999228000136486 11
0.5999867779028901 11
0.6000848773330604 11
0.6662273518272085 11
0.6663190534684547 11
0.6666858600334391 11
0.6667839594636094 11
0.6671507660285938 11
0.6672488654587642 11
0.6676156720237486 11
0.6677137714539189 11
0.6680805780189033 11
0.6681786774490736 11
0.6765235268024704 11
0.6765875046917119 11
0.6766856041218822 11
0.6942368717371277 11
0.6943285733783737 11
0.6946953799433583 11
0.6947934793735285 11
0.695160285938513 11
0.6952583853686832 11
0.6956251919336677 11
0.695723291363838 11
0.6960900979288225 11
0.6961881973589927 11
0.7045330467123895 11
0.704597024601631 11
0.7046951240318012 11
0.7220160712457775 11
0.7221077728870235 11
0.7224745794520081 11
0.7225726788821784 11
0.7229394854471628 11
0.723037584877333 11
0.7234043914423175 11
0.7235024908724877 11
0.7238692974374723 11
0.7239673968676426 11
0.7323122462210393 11
0.7323762241102808 11
0.7324743235404511 11
0.7498038011396595 11
0.7498955027809056 11
0.7502623093458901 11
0.7503604087760604 11
0.7507272153410448 11
0.7508253147712151 11
0.7511921213361995 11
0.7512902207663698 11
0.7516570273313543 11
0.7517551267615246 11
0.7600999761149213 11
0.7601639540041628 11
0.7602620534343331 11
0.7776000614187737 11
0.7776917630600197 11
0.7780585696250043 11
0.7781566690551746 11
0.778523475620159 11
0.7786215750503293 11
0.7789883816153137 11
0.7790864810454841 11
0.7794532876104685 11
0.7795513870406388 11
0.7878962363940356 11
0.787960214283277 11
0.7880583137134473 11
0.8529404237895384 11
0.8530321254307844 11
0.8533989319957689 11
0.8534970314259392 11
0.8538638379909237 11
0.8539619374210939 11
0.8543287439860784 11
0.8544268434162486 11
0.8547936499812332 11
0.8548917494114034 11
0.8632365987648002 11
0.8633005766540417 11
0.863398676084212 11
0.8809499436994574 11
0.8810416453407036 11
0.8814084519056881 11
0.8815065513358583 11
0.8818733579008428 11
0.8819714573310131 11
0.8823382638959976 11
0.8824363633261678 11
0.8828031698911523 11
0.8829012693213225 11
0.8912461186747194 11
0.8913100965639609 11
0.8914081959941311 11
0.9087291432081073 11
0.9088208448493534 11
0.9091876514143379 11
0.9092857508445081 11
0.9096525574094926 11
0.9097506568396628 11
0.9101174634046474 11
0.9102155628348176 11
0.9105823693998021 11
0.9106804688299723 11
0.9190253181833692 11
0.9190892960726106 11
0.919187395502781 11
0.9365168731019893 11
0.9366085747432354 11
0.9369753813082199 11
0.9370734807383901 11
0.9374402873033746 11
0.9375383867335448 11
0.9379051932985294 11
0.9380032927286996 11
0.9383700992936841 11
0.9384681987238543 11
0.9468130480772512 11
0.9468770259664926 11
0.946975125396663 11
