0.2148206913024192 1
0.21933113249394343 2
0.22051898863752686 2
0.22210990548333162 2
0.22914320810727812 3
0.22958039035042824 3
0.23264279864878698 3
0.2359163339816426 3
0.2392175930665029 4
0.2416722114170676 4
0.24411190159347596 4
0.2464556249360221 4
0.25427585559763877 5
0.25874151226669395 5
0.2590635343092094 5
0.26071416385163954 6
0.26162478247517656 6
0.26249488176886066 7
0.26265482649196437 7
0.2638746715801686 8
0.2647852902037056 8
0.26597954413621316 9
0.2664252567645955 9
0.26761098031187086 10
0.2685194663390999 10
0.26940236121063227 11
0.2703129798341693 11
0.27124065922817076 12
0.271424062510663 12
0.27235174190466444 13
0.27253514518715666 13
0.27346922237008225 14
0.2736526256525745 14
0.2745184597536425 15
0.27542694578087146 15
0.280557972498038 15
0.2809333094482547 15
0.28123613812399767 15
0.28150058006619577 15
0.28214888934384275 15
0.28340285597297576 15
0.2835777288702358 15
0.28404050226908245 15
0.28422390555157473 15
0.2847080049135019 15
0.2848892755996861 15
0.303193349711673 15
0.30336822260893304 15
0.3041167639130583 15
0.30430016719555053 15
0.305185194663391 15
0.30536006756065104 15
0.30598065308629335 15
0.30616405636878563 15
0.30689127170983044 15
0.3070725423960146 15
0.30763341522503157 15
0.3101754700242263 15
0.31041858600334393 15
0.31067876275292594 15
0.3113228068379568 15
0.3116533592657044 15
0.31277083973112224 15
0.3129457126283823 15
0.313408486027229 15
0.3135918893097212 15
0.31407598867164843 15
0.3142572593578326 15
0.3312007370252841 15
0.3313756099225441 15
0.3321241512266694 15
0.3323075545091616 15
0.3331925819770021 15
0.3333674548742621 15
0.3339880403999045 15
0.3341714436823967 15
0.3348986590234415 15
0.3350799297096257 15
0.33563653734602655 15
0.3381402054116764 15
0.338383321390794 15
0.33864349814037603 15
0.3392875422254069 15
0.34054577404715597 15
0.340720646944416 15
0.3411834203432627 15
0.34136682362575493 15
0.3418509229876821 15
0.34203219367386634 15
0.35898420172655 15
0.35915907462381 15
0.3599076159279353 15
0.3600910192104275 15
0.360976046678268 15
0.36115091957552803 15
0.36177150510117034 15
0.3619549083836626 15
0.36268212372470743 15
0.3628633944108916 15
0.36342000204729247 15
0.3659236701129423 15
0.36616678609205994 15
0.36642696284164195 15
0.3670710069266728 15
0.3683292387484219 15
0.3685041116456819 15
0.3689668850445286 15
0.36915028832702085 15
0.369634387688948 15
0.3698156583751322 15
0.3867761968130481 15
0.3869510697103081 15
0.3876996110144334 15
0.3878830142969257 15
0.3887680417647661 15
0.38894291466202613 15
0.3895635001876685 15
0.3897469034701607 15
0.39047411881120553 15
0.3906553894973897 15
0.39121199713379057 15
0.3937156651994404 15
0.39395878117855804 15
0.39421895792814005 15
0.3948630020131709 15
0.39612123383492 15
0.39629610673218 15
0.3967588801310267 15
0.39694228341351895 15
0.3974263827754461 15
0.39760765346163035 15
0.4145767222847784 15
0.4147515951820384 15
0.41550013648616374 15
0.41568353976865596 15
0.4165685672364964 15
0.4167434401337564 15
0.4173640256593988 15
0.417547428941891 15
0.4182746442829358 15
0.41845591496912 15
0.41901252260552085 15
0.423693571501689 15
0.42393668748080665 15
0.42419686423038866 15
0.42484090831541954 15
0.4255851844269287 15
0.4334523322073225 15
0.4336954481864401 15
0.43395562493602213 15
0.434599669021053 15
0.43532688436209777 15
0.4428762752925922 15
0.44311939127170985 15
0.44337956802129186 15
0.44402361210632274 15
0.44468258436550995 15
0.4511422185825912 15
0.4513853345617088 15
0.4516455113112908 15
0.4522895553963217 15
0.452607312246221 15
0.4531084723786126 15
0.4595617088067697 15
0.45995197393114273 15
0.4602590677995018 15
0.4605320401269321 15
0.4611888797898113 15
0.4618649128194629 15
0.46989413791926843 15
0.4702694748694851 15
0.4705723035452281 15
0.4708367454874262 15
0.4714850547650732 15
0.47273902139420615 15
0.4729138942914662 15
0.4733766676903129 15
0.4735600709728051 15
0.47404417033473234 15
0.4742254410209165 15
0.49116678609205994 15
0.49134165898932 15
0.49209020029344525 15
0.49227360357593747 15
0.49315863104377794 15
0.493333503941038 15
0.4939540894666803 15
0.49413749274917257 15
0.4948647080902174 15
0.49504597877640155 15
0.4956068516054185 15
0.49814890640461323 15
0.49839202238373087 15
0.4986521991333129 15
0.49929624321834376 15
0.49962679564609136 15
0.5007442761115092 15
0.5009191490087692 15
0.5013819224076159 15
0.5015653256901081 15
0.5020494250520353 15
0.5022306957382195 15
0.519174173405671 15
0.519349046302931 15
0.5200975876070564 15
0.5202809908895486 15
0.5211660183573891 15
0.5213408912546491 15
0.5219614767802914 15
0.5221448800627836 15
0.5228720954038284 15
0.5230533660900126 15
0.5236099737264135 15
0.5261136417920633 15
0.526356757771181 15
0.526616934520763 15
0.5272609786057938 15
0.5285192104275429 15
0.5286940833248029 15
0.5291568567236496 15
0.5293402600061419 15
0.529824359368069 15
0.5300056300542533 15
0.5469576381069369 15
0.5471325110041969 15
0.5478810523083223 15
0.5480644555908145 15
0.5489494830586549 15
0.549124355955915 15
0.5497449414815573 15
0.5499283447640495 15
0.5506555601050943 15
0.5508368307912785 15
0.5513934384276794 15
0.5538971064933292 15
0.5541402224724469 15
0.5544003992220289 15
0.5550444433070597 15
0.5563026751288088 15
0.5564775480260689 15
0.5569403214249156 15
0.5571237247074078 15
0.557607824069335 15
0.5577890947555192 15
0.574749633193435 15
0.574924506090695 15
0.5756730473948204 15
0.5758564506773126 15
0.5767414781451531 15
0.5769163510424131 15
0.5775369365680554 15
0.5777203398505476 15
0.5784475551915924 15
0.5786288258777766 15
0.5791854335141775 15
0.5816891015798273 15
0.581932217558945 15
0.582192394308527 15
0.5828364383935578 15
0.5840946702153069 15
0.584269543112567 15
0.5847323165114137 15
0.5849157197939059 15
0.5853998191558331 15
0.5855810898420173 15
0.6025501586651654 15
0.6027250315624254 15
0.6034735728665507 15
0.6036569761490429 15
0.6045420036168834 15
0.6047168765141434 15
0.6053374620397857 15
0.605520865322278 15
0.6062480806633228 15
0.6064293513495069 15
0.6069859589859078 15
0.611667007882076 15
0.6119101238611936 15
0.6121703006107756 15
0.6128143446958064 15
0.6135074384959225 15
0.6202997577370594 15
0.620542873716177 15
0.620803050465759 15
0.62144709455079 15
0.6221231275804415 15
0.6285976899716791 15
0.6288408059507967 15
0.6291009827003787 15
0.6297450267854097 15
0.63045518135599 15
0.6379896441123281 15
0.6382327600914457 15
0.6384929368410277 15
0.6391369809260586 15
0.639454737775958 15
0.6400070802197427 15
0.6475351451871566 15
0.6479254103115296 15
0.6482325041798888 15
0.648505476507319 15
0.6491623161701983 15
0.6498383491998498 15
0.6578675742996554 15
0.658242911249872 15
0.658545739925615 15
0.6588101818678131 15
0.6594584911454602 15
0.6607124577745931 15
0.6608873306718531 15
0.6613501040706998 15
0.661533507353192 15
0.6620176067151192 15
0.6621988774013035 15
0.6791402224724469 15
0.6793150953697069 15
0.6800636366738322 15
0.6802470399563244 15
0.6811320674241649 15
0.6813069403214249 15
0.6819275258470673 15
0.6821109291295595 15
0.6828381444706043 15
0.6830194151567884 15
0.6835802879858054 15
0.6861223427850002 15
0.6863654587641178 15
0.6866256355136998 15
0.6872696795987306 15
0.6876002320264784 15
0.6887177124918962 15
0.6888925853891562 15
0.6893553587880029 15
0.6895387620704951 15
0.6900228614324223 15
0.6902041321186064 15
0.707147609786058 15
0.707322482683318 15
0.7080710239874433 15
0.7082544272699355 15
0.709139454737776 15
0.709314327635036 15
0.7099349131606784 15
0.7101183164431706 15
0.7108455317842154 15
0.7110268024703995 15
0.7115834101068004 15
0.7140870781724503 15
0.7143301941515678 15
0.7145903709011499 15
0.7152344149861808 15
0.7164926468079299 15
0.7166675197051899 15
0.7171302931040365 15
0.7173136963865289 15
0.717797795748456 15
0.7179790664346402 15
0.7349310744873239 15
0.7351059473845839 15
0.7358544886887092 15
0.7360378919712014 15
0.7369229194390419 15
0.7370977923363019 15
0.7377183778619443 15
0.7379017811444365 15
0.7386289964854813 15
0.7388102671716654 15
0.7393668748080663 15
0.7418705428737162 15
0.7421136588528338 15
0.7423738356024158 15
0.7430178796874467 15
0.7442761115091957 15
0.7444509844064557 15
0.7449137578053024 15
0.7450971610877948 15
0.745581260449722 15
0.7457625311359061 15
0.762723069573822 15
0.762897942471082 15
0.7636464837752073 15
0.7638298870576995 15
0.76471491452554 15
0.7648897874228 15
0.7655103729484424 15
0.7656937762309346 15
0.7664209915719794 15
0.7666022622581635 15
0.7671588698945644 15
0.7696625379602143 15
0.7699056539393319 15
0.7701658306889139 15
0.7708098747739448 15
0.7720681065956939 15
0.772242979492954 15
0.7727057528918005 15
0.7728891561742929 15
0.77337325553622 15
0.7735545262224042 15
0.7905235950455523 15
0.7906984679428123 15
0.7914470092469376 15
0.7916304125294298 15
0.7925154399972703 15
0.7926903128945303 15
0.7933108984201727 15
0.7934943017026649 15
0.7942215170437097 15
0.7944027877298939 15
0.7949593953662948 15
0.7995060906950557 15
0.7997492066741734 15
0.8000093834237554 15
0.8006534275087863 15
0.8013977036202955 15
0.8092648514006893 15
0.8095079673798069 15
0.8097681441293889 15
0.8104121882144197 15
0.8110882212440714 15
0.817562783635309 15
0.8178058996144266 15
0.8180660763640086 15
0.8187101204490395 15
0.8193690927082267 15
0.825828726925308 15
0.8260718429044256 15
0.8263320196540076 15
0.8269760637390384 15
0.8272938205889377 15
0.8277949807213294 15
0.8342482171494865 15
0.8346384822738595 15
0.8349455761422185 15
0.8352185484696489 15
0.835875388132528 15
0.8365514211621797 15
0.8445806462619851 15
0.8449559832122019 15
0.8452588118879448 15
0.8455232538301429 15
0.84617156310779 15
0.8474255297369229 15
0.847600402634183 15
0.8480631760330296 15
0.8482465793155219 15
0.8487306786774491 15
0.8489119493636332 15
0.8658532944347767 15
0.8660281673320367 15
0.866776708636162 15
0.8669601119186543 15
0.8678451393864947 15
0.8680200122837547 15
0.8686405978093971 15
0.8688240010918893 15
0.8695512164329341 15
0.8697324871191183 15
0.8702933599481353 15
0.87283541474733 15
0.8730785307264476 15
0.8733387074760296 15
0.8739827515610605 15
0.8743133039888081 15
0.875430784454226 15
0.875605657351486 15
0.8760684307503327 15
0.8762518340328249 15
0.8767359333947521 15
0.8769172040809363 15
0.8938606817483877 15
0.8940355546456478 15
0.894784095949773 15
0.8949674992322654 15
0.8958525267001057 15
0.8960273995973658 15
0.8966479851230081 15
0.8968313884055004 15
0.8975586037465452 15
0.8977398744327294 15
0.8982964820691303 15
0.9008001501347801 15
0.9010432661138977 15
0.9013034428634797 15
0.9019474869485106 15
0.9032057187702597 15
0.9033805916675197 15
0.9038433650663664 15
0.9040267683488586 15
0.9045108677107858 15
0.90469213839697 15
0.9216441464496536 15
0.9218190193469137 15
0.922567560651039 15
0.9227509639335313 15
0.9236359914013716 15
0.9238108642986317 15
0.924431449824274 15
0.9246148531067663 15
0.9253420684478111 15
0.9255233391339953 15
0.9260799467703962 15
0.928583614836046 15
0.9288267308151636 15
0.9290869075647457 15
0.9297309516497765 15
0.9309891834715256 15
0.9311640563687856 15
0.9316268297676323 15
0.9318102330501246 15
0.9322943324120517 15
0.932475603098236 15
0.9494361415361517 15
0.9496110144334118 15
0.950359555737537 15
0.9505429590200294 15
0.9514279864878697 15
0.9516028593851298 15
0.9522234449107722 15
0.9524068481932644 15
0.9531340635343092 15
0.9533153342204934 15
0.9538719418568943 15
0.9585465929641382 15
0.9587897089432559 15
0.9590498856928379 15
0.9596939297778687 15
0.9604211451189135 15
0.968273364725151 15
0.9685164807042687 15
0.9687766574538507 15
0.9694207015388815 15
0.9701308561094619 15
0.9776653188658 15
0.9779084348449176 15
0.9781686115944996 15
0.9788126556795305 15
0.9791304125294298 15
0.9796827549732146 15
0.9872108199406285 15
0.9876010850650015 15
0.9879081789333606 15
0.988181151260791 15
0.9888379909236701 15
0.9895140239533218 15
