0.2890051864742212 0
0.29441131811512605 0
0.30299288565871635 0
0.30391629986010166 0
0.31768007643225166 0
0.3224464291807418 0
0.3310002729723274 0
0.3319236871737128 0
0.3454592759409015 0
0.3502256286893916 0
0.35878373767359334 0
0.35970715187497865 0
0.3732470058347835 0
0.3780133585832736 0
0.38657573276009144 0
0.3874991469614768 0
0.4010432661138977 0
0.4058096188623878 0
0.4143762582318217 0
0.4152996724332071 0
0.47764399290271947 0
0.4824103456512096 0
0.4909663220391033 0
0.4918897362404886 0
0.5056535128126386 0
0.5104198655611287 0
0.5189737093527144 0
0.5198971235540997 0
0.5334327123212884 0
0.5381990650697785 0
0.5467571740539803 0
0.5476805882553656 0
0.5612204422151704 0
0.5659867949636606 0
0.5745491691404784 0
0.5754725833418637 0
0.5890167024942846 0
0.5937830552427747 0
0.6023496946122087 0
0.603273108813594 0
0.6656174292831064 0
0.6703837820315965 0
0.6789397584194902 0
0.6798631726208756 0
0.6936269491930256 0
0.6983933019415157 0
0.7069471457331014 0
0.7078705599344867 0
0.7214061487016754 0
0.7261725014501655 0
0.7347306104343673 0
0.7356540246357526 0
0.7491938785955574 0
0.7539602313440475 0
0.7625226055208654 0
0.7634460197222507 0
0.7769901388746716 0
0.7817564916231617 0
0.7903231309925957 0
0.791246545193981 0
0.8523305012454362 0
0.8570968539939263 0
0.8656528303818201 0
0.8665762445832054 0
0.8803400211553554 0
0.8851063739038455 0
0.8936602176954311 0
0.8945836318968164 0
0.9081192206640052 0
0.9128855734124953 0
0.921443682396697 0
0.9223670965980824 0
0.9359069505578872 0
0.9406733033063773 0
0.9492356774831952 0
0.9501590916845805 0
