0.2375563005425325 0
0.23981258743644862 0
0.24039478622854607 0
0.2422565428054731 0
0.2428366090012625 0
0.24469623298188145 0
0.24527629917767085 0
0.25258257412904767 0
0.25885667246732863 0
0.2627721192889071 0
0.2704388030163442 0
0.2715498856928379 0
0.2726631009656396 0
0.27378058143105743 0
0.2822725799297096 0
0.3011652506227181 0
0.30222728358412665 0
0.30250665370048113 0
0.30627921656942025 0
0.307264476063739 0
0.3077443102330501 0
0.3114507626164398 0
0.3291896987067936 0
0.33023680349404577 0
0.33051190841778416 0
0.33428660388303133 0
0.3352718633773501 0
0.3357474323540451 0
0.33941549800388987 0
0.3569688982154434 0
0.3580160030026956 0
0.358291107926434 0
0.36207006858429724 0
0.363055328078616 0
0.363530897055311 0
0.3671989627051558 0
0.3847566281093254 0
0.3858037328965776 0
0.386078837820316 0
0.3898620636707954 0
0.3908473231651141 0
0.3913228921418091 0
0.3949909577916539 0
0.4125528883884396 0
0.4135999931756918 0
0.4138750980994302 0
0.4176625891425257 0
0.41864784863684446 0
0.41912341761353944 0
0.4249688640939025 0
0.4256960794349473 0
0.43472762479953597 0
0.43543777937011635 0
0.4441515678848057 0
0.44479347937352853 0
0.45241324598218857 0
0.45321936738663116 0
0.4613125703756782 0
0.4619800730200976 0
0.47160874535094005 0
0.4891536151772614 0
0.4902049851571297 0
0.49048009008086807 0
0.4942526529498072 0
0.49523791244412596 0
0.49571774661343704 0
0.4994241989968267 0
0.5171631350871806 0
0.5182102398744327 0
0.5184853447981711 0
0.5222600402634183 0
0.523245299757737 0
0.523720868734432 0
0.5273889343842768 0
0.5449423345958303 0
0.5459894393830825 0
0.5462645443068209 0
0.5500435049646842 0
0.551028764459003 0
0.5515043334356979 0
0.5551723990855427 0
0.5727300644897123 0
0.5737771692769645 0
0.5740522742007029 0
0.5778355000511823 0
0.578820759545501 0
0.579296328522196 0
0.5829643941720408 0
0.6005263247688266 0
0.6015734295560787 0
0.6018485344798171 0
0.6056360255229126 0
0.6066212850172313 0
0.6070968539939263 0
0.6129423004742894 0
0.613618333503941 0
0.6215750503292728 0
0.6222340225884601 0
0.6298729825638926 0
0.6305660763640086 0
0.6392606715119254 0
0.6401179752277613 0
0.6492860067560651 0
0.6499535094004846 0
0.659582181731327 0
0.6771270515576483 0
0.6781784215375166 0
0.678453526461255 0
0.6822260893301941 0
0.683211348824513 0
0.683691182993824 0
0.6873976353772137 0
0.7051365714675675 0
0.7061836762548197 0
0.706458781178558 0
0.7102334766438052 0
0.711218736138124 0
0.711694305114819 0
0.7153623707646637 0
0.7329157709762173 0
0.7339628757634695 0
0.7342379806872078 0
0.7380169413450711 0
0.7390022008393899 0
0.7394777698160849 0
0.7431458354659296 0
0.7607035008700993 0
0.7617506056573515 0
0.7620257105810898 0
0.7658089364315692 0
0.766794195925888 0
0.767269764902583 0
0.7709378305524277 0
0.7884997611492135 0
0.7895468659364657 0
0.789821970860204 0
0.7936094619032995 0
0.7945947213976183 0
0.7950702903743133 0
0.8007813832872692 0
0.801508598628314 0
0.8105401439929028 0
0.81119911625209 0
0.8188380762275225 0
0.8194799877162453 0
0.8270997543249053 0
0.8279058757293479 0
0.835999078718395 0
0.8366665813628144 0
0.8462952536936568 0
0.8638401235199782 0
0.8648914934998464 0
0.8651665984235848 0
0.868939161292524 0
0.8699244207868427 0
0.8704042549561538 0
0.8741107073395434 0
0.8918496434298973 0
0.8928967482171495 0
0.8931718531408879 0
0.8969465486061351 0
0.8979318081004538 0
0.8984073770771488 0
0.9020754427269936 0
0.9196288429385471 0
0.9206759477257993 0
0.9209510526495377 0
0.924730013307401 0
0.9257152728017197 0
0.9261908417784147 0
0.9298589074282595 0
0.9474165728324291 0
0.9484636776196813 0
0.9487387825434197 0
0.9525220083938991 0
0.9535072678882178 0
0.9539828368649128 0
0.9598218855563517 0
0.9605320401269322 0
0.9695486573173645 0
0.9702417511174805 0
0.9789363462653974 0
0.9797936499812332 0
0.988961681509537 0
0.9896291841539564 0
