0.12334084007233767 1
0.1238569283788856 2
0.12593194458661752 3
0.12637978981130787 4
0.12684043061384653 5
0.12740770123178763 6
0.12795151329034019 7
0.13955496980243629 8
0.1419584058416078 9
0.14318038352612003 10
0.14625558740232708 11
0.1471256866960112 12
0.14871233834919986 13
0.15012411710512846 14
0.15067645954891323 15
0.16077430306752652 16
0.1612456068516054 17
0.16232470058347834 18
0.16281946292694577 19
0.16499044596853993 20
0.16609726345241752 21
0.16715929641382604 22
0.16807844542259529 23
0.1695030197563722 24
0.17157803596410415 25
0.17343552734841505 26
0.1747278807110929 27
0.1755148087487631 28
0.17596052137714538 29
0.1763806428498311 30
0.17759195755280308 31
0.1781251066298154 32
0.17955607875251647 33
0.18059465315453646 34
0.18128134916572833 35
0.18202775787354558 36
0.182392431842222 37
0.1844354591053332 38
0.18505391203466748 39
0.18610954720715187 40
0.18653180127614563 41
0.19589816426109802 42
0.19641851776026206 43
0.19685143481079606 44
0.19838903674889957 45
0.19944467192138396 46
