0.20005246186917802 0
0.21287363087317024 0
0.2135645920769782 0
0.21387381854164533 0
0.2185591326304296 0
0.2211438393557853 0
0.2284159927662333 0
0.2320030197563722 0
0.2352019142184461 0
0.23848184734022587 0
0.2409364656907906 0
0.24337615586719896 0
0.24581584604360732 0
0.2884229876821237 0
0.29372248950762614 0
0.31709787764015424 0
0.3217576005732419 0
0.34487707714880406 0
0.3495368000818917 0
0.37266480704268606 0
0.3773245299757737 0
0.40046106732180026 0
0.4051207902548879 0
0.47706179411062205 0
0.4817215170437097 0
0.5050713140205412 0
0.5097310369536289 0
0.532850513529191 0
0.5375102364622787 0
0.560638243423073 0
0.5652979663561607 0
0.5884345037021872 0
0.5930942266352749 0
0.665035230491009 0
0.6696949534240967 0
0.6930447504009281 0
0.6977044733340158 0
0.7208239499095779 0
0.7254836728426656 0
0.7486116798034599 0
0.7532714027365476 0
0.7764079400825741 0
0.7810676630156618 0
0.8517483024533388 0
0.8564080253864265 0
0.879757822363258 0
0.8844175452963455 0
0.9075370218719078 0
0.9121967448049954 0
0.9353247517657898 0
0.9399844746988774 0
