0.20897737741836422 0
0.20923968676425428 0
0.20950199611014433 0
0.2097643054560344 0
0.20981122257481147 0
0.20993917835329443 0
0.210222813662265 0
0.2105043163749275 0
0.21059601801617361 0
0.21063227215341046 0
0.21066852629064728 0
0.21100974169993517 0
0.2110758521854847 0
0.21135948749445524 0
0.21144265875046916 0
0.211478912887706 0
0.21164099020711774 0
0.21171349848159143 0
0.21184358685638244 0
0.2119160951308561 0
0.2120461835056471 0
0.21213575255058517 0
0.21227223871430034 0
0.28774055686354794 0
0.28784718667895043 0
0.31641544682157846 0
0.31652207663698095 0
0.3441946463302283 0
0.3443012761456307 0
0.3719823762241103 0
0.3720890060395127 0
0.3997786365032245 0
0.399885266318627 0
0.4763793632920463 0
0.4764859931074487 0
0.5043888832019654 0
0.5044955130173678 0
0.5321680827106152 0
0.5322747125260177 0
0.5599558126044972 0
0.5600624424198997 0
0.5877520728836114 0
0.5878587026990139 0
0.6643527996724332 0
0.6644594294878357 0
0.6923623195823524 0
0.6924689493977548 0
0.7201415190910021 0
0.7202481489064047 0
0.7479292489848841 0
0.7480358788002867 0
0.7757255092639984 0
0.7758321390794009 0
0.851065871634763 0
0.8511725014501655 0
0.8790753915446822 0
0.8791820213600846 0
0.906854591053332 0
0.9069612208687344 0
0.934642320947214 0
0.9347489507626164 0
