0.2535230491008974 1
0.2902037055993449 1
0.29067287678711573 1
0.2911377827822704 1
0.2916026887774252 1
0.29206759477257993 1
0.3005937148121609 1
0.31825801003173304 1
0.3187271812195039 1
0.31919208721465864 1
0.31965699320981333 1
0.3201218992049681 1
0.32862882587777664 1
0.34603720954038286 1
0.3465063807281537 1
0.3469712867233084 1
0.34743619271846315 1
0.3479010987136179 1
0.35640802538642646 1
0.37382493943426487 1
0.3742941106220357 1
0.3747590166171904 1
0.37522392261234516 1
0.3756888286074999 1
0.38419575528030847 1
0.40162119971337906 1
0.4020903709011499 1
0.40255527689630466 1
0.40302018289145936 1
0.4034850888866141 1
0.41199201555942266 1
0.47822192650220086 1
0.4786910976899717 1
0.4791560036851264 1
0.47962090968028115 1
0.4800858156754359 1
0.48859274234824446 1
0.5062314464121199 1
0.5067006175998908 1
0.5071655235950455 1
0.5076304295902003 1
0.508095335585355 1
0.5166022622581635 1
0.5340106459207697 1
0.5344798171085406 1
0.5349447231036953 1
0.5354096290988501 1
0.5358745350940048 1
0.5443814617668133 1
0.5617983758146518 1
0.5622675470024227 1
0.5627324529975773 1
0.5631973589927322 1
0.5636622649878869 1
0.5721691916606954 1
0.589594636093766 1
0.5900638072815368 1
0.5905287132766915 1
0.5909936192718463 1
0.591458525267001 1
0.5999654519398095 1
0.6661953628825877 1
0.6666645340703586 1
0.6671294400655133 1
0.6675943460606681 1
0.6680592520558228 1
0.6765661787286313 1
0.6942048827925069 1
0.6946740539802777 1
0.6951389599754325 1
0.6956038659705872 1
0.696068771965742 1
0.7045756986385505 1
0.7219840823011567 1
0.7224532534889275 1
0.7229181594840823 1
0.723383065479237 1
0.7238479714743918 1
0.7323548981472003 1
0.7497718121950387 1
0.7502409833828095 1
0.7507058893779643 1
0.751170795373119 1
0.7516357013682738 1
0.7601426280410823 1
0.7775680724741529 1
0.7780372436619237 1
0.7785021496570785 1
0.7789670556522332 1
0.779431961647388 1
0.7879388883201965 1
0.8529084348449176 1
0.8533776060326884 1
0.8538425120278432 1
0.8543074180229979 1
0.8547723240181526 1
0.8632792506909612 1
0.8809179547548367 1
0.8813871259426076 1
0.8818520319377623 1
0.8823169379329171 1
0.8827818439280718 1
0.8912887706008803 1
0.9086971542634865 1
0.9091663254512574 1
0.9096312314464121 1
0.9100961374415668 1
0.9105610434367216 1
0.9190679701095301 1
0.9364848841573685 1
0.9369540553451394 1
0.9374189613402941 1
0.9378838673354488 1
0.9383487733306036 1
0.9468557000034121 1
