0.20005672706179412 0
0.20007165523595047 0
0.21287789606578633 0
0.21288642645101852 0
0.2135688572695943 0
0.21357738765482648 0
0.21387808373426143 0
0.21388661411949364 0
0.21389514450472583 0
0.21856339782304568 0
0.2185719282082779 0
0.21858045859351008 0
0.22114810454840142 0
0.22116303272255775 0
0.2211779608967141 0
0.22118649128194628 0
0.22842025795884943 0
0.22843518613300576 0
0.22844371651823797 0
0.22845224690347016 0
0.23200728494898828 0
0.23201794793052855 0
0.23202647831576073 0
0.2352061794110622 0
0.2352147097962944 0
0.238486112532842 0
0.23851596888115467 0
0.23852449926638686 0
0.2409407308834067 0
0.24097058723171938 0
0.2409791176169516 0
0.24338042105981506 0
0.24341027740812776 0
0.24341880779335995 0
0.24582011123622344 0
0.24583077421776367 0
0.24583930460299588 0
0.2884272528747398 0
0.2884379158562801 0
0.2884464462415123 0
0.28845497662674446 0
0.28846350701197665 0
0.2937267547002423 0
0.2937374176817825 0
0.29375234585593885 0
0.29376087624117103 0
0.31710214283277033 0
0.31711280581431056 0
0.31712133619954275 0
0.317129866584775 0
0.3171383969700072 0
0.32176186576585797 0
0.32177252874739826 0
0.3217874569215546 0
0.32179598730678677 0
0.34488134234142015 0
0.3448920053229604 0
0.34490053570819257 0
0.34490906609342475 0
0.344917596478657 0
0.3495410652745078 0
0.349551728256048 0
0.3495666564302044 0
0.3495751868154366 0
0.37266907223530216 0
0.3726797352168424 0
0.3726882656020746 0
0.37269679598730676 0
0.372705326372539 0
0.3773287951683898 0
0.37733945814993003 0
0.3773543863240864 0
0.3773629167093186 0
0.40046533251441635 0
0.4004759954959566 0
0.40048452588118877 0
0.400493056266421 0
0.4005015866516532 0
0.405125055447504 0
0.4051357184290443 0
0.4051506466032006 0
0.4051591769884328 0
0.47706605930323814 0
0.4770767222847784 0
0.47708525267001056 0
0.47709378305524275 0
0.477102313440475 0
0.4817257822363258 0
0.481736445217866 0
0.4817513733920224 0
0.4817599037772546 0
0.5050755792131573 0
0.5050862421946976 0
0.5050947725799297 0
0.5051033029651619 0
0.5051118333503941 0
0.509735302146245 0
0.5097459651277851 0
0.5097608933019415 0
0.5097694236871737 0
0.5328547787218071 0
0.5328654417033474 0
0.5328739720885796 0
0.5328825024738117 0
0.5328910328590439 0
0.5375145016548948 0
0.537525164636435 0
0.5375400928105913 0
0.5375486231958235 0
0.5606425086156891 0
0.5606531715972294 0
0.5606617019824616 0
0.5606702323676938 0
0.5606787627529259 0
0.5653022315487768 0
0.565312894530317 0
0.5653278227044733 0
0.5653363530897055 0
0.5884387688948033 0
0.5884494318763436 0
0.5884579622615758 0
0.588466492646808 0
0.5884750230320401 0
0.593098491827891 0
0.5931091548094312 0
0.5931240829835875 0
0.5931326133688197 0
0.6650394956836251 0
0.6650501586651654 0
0.6650586890503976 0
0.6650672194356297 0
0.6650757498208619 0
0.6696992186167128 0
0.669709881598253 0
0.6697248097724093 0
0.6697333401576415 0
0.6930490155935443 0
0.6930596785750844 0
0.6930682089603166 0
0.6930767393455488 0
0.693085269730781 0
0.6977087385266318 0
0.6977194015081721 0
0.6977343296823284 0
0.6977428600675607 0
0.720828215102194 0
0.7208388780837343 0
0.7208474084689664 0
0.7208559388541986 0
0.7208644692394308 0
0.7254879380352817 0
0.725498601016822 0
0.7255135291909782 0
0.7255220595762104 0
0.748615944996076 0
0.7486266079776163 0
0.7486351383628485 0
0.7486436687480806 0
0.7486521991333128 0
0.7532756679291637 0
0.753286330910704 0
0.7533012590848602 0
0.7533097894700924 0
0.7764122052751903 0
0.7764228682567305 0
0.7764313986419626 0
0.7764399290271948 0
0.776448459412427 0
0.7810719282082779 0
0.7810825911898182 0
0.7810975193639744 0
0.7811060497492067 0
0.8517525676459549 0
0.8517632306274951 0
0.8517717610127273 0
0.8517802913979595 0
0.8517888217831917 0
0.8564122905790426 0
0.8564229535605828 0
0.8564378817347391 0
0.8564464121199713 0
0.879762087555874 0
0.8797727505374142 0
0.8797812809226465 0
0.8797898113078787 0
0.8797983416931109 0
0.8844218104889617 0
0.8844324734705019 0
0.8844474016446583 0
0.8844559320298905 0
0.9075412870645239 0
0.907551950046064 0
0.9075604804312962 0
0.9075690108165285 0
0.9075775412017607 0
0.9122010099976114 0
0.9122116729791517 0
0.9122266011533081 0
0.9122351315385403 0
0.9353290169584059 0
0.935339679939946 0
0.9353482103251782 0
0.9353567407104105 0
0.9353652710956427 0
0.9399887398914935 0
0.9399994028730337 0
0.9400143310471901 0
0.9400228614324223 0
