0.20893472549220324 0
0.20895605145528373 0
0.20921836080117379 0
0.20948067014706384 0
0.2097429794929539 0
0.21018016173610402 0
0.2102014876991845 0
0.210482990411847 0
0.2109244378476132 0
0.2109457638106937 0
0.21096708977377418 0
0.21098841573685467 0
0.21131683556829425 0
0.21133816153137475 0
0.21157701231787626 0
0.21159833828095675 0
0.21161966424403725 0
0.21180093493022145 0
0.21182226089330194 0
0.21200353157948612 0
0.2120248575425666 0
0.21222958678813936 0
0.21225091275121985 0
0.2877021701300031 0
0.2877213634967755 0
0.28782799331217795 0
0.31637706008803357 0
0.31639625345480604 0
0.3165028832702085 0
0.3441562595966834 0
0.3441754529634558 0
0.3442820827788583 0
0.3719439894905654 0
0.3719631828573378 0
0.3720698126727403 0
0.3997402497696796 0
0.39975944313645206 0
0.3998660729518545 0
0.4763409765585014 0
0.4763601699252738 0
0.4764667997406763 0
0.5043504964684206 0
0.5043696898351929 0
0.5044763196505955 0
0.5321296959770703 0
0.5321488893438427 0
0.5322555191592452 0
0.5599174258709523 0
0.5599366192377248 0
0.5600432490531272 0
0.5877136861500666 0
0.587732879516839 0
0.5878395093322415 0
0.6643144129388883 0
0.6643336063056607 0
0.6644402361210632 0
0.6923239328488074 0
0.6923431262155799 0
0.6924497560309824 0
0.7201031323574573 0
0.7201223257242297 0
0.7202289555396322 0
0.7478908622513393 0
0.7479100556181117 0
0.7480166854335142 0
0.7756871225304535 0
0.7757063158972259 0
0.7758129457126284 0
0.8510274849012182 0
0.8510466782679906 0
0.8511533080833931 0
0.8790370048111372 0
0.8790561981779097 0
0.8791628279933121 0
0.906816204319787 0
0.9068353976865595 0
0.906942027501962 0
0.934603934213669 0
0.9346231275804415 0
0.934729757395844 0
