0.1296533251441635 1
0.12968531408878425 2
0.14206503565701026 3
0.14210982017947932 4
0.1452724605043164 5
0.1453300406046337 6
0.17209838946326816 7
0.1721431739857372 8
0.17218795850820623 9
0.17223274303067526 10
0.1790293274644283 11
0.25353371208243763 12
0.25362541372368375 13
0.25370218719077353 14
0.2902143685808851 14
0.29030607022213123 14
0.290770976217286 14
0.29123588221244073 14
0.29170078820759543 14
0.2921656942027502 14
0.30052973692291945 14
0.30069181424233116 14
0.3182686730132733 14
0.3183603746545194 14
0.31882528064967414 14
0.3192901866448289 14
0.31975509263998364 14
0.32021999863513834 14
0.32856484798853514 14
0.3287269253079469 14
0.3460478725219231 14
0.3461395741631692 14
0.34660448015832396 14
0.3470693861534787 14
0.3475342921486334 14
0.34799919814378816 14
0.35634404749718496 14
0.3565061248165967 14
0.3738356024158051 14
0.3739273040570512 14
0.37439221005220596 14
0.3748571160473607 14
0.3753220220425154 14
0.37578692803767016 14
0.38413177739106696 14
0.3842938547104787 14
0.4016318626949193 14
0.4017235643361654 14
0.40218847033132016 14
0.4026533763264749 14
0.40311828232162966 14
0.4035831883167844 14
0.4119280376701812 14
0.4120901149895929 14
0.4782325894837411 14
0.4783242911249872 14
0.47878919712014195 14
0.4792541031152967 14
0.47971900911045146 14
0.48018391510560615 14
0.48852876445900295 14
0.4886908417784147 14
0.5062421093936602 14
0.5063338110349064 14
0.5067987170300611 14
0.5072636230252158 14
0.5077285290203706 14
0.5081934350155253 14
0.5165382843689221 14
0.5167003616883339 14
0.53402130890231 14
0.5341130105435562 14
0.5345779165387109 14
0.5350428225338656 14
0.5355077285290204 14
0.5359726345241751 14
0.544317483877572 14
0.5444795611969837 14
0.561809038796192 14
0.5619007404374382 14
0.5623656464325929 14
0.5628305524277476 14
0.5632954584229024 14
0.5637603644180571 14
0.572105213771454 14
0.5722672910908657 14
0.5896052990753062 14
0.5896970007165524 14
0.5901619067117071 14
0.5906268127068618 14
0.5910917187020166 14
0.5915566246971713 14
0.5999014740505682 14
0.6000635513699799 14
0.666206025864128 14
0.6662977275053742 14
0.6667626335005289 14
0.6672275394956836 14
0.6676924454908384 14
0.6681573514859931 14
0.6765022008393899 14
0.6766642781588017 14
0.6942155457740472 14
0.6943072474152933 14
0.6947721534104481 14
0.6952370594056028 14
0.6957019654007575 14
0.6961668713959123 14
0.704511720749309 14
0.7046737980687208 14
0.7219947452826969 14
0.7220864469239431 14
0.7225513529190978 14
0.7230162589142526 14
0.7234811649094073 14
0.7239460709045621 14
0.7322909202579588 14
0.7324529975773706 14
0.7497824751765789 14
0.7498741768178251 14
0.7503390828129798 14
0.7508039888081346 14
0.7512688948032893 14
0.7517338007984441 14
0.7600786501518408 14
0.7602407274712526 14
0.7775787354556932 14
0.7776704370969393 14
0.7781353430920941 14
0.7786002490872488 14
0.7790651550824035 14
0.7795300610775583 14
0.787874910430955 14
0.7880369877503668 14
0.8529190978264578 14
0.853010799467704 14
0.8534757054628587 14
0.8539406114580135 14
0.8544055174531682 14
0.854870423448323 14
0.8632152728017197 14
0.8633773501211315 14
0.880928617736377 14
0.881020319377623 14
0.8814852253727778 14
0.8819501313679325 14
0.8824150373630874 14
0.882879943358242 14
0.8912247927116389 14
0.8913868700310505 14
0.9087078172450268 14
0.9087995188862729 14
0.9092644248814277 14
0.9097293308765824 14
0.9101942368717372 14
0.9106591428668919 14
0.9190039922202887 14
0.9191660695397004 14
0.9364955471389088 14
0.9365872487801549 14
0.9370521547753097 14
0.9375170607704644 14
0.9379819667656192 14
0.9384468727607739 14
0.9467917221141707 14
0.9469537994335824 14
