0.14568831678438598 1
0.1457011123622343 2
0.14938623878254342 3
0.1494160951308561 4
0.1494288907087044 5
0.1494416862865527 6
0.149454481864401 6
0.1494672774422493 6
0.16034138601699252 7
0.16035418159484083 8
0.1603669771726891 9
0.1603797727505374 9
0.16039256832838572 10
0.160405363906234 10
0.1604181594840823 10
0.16043095506193059 10
0.1604437506397789 10
0.1604565462176272 10
0.1619600266148019 11
0.16197282219265022 12
0.16198561777049852 12
0.1619984133483468 12
0.1620112089261951 12
0.1620240045040434 12
0.1620368000818917 12
0.16204959565974 12
0.16206239123758828 12
0.1620751868154366 12
0.16208798239328487 12
0.16210077797113318 12
0.16449994881768862 13
0.1645127443955369 14
0.1645255399733852 14
0.16453833555123348 14
0.1645511311290818 14
0.1645639267069301 14
0.16457672228477838 14
0.16458951786262668 14
0.16460231344047496 14
0.16461510901832327 14
0.16462790459617158 14
0.16464070017401986 14
0.16465349575186816 14
0.16466629132971644 14
0.1667796942709933 14
0.16679248984884157 14
0.16680528542668988 14
0.16681808100453815 14
0.16683087658238646 14
0.16684367216023477 14
0.16685646773808305 14
0.16686926331593135 14
0.16688205889377963 14
0.16689485447162794 14
0.1689144231753506 15
0.16892721875319888 15
0.1689400143310472 15
0.1689528099088955 15
0.16896560548674378 15
0.16897840106459208 15
0.16899119664244036 15
0.16900399222028867 15
0.16901678779813697 15
0.16902958337598525 15
0.16904237895383356 15
0.16905517453168184 15
0.17423098577131743 15
0.1742608421196301 15
0.17427363769747842 15
0.1751821237247074 15
0.1751949193025557 15
0.1769649742382366 15
0.1769948305865493 15
0.17700762616439758 15
0.1770204217422459 15
0.17789052103592998 16
0.17790331661377828 16
0.17791611219162656 16
0.17792890776947487 16
0.1810424983792268 17
0.1810552939570751 17
0.18565103900092128 18
0.1952093356535981 18
0.1952391920019108 18
0.1952519875797591 18
0.1952647831576074 18
0.1952775787354557 18
0.19529037431330398 18
0.1988965946702153 18
0.198926451018528 18
0.1989392465963763 18
0.19895204217422457 18
