0.2149187907325895 1
0.2260125567270618 2
0.22620662299109429 3
0.22638362848466237 4
0.22647746272221653 5
0.22675896543487903 6
0.22685919746135735 7
0.22696795987306786 8
0.22713643498140376 9
0.227234534411574 10
0.22734116422697648 11
0.2313803016344218 12
0.23154664414644965 13
0.23164261098031186 14
0.23183241205172825 15
0.23470075408605454 16
0.2349289418910158 17
0.23810864298631726 18
0.23820887501279558 19
0.2403606646876173 20
0.2406634933633603 21
0.2627337325553622 22
0.2635569147302692 23
0.26487272665233563 24
0.2704004162827993 25
0.271511498959293 26
0.277310028320879 27
0.2782739618521172 28
0.29304645647797456 29
0.29313815811922067 30
0.2932298597604668 31
0.2933215614017129 32
0.3017111952775787 33
0.3018114273040571 34
0.30200122837547344 35
0.30209293001671955 36
0.30218889685058176 37
0.3023893609035384 38
0.30246826696693624 39
