0.22590592691165934 0
0.23080663322755657 0
0.23415267683488586 0
0.23742621216774148 0
0.23967183608011738 0
0.2421264544306821 0
0.24456614460709045 0
0.24756884020882383 0
0.2521411266932815 0
0.29229364998123314 0
0.29641382604838434 0
0.30097118435868564 0
0.3203479544136213 0
0.3244489371140001 0
0.3290062954243014 0
0.3481271539222711 0
0.3522281366226499 0
0.3567854949329512 0
0.3759148838161531 0
0.3800158665165319 0
0.3845732248268332 0
0.4037111440952673 0
0.4078121267956461 0
0.4123694851059474 0
0.4803118708840891 0
0.4844128535844679 0
0.4889702118947692 0
0.5083213907940083 0
0.512422373494387 0
0.5169797318046883 0
0.5361005903026581 0
0.5402015730030368 0
0.5447589313133381 0
0.5638883201965401 0
0.5679893028969188 0
0.5725466612072201 0
0.5916845804756543 0
0.595785563176033 0
0.6003429214863343 0
0.6682853072644761 0
0.6723862899648548 0
0.6769436482751561 0
0.6962948271743952 0
0.7003958098747739 0
0.7049531681850753 0
0.724074026683045 0
0.7281750093834237 0
0.7327323676937251 0
0.751861756576927 0
0.7559627392773057 0
0.7605200975876071 0
0.7796580168560412 0
0.7837589995564199 0
0.7883163578667213 0
0.8549983792268059 0
0.8590993619271846 0
0.863656720237486 0
0.8830078991367251 0
0.8871088818371038 0
0.891666240147405 0
0.9107870986453748 0
0.9148880813457536 0
0.9194454396560549 0
0.9385748285392568 0
0.9426758112396356 0
0.9472331695499369 0
