0.20099293684102773 1
0.22415080015013478 2
0.23033106425086156 3
0.23402685365271095 4
0.23730252158187465 5
0.23955027809055857 6
0.24200489644112327 7
0.24444458661753166 8
0.24744301702664892 9
0.285838280956768 9
0.28976652335619474 9
0.2948101136247313 9
0.314709369775139 9
0.31782082778858295 9
0.32284522469034704 9
0.34248856928378885 9
0.34560002729723277 9
0.3506244241989968 9
0.37027629917767085 9
0.3733877571911148 9
0.3784121540928788 9
0.39807255945678505 9
0.40118401747022897 9
0.40620841437199307 9
0.47467328624560684 9
0.47778474425905076 9
0.4828091411608148 9
0.502682806155526 9
0.5057942641689699 9
0.5108186610707339 9
0.5304620056641758 9
0.5335734636776197 9
0.5385978605793837 9
0.5582497355580578 9
0.5613611935715017 9
0.5663855904732658 9
0.586045995837172 9
0.5891574538506159 9
0.59418185075238 9
0.6626467226259938 9
0.6657581806394377 9
0.6707825775412017 9
0.690656242535913 9
0.6937677005493568 9
0.6987920974511209 9
0.7184354420445628 9
0.7215469000580066 9
0.7265712969597707 9
0.7462231719384448 9
0.7493346299518886 9
0.7543590268536527 9
0.774019432217559 9
0.7771308902310028 9
0.7821552871327669 9
0.8493597945883236 9
0.8524712526017675 9
0.8574956495035316 9
0.8773693144982427 9
0.8804807725116867 9
0.8855051694134507 9
0.9051485140068926 9
0.9082599720203365 9
0.9132843689221005 9
0.9329362439007746 9
0.9360477019142185 9
0.9410720988159825 9
