0.12318942573446617 1
0.12378228750810387 2
0.12623264066605247 3
0.12668475108335892 3
0.12730107141638516 4
0.12785981164909407 4
0.13949312450950285 5
0.1431185382331866 6
0.14847135496639027 7
0.15055063636673832 8
0.1611325792472788 9
0.1626723137816904 10
0.16593518613300576 10
0.16774789299484766 11
0.17142662162623265 12
0.17330970416624014 13
0.17589867608421197 14
0.1763060019790494 15
0.1793065649844747 16
0.18185928276520968 16
0.18226234346743098 16
0.18422859726345242 16
0.18489183471525575 16
0.1863569283788856 16
0.1960175896543488 16
0.19674693759170164 16
0.19822269423687175 17
