0.21482282389872726 0
0.21933326509025147 0
0.2205211212338349 0
0.22211203807963967 0
0.22914534070358616 0
0.23264493124509503 0
0.23591846657795065 0
0.23921972566281094 0
0.24167434401337565 0
0.244114034189784 0
0.24645775753233015 0
0.2542779881939468 0
0.2607162964479476 0
0.26249701436516876 0
0.26387680417647663 0
0.26598167673252127 0
0.2676131129081789 0
0.2694044938069403 0
0.2712427918244788 0
0.2723538745009725 0
0.2734713549663903 0
0.2745205923499505 0
0.2834049885692838 0
0.2840426348653905 0
0.28471013750980995 0
0.30319548230798105 0
0.30411889650936635 0
0.30518732725969905 0
0.3059827856826014 0
0.3068934043061385 0
0.3127729723274303 0
0.31341061862353703 0
0.3140781212679565 0
0.3312028696215921 0
0.33212628382297743 0
0.3331947145733101 0
0.33399017299621253 0
0.33490079161974956 0
0.340547906643464 0
0.34118555293957076 0
0.34185305558399015 0
0.35898633432285804 0
0.35990974852424334 0
0.36097817927457604 0
0.36177363769747845 0
0.3626842563210155 0
0.36833137134472993 0
0.36896901764083667 0
0.36963652028525606 0
0.38677832940935614 0
0.38770174361074144 0
0.38877017436107414 0
0.38956563278397655 0
0.3904762514075136 0
0.39612336643122803 0
0.39676101272733477 0
0.39742851537175417 0
0.4145788548810864 0
0.4155022690824718 0
0.4165706998328044 0
0.41736615825570683 0
0.41827677687924386 0
0.4727411539905142 0
0.47337880028662094 0
0.4740463029310404 0
0.491168918688368 0
0.4920923328897533 0
0.493160763640086 0
0.49395622206298834 0
0.4948668406865254 0
0.5007464087078173 0
0.501384055003924 0
0.5020515576483434 0
0.5191763060019791 0
0.5200997202033644 0
0.5211681509536971 0
0.5219636093765995 0
0.5228742280001365 0
0.528521343023851 0
0.5291589893199576 0
0.5298264919643771 0
0.546959770703245 0
0.5478831849046303 0
0.548951615654963 0
0.5497470740778654 0
0.5506576927014024 0
0.5563048077251168 0
0.5569424540212236 0
0.5576099566656431 0
0.5747517657897431 0
0.5756751799911284 0
0.5767436107414611 0
0.5775390691643635 0
0.5784496877879005 0
0.584096802811615 0
0.5847344491077217 0
0.5854019517521412 0
0.6025522912614734 0
0.6034757054628587 0
0.6045441362131914 0
0.6053395946360938 0
0.6062502132596308 0
0.6607145903709012 0
0.6613522366670079 0
0.6620197393114273 0
0.6791423550687549 0
0.6800657692701403 0
0.681134200020473 0
0.6819296584433753 0
0.6828402770669123 0
0.6887198450882042 0
0.6893574913843109 0
0.6900249940287303 0
0.7071497423823659 0
0.7080731565837514 0
0.7091415873340841 0
0.7099370457569864 0
0.7108476643805234 0
0.7164947794042379 0
0.7171324257003446 0
0.717799928344764 0
0.7349332070836319 0
0.7358566212850173 0
0.73692505203535 0
0.7377205104582523 0
0.7386311290817893 0
0.7442782441055038 0
0.7449158904016105 0
0.7455833930460299 0
0.76272520217013 0
0.7636486163715154 0
0.7647170471218481 0
0.7655125055447504 0
0.7664231241682874 0
0.7720702391920019 0
0.7727078854881086 0
0.773375388132528 0
0.7905257276418604 0
0.7914491418432457 0
0.7925175725935784 0
0.7933130310164807 0
0.7942236496400178 0
0.847427662333231 0
0.8480653086293377 0
0.8487328112737571 0
0.8658554270310848 0
0.8667788412324701 0
0.8678472719828028 0
0.8686427304057052 0
0.8695533490292422 0
0.875432917050534 0
0.8760705633466407 0
0.8767380659910602 0
0.8938628143446958 0
0.8947862285460811 0
0.8958546592964138 0
0.8966501177193162 0
0.8975607363428533 0
0.9032078513665677 0
0.9038454976626744 0
0.9045130003070939 0
0.9216462790459617 0
0.9225696932473471 0
0.9236381239976797 0
0.9244335824205822 0
0.9253442010441192 0
0.9309913160678336 0
0.9316289623639403 0
0.9322964650083598 0
0.9494382741324598 0
0.9503616883338452 0
0.9514301190841778 0
0.9522255775070803 0
0.9531361961306173 0
