0.42825306240829836 0
0.4288373937967039 0
0.437845480601904 0
0.43835517111952776 0
0.44720118060531616 0
0.4477108711229399 0
0.4556270686184188 0
0.45613675913604257 0
0.4643920394445013 0
0.4649017299621251 0
0.6161753164772921 0
0.6167596478656976 0
0.6246417238202477 0
0.6251514143378715 0
0.6329737775957962 0
0.63348346811342 0
0.6425256764595489 0
0.6430353669771727 0
0.6523654758248882 0
0.6528751663425121 0
0.8040655816016651 0
0.8046499129900706 0
0.8136068174838775 0
0.8141165080015014 0
0.8218876889480329 0
0.8223973794656567 0
0.8303135769611356 0
0.8308232674787593 0
0.839078547787218 0
0.8395882383048419 0
0.9630890231002832 0
0.9636733544886887 0
0.9726494523492681 0
0.9731591428668919 0
0.9822013512130208 0
0.9827110417306446 0
0.9920411505783601 0
0.9925508410959839 0
