0.061762121677414954 1
0.10059883304330024 2
0.10536518579179036 3
0.10673857781417409 3
0.10810770464394172 3
0.10945124031801276 3
0.11082036714778039 3
0.12615373460265467 4
0.19282509298119904 5
0.2827438837137885 5
0.3121161326645511 5
0.33989106698058486 5
0.36767453168185077 5
0.39546652676834887 5
0.47208004913501894 5
0.5000895690449381 5
0.5278645033609718 5
0.5556479680622377 5
0.5834399631487358 5
0.6600534855154059 5
0.6880630054253251 5
0.7158379397413587 5
0.7436214044426246 5
0.7714133995291227 5
0.8467665574777357 5
0.8747760773876548 5
0.9025510117036886 5
0.9303344764049545 5
