0.2555191592452315 1
0.25642124748353634 2
0.27969853618589413 2
0.30932029890469853 2
0.3372850342921486 2
0.36506849899341454 2
0.39286049407991264 2
0.42284266557477734 2
0.4326014262804108 2
0.44202536936568054 2
0.4502913126556795 2
0.45870227249462586 2
0.46903470160712457 2
0.49729373528508547 2
0.5252584706725356 2
0.5530419353738015 2
0.5808339304602996 2
0.6108161019551643 2
0.6194488518101477 2
0.6277467840447675 2
0.6371387381854164 2
0.6466757088750128 2
0.6570081379875116 2
0.6852671716654725 2
0.7132319070529225 2
0.7410153717541884 2
0.7688073668406865 2
0.7986551847681441 2
0.8084139454737777 2
0.8167118777083973 2
0.8249778209983963 2
0.8333887808373426 2
0.8437212099498413 2
0.8719802436278022 2
0.8999449790152523 2
0.9277284437165182 2
0.9576956870372266 2
0.9674224587982393 2
0.9768144129388883 2
0.9863513836284846 2
