0.10544622445149623 0
0.10552513051489405 0
0.10560830177090798 0
0.10568934043061384 0
0.10582369399802095 0
0.10602202545466953 0
0.10681961647387996 0
0.10689852253727779 0
0.1069816937932917 0
0.10706273245299758 0
0.10719708602040467 0
0.10739115228443717 0
0.1081887433036476 0
0.10826764936704542 0
0.10835082062305934 0
0.1084318592827652 0
0.10856621285017232 0
0.1087602791142048 0
0.10953227897771864 0
0.10961118504111646 0
0.10969435629713038 0
0.10977539495683625 0
0.10990974852424336 0
0.11010381478827584 0
0.11090140580748627 0
0.11098031187088409 0
0.11106348312689801 0
0.11114452178660389 0
0.11127887535401099 0
0.11147294161804347 0
0.20683625072508274 0
0.20705164295219572 0
0.20713907940082574 0
0.20838025045211042 0
0.2085572559456785 0
0.2123660729518545 0
0.21249829392295355 0
0.2126689016275975 0
0.2485327737400621 0
0.24861381239976799 0
0.2492343979254103 0
0.2494114034189784 0
0.24958201112362235 0
0.2497312928651858 0
0.2500042651926161 0
0.25295791107926435 0
0.25303894973897023 0
0.25326073975500735 0
0.2760880506363667 0
0.28713489951206195 0
0.28734176135394274 0
0.2879196949534241 0
0.28805191592452317 0
0.2882225236291671 0
0.2988407206469444 0
0.29892175930665027 0
0.29917980345992423 0
0.2993568089534923 0
0.29952741665813626 0
0.29967669839969974 0
0.29994967072713 0
0.31596333640427204 0
0.3161701982461528 0
0.3165945849114546 0
0.31672680588255364 0
0.3168974135871976 0
0.3268758317125601 0
0.326956870372266 0
0.32721491452553997 0
0.32739192001910805 0
0.327562527723752 0
0.3277118094653155 0
0.32798478179274576 0
0.3437425359129218 0
0.3439493977548026 0
0.3443737844201044 0
0.34450600539120346 0
0.3446766130958474 0
0.35465503122120995 0
0.3547360698809158 0
0.3549941140341898 0
0.3551711195277579 0
0.3553417272324018 0
0.35549100897396524 0
0.3557639813013956 0
0.3715302658068038 0
0.3717371276486846 0
0.3721615143139864 0
0.37229373528508547 0
0.3724643429897294 0
0.38244276111509196 0
0.38252379977479783 0
0.3827818439280718 0
0.3829588494216399 0
0.3831294571262838 0
0.38327873886784725 0
0.3835517111952776 0
0.39932652608591807 0
0.3995333879277988 0
0.3999577745931006 0
0.40008999556419966 0
0.4002606032688436 0
0.41023902139420615 0
0.41032006005391203 0
0.410578104207186 0
0.4107551097007541 0
0.410925717405398 0
0.4110749991469615 0
0.4113479714743918 0
0.4759272528747398 0
0.4761341147166206 0
0.4765585013819224 0
0.47669072235302146 0
0.4768613300576654 0
0.48683974818302794 0
0.4869207868427338 0
0.4871788309960078 0
0.48735583648957587 0
0.4875264441942198 0
0.48767572593578323 0
0.4879486982632136 0
0.503936772784659 0
0.5041436346265398 0
0.5045680212918415 0
0.5047002422629406 0
0.5048708499675846 0
0.5148492680929471 0
0.5149303067526529 0
0.515188350905927 0
0.515365356399495 0
0.5155359641041389 0
0.5156852458457024 0
0.5159582181731327 0
0.5317159722933088 0
0.5319228341351896 0
0.5323472208004913 0
0.5324794417715905 0
0.5326500494762344 0
0.5426284676015969 0
0.5427095062613028 0
0.5429675504145767 0
0.5431445559081448 0
0.5433151636127888 0
0.5434644453543522 0
0.5437374176817825 0
0.5595037021871908 0
0.5597105640290716 0
0.5601349506943734 0
0.5602671716654725 0
0.5604377793701164 0
0.5704161974954789 0
0.5704972361551848 0
0.5707552803084587 0
0.5709322858020268 0
0.5711028935066708 0
0.5712521752482342 0
0.5715251475756645 0
0.587299962466305 0
0.5875068243081858 0
0.5879312109734876 0
0.5880634319445867 0
0.5882340396492306 0
0.5982124577745931 0
0.598293496434299 0
0.598551540587573 0
0.598728546081141 0
0.598899153785785 0
0.5990484355273484 0
0.5993214078547787 0
0.6639006892551268 0
0.6641075510970076 0
0.6645319377623093 0
0.6646641587334084 0
0.6648347664380524 0
0.6748131845634149 0
0.6748942232231208 0
0.6751522673763947 0
0.6753292728699628 0
0.6754998805746067 0
0.6756491623161702 0
0.6759221346436005 0
0.6919102091650459 0
0.6921170710069267 0
0.6925414576722285 0
0.6926736786433275 0
0.6928442863479715 0
0.7028227044733341 0
0.7029037431330399 0
0.7031617872863138 0
0.703338792779882 0
0.7035094004845259 0
0.7036586822260893 0
0.7039316545535197 0
0.7196894086736957 0
0.7198962705155765 0
0.7203206571808783 0
0.7204528781519773 0
0.7206234858566213 0
0.7306019039819839 0
0.7306829426416896 0
0.7309409867949637 0
0.7311179922885318 0
0.7312885999931756 0
0.7314378817347391 0
0.7317108540621694 0
0.7474771385675777 0
0.7476840004094585 0
0.7481083870747604 0
0.7482406080458593 0
0.7484112157505033 0
0.7583896338758659 0
0.7584706725355717 0
0.7587287166888457 0
0.7589057221824138 0
0.7590763298870578 0
0.7592256116286211 0
0.7594985839560514 0
0.7752733988466919 0
0.7754802606885727 0
0.7759046473538745 0
0.7760368683249735 0
0.7762074760296175 0
0.7861858941549801 0
0.786266932814686 0
0.7865249769679599 0
0.786701982461528 0
0.786872590166172 0
0.7870218719077353 0
0.7872948442351657 0
0.8506137612174566 0
0.8508206230593374 0
0.8512450097246391 0
0.8513772306957382 0
0.8515478384003822 0
0.8615262565257447 0
0.8616072951854505 0
0.8618653393387246 0
0.8620423448322926 0
0.8622129525369365 0
0.8623622342785 0
0.8626352066059303 0
0.8786232811273758 0
0.8788301429692565 0
0.8792545296345583 0
0.8793867506056573 0
0.8795573583103012 0
0.8895357764356638 0
0.8896168150953697 0
0.8898748592486436 0
0.8900518647422118 0
0.8902224724468557 0
0.8903717541884192 0
0.8906447265158495 0
0.9064024806360256 0
0.9066093424779063 0
0.9070337291432081 0
0.9071659501143071 0
0.9073365578189511 0
0.9173149759443137 0
0.9173960146040195 0
0.9176540587572934 0
0.9178310642508616 0
0.9180016719555055 0
0.918150953697069 0
0.9184239260244993 0
0.9341902105299076 0
0.9343970723717883 0
0.9348214590370901 0
0.9349536800081891 0
0.9351242877128331 0
0.9451027058381957 0
0.9451837444979015 0
0.9454417886511755 0
0.9456187941447436 0
0.9457894018493875 0
0.945938683590951 0
0.9462116559183813 0
