0.1250917016412461 0
0.12512155798955882 0
0.1251386187600232 0
0.14160439485447163 0
0.1416342512027843 0
0.1416513119732487 0
0.1456072781246801 0
0.14564353226191695 0
0.14566059303238135 0
0.14567765380284572 0
0.14569044938069403 0
0.14570324495854234 0
0.14698067014706384 0
0.1492988023339134 0
0.1493414542600744 0
0.1493585150305388 0
0.14937557580100316 0
0.14938837137885147 0
0.14940543214931587 0
0.14941822772716415 0
0.14943102330501246 0
0.14944381888286076 0
0.14945661446070904 0
0.14946941003855735 0
0.1602838059166752 0
0.1603136622649879 0
0.1603307230354523 0
0.16034351861330057 0
0.16035631419114887 0
0.16036910976899718 0
0.16038190534684546 0
0.16039470092469377 0
0.16040749650254205 0
0.16042029208039035 0
0.16043308765823863 0
0.16044588323608694 0
0.16045867881393525 0
0.1619024465144846 0
0.16193230286279728 0
0.16194936363326168 0
0.16196215921110999 0
0.16197495478895826 0
0.16198775036680657 0
0.16200054594465485 0
0.16201334152250316 0
0.16202613710035146 0
0.16203893267819974 0
0.16205172825604805 0
0.16206452383389633 0
0.16207731941174464 0
0.16209011498959294 0
0.16210291056744122 0
0.16444236871737128 0
0.16447222506568396 0
0.16448928583614836 0
0.16450208141399666 0
0.16451487699184494 0
0.16452767256969325 0
0.16454046814754153 0
0.16455326372538984 0
0.16456605930323814 0
0.16457885488108642 0
0.16459165045893473 0
0.164604446036783 0
0.16461724161463132 0
0.16463003719247962 0
0.1646428327703279 0
0.1646556283481762 0
0.1646684239260245 0
0.16672211417067595 0
0.16675197051898863 0
0.16676903128945303 0
0.16678182686730134 0
0.16679462244514962 0
0.16680741802299792 0
0.1668202136008462 0
0.1668330091786945 0
0.16684580475654281 0
0.1668586003343911 0
0.1668713959122394 0
0.16688419149008768 0
0.166896987067936 0
0.16885684307503326 0
0.16888669942334597 0
0.16890376019381034 0
0.16891655577165865 0
0.16892935134950696 0
0.16894214692735524 0
0.16895494250520354 0
0.16896773808305182 0
0.16898053366090013 0
0.16899332923874844 0
0.16900612481659671 0
0.16901892039444502 0
0.1690317159722933 0
0.1690445115501416 0
0.1690573071279899 0
0.17416700788207595 0
0.1742032620193128 0
0.1742203227897772 0
0.17423311836762548 0
0.17425017913808988 0
0.17426297471593818 0
0.17427577029378646 0
0.1751245436243901 0
0.17515439997270277 0
0.17517146074316717 0
0.17518425632101545 0
0.17519705189886375 0
0.17687753778960658 0
0.17692018971576756 0
0.17693725048623196 0
0.17695431125669636 0
0.17696710683454464 0
0.17698416760500904 0
0.17699696318285735 0
0.17700975876070563 0
0.17702255433855393 0
0.17783294093561267 0
0.17786279728392534 0
0.17787985805438974 0
0.17789265363223802 0
0.17790544921008633 0
0.1779182447879346 0
0.17793104036578292 0
0.18026836591940493 0
0.1802982222677176 0
0.180315283038182 0
0.18098491827890947 0
0.18101477462722215 0
0.18103183539768655 0
0.18104463097553486 0
0.18105742655338314 0
0.18559345890060394 0
0.18562331524891665 0
0.18564037601938105 0
0.18565317159722933 0
0.1856787627529259 0
0.18570435390862253 0
0.1857299450643191 0
0.19514535776435663 0
0.19518161190159347 0
0.19519867267205787 0
0.19521146824990618 0
0.19522852902037055 0
0.19524132459821886 0
0.19525412017606716 0
0.19526691575391544 0
0.19527971133176375 0
0.19529250690961203 0
0.19883261678097383 0
0.19886887091821068 0
0.19888593168867505 0
0.19889872726652336 0
0.19891578803698776 0
0.19892858361483604 0
0.19894137919268434 0
0.19895417477053265 0
