0.2154434094243696 0
0.21577822704473335 0
0.21608105572047634 0
0.21660993960487254 0
0.2169149008769236 0
0.21744591735762786 0
0.21775087862967893 0
0.21827549732145904 0
0.21951453577643568 0
0.22007540860545263 0
0.2208410106800423 0
0.220870867028355 0
0.22229330876582387 0
0.22285418159484083 0
0.2328262019312792 0
0.2333870747602962 0
0.23609973726413486 0
0.2366606100931518 0
0.24663902821851436 0
0.2471999010475313 0
0.25457441908076567 0
0.25725509263998364 0
0.2575600539120347 0
0.2594132801037295 0
0.25985259494318763 0
0.2601575562152387 0
0.26089756713413176 0
0.26150962227454194 0
0.2625460640802539 0
0.26295765516770736 0
0.2640580748626608 0
0.26467013000307094 0
0.26779438359436314 0
0.26840643873477327 0
0.2695857644931245 0
0.2701978196335347 0
0.2747018630361347 0
0.2753139181765448 0
0.28184606066809975 0
0.3110242433548299 0
0.33898897874228 0
0.3667724434435459 0
0.394564438530044 0
0.42454234483229264 0
0.4343011055379261 0
0.44372504862319584 0
0.4519909919131948 0
0.46088178592145224 0
0.4711822260893302 0
0.49899767973521686 0
0.526962415122667 0
0.5547458798239329 0
0.582537874910431 0
0.6125157812126796 0
0.621148531067663 0
0.6294464633022827 0
0.6388384174429317 0
0.6488552223018391 0
0.6591556624697171 0
0.6869711161156038 0
0.7149358515030538 0
0.7427193162043197 0
0.7705113112908178 0
0.8003548640256594 0
0.8101136247312929 0
0.8184115569659126 0
0.8266775002559116 0
0.835568294264169 0
0.8458687344320469 0
0.8736841880779336 0
0.9016489234653837 0
0.9294323881666496 0
0.9593953662947419 0
0.9691221380557546 0
0.9785140921964036 0
0.988530897055311 0
