0.2019867267205787 1
0.20213600846214216 2
0.20230661616678608 2
0.2024836216603542 2
0.20266489234653837 2
0.20304449448937115 2
0.20322576517555532 2
0.20342622922851197 2
0.20379090319718837 2
0.20401056061691747 2
0.20423661582557068 2
0.2044754666120722 2
0.2047143173985737 2
0.2048955880847579 2
0.2050768587709421 2
0.20532210734636777 2
0.20559934486641418 2
0.20578061555259836 2
0.20603865970587232 2
0.20629670385914628 2
0.2065739413791927 2
0.21311248165967175 3
0.21424489029924593 4
0.21433019415156787 5
0.2151832326747876 5
0.21525574094926128 5
0.21526853652710956 5
0.21541355307605692 5
0.21551805029515134 5
0.215590558569625 5
0.2156033541474733 5
0.21574837069642064 5
0.21605119937216366 5
0.21623460265465588 6
0.21624100044358002 7
0.2163433650663664 7
0.21641587334084006 7
0.21642866891868837 7
0.21658008325655986 7
0.2168850445286109 7
0.21706844781110315 7
0.2170748456000273 7
0.2171793428191217 7
0.21725185109359538 7
0.21726464667144368 7
0.21741606100931518 7
0.21772102228136622 7
0.21790442556385847 7
0.2179108233527826 7
0.21801532057187703 7
0.2180878288463507 7
0.218100624424199 7
0.21824564097314636 7
0.21948467942812297 7
0.21967448049953936 7
0.2198493533967994 7
0.21985575118572354 7
0.22004555225713993 7
0.22226345241751116 7
0.22245325348892755 7
0.2226281263861876 7
0.22263452417511176 7
0.22282432524652812 7
0.2232807008564507 8
0.22328709864537483 8
0.22329349643429897 9
0.22330629201214727 10
0.2233126898010714 11
0.22331908758999555 11
0.224289418910158 12
0.22430221448800627 13
0.2243086122769304 14
0.22432140785477872 15
0.22432780564370286 16
0.22439391612925239 17
0.22440031391817655 17
0.2244067117071007 17
0.22441310949602483 17
0.22442590507387314 17
0.22443230286279728 17
0.22443870065172145 17
0.22501236905858668 17
0.22501876684751082 17
0.225025164636435 17
0.22585047940765005 17
0.22585687719657419 17
0.2258696727744225 17
0.22587607056334663 17
0.2258824683522708 17
0.2280811751458696 17
0.2281515508240352 18
0.22815794861295935 18
0.22816434640188352 18
0.22817074419080766 18
0.2281771419797318 18
0.22824111986897327 18
0.22824751765789744 18
0.2292796942709933 18
0.22928609205991743 18
0.22945883236086942 18
0.22946523014979356 18
0.2305357934964343 18
0.2307213293752346 19
0.23279634558296652 19
0.23298614665438291 19
0.23316101955164295 19
0.2331674173405671 19
0.23335721841198348 19
0.23606988091582215 19
0.23625968198723854 19
0.23643455488449858 19
0.23644095267342274 19
0.2366307537448391 19
0.24660917187020165 19
0.24679897294161804 19
0.24697384583887808 19
0.24698024362780224 19
0.2471700446992186 19
0.25019619886034056 19
0.25036254137236835 19
0.2505288838843962 19
0.25069522639642405 19
0.2508615689084519 19
0.25102791142047975 19
0.2511942539325076 19
0.25136059644453546 19
0.25152693895656325 19
0.2516932814685911 19
0.25185962398061895 19
0.2520259664926468 19
0.2538877230695738 19
0.25390051864742214 20
0.2539133142252704 20
0.2539261098031187 20
0.254544562732453 20
0.2547343638038694 20
0.2549092367011294 20
0.25491563449005356 20
0.25515661787286315 20
0.25525684989934144 20
0.256103490633637 20
0.25698851810147744 20
0.25706102637595113 20
0.2570738219537994 20
0.25722523629167093 20
0.257530197563722 20
0.2577136008462142 20
0.25771999863513834 20
0.2578436892210052 20
0.2579161974954789 20
0.2579289930733272 20
0.2580804074111987 20
0.25837683829801755 20
0.2585517111952776 20
0.25855810898420173 20
0.2591488381615314 20
0.25922134643600503 20
0.25923414201385336 20
0.2593834237554168 20
0.2596585286791552 20
0.25967132425700346 20
0.2598227385948749 20
0.26012769986692597 20
0.26031110314941824 20
0.2603175009383424 20
0.2608677107858191 20
0.26105751185723547 20
0.2612323847544955 20
0.26123878254341965 20
0.26147976592622924 20
0.26189562220629886 20
0.261902019995223 20
0.26210035145187155 20
0.2621067492407957 20
0.26309627392773055 20
0.26310267171665475 20
0.2633393899068482 20
0.2640282185143481 20
0.2642180195857645 20
0.26439289248302456 20
0.2643992902719487 20
0.26464027365475823 20
0.2655061077558262 20
0.26611603029992836 20
0.2661224280888525 20
0.2662951683898045 20
0.26630156617872863 20
0.26776452724605043 20
0.2679543283174668 20
0.26812920121472683 20
0.268135599003651 20
0.26837658238646056 20
0.26955590814481184 20
0.2697457092162282 20
0.26992058211348824 20
0.2699269799024124 20
0.27016796328522197 20
0.27467200668782205 20
0.2748618077592384 20
0.27503668065649844 20
0.2750430784454226 20
0.2752840618282322 20
0.27580228273108814 20
0.2758086805200123 21
0.27582147609786056 21
0.28158588391851774 21
0.28165839219299144 21
0.2816711877708397 21
0.2818162043197871 21
0.286228546081141 21
0.28639488859316886 21
0.28659322004981747 21
0.2868811205514041 21
0.2935732077660627 21
0.29357960555498686 21
0.2947333401576415 21
0.29473973794656566 21
0.2947461357354898 21
0.29475893131333814 21
0.2947653291022623 21
0.2947717268911864 21
0.2949295390179821 21
0.29494233459583036 21
0.2949487323847545 21
0.2949615279626028 21
0.2949679257515269 21
0.29503403623707647 21
0.2950404340260006 21
0.29504683181492475 21
0.2950532296038489 21
0.2950660251816972 21
0.29507242297062136 21
0.2950788207595455 21
0.295661019551643 21
0.2956674173405671 21
0.29567381512949126 21
0.2963583785443751 21
0.2963647763332992 21
0.2963775719111475 21
0.29638396970007164 21
0.2963903674889958 21
0.2985762787047463 21
0.29864665438291194 21
0.2986530521718361 21
0.2986594499607602 21
0.29866584774968435 21
0.29867224553860855 21
0.29873622342785 21
0.29874262121677414 21
0.30015866516531886 21
0.300858156754359 21
0.30471175828300406 21
0.3047181560719282 21
0.3047309516497765 21
0.3107640666052479 21
0.31083657487972155 21
0.3108493704575699 21
0.3109943870065172 21
0.31505698297335105 21
0.3152233254853789 21
0.3154216569420275 21
0.3157095574436142 21
0.32160831883167845 21
0.3216147166206026 21
0.32276845122325726 21
0.3227748490121814 21
0.32278124680110554 21
0.3227940423789538 21
0.32280044016787796 21
0.32280683795680215 21
0.32296465008359776 21
0.3229774456614461 21
0.32298384345037023 21
0.3229966390282185 21
0.32300303681714265 21
0.3230691473026922 21
0.32307554509161635 21
0.3230819428805405 21
0.3230883406694646 21
0.3231011362473129 21
0.3231075340362371 21
0.32311393182516124 21
0.32369613061725866 21
0.3237025284061828 21
0.323708926195107 21
0.32439348960999076 21
0.32439988739891495 21
0.32441268297676323 21
0.3244190807656874 21
0.3244254785546115 21
0.326611389770362 21
0.3266817654485277 21
0.3266881632374518 21
0.32669456102637595 21
0.3267009588153001 21
0.32670735660422423 21
0.32677133449346574 21
0.3267777322823899 21
0.3281937762309346 21
0.32889326781997474 21
0.33271914559661514 21
0.3327255433855393 21
0.3327383389633876 21
0.338728801992698 21
0.33880131026717164 21
0.33881410584502 21
0.3389591223939673 21
0.3428361824820009 21
0.3430025249940287 21
0.3432008564506773 21
0.34348875695226394 21
0.3493875183403283 21
0.3493939161292524 21
0.3505476507319071 21
0.3505540485208312 21
0.35056044630975536 21
0.35057324188760364 21
0.3505796396765278 21
0.3505860374654519 21
0.3507438495922476 21
0.35075664517009586 21
0.35076304295902005 21
0.35077583853686833 21
0.3507822363257925 21
0.350848346811342 21
0.35085474460026617 21
0.3508611423891903 21
0.35086754017811445 21
0.3508803357559627 21
0.35088673354488686 21
0.35089313133381106 21
0.3514753301259085 21
0.3514817279148326 21
0.35148812570375676 21
0.3521726891186406 21
0.3521790869075647 21
0.35219188248541305 21
0.3521982802743372 21
0.35220467806326133 21
0.35439058927901185 21
0.3544609649571775 21
0.35446736274610163 21
0.3544737605350258 21
0.3544801583239499 21
0.35448655611287405 21
0.35455053400211556 21
0.3545569317910397 21
0.3559729757395844 21
0.35667246732862457 21
0.36050261029788105 21
0.3605090080868052 21
0.3605218036646535 21
0.3665122666939639 21
0.36658477496843755 21
0.3665975705462859 21
0.3667425870952332 21
0.3706239123758829 21
0.37079025488791073 21
0.37098858634455933 21
0.37127648684614595 21
0.3771752482342103 21
0.3771816460231344 21
0.3783353806257891 21
0.3783417784147132 21
0.37834817620363737 21
0.37836097178148564 21
0.3783673695704098 21
0.3783737673593339 21
0.3785315794861296 21
0.37854437506397787 21
0.37855077285290206 21
0.37856356843075034 21
0.3785699662196745 21
0.37863607670522403 21
0.3786424744941482 21
0.3786488722830723 21
0.37865527007199645 21
0.37866806564984473 21
0.37867446343876887 21
0.37868086122769307 21
0.3792630600197905 21
0.3792694578087146 21
0.37927585559763877 21
0.3799604190125226 21
0.3799668168014467 21
0.37997961237929506 21
0.3799860101682192 21
0.37999240795714334 21
0.38217831917289385 21
0.3822486948510595 21
0.38225509263998364 21
0.3822614904289078 21
0.3822678882178319 21
0.38227428600675606 21
0.38233826389599757 21
0.3823446616849217 21
0.3837607056334664 21
0.3844601972225066 21
0.38829460538437915 21
0.3883010031733033 21
0.38831379875115163 21
0.394304261780462 21
0.39437677005493565 21
0.394389565632784 21
0.3945345821817313 21
0.3984201726549971 21
0.3985865151670249 21
0.39878484662367353 21
0.3990727471252602 21
0.4049715085133245 21
0.4049779063022486 21
0.4061316409049033 21
0.4061380386938274 21
0.40614443648275156 21
0.40615723206059984 21
0.406163629849524 21
0.4061700276384482 21
0.4063278397652438 21
0.4063406353430921 21
0.40634703313201626 21
0.40635982870986453 21
0.4063662264987887 21
0.4064323369843382 21
0.40643873477326237 21
0.4064451325621865 21
0.40645153035111065 21
0.4064643259289589 21
0.4064707237178831 21
0.40647712150680726 21
0.4070593202989047 21
0.4070657180878288 21
0.407072115876753 21
0.40775667929163684 21
0.407763077080561 21
0.40777587265840926 21
0.4077822704473334 21
0.40778866823625753 21
0.40997457945200805 21
0.4100449551301737 21
0.41005135291909783 21
0.410057750708022 21
0.4100641484969461 21
0.41007054628587025 21
0.41013452417511176 21
0.4101409219640359 21
0.4115569659125806 21
0.41225645750162077 21
0.41609513085610944 21
0.41610152864503364 21
0.4161143242228819 21
0.42428216808271063 21
0.42435467635718427 21
0.4243674719350326 21
0.42451248848397993 21
0.42702042174224586 21
0.42702681953117005 21
0.4270332173200942 21
0.4279225099805507 21
0.42792890776947484 21
0.42793530555839904 21
0.4279481011362473 21
0.42795449892517146 21
0.4279608967140956 21
0.42855589108404135 21
0.4285622888729655 21
0.42856868666188963 21
0.429059183812741 21
0.4340409287883441 21
0.43411343706281774 21
0.4341262326406661 21
0.4342712491896134 21
0.43676212167741496 21
0.4367685194663391 21
0.43677491725526324 21
0.4375149281741563 21
0.43752132596308047 21
0.43752772375200466 21
0.43754051932985294 21
0.4375469171187771 21
0.4375533149077012 21
0.438148309277647 21
0.4381547070665711 21
0.43816110485549525 21
0.4385769611355649 21
0.44346487187361383 21
0.44353738014808747 21
0.4435501757259358 21
0.44369519227488313 21
0.4461178216808271 21
0.4461242194697512 21
0.4461306172586754 21
0.4468706281775685 21
0.44687702596649265 21
0.4468834237554168 21
0.44689621933326507 21
0.44690261712218926 21
0.4469090149111134 21
0.44750400928105916 21
0.4475104070699833 21
0.44751680485890744 21
0.44793266113897706 21
0.4517308151636128 21
0.4518033234380865 21
0.45181611901593477 21
0.4519611355648821 21
0.45454370969392976 21
0.4545501074828539 21
0.4545565052717781 21
0.4552965161906712 21
0.4553029139795953 21
0.45530931176851946 21
0.45532210734636774 21
0.4553285051352919 21
0.4553349029242161 21
0.4559298972941618 21
0.455936295083086 21
0.4559426928720101 21
0.4563585491520797 21
0.4606173439792541 21
0.46068985225372777 21
0.46070264783157605 21
0.46085192957313953 21
0.4633086805200123 21
0.4633150783089364 21
0.46332147609786056 21
0.4640614870167537 21
0.46406788480567784 21
0.464074282594602 21
0.46408707817245026 21
0.4640934759613744 21
0.46409987375029854 21
0.4646948681202443 21
0.46470126590916844 21
0.46470766369809263 21
0.4651235199781622 21
0.4709220493397482 21
0.4709945576142219 21
0.47100735319207016 21
0.4711523697410175 21
0.47502089944381887 21
0.4751872419558467 21
0.4753855734124953 21
0.47567347391408193 21
0.48157223530214627 21
0.4815786330910704 21
0.4827323676937251 21
0.4827387654826492 21
0.48274516327157335 21
0.48275795884942163 21
0.48276435663834577 21
0.4827707544272699 21
0.4829285665540656 21
0.48294136213191385 21
0.48294775992083805 21
0.48296055549868633 21
0.48296695328761047 21
0.48303306377316 21
0.48303946156208416 21
0.4830458593510083 21
0.48305225713993244 21
0.4830650527177807 21
0.48307145050670486 21
0.48307784829562905 21
0.4836600470877265 21
0.4836664448766506 21
0.48367284266557475 21
0.4843574060804586 21
0.4843638038693827 21
0.48437659944723105 21
0.4843829972361552 21
0.48438939502507933 21
0.48657530624082984 21
0.4866456819189955 21
0.4866520797079196 21
0.48665847749684377 21
0.4866648752857679 21
0.48667127307469205 21
0.48673525096393355 21
0.4867416487528577 21
0.4881576927014024 21
0.48885718429044256 21
0.492685194663391 21
0.49269159245231514 21
0.4927043880301634 21
0.49873750298563485 21
0.4988100112601085 21
0.4988228068379568 21
0.49896782338690415 21
0.503030419353738 21
0.5031967618657659 21
0.5033950933224144 21
0.5036829938240011 21
0.5095817552120654 21
0.5095881530009895 21
0.5107418876036441 21
0.5107482853925683 21
0.5107546831814925 21
0.5107674787593408 21
0.5107738765482649 21
0.5107802743371891 21
0.5109380864639848 21
0.510950882041833 21
0.5109572798307571 21
0.5109700754086055 21
0.5109764731975296 21
0.5110425836830791 21
0.5110489814720033 21
0.5110553792609275 21
0.5110617770498516 21
0.5110745726276998 21
0.511080970416624 21
0.5110873682055481 21
0.5116695669976457 21
0.5116759647865697 21
0.5116823625754939 21
0.5123669259903777 21
0.5123733237793019 21
0.5123861193571502 21
0.5123925171460744 21
0.5123989149349985 21
0.514584826150749 21
0.5146552018289146 21
0.5146615996178387 21
0.514667997406763 21
0.514674395195687 21
0.5146807929846112 21
0.5147447708738526 21
0.5147511686627768 21
0.5161672126113215 21
0.5168667042003617 21
0.5206925819770021 21
0.5206989797659263 21
0.5207117753437746 21
0.5267022383730849 21
0.5267747466475586 21
0.5267875422254069 21
0.5269325587743543 21
0.5308096188623879 21
0.5309759613744157 21
0.5311742928310642 21
0.5314621933326509 21
0.5373609547207152 21
0.5373673525096393 21
0.538521087112294 21
0.5385274849012182 21
0.5385338826901422 21
0.5385466782679906 21
0.5385530760569147 21
0.5385594738458389 21
0.5387172859726346 21
0.5387300815504829 21
0.5387364793394069 21
0.5387492749172552 21
0.5387556727061794 21
0.5388217831917289 21
0.5388281809806531 21
0.5388345787695772 21
0.5388409765585014 21
0.5388537721363497 21
0.5388601699252739 21
0.5388665677141979 21
0.5394487665062955 21
0.5394551642952196 21
0.5394615620841438 21
0.5401461254990275 21
0.5401525232879517 21
0.5401653188658 21
0.5401717166547241 21
0.5401781144436483 21
0.5423640256593988 21
0.5424344013375644 21
0.5424407991264886 21
0.5424471969154127 21
0.5424535947043369 21
0.542459992493261 21
0.5425239703825024 21
0.5425303681714266 21
0.5439464121199713 21
0.5446459037090114 21
0.548476046678268 21
0.5484824444671922 21
0.5484952400450405 21
0.5544857030743509 21
0.5545582113488245 21
0.5545710069266728 21
0.5547160234756202 21
0.5585973487562699 21
0.5587636912682977 21
0.5589620227249462 21
0.5592499232265329 21
0.5651486846145972 21
0.5651550824035213 21
0.566308817006176 21
0.5663152147951002 21
0.5663216125840242 21
0.5663344081618726 21
0.5663408059507967 21
0.5663472037397209 21
0.5665050158665166 21
0.5665178114443649 21
0.566524209233289 21
0.5665370048111372 21
0.5665434026000614 21
0.5666095130856109 21
0.5666159108745351 21
0.5666223086634592 21
0.5666287064523834 21
0.5666415020302317 21
0.5666478998191559 21
0.56665429760808 21
0.5672364964001775 21
0.5672428941891016 21
0.5672492919780258 21
0.5679338553929095 21
0.5679402531818337 21
0.567953048759682 21
0.5679594465486061 21
0.5679658443375303 21
0.5701517555532808 21
0.5702221312314464 21
0.5702285290203706 21
0.5702349268092947 21
0.5702413245982189 21
0.570247722387143 21
0.5703117002763844 21
0.5703180980653086 21
0.5717341420138533 21
0.5724336336028935 21
0.5762680417647661 21
0.5762744395536903 21
0.5762872351315386 21
0.582277698160849 21
0.5823502064353226 21
0.5823630020131709 21
0.5825080185621183 21
0.5863936090353841 21
0.5865599515474119 21
0.5867582830040604 21
0.5870461835056471 21
0.5929449448937114 21
0.5929513426826355 21
0.5941050772852902 21
0.5941114750742144 21
0.5941178728631386 21
0.5941306684409868 21
0.5941370662299109 21
0.5941434640188351 21
0.5943012761456308 21
0.594314071723479 21
0.5943204695124031 21
0.5943332650902515 21
0.5943396628791756 21
0.5944057733647251 21
0.5944121711536493 21
0.5944185689425735 21
0.5944249667314976 21
0.5944377623093459 21
0.5944441600982701 21
0.5944505578871941 21
0.5950327566792917 21
0.5950391544682158 21
0.59504555225714 21
0.5957301156720237 21
0.5957365134609479 21
0.5957493090387962 21
0.5957557068277204 21
0.5957621046166445 21
0.597948015832395 21
0.5980183915105606 21
0.5980247892994848 21
0.598031187088409 21
0.598037584877333 21
0.5980439826662572 21
0.5981079605554986 21
0.5981143583444228 21
0.5995304022929675 21
0.6002298938820078 21
0.6040685672364964 21
0.6040749650254206 21
0.6040877606032689 21
0.6122556044630976 21
0.6123281127375713 21
0.6123409083154195 21
0.6124859248643669 21
0.6149426758112396 21
0.6149490736001638 21
0.6149554713890879 21
0.6158447640495445 21
0.6158511618384687 21
0.6158575596273927 21
0.615870355205241 21
0.6158767529941652 21
0.6158831507830894 21
0.6164781451530351 21
0.6164845429419593 21
0.6164909407308834 21
0.6169814378817348 21
0.620888354318081 21
0.6209608625925547 21
0.620973658170403 21
0.6211186747193503 21
0.6235583648957587 21
0.6235647626846829 21
0.623571160473607 21
0.6243111713925 21
0.6243175691814242 21
0.6243239669703484 21
0.6243367625481967 21
0.6243431603371208 21
0.624349558126045 21
0.6249445524959907 21
0.6249509502849149 21
0.6249573480738391 21
0.6253732043539086 21
0.6291862865527007 21
0.6292587948271744 21
0.6292715904050227 21
0.6294166069539701 21
0.6318904186713072 21
0.6318968164602313 21
0.6319032142491555 21
0.6326432251680486 21
0.6326496229569727 21
0.6326560207458969 21
0.6326688163237452 21
0.6326752141126694 21
0.6326816119015934 21
0.6332766062715393 21
0.6332830040604633 21
0.6332894018493875 21
0.6337052581294571 21
0.6385782406933497 21
0.6386507489678234 21
0.6386635445456716 21
0.638808561094619 21
0.6414423175350599 21
0.6414487153239841 21
0.6414551131129081 21
0.6421951240318012 21
0.6422015218207254 21
0.6422079196096496 21
0.6422207151874979 21
0.642227112976422 21
0.6422335107653462 21
0.6428285051352919 21
0.6428349029242161 21
0.6428413007131402 21
0.6432571569932098 21
0.648590780359641 21
0.6486632886341147 21
0.648676084211963 21
0.6488253659535265 21
0.6512821169003993 21
0.6512885146893234 21
0.6512949124782476 21
0.6520349233971406 21
0.6520413211860647 21
0.6520477189749889 21
0.6520605145528372 21
0.6520669123417614 21
0.6520733101306855 21
0.6526683045006313 21
0.6526747022895554 21
0.6526811000784796 21
0.6530969563585491 21
0.6588954857201351 21
0.6589679939946088 21
0.6589807895724571 21
0.6591258061214045 21
0.6629943358242059 21
0.6631606783362337 21
0.6633590097928822 21
0.6636469102944689 21
0.6695456716825332 21
0.6695520694714573 21
0.670705804074112 21
0.6707122018630362 21
0.6707185996519602 21
0.6707313952298086 21
0.6707377930187327 21
0.6707441908076569 21
0.6709020029344526 21
0.6709147985123008 21
0.6709211963012249 21
0.6709339918790732 21
0.6709403896679974 21
0.6710065001535469 21
0.6710128979424711 21
0.6710192957313952 21
0.6710256935203194 21
0.6710384890981677 21
0.6710448868870919 21
0.6710512846760159 21
0.6716334834681135 21
0.6716398812570376 21
0.6716462790459617 21
0.6723308424608455 21
0.6723372402497697 21
0.672350035827618 21
0.6723564336165421 21
0.6723628314054663 21
0.6745487426212168 21
0.6746191182993824 21
0.6746255160883066 21
0.6746319138772306 21
0.6746383116661548 21
0.674644709455079 21
0.6747086873443204 21
0.6747150851332446 21
0.6761311290817893 21
0.6768306206708294 21
0.6806586310437779 21
0.6806650288327021 21
0.6806778244105504 21
0.6867109393660218 21
0.6867834476404955 21
0.6867962432183438 21
0.6869412597672911 21
0.6910038557341249 21
0.6911701982461528 21
0.6913685297028014 21
0.691656430204388 21
0.6975551915924523 21
0.6975615893813765 21
0.6987153239840311 21
0.6987217217729552 21
0.6987281195618794 21
0.6987409151397277 21
0.6987473129286519 21
0.698753710717576 21
0.6989115228443716 21
0.6989243184222199 21
0.6989307162111441 21
0.6989435117889924 21
0.6989499095779166 21
0.6990160200634661 21
0.6990224178523902 21
0.6990288156413144 21
0.6990352134302386 21
0.6990480090080868 21
0.6990544067970109 21
0.6990608045859351 21
0.6996430033780325 21
0.6996494011669567 21
0.6996557989558808 21
0.7003403623707647 21
0.7003467601596888 21
0.700359555737537 21
0.7003659535264612 21
0.7003723513153854 21
0.702558262531136 21
0.7026286382093015 21
0.7026350359982256 21
0.7026414337871498 21
0.702647831576074 21
0.7026542293649981 21
0.7027182072542396 21
0.7027246050431637 21
0.7041406489917085 21
0.7048401405807486 21
0.7086660183573891 21
0.7086724161463132 21
0.7086852117241614 21
0.7146756747534718 21
0.7147481830279455 21
0.7147609786057938 21
0.7149059951547412 21
0.7187830552427747 21
0.7189493977548026 21
0.7191477292114512 21
0.7194356297130379 21
0.7253343911011021 21
0.7253407888900263 21
0.726494523492681 21
0.726500921281605 21
0.7265073190705292 21
0.7265201146483775 21
0.7265265124373017 21
0.7265329102262258 21
0.7266907223530215 21
0.7267035179308697 21
0.7267099157197939 21
0.7267227112976422 21
0.7267291090865663 21
0.7267952195721159 21
0.72680161736104 21
0.7268080151499642 21
0.7268144129388883 21
0.7268272085167367 21
0.7268336063056607 21
0.7268400040945849 21
0.7274222028866824 21
0.7274286006756066 21
0.7274349984645306 21
0.7281195618794145 21
0.7281259596683386 21
0.7281387552461869 21
0.7281451530351111 21
0.7281515508240353 21
0.7303374620397857 21
0.7304078377179514 21
0.7304142355068755 21
0.7304206332957996 21
0.7304270310847237 21
0.7304334288736479 21
0.7304974067628894 21
0.7305038045518135 21
0.7319198485003583 21
0.7326193400893984 21
0.7364494830586549 21
0.7364558808475791 21
0.7364686764254273 21
0.7424591394547377 21
0.7425316477292114 21
0.7425444433070597 21
0.7426894598560071 21
0.7465707851366568 21
0.7467371276486846 21
0.7469354591053332 21
0.7472233596069199 21
0.7531221209949841 21
0.7531285187839083 21
0.754282253386563 21
0.754288651175487 21
0.7542950489644112 21
0.7543078445422595 21
0.7543142423311837 21
0.7543206401201078 21
0.7544784522469035 21
0.7544912478247517 21
0.7544976456136759 21
0.7545104411915242 21
0.7545168389804484 21
0.7545829494659979 21
0.754589347254922 21
0.7545957450438462 21
0.7546021428327703 21
0.7546149384106187 21
0.7546213361995427 21
0.7546277339884669 21
0.7552099327805644 21
0.7552163305694886 21
0.7552227283584126 21
0.7559072917732965 21
0.7559136895622206 21
0.7559264851400689 21
0.7559328829289931 21
0.7559392807179173 21
0.7581251919336677 21
0.7581955676118334 21
0.7582019654007575 21
0.7582083631896817 21
0.7582147609786057 21
0.7582211587675299 21
0.7582851366567714 21
0.7582915344456955 21
0.7597075783942403 21
0.7604070699832804 21
0.7642414781451531 21
0.7642478759340772 21
0.7642606715119254 21
0.7702511345412358 21
0.7703236428157095 21
0.7703364383935578 21
0.7704814549425052 21
0.774367045415771 21
0.7745333879277988 21
0.7747317193844474 21
0.7750196198860341 21
0.7809183812740983 21
0.7809247790630225 21
0.7820785136656772 21
0.7820849114546012 21
0.7820913092435254 21
0.7821041048213737 21
0.7821105026102979 21
0.782116900399222 21
0.7822747125260177 21
0.7822875081038659 21
0.7822939058927901 21
0.7823067014706384 21
0.7823130992595626 21
0.7823792097451121 21
0.7823856075340362 21
0.7823920053229604 21
0.7823984031118846 21
0.7824111986897329 21
0.7824175964786569 21
0.7824239942675811 21
0.7830061930596786 21
0.7830125908486028 21
0.7830189886375268 21
0.7837035520524107 21
0.7837099498413348 21
0.7837227454191831 21
0.7837291432081073 21
0.7837355409970315 21
0.785921452212782 21
0.7859918278909476 21
0.7859982256798717 21
0.7860046234687958 21
0.78601102125772 21
0.7860174190466441 21
0.7860813969358856 21
0.7860877947248097 21
0.7875038386733545 21
0.7882033302623946 21
0.7920420036168834 21
0.7920484014058075 21
0.7920611969836557 21
0.8000946872760774 21
0.800167195550551 21
0.8001799911283993 21
0.8003250076773467 21
0.8028329409356126 21
0.8028393387245368 21
0.8028457365134609 21
0.8037350291739175 21
0.8037414269628417 21
0.8037478247517658 21
0.803760620329614 21
0.8037670181185382 21
0.8037734159074624 21
0.8043684102774081 21
0.8043748080663323 21
0.8043812058552564 21
0.8048717030061078 21
0.8098534479817109 21
0.8099259562561846 21
0.8099387518340329 21
0.8100837683829801 21
0.8125234585593886 21
0.8125298563483127 21
0.8125362541372368 21
0.8132762650561299 21
0.8132826628450541 21
0.8132890606339782 21
0.8133018562118265 21
0.8133082540007507 21
0.8133146517896748 21
0.8139096461596206 21
0.8139160439485447 21
0.8139224417374689 21
0.8143382980175384 21
0.8181513802163306 21
0.8182238884908043 21
0.8182366840686526 21
0.8183817006175998 21
0.8208043300235439 21
0.820810727812468 21
0.8208171256013922 21
0.8215571365202853 21
0.8215635343092094 21
0.8215699320981336 21
0.8215827276759818 21
0.821589125464906 21
0.8215955232538301 21
0.8221905176237759 21
0.8221969154127 21
0.8222033132016242 21
0.8226191694816938 21
0.8264173235063296 21
0.8264898317808033 21
0.8265026273586515 21
0.8266476439075988 21
0.8292302180366465 21
0.8292366158255707 21
0.8292430136144948 21
0.8299830245333879 21
0.8299894223223121 21
0.8299958201112362 21
0.8300086156890846 21
0.8300150134780087 21
0.8300214112669329 21
0.8306164056368786 21
0.8306228034258027 21
0.8306292012147268 21
0.8310450574947965 21
0.8353038523219709 21
0.8353763605964445 21
0.8353891561742929 21
0.8355384379158562 21
0.8379951888627291 21
0.8380015866516531 21
0.8380079844405773 21
0.8387479953594704 21
0.8387543931483946 21
0.8387607909373187 21
0.838773586515167 21
0.8387799843040912 21
0.8387863820930154 21
0.8393813764629611 21
0.8393877742518853 21
0.8393941720408093 21
0.8398100283208789 21
0.8456085576824649 21
0.8456810659569386 21
0.8456938615347869 21
0.8458388780837343 21
0.8497074077865356 21
0.8498737502985635 21
0.8500720817552121 21
0.8503599822567988 21
0.856258743644863 21
0.8562651414337872 21
0.8574188760364418 21
0.8574252738253659 21
0.8574316716142901 21
0.8574444671921384 21
0.8574508649810626 21
0.8574572627699867 21
0.8576150748967823 21
0.8576278704746306 21
0.8576342682635548 21
0.8576470638414031 21
0.8576534616303272 21
0.8577195721158768 21
0.8577259699048009 21
0.8577323676937251 21
0.8577387654826492 21
0.8577515610604975 21
0.8577579588494216 21
0.8577643566383458 21
0.8583465554304432 21
0.8583529532193673 21
0.8583593510082915 21
0.8590439144231754 21
0.8590503122120995 21
0.8590631077899478 21
0.859069505578872 21
0.859075903367796 21
0.8612618145835466 21
0.8613321902617123 21
0.8613385880506363 21
0.8613449858395605 21
0.8613513836284846 21
0.8613577814174088 21
0.8614217593066503 21
0.8614281570955744 21
0.8628442010441192 21
0.8635436926331593 21
0.8673717030061078 21
0.8673781007950319 21
0.8673908963728802 21
0.8734240113283516 21
0.8734965196028253 21
0.8735093151806735 21
0.8736543317296209 21
0.8777169276964548 21
0.8778832702084827 21
0.8780816016651312 21
0.8783695021667178 21
0.8842682635547822 21
0.8842746613437062 21
0.8854283959463609 21
0.8854347937352851 21
0.8854411915242092 21
0.8854539871020576 21
0.8854603848909817 21
0.8854667826799059 21
0.8856245948067015 21
0.8856373903845498 21
0.8856437881734739 21
0.8856565837513222 21
0.8856629815402464 21
0.8857290920257959 21
0.8857354898147201 21
0.8857418876036441 21
0.8857482853925683 21
0.8857610809704166 21
0.8857674787593408 21
0.8857738765482649 21
0.8863560753403624 21
0.8863624731292865 21
0.8863688709182107 21
0.8870534343330945 21
0.8870598321220187 21
0.887072627699867 21
0.887079025488791 21
0.8870854232777152 21
0.8892713344934657 21
0.8893417101716313 21
0.8893481079605555 21
0.8893545057494796 21
0.8893609035384038 21
0.889367301327328 21
0.8894312792165694 21
0.8894376770054936 21
0.8908537209540383 21
0.8915532125430784 21
0.8953790903197189 21
0.8953854881086429 21
0.8953982836864913 21
0.9013887467158017 21
0.9014612549902754 21
0.9014740505681237 21
0.901619067117071 21
0.9054961272051045 21
0.9056624697171324 21
0.905860801173781 21
0.9061487016753677 21
0.912047463063432 21
0.9120538608523561 21
0.9132075954550107 21
0.9132139932439349 21
0.913220391032859 21
0.9132331866107073 21
0.9132395843996315 21
0.9132459821885557 21
0.9134037943153512 21
0.9134165898931996 21
0.9134229876821237 21
0.913435783259972 21
0.9134421810488962 21
0.9135082915344457 21
0.9135146893233699 21
0.913521087112294 21
0.9135274849012182 21
0.9135402804790664 21
0.9135466782679906 21
0.9135530760569147 21
0.9141352748490121 21
0.9141416726379363 21
0.9141480704268605 21
0.9148326338417443 21
0.9148390316306685 21
0.9148518272085168 21
0.9148582249974408 21
0.914864622786365 21
0.9170505340021156 21
0.9171209096802811 21
0.9171273074692053 21
0.9171337052581294 21
0.9171401030470536 21
0.9171465008359777 21
0.9172104787252192 21
0.9172168765141434 21
0.9186329204626881 21
0.9193324120517282 21
0.9231625550209848 21
0.9231689528099088 21
0.9231817483877572 21
0.9291722114170676 21
0.9292447196915413 21
0.9292575152693896 21
0.9294025318183369 21
0.9332838570989865 21
0.9334501996110144 21
0.933648531067663 21
0.9339364315692497 21
0.939835192957314 21
0.9398415907462381 21
0.9409953253488927 21
0.9410017231378169 21
0.941008120926741 21
0.9410209165045893 21
0.9410273142935135 21
0.9410337120824377 21
0.9411915242092332 21
0.9412043197870816 21
0.9412107175760057 21
0.941223513153854 21
0.9412299109427782 21
0.9412960214283277 21
0.9413024192172519 21
0.941308817006176 21
0.9413152147951002 21
0.9413280103729484 21
0.9413344081618726 21
0.9413408059507967 21
0.9419230047428941 21
0.9419294025318183 21
0.9419358003207425 21
0.9426203637356263 21
0.9426267615245505 21
0.9426395571023988 21
0.9426459548913229 21
0.942652352680247 21
0.9448382638959976 21
0.9449086395741632 21
0.9449150373630874 21
0.9449214351520114 21
0.9449278329409356 21
0.9449342307298597 21
0.9449982086191012 21
0.9450046064080254 21
0.9464206503565701 21
0.9471201419456102 21
0.9509545501074829 21
0.950960947896407 21
0.9509737434742553 21
0.9591351895451599 21
0.9592076978196336 21
0.9592204933974818 21
0.9593655099464292 21
0.9618563824342308 21
0.9618627802231549 21
0.961869178012079 21
0.9627584706725356 21
0.9627648684614597 21
0.9627712662503839 21
0.9627840618282322 21
0.9627904596171563 21
0.9627968574060805 21
0.9633918517760262 21
0.9633982495649503 21
0.9634046473538745 21
0.9638951445047258 21
0.9688619613061726 21
0.9689344695806462 21
0.9689472651584946 21
0.9690922817074419 21
0.9715660934247791 21
0.9715724912137033 21
0.9715788890026273 21
0.9723188999215204 21
0.9723252977104446 21
0.9723316954993687 21
0.9723444910772171 21
0.9723508888661412 21
0.9723572866550654 21
0.9729522810250111 21
0.9729586788139353 21
0.9729650766028594 21
0.973380932882929 21
0.9782539154468216 21
0.9783264237212953 21
0.9783392192991436 21
0.9784842358480909 21
0.9811179922885318 21
0.9811243900774559 21
0.9811307878663801 21
0.9818707987852732 21
0.9818771965741973 21
0.9818835943631214 21
0.9818963899409697 21
0.9819027877298939 21
0.981909185518818 21
0.9825041798887638 21
0.9825105776776879 21
0.9825169754666121 21
0.9829328317466817 21
0.988266455113113 21
0.9883389633875865 21
0.9883517589654349 21
0.9885010407069983 21
0.9909577916538711 21
0.9909641894427952 21
0.9909705872317194 21
0.9917105981506125 21
0.9917169959395367 21
0.9917233937284607 21
0.991736189306309 21
0.9917425870952332 21
0.9917489848841574 21
0.9923439792541031 21
0.9923503770430273 21
0.9923567748319514 21
0.992772631112021 21
