0.0001812706861841881 1
0.004610673218002525 2
0.009362097792336302 3
0.011522417852390214 4
0.014064472651584945 5
0.016440184938751833 6
0.018869212133619955 7
0.022558603746545194 8
0.025770293786467398 9
0.029225099805507217 10
0.03158375132220971 11
0.03470373972088579 12
0.03771709830415942 13
0.04056411437540519 14
0.048420599174258706 15
0.05132946053843791 16
0.05404212304227659 17
0.05694885181014775 18
0.059821459037090116 19
0.06408238646057256 20
0.06871438564165558 21
0.07286015286450336 22
0.07660072678882178 23
0.08162725628689392 24
0.08738953151124305 25
0.0945849114546013 26
0.09834894393830826 27
0.19021479510014672 28
