0.20888780837342613 1
0.20918210666393694 2
0.209444416009827 3
0.20970672535571708 4
0.2101332446173269 5
0.21044673627461016 6
0.21085619476575562 7
0.21126991844951717 8
0.21151943221755895 8
0.21175401781144437 8
0.21195661446070904 8
0.21218266966936228 8
0.28765525301122596 9
0.28779173917494116 9
0.3163301429692565 9
0.31646662913297163 9
0.3441093424779063 9
0.34424582864162145 9
0.3718970723717883 9
0.37203355853550346 9
0.3996933326509025 9
0.39982981881461765 9
0.4762940594397243 9
0.47643054560343945 9
0.5043035793496434 9
0.5044400655133586 9
0.5320827788582932 9
0.5322192650220084 9
0.5598705087521753 9
0.5600069949158905 9
0.5876667690312894 9
0.5878032551950046 9
0.6642674958201112 9
0.6644039819838264 9
0.6922770157300304 9
0.6924135018937455 9
0.7200562152386801 9
0.7201927014023953 9
0.7478439451325621 9
0.7479804312962773 9
0.7756402054116764 9
0.7757766915753915 9
0.850980567782441 9
0.8511170539461562 9
0.8789900876923602 9
0.8791265738560753 9
0.90676928720101 9
0.9069057733647251 9
0.934557017094892 9
0.9346935032586071 9
