0.20045338997509127 1
0.21319991810830177 2
0.21449013887467158 3
0.21900697785511994 4
0.22172603814788275 5
0.22881905346845463 6
0.2323186440099635 7
0.23553246664619373 8
0.23883372573105402 9
0.24128834408161873 10
0.24372803425802708 11
0.24613147029719862 12
0.2539602313440475 12
0.2604049373869724 12
0.2633820418330092 12
0.2655487596819872 12
0.26716313508718054 12
0.2688884055003924 12
0.270733101306855 12
0.2718441839833487 12
0.2729616644487665 12
0.27407914491418434 12
0.27586412802402155 12
0.2830765687378442 12
0.2888708329068141 12
0.29427696454771896 12
0.3027646978537551 12
0.3036881120551404 12
0.30477360357593747 12
0.31244455249599073 12
0.31754572286484456 12
0.3223120756133347 12
0.33077208516736617 12
0.3316954993687515 12
0.33278099088954854 12
0.3402194868120244 12
0.3453249223734944 12
0.3500912751219845 12
0.3585555498686321 12
0.3594789640700174 12
0.36056445559081446 12
0.3680029515132903 12
0.3731126522673764 12
0.3778790050158665 12
0.3863475449551302 12
0.3872709591565155 12
0.3883564506773126 12
0.3957949465997884 12
0.4009089125464906 12
0.4056752652949807 12
0.41414807042686047 12
0.41507148462824583 12
0.4161569761490429 12
0.47241273415907464 12
0.4775096393353124 12
0.4822759920838025 12
0.49073813423414203 12
0.49166154843552734 12
0.4927470399563244 12
0.5004179888763777 12
0.5055191592452315 12
0.5102855119937216 12
0.5187455215477531 12
0.5196689357491384 12
0.5207544272699355 12
0.5281929231924114 12
0.5332983587538813 12
0.5380647115023715 12
0.546528986249019 12
0.5474524004504043 12
0.5485378919712014 12
0.5559763878936773 12
0.5610860886477633 12
0.5658524413962535 12
0.5743209813355171 12
0.5752443955369024 12
0.5763298870576995 12
0.5837683829801754 12
0.5888823489268775 12
0.5936487016753677 12
0.6021215068072474 12
0.6030449210086327 12
0.6041304125294298 12
0.6603861705394616 12
0.6654830757156993 12
0.6702494284641894 12
0.6787115706145289 12
0.6796349848159143 12
0.6807204763367114 12
0.6883914252567646 12
0.6934925956256185 12
0.6982589483741086 12
0.70671895792814 12
0.7076423721295254 12
0.7087278636503225 12
0.7161663595727983 12
0.7212717951342683 12
0.7260381478827583 12
0.7345024226294059 12
0.7354258368307913 12
0.7365113283515884 12
0.7439498242740642 12
0.7490595250281503 12
0.7538258777766403 12
0.762294417715904 12
0.7632178319172894 12
0.7643033234380865 12
0.7717418193605623 12
0.7768557853072645 12
0.7816221380557546 12
0.7900949431876344 12
0.7910183573890197 12
0.7921038489098168 12
0.8470992425017914 12
0.8521961476780291 12
0.8569625004265192 12
0.8654246425768588 12
0.8663480567782441 12
0.8674335482990412 12
0.8751044972190944 12
0.8802056675879483 12
0.8849720203364384 12
0.8934320298904699 12
0.8943554440918552 12
0.8954409356126523 12
0.9028794315351282 12
0.9079848670965981 12
0.9127512198450882 12
0.9212154945917358 12
0.9221389087931211 12
0.9232244003139182 12
0.9306628962363941 12
0.9357725969904801 12
0.9405389497389702 12
0.9490074896782339 12
0.9499309038796192 12
0.9510163954004163 12
