0.10557631282628724 0
0.10565948408230115 0
0.10574052274200703 0
0.10587487630941414 0
0.10607320776606272 0
0.10694970484867096 0
0.10703287610468488 0
0.10711391476439076 0
0.10724826833179786 0
0.10744233459583034 0
0.1083188316784386 0
0.10840200293445253 0
0.10848304159415839 0
0.1086173951615655 0
0.10881146142559799 0
0.10966236735250964 0
0.10974553860852355 0
0.10982657726822943 0
0.10996093083563653 0
0.11015499709966903 0
0.11103149418227727 1
0.1111146654382912 2
0.11119570409799706 3
0.11133005766540417 3
0.11152412392943666 3
0.2071028252635889 3
0.2084314327635036 3
0.20860843825707168 3
0.21254947623434675 3
0.2127200839389907 3
0.24866499471116116 3
0.2492855802368035 3
0.24946258573037158 3
0.24963319343501553 3
0.24978247517657898 3
0.25005544750400927 3
0.2530901320503634 3
0.2533119220664005 3
0.27613923294775994 3
0.2873929436653359 3
0.28810309823591634 3
0.2882737059405603 3
0.2989729416180435 3
0.29923098577131746 3
0.29940799126488554 3
0.2995785989695295 3
0.2997278807110929 3
0.3000008530385232 3
0.316221380557546 3
0.3167779881939468 3
0.31694859589859076 3
0.3270080526836592 3
0.32726609683693314 3
0.3274431023305012 3
0.32761371003514517 3
0.32776299177670865 3
0.32803596410413893 3
0.34400058006619577 3
0.34455718770259663 3
0.3447277954072406 3
0.354787252192309 3
0.35504529634558296 3
0.35522230183915104 3
0.355392909543795 3
0.35554219128535847 3
0.35581516361278875 3
0.3717883099600778 3
0.37234491759647864 3
0.3725155253011226 3
0.382574982086191 3
0.38283302623946497 3
0.38301003173303305 3
0.383180639437677 3
0.3833299211792405 3
0.38360289350667076 3
0.399584570239192 3
0.40014117787559284 3
0.4003117855802368 3
0.4103712423653052 3
0.41062928651857916 3
0.41080629201214724 3
0.4109768997167912 3
0.41112618145835467 3
0.41139915378578495 3
0.47618529702801377 3
0.47674190466441463 3
0.47691251236905857 3
0.486971969154127 3
0.48723001330740096 3
0.48740701880096904 3
0.487577626505613 3
0.48772690824717646 3
0.48799988057460675 3
0.5041948169379329 3
0.5047514245743338 3
0.5049220322789777 3
0.5149814890640462 3
0.5152395332173201 3
0.5154165387108882 3
0.5155871464155322 3
0.5157364281570955 3
0.5160094004845259 3
0.5319740164465827 3
0.5325306240829836 3
0.5327012317876275 3
0.542760688572696 3
0.5430187327259699 3
0.543195738219538 3
0.543366345924182 3
0.5435156276657453 3
0.5437885999931756 3
0.5597617463404647 3
0.5603183539768656 3
0.5604889616815095 3
0.570548418466578 3
0.5708064626198519 3
0.57098346811342 3
0.571154075818064 3
0.5713033575596274 3
0.5715763298870578 3
0.5875580066195789 3
0.5881146142559798 3
0.5882852219606237 3
0.5983446787456922 3
0.5986027228989661 3
0.5987797283925342 3
0.5989503360971782 3
0.5990996178387415 3
0.599372590166172 3
0.6641587334084007 3
0.6647153410448016 3
0.6648859487494455 3
0.674945405534514 3
0.6752034496877879 3
0.675380455181356 3
0.675551062886 3
0.6757003446275633 3
0.6759733169549937 3
0.6921682533183199 3
0.6927248609547207 3
0.6928954686593647 3
0.702954925444433 3
0.7032129695977071 3
0.7033899750912751 3
0.703560582795919 3
0.7037098645374825 3
0.7039828368649128 3
0.7199474528269697 3
0.7205040604633706 3
0.7206746681680145 3
0.7307341249530829 3
0.7309921691063569 3
0.7311691745999249 3
0.7313397823045689 3
0.7314890640461323 3
0.7317620363735626 3
0.7477351827208517 3
0.7482917903572526 3
0.7484623980618965 3
0.7585218548469649 3
0.7587798990002389 3
0.7589569044938069 3
0.7591275121984509 3
0.7592767939400143 3
0.7595497662674446 3
0.7755314429999659 3
0.7760880506363668 3
0.7762586583410107 3
0.7863181151260791 3
0.7865761592793531 3
0.7867531647729211 3
0.7869237724775651 3
0.7870730542191285 3
0.7873460265465588 3
0.8508718053707306 3
0.8514284130071315 3
0.8515990207117753 3
0.8616584774968438 3
0.8619165216501177 3
0.8620935271436858 3
0.8622641348483298 3
0.8624134165898932 3
0.8626863889173235 3
0.8788813252806497 3
0.8794379329170505 3
0.8796085406216945 3
0.889667997406763 3
0.8899260415600369 3
0.890103047053605 3
0.8902736547582489 3
0.8904229364998123 3
0.8906959088272426 3
0.9066605247892995 3
0.9072171324257003 3
0.9073877401303443 3
0.9174471969154127 3
0.9177052410686867 3
0.9178822465622547 3
0.9180528542668986 3
0.9182021360084621 3
0.9184751083358924 3
0.9344482546831815 3
0.9350048623195824 3
0.9351754700242263 3
0.9452349268092947 3
0.9454929709625687 3
0.9456699764561367 3
0.9458405841607807 3
0.9459898659023441 3
0.9462628382297744 3
