0.22652224724468556 0
0.2270127443955369 0
0.23125661104855497 0
0.2314229535605828 0
0.23429982598014126 0
0.23475833418637185 0
0.2376991844951718 0
0.23995547138908793 0
0.24053553758487733 0
0.2423994267581124 0
0.24297736035759374 0
0.24483911693452076 0
0.24541705053400212 0
0.24770532637253898 0
0.24816170198246154 0
0.2528107619340089 0
0.268653819906507 0
0.27556129934827855 0
0.2813662264987887 0
0.2924941140341898 0
0.29284812502132596 0
0.29700242262940596 0
0.2971815607192821 0
0.29756969324734706 0
0.3014104991981438 0
0.31054867437813494 0
0.3205377554850377 0
0.3208917664721739 0
0.32503753369502164 0
0.3252166717848978 0
0.3256048043129628 0
0.3294349472822193 0
0.338513409765585 0
0.34831695499368753 0
0.3486709659808237 0
0.35281673320367146 0
0.3529958712935476 0
0.35338400382161256 0
0.3572141467908691 0
0.36629687446685094 0
0.37610468488756954 0
0.3764586958747057 0
0.38060446309755347 0
0.3807836011874296 0
0.38117173371549457 0
0.3850018766847511 0
0.39408886955334904 0
0.40390094516668373 0
0.4042549561538199 0
0.4084007233766677 0
0.40857986146654385 0
0.4089679939946088 0
0.4127981369638653 0
0.42406677585559766 0
0.43382553656123113 0
0.44324947964650085 0
0.4515154229364998 0
0.4603934213669089 0
0.4707023919200191 0
0.4805016719555055 0
0.4808556829426417 0
0.48500145016548946 0
0.4851805882553656 0
0.4855687207834306 0
0.4893988637526871 0
0.4985221107585219 0
0.5085111918654246 0
0.5088652028525609 0
0.5130109700754086 0
0.5131901081652848 0
0.5135782406933497 0
0.5174083836626062 0
0.526486846145972 0
0.5362903913740744 0
0.5366444023612106 0
0.5407901695840585 0
0.5409693076739346 0
0.5413574402019995 0
0.545187583171256 0
0.5542703108472379 0
0.5640781212679564 0
0.5644321322550926 0
0.5685778994779405 0
0.5687570375678166 0
0.5691451700958815 0
0.572975313065138 0
0.582062305933736 0
0.5918743815470706 0
0.5922283925342069 0
0.5963741597570547 0
0.5965532978469308 0
0.5969414303749957 0
0.6007715733442522 0
0.6120402122359846 0
0.620672962090968 0
0.6289708943255877 0
0.6383628484662367 0
0.6483668577472959 0
0.658675828300406 0
0.6684751083358924 0
0.6688291193230286 0
0.6729748865458764 0
0.6731540246357526 0
0.6735421571638175 0
0.677372300133074 0
0.6864955471389088 0
0.6964846282458116 0
0.6968386392329478 0
0.7009844064557955 0
0.7011635445456716 0
0.7015516770737367 0
0.7053818200429931 0
0.7144602825263588 0
0.7242638277544614 0
0.7246178387415976 0
0.7287636059644453 0
0.7289427440543215 0
0.7293308765823865 0
0.7331610195516429 0
0.7422437472276248 0
0.7520515576483434 0
0.7524055686354796 0
0.7565513358583273 0
0.7567304739482035 0
0.7571186064762685 0
0.7609487494455249 0
0.7700357423141229 0
0.7798478179274576 0
0.7802018289145938 0
0.7843475961374415 0
0.7845267342273177 0
0.7849148667553827 0
0.7887450097246391 0
0.7998792950489644 0
0.8096380557545979 0
0.8179359879892176 0
0.8262019312792166 0
0.8350799297096256 0
0.8453889002627358 0
0.8551881802982223 0
0.8555421912853585 0
0.8596879585082062 0
0.8598670965980824 0
0.8602552291261474 0
0.8640853720954038 0
0.8732086191012386 0
0.8831977002081414 0
0.8835517111952775 0
0.8876974784181254 0
0.8878766165080015 0
0.8882647490360664 0
0.892094892005323 0
0.9011733544886887 0
0.9109768997167912 0
0.9113309107039274 0
0.9154766779267752 0
0.9156558160166514 0
0.9160439485447163 0
0.9198740915139728 0
0.9289568191899547 0
0.9387646296106732 0
0.9391186405978094 0
0.9432644078206572 0
0.9434435459105334 0
0.9438316784385983 0
0.9476618214078548 0
0.9589197973180469 0
0.9686465690790597 0
0.9780385232197086 0
0.9880425325007678 0
