0.10558271061521138 0
0.1056658818712253 0
0.10574692053093118 0
0.10588127409833828 0
0.10607960555498687 0
0.10695610263759511 0
0.10703927389360904 0
0.1071203125533149 0
0.10725466612072201 0
0.1074487323847545 0
0.10832522946736274 0
0.10840840072337667 0
0.10848943938308254 0
0.10862379295048964 0
0.10881785921452213 0
0.10966876514143378 0
0.10975193639744771 0
0.10983297505715359 0
0.10996732862456068 0
0.11016139488859317 0
0.11103789197120142 1
0.11112106322721534 2
0.11120210188692121 3
0.11133645545432831 3
0.1115305217183608 3
0.2486713925000853 3
0.25309652983928754 3
0.29897933940696764 3
0.3270144504725833 3
0.35479364998123314 3
0.38258137987511515 3
0.41037764015422934 3
0.48697836694305113 3
0.5149878868529703 3
0.5427670863616201 3
0.5705548162555021 3
0.5983510765346163 3
0.6749518033234381 3
0.7029613232333572 3
0.7307405227420071 3
0.7585282526358891 3
0.7863245129150033 3
0.8616648752857679 3
0.889674395195687 3
0.9174535947043369 3
0.9452413245982189 3
