0.20897524482205618 0
0.20923755416794623 0
0.2094998635138363 0
0.20976217285972634 0
0.21022068106595693 0
0.21050218377861946 0
0.21100760910362712 0
0.2113573548981472 0
0.2116388576108097 0
0.2118414542600744 0
0.21204405090933906 0
0.2122701061179923 0
0.2877384242672399 0
0.2878450540826424 0
0.3164133142252704 0
0.31651994404067285 0
0.34419251373392024 0
0.3442991435493227 0
0.37198024362780224 0
0.3720868734432047 0
0.39977650390691644 0
0.3998831337223189 0
0.47637723069573823 0
0.47648386051114067 0
0.5043867506056573 0
0.5044933804210598 0
0.5321659501143071 0
0.5322725799297097 0
0.5599536800081891 0
0.5600603098235917 0
0.5877499402873034 0
0.5878565701027059 0
0.6643506670761251 0
0.6644572968915277 0
0.6923601869860443 0
0.6924668168014467 0
0.7201393864946941 0
0.7202460163100965 0
0.7479271163885761 0
0.7480337462039786 0
0.7757233766676903 0
0.7758300064830927 0
0.851063739038455 0
0.8511703688538574 0
0.8790732589483741 0
0.8791798887637766 0
0.9068524584570239 0
0.9069590882724263 0
0.9346401883509059 0
0.9347468181663083 0
