0.20045125737878322 1
0.21319778551199373 2
0.21448800627836354 3
0.2190048452588119 4
0.2217239055515747 5
0.22881692087214658 6
0.23231651141365545 7
0.2355303340498857 8
0.23883159313474597 9
0.24128621148531068 10
0.24372590166171904 11
0.24612933770089057 12
0.28307443614153616 12
0.28886870031050604 12
0.2942748319514109 12
0.3124424198996827 12
0.3175435902685365 12
0.32230994301702665 12
0.34021735421571636 12
0.34532278977718633 12
0.35008914252567647 12
0.3680008189169823 12
0.37311051967106834 12
0.3778768724195585 12
0.3957928140034804 12
0.40090677995018253 12
0.40567313269867267 12
0.4724106015627666 12
0.47750750673900433 12
0.48227385948749446 12
0.5004158562800696 12
0.5055170266489235 12
0.5102833793974136 12
0.5281907905961033 12
0.5332962261575733 12
0.5380625789060633 12
0.5559742552973692 12
0.5610839560514553 12
0.5658503087999454 12
0.5837662503838673 12
0.5888802163305695 12
0.5936465690790597 12
0.6603840379431535 12
0.6654809431193913 12
0.6702472958678813 12
0.6883892926604566 12
0.6934904630293104 12
0.6982568157778005 12
0.7161642269764903 12
0.7212696625379602 12
0.7260360152864503 12
0.7439476916777562 12
0.7490573924318422 12
0.7538237451803323 12
0.7717396867642543 12
0.7768536527109564 12
0.7816200054594465 12
0.8470971099054834 12
0.8521940150817211 12
0.8569603678302112 12
0.8751023646227863 12
0.8802035349916402 12
0.8849698877401303 12
0.9028772989388201 12
0.90798273450029 12
0.9127490872487801 12
0.930660763640086 12
0.935770464394172 12
0.9405368171426621 12
