0.21501262497014365 0
0.22017350803562288 0
0.22065760739755008 0
0.22295441362131913 0
0.22970194833998703 0
0.23348517419046644 0
0.2367608421196301 0
0.23940952673422733 0
0.24186414508479204 0
0.2443038352612004 0
0.24729800047770156 0
0.254977479782987 1
0.26216859453372915 2
0.2632156993209813 3
0.2653269696659501 4
0.26666624014740503 5
0.2687924386665302 6
0.2706371344729928 7
0.2717482171494865 8
0.2728656976149043 9
0.27398317808032213 10
0.27569991810830174 11
0.28369928685979456 11
0.28436892210052206 11
0.2850342921486334 11
0.3035708192581977 11
0.3045262224042038 11
0.30554773603575935 11
0.3064604872556045 11
0.30745854232777153 11
0.3130672706179411 11
0.3137369058586686 11
0.31440227590677994 11
0.3315782065718088 11
0.33253360971781487 11
0.33355512334937043 11
0.33446787456921556 11
0.3354659296413826 11
0.3408422049339748 11
0.34151184017470226 11
0.34217721022281367 11
0.35936167127307467 11
0.3603170744190808 11
0.36133858805063634 11
0.3622513392704815 11
0.3632493943426485 11
0.36862566963524074 11
0.3692953048759682 11
0.3699606749240796 11
0.3871536663595728 11
0.3881090695055789 11
0.3891305831371345 11
0.3900433343569796 11
0.3910413894291466 11
0.39641766472173884 11
0.3970872999624663 11
0.3977526700105777 11
0.4149541918313031 11
0.41590959497730917 11
0.4169311086088648 11
0.41784385982870986 11
0.4188419149008769 11
0.473035452281025 11
0.4737050875217525 11
0.47437045756986385 11
0.4915442556385846 11
0.49249965878459073 11
0.4935211724161463 11
0.4944339236359914 11
0.49543197870815847 11
0.501040706998328 11
0.5017103422390555 11
0.5023757122871669 11
0.5195516429521957 11
0.5205070460982018 11
0.5215285597297574 11
0.5224413109496024 11
0.5234393660217695 11
0.5288156413143618 11
0.5294852765550893 11
0.5301506466032005 11
0.5473351076534616 11
0.5482905107994677 11
0.5493120244310233 11
0.5502247756508684 11
0.5512228307230355 11
0.5565991060156277 11
0.5572687412563552 11
0.5579341113044665 11
0.5751271027399597 11
0.5760825058859658 11
0.5771040195175214 11
0.5780167707373665 11
0.5790148258095336 11
0.5843911011021258 11
0.5850607363428533 11
0.5857261063909646 11
0.60292762821169 11
0.6038830313576962 11
0.6049045449892517 11
0.6058172962090969 11
0.6068153512812638 11
0.6610088886614119 11
0.6616785239021394 11
0.6623438939502508 11
0.6795176920189716 11
0.6804730951649777 11
0.6814946087965332 11
0.6824073600163784 11
0.6834054150885454 11
0.689014143378715 11
0.6896837786194424 11
0.6903491486675538 11
0.7075250793325827 11
0.7084804824785887 11
0.7095019961101443 11
0.7104147473299894 11
0.7114128024021564 11
0.7167890776947486 11
0.7174587129354761 11
0.7181240829835875 11
0.7353085440338486 11
0.7362639471798547 11
0.7372854608114102 11
0.7381982120312554 11
0.7391962671034223 11
0.7445725423960146 11
0.745242177636742 11
0.7459075476848535 11
0.7631005391203467 11
0.7640559422663528 11
0.7650774558979083 11
0.7659902071177535 11
0.7669882621899204 11
0.7723645374825127 11
0.7730341727232402 11
0.7736995427713516 11
0.790901064592077 11
0.791856467738083 11
0.7928779813696386 11
0.7937907325894837 11
0.7947887876616508 11
0.8477219606237417 11
0.8483915958644692 11
0.8490569659125806 11
0.8662307639813014 11
0.8671861671273075 11
0.8682076807588631 11
0.8691204319787081 11
0.8701184870508752 11
0.8757272153410448 11
0.8763968505817723 11
0.8770622206298836 11
0.8942381512949125 11
0.8951935544409185 11
0.8962150680724742 11
0.8971278192923192 11
0.8981258743644863 11
0.9035021496570785 11
0.904171784897806 11
0.9048371549459173 11
0.9220216159961784 11
0.9229770191421844 11
0.9239985327737401 11
0.9249112839935851 11
0.9259093390657522 11
0.9312856143583444 11
0.9319552495990719 11
0.9326206196471832 11
0.9498136110826765 11
0.9507690142286825 11
0.9517905278602382 11
0.9527032790800832 11
0.9537013341522503 11
