0.28246877879005017 0
0.3118410277408128 0
0.33961596205684647 0
0.3673994267581124 0
0.3951914218446105 0
0.4251117480465418 0
0.43487050875217526 0
0.444294451837445 0
0.45273740062101203 0
0.4614511891357014 0
0.4718049442112806 0
0.49981446412119973 0
0.5275893984372334 0
0.5553728631384993 0
0.5831648582249974 0
0.6130851844269287 0
0.6217179342819121 0
0.6300158665165319 0
0.639584826150749 0
0.6494246255160883 0
0.6597783805916675 0
0.6877879005015867 0
0.7155628348176204 0
0.7433462995188863 0
0.7711382946053844 0
0.8009242672399085 0
0.810683027945542 0
0.8189809601801618 0
0.8274239089637287 0
0.8361376974784182 0
0.8464914525539974 0
0.8745009724639164 0
0.9022759067799502 0
0.9300593714812161 0
0.959964769508991 0
0.9696915412700038 0
0.9792605009042208 0
0.9891003002695602 0
