0.214854812843348 0
0.21936525403487223 0
0.22214402702426042 0
0.22917732964820692 0
0.23267692018971578 0
0.2359504555225714 0
0.23925171460743166 0
0.24170633295799637 0
0.24414602313440475 0
0.2464897464769509 0
0.25430997713856757 0
0.26074828539256834 0
0.26390879312109733 0
0.26601366567714196 0
0.26764510185279966 0
0.26943648275156107 0
0.27127478076909955 0
0.2723858634455932 0
0.273503343911011 0
0.2745525812945713 0
0.2834369775139045 0
0.28407462381001125 0
0.2847421264544307 0
0.30322747125260174 0
0.3041508854539871 0
0.3052193162043198 0
0.30601477462722215 0
0.3069253932507592 0
0.31280496127205104 0
0.3134426075681578 0
0.3141101102125772 0
0.3312348585662129 0
0.3321582727675982 0
0.3332267035179309 0
0.33402216194083323 0
0.3349327805643703 0
0.34057989558808477 0
0.3412175418841915 0
0.3418850445286109 0
0.35901832326747873 0
0.3599417374688641 0
0.3610101682191968 0
0.36180562664209914 0
0.3627162452656362 0
0.3683633602893507 0
0.3690010065854574 0
0.3696685092298768 0
0.3868103183539769 0
0.3877337325553622 0
0.3888021633056949 0
0.38959762172859724 0
0.39050824035213433 0
0.3961553553758488 0
0.3967930016719555 0
0.3974605043163749 0
0.4146108438257072 0
0.4155342580270925 0
0.4166026887774252 0
0.4173981472003276 0
0.4183087658238646 0
0.47277314293513495 0
0.4734107892312417 0
0.4740782918756611 0
0.4912009076329887 0
0.49212432183437405 0
0.49319275258470674 0
0.4939882110076091 0
0.4948988296311461 0
0.500778397652438 0
0.5014160439485447 0
0.5020835465929642 0
0.5192082949465998 0
0.5201317091479851 0
0.5212001398983178 0
0.5219955983212202 0
0.5229062169447573 0
0.5285533319684717 0
0.5291909782645784 0
0.5298584809089979 0
0.5469917596478657 0
0.547915173849251 0
0.5489836045995837 0
0.5497790630224861 0
0.5506896816460232 0
0.5563367966697376 0
0.5569744429658443 0
0.5576419456102638 0
0.5747837547343638 0
0.5757071689357491 0
0.5767755996860818 0
0.5775710581089842 0
0.5784816767325213 0
0.5841287917562357 0
0.5847664380523424 0
0.5854339406967619 0
0.6025842802060941 0
0.6035076944074794 0
0.6045761251578121 0
0.6053715835807145 0
0.6062822022042516 0
0.6607465793155219 0
0.6613842256116286 0
0.6620517282560481 0
0.6791743440133756 0
0.6800977582147609 0
0.6811661889650936 0
0.681961647387996 0
0.6828722660115331 0
0.6887518340328249 0
0.6893894803289317 0
0.690056982973351 0
0.7071817313269867 0
0.7081051455283721 0
0.7091735762787047 0
0.7099690347016071 0
0.7108796533251441 0
0.7165267683488586 0
0.7171644146449654 0
0.7178319172893848 0
0.7349651960282526 0
0.7358886102296379 0
0.7369570409799706 0
0.737752499402873 0
0.73866311802641 0
0.7443102330501246 0
0.7449478793462313 0
0.7456153819906507 0
0.7627571911147507 0
0.7636806053161361 0
0.7647490360664687 0
0.7655444944893711 0
0.7664551131129081 0
0.7721022281366227 0
0.7727398744327294 0
0.7734073770771488 0
0.790557716586481 0
0.7914811307878664 0
0.7925495615381991 0
0.7933450199611014 0
0.7942556385846384 0
0.8474596512778517 0
0.8480972975739585 0
0.8487648002183779 0
0.8658874159757055 0
0.8668108301770908 0
0.8678792609274235 0
0.8686747193503258 0
0.869585337973863 0
0.8754649059951547 0
0.8761025522912614 0
0.8767700549356809 0
0.8938948032893166 0
0.8948182174907019 0
0.8958866482410346 0
0.896682106663937 0
0.897592725287474 0
0.9032398403111884 0
0.9038774866072952 0
0.9045449892517146 0
0.9216782679905825 0
0.9226016821919678 0
0.9236701129423005 0
0.9244655713652028 0
0.9253761899887399 0
0.9310233050124543 0
0.9316609513085611 0
0.9323284539529805 0
0.9494702630770806 0
0.9503936772784659 0
0.9514621080287986 0
0.952257566451701 0
0.953168185075238 0
