0.30360280820281843 0
0.3045582113488245 0
0.3316101955164295 0
0.33256559866243557 0
0.3593936602176954 0
0.3603490633637015 0
0.3871856553041935 0
0.38814105845019964 0
0.41498618077592386 0
0.4159415839219299 0
0.49157624458320537 0
0.49253164772921143 0
0.5195836318968164 0
0.5205390350428225 0
0.5473670965980824 0
0.5483224997440884 0
0.5751590916845805 0
0.5761144948305865 0
0.6029596171563107 0
0.6039150203023168 0
0.6795496809635924 0
0.6805050841095984 0
0.7075570682772034 0
0.7085124714232095 0
0.7353405329784694 0
0.7362959361244754 0
0.7631325280649675 0
0.7640879312109735 0
0.7909330535366977 0
0.7918884566827038 0
0.8662627529259221 0
0.8672181560719282 0
0.8942701402395332 0
0.8952255433855393 0
0.9220536049407991 0
0.9230090080868052 0
0.9498456000272972 0
0.9508010031733033 0
