0.10547821339611697 0
0.10555711945951479 0
0.10564029071552872 0
0.10572132937523458 0
0.1058556829426417 0
0.10605401439929027 0
0.1068516054185007 0
0.10693051148189853 0
0.10701368273791244 0
0.10709472139761832 0
0.10722907496502541 0
0.1074231412290579 0
0.10822073224826834 0
0.10829963831166615 0
0.10838280956768008 0
0.10846384822738595 0
0.10859820179479306 0
0.10879226805882554 0
0.10956426792233938 0
0.1096431739857372 0
0.10972634524175112 0
0.10980738390145699 0
0.1099417374688641 0
0.11013580373289658 0
0.110933394752107 1
0.11101230081550482 2
0.11109547207151875 3
0.11117651073122463 4
0.11131086429863173 4
0.11150493056266421 4
0.2068682396697035 4
0.20708363189681647 4
0.2071710683454465 4
0.20841223939673115 4
0.20858924489029926 4
0.21239806189647525 4
0.2125302828675743 4
0.21270089057221825 4
0.24856476268468283 4
0.2486458013443887 4
0.24926638687003105 4
0.24944339236359914 4
0.24961400006824308 4
0.24976328180980653 4
0.25003625413723685 4
0.2529899000238851 4
0.25307093868359093 4
0.2532927286996281 4
0.27612003958098746 4
0.2871668884566827 4
0.2873737502985635 4
0.2879516838980448 4
0.28808390486914387 4
0.2882545125737878 4
0.29887270959156514 4
0.298953748251271 4
0.299211792404545 4
0.29938879789811307 4
0.299559405602757 4
0.2997086873443205 4
0.2999816596717508 4
0.31599532534889274 4
0.31620218719077353 4
0.31662657385607534 4
0.3167587948271744 4
0.31692940253181834 4
0.3269078206571809 4
0.32698885931688676 4
0.3272469034701607 4
0.3274239089637288 4
0.32759451666837275 4
0.32774379840993617 4
0.3280167707373665 4
0.34377452485754256 4
0.34398138669942335 4
0.34440577336472517 4
0.3445379943358242 4
0.34470860204046816 4
0.3546870201658307 4
0.3547680588255366 4
0.35502610297881054 4
0.3552031084723786 4
0.35537371617702257 4
0.355522997918586 4
0.35579597024601634 4
0.37156225475142457 4
0.37176911659330536 4
0.3721935032586072 4
0.3723257242297062 4
0.37249633193435017 4
0.3824747500597127 4
0.3825557887194186 4
0.38281383287269255 4
0.38299083836626063 4
0.3831614460709046 4
0.383310727812468 4
0.38358370013989834 4
0.39935851503053876 4
0.39956537687241955 4
0.39998976353772137 4
0.4001219845088204 4
0.40029259221346436 4
0.4102710103388269 4
0.4103520489985328 4
0.41061009315180674 4
0.4107870986453748 4
0.41095770635001877 4
0.4111069880915822 4
0.41137996041901254 4
0.47595924181936056 4
0.47616610366124135 4
0.47659049032654316 4
0.4767227112976422 4
0.47689331900228615 4
0.4868717371276487 4
0.4869527757873546 4
0.48721081994062854 4
0.4873878254341966 4
0.48755843313884056 4
0.487707714880404 4
0.48798068720783433 4
0.5039687617292797 4
0.5041756235711605 4
0.5046000102364623 4
0.5047322312075614 4
0.5049028389122052 4
0.5148812570375678 4
0.5149622956972737 4
0.5152203398505476 4
0.5153973453441157 4
0.5155679530487597 4
0.5157172347903232 4
0.5159902071177535 4
0.5317479612379296 4
0.5319548230798102 4
0.5323792097451121 4
0.5325114307162111 4
0.532682038420855 4
0.5426604565462176 4
0.5427414952059235 4
0.5429995393591974 4
0.5431765448527656 4
0.5433471525574095 4
0.543496434298973 4
0.5437694066264033 4
0.5595356911318116 4
0.5597425529736922 4
0.5601669396389941 4
0.5602991606100931 4
0.560469768314737 4
0.5704481864400996 4
0.5705292250998055 4
0.5707872692530794 4
0.5709642747466476 4
0.5711348824512915 4
0.571284164192855 4
0.5715571365202853 4
0.5873319514109258 4
0.5875388132528065 4
0.5879631999181083 4
0.5880954208892074 4
0.5882660285938514 4
0.5982444467192138 4
0.5983254853789197 4
0.5985835295321936 4
0.5987605350257618 4
0.5989311427304057 4
0.5990804244719692 4
0.5993533967993995 4
0.6639326781997476 4
0.6641395400416282 4
0.6645639267069301 4
0.6646961476780291 4
0.664866755382673 4
0.6748451735080356 4
0.6749262121677415 4
0.6751842563210154 4
0.6753612618145836 4
0.6755318695192275 4
0.675681151260791 4
0.6759541235882213 4
0.6919421981096666 4
0.6921490599515474 4
0.6925734466168492 4
0.6927056675879483 4
0.6928762752925922 4
0.7028546934179547 4
0.7029357320776606 4
0.7031937762309346 4
0.7033707817245026 4
0.7035413894291466 4
0.70369067117071 4
0.7039636434981403 4
0.7197213976183164 4
0.7199282594601972 4
0.720352646125499 4
0.7204848670965981 4
0.720655474801242 4
0.7306338929266045 4
0.7307149315863104 4
0.7309729757395844 4
0.7311499812331524 4
0.7313205889377964 4
0.7314698706793599 4
0.7317428430067902 4
0.7475091275121984 4
0.7477159893540792 4
0.748140376019381 4
0.7482725969904801 4
0.748443204695124 4
0.7584216228204865 4
0.7585026614801924 4
0.7587607056334664 4
0.7589377111270345 4
0.7591083188316784 4
0.7592576005732419 4
0.7595305729006722 4
0.7753053877913126 4
0.7755122496331934 4
0.7759366362984952 4
0.7760688572695943 4
0.7762394649742382 4
0.7862178830996007 4
0.7862989217593066 4
0.7865569659125806 4
0.7867339714061486 4
0.7869045791107926 4
0.7870538608523561 4
0.7873268331797864 4
0.8506457501620773 4
0.8508526120039581 4
0.8512769986692599 4
0.851409219640359 4
0.8515798273450029 4
0.8615582454703654 4
0.8616392841300713 4
0.8618973282833453 4
0.8620743337769133 4
0.8622449414815573 4
0.8623942232231208 4
0.862667195550551 4
0.8786552700719964 4
0.8788621319138772 4
0.879286518579179 4
0.879418739550278 4
0.879589347254922 4
0.8895677653802846 4
0.8896488040399905 4
0.8899068481932644 4
0.8900838536868325 4
0.8902544613914765 4
0.8904037431330399 4
0.8906767154604702 4
0.9064344695806462 4
0.906641331422527 4
0.9070657180878289 4
0.9071979390589279 4
0.9073685467635718 4
0.9173469648889344 4
0.9174280035486403 4
0.9176860477019142 4
0.9178630531954823 4
0.9180336609001263 4
0.9181829426416896 4
0.91845591496912 4
0.9342221994745282 4
0.934429061316409 4
0.9348534479817109 4
0.9349856689528099 4
0.9351562766574538 4
0.9451346947828164 4
0.9452157334425223 4
0.9454737775957962 4
0.9456507830893643 4
0.9458213907940083 4
0.9459706725355717 4
0.946243644863002 4
