0.2594751253966629 0
0.26290007506739005 0
0.26511371003514517 0
0.26657667110246697 0
0.26870500221790017 0
0.2705496980243628 0
0.2716607807008565 0
0.2727782611662743 0
0.2738957416316921 0
0.2756124816596717 0
0.2773718736138124 0
0.28097596137441566 0
0.2820124031801276 0
0.3034812502132596 0
0.30786800081891696 0
0.31119058586685777 0
0.3116960111918654 0
0.3314886375268707 0
0.33587112293991195 0
0.33915532125430786 0
0.3592721022281366 0
0.36365458764117786 0
0.3669387859555738 0
0.3870640973146347 0
0.39144658272767596 0
0.3947307810420719 0
0.41486462278636504 0
0.4192471081994063 0
0.42141382604838434 0
0.4216249530828812 0
0.4247086873443205 0
0.4258197700208141 0
0.4297138908793121 0
0.4299335482990412 0
0.4310318353976866 0
0.43124296243218346 0
0.4314540894666803 0
0.4344674480499539 0
0.4355614699559832 0
0.43915276213873816 0
0.4393724195584673 0
0.44047070665711263 0
0.4406818336916095 0
0.4408929607261064 0
0.4438913911352237 0
0.44491716995939534 0
0.4491780973828778 0
0.45215733442522266 0
0.452649964172382 0
0.453343057972498 0
0.45760398539598046 0
0.4599946258573037 0
0.46104812843348003 0
0.46210802879858054 0
0.4657377077148804 0
0.4659573651346095 0
0.46709403896679974 0
0.4703121267956461 0
0.47134856860135804 0
0.49145468659364655 0
0.4958414371993039 0
0.4991640222472447 0
0.49966944757225235 0
0.5194620739072576 0
0.5238445593202989 0
0.5271287576346948 0
0.5472455386085235 0
0.5516280240215649 0
0.5549122223359607 0
0.5750375336950216 0
0.579420019108063 0
0.5827042174224588 0
0.6028380591667519 0
0.6072205445797932 0
0.6093872624287713 0
0.6095983894632682 0
0.6126821237247074 0
0.6137420240898079 0
0.6183015149964173 0
0.6213148735796908 0
0.622357713174327 0
0.6266186405978094 0
0.6296128058143106 0
0.6306897669498754 0
0.6342810591326304 0
0.6345007165523595 0
0.6355990036510049 0
0.6358101306855017 0
0.6360212577199986 0
0.6390047599549595 0
0.639497389702119 0
0.6402416658136282 0
0.6438329579963831 0
0.6440526154161121 0
0.6451509025147576 0
0.6453620295492545 0
0.6455731565837514 0
0.6479680622376907 0
0.649021564813867 0
0.6500814651789675 0
0.6537111440952673 0
0.6539308015149964 0
0.6550674753471867 0
0.658285563176033 0
0.659322004981745 0
0.6794281229740335 0
0.6838148735796908 0
0.6871374586276316 0
0.6876428839526393 0
0.7074355102876446 0
0.7118179957006858 0
0.7151021940150817 0
0.7352189749889105 0
0.7396014604019517 0
0.7428856587163476 0
0.7630109700754086 0
0.7673934554884498 0
0.7706776538028457 0
0.7908114955471389 0
0.7951939809601801 0
0.7972263452417511 0
0.797437472276248 0
0.8005212065376872 0
0.801632289214181 0
0.8055264100726789 0
0.805746067492408 0
0.8068443545910533 0
0.8070554816255502 0
0.8072666086600471 0
0.8102799672433207 0
0.8113228068379568 0
0.8155837342614393 0
0.8185778994779405 0
0.8196036783021121 0
0.8238646057255946 0
0.8268438427679394 0
0.8273364725150988 0
0.8280295663152148 0
0.8322904937386972 0
0.8346811342000204 0
0.8357346367761969 0
0.8367945371412973 0
0.8404242160575972 0
0.8406438734773263 0
0.8417805473095165 0
0.8449986351383628 0
0.8460350769440748 0
0.8661411949363633 0
0.8705279455420207 0
0.8738505305899614 0
0.8743559559149692 0
0.8941485822499744 0
0.8985310676630157 0
0.9018152659774116 0
0.9219320469512403 0
0.9263145323642815 0
0.9295987306786775 0
0.9497240420377384 0
0.9541065274507797 0
0.95628177568499 0
0.9564929027194868 0
0.9595617088067697 0
0.960655730712799 0
0.9645498515712969 0
0.964769508991026 0
0.9658677960896714 0
0.9660789231241683 0
0.9662900501586652 0
0.9692884805677825 0
0.9703654417033474 0
0.9739567338861023 0
0.9741763913058313 0
0.9752746784044768 0
0.9754858054389737 0
0.9756969324734706 0
0.9786804347084315 0
0.9791730644555908 0
0.9799173405671 0
0.983508632749855 0
0.9837282901695841 0
0.9848265772682294 0
0.9850377043027263 0
0.9852488313372232 0
0.9876437369911625 0
0.9886972395673389 0
0.9897571399324393 0
0.9933868188487393 0
0.9936064762684683 0
