0.00018766847510833589 0
0.004617071006926673 0
0.00936849558126045 0
0.011528815641314362 0
0.014070870440509094 0
0.016446582727675983 0
0.0188756099225441 0
0.02256500153546934 0
0.025776691575391544 0
0.029231497594431364 0
0.03159014911113386 0
0.034710137509809946 0
0.037723496093083564 0
0.04057051216432934 0
0.04842699696318286 0
0.051335858327362066 0
0.054048520831200736 0
0.056955249599071896 0
0.05982785682601426 0
0.06408878424949671 0
0.06872078343057972 0
0.07286655065342751 0
0.07660712457774593 0
0.08163365407581806 0
0.0873959293001672 0
0.09459130924352543 0
0.0983553417272324 0
0.19022119288907088 0
