0.12502559115569659 1
0.12506184529293343 2
0.14153615177261405 2
0.14157453850615895 3
0.14544946599788447 3
0.14546652676834887 3
0.1454942505203535 4
0.14554116763913058 5
0.14557742177636743 6
0.14899384106186236 6
0.14901090183232674 6
0.1490386255843314 6
0.14906634933633603 6
0.14909407308834066 6
0.14912179684034532 7
0.1491687139591224 8
0.1491857747295868 9
0.14923269184836388 10
0.1492689459856007 11
0.15994045791107928 11
0.15995751868154365 11
0.1599852424335483 11
0.16001296618555294 11
0.16004068993755757 11
0.16006841368956223 11
0.16009613744156687 11
0.1601238611935715 11
0.16015158494557613 11
0.1601793086975808 11
0.16020703244958542 12
0.1602539495683625 13
0.16150365100487937 13
0.16152071177534377 13
0.1615484355273484 13
0.16157615927935307 13
0.1616038830313577 13
0.16163160678336233 13
0.161659330535367 13
0.16168705428737162 13
0.16171477803937626 13
0.1617425017913809 13
0.16177022554338555 13
0.16179794929539018 13
0.1618256730473948 14
0.1618725901661719 15
0.1639881257037568 15
0.1640051864742212 15
0.16403291022622582 15
0.16406063397823045 15
0.16408835773023508 15
0.16411608148223975 15
0.16414380523424438 15
0.164171528986249 15
0.16419925273825367 15
0.1642269764902583 15
0.16425470024226294 15
0.16428242399426757 15
0.16431014774627223 15
0.16433787149827686 15
0.1643655952502815 16
0.1644125123690586 17
0.16635530760569148 17
0.16637236837615588 17
0.1664000921281605 17
0.16642781588016514 17
0.1664555396321698 17
0.16648326338417443 17
0.16651098713617907 17
0.1665387108881837 17
0.16656643464018836 17
0.166594158392193 17
0.16662188214419762 17
0.1666687992629747 17
0.166681594840823 18
0.16845804756542807 18
0.16847510833589244 18
0.1685028320878971 18
0.16853055583990173 18
0.16855827959190636 18
0.16858600334391102 18
0.16861372709591566 18
0.1686414508479203 18
0.16866917459992492 18
0.16869689835192958 18
0.1687246221039342 18
0.16875234585593885 18
0.1687800696079435 19
0.16882698672672058 20
0.17398147200327566 20
0.17399853277374006 20
0.17402625652574472 20
0.1740731736445218 20
0.17409023441498617 20
0.17413715153376327 21
0.17500298563483127 21
0.17502004640529567 21
0.1750477701573003 21
0.17509468727607738 22
0.1766280240215648 22
0.1766450847920292 22
0.17667280854403386 22
0.1767005322960385 23
0.17674744941481557 23
0.17676451018527997 23
0.17681142730405705 23
0.1768476814412939 24
0.17765593544204455 24
0.17767299621250895 24
0.1777007199645136 24
0.17772844371651825 24
0.17775616746852288 25
0.17780308458729996 26
0.1802022554338554 26
0.18023850957109222 27
0.18086336028935066 27
0.18088042105981506 27
0.18090814481181972 28
0.1809550619305968 28
0.1853226191694817 28
0.1853396799399461 28
0.18536740369195073 28
0.18539512744395537 29
0.18542285119596 30
0.1854697683147371 30
0.18548256389258538 30
0.18550602245197392 30
0.18552948101136246 30
0.185552939570751 31
0.19487665062954243 31
0.19489371140000683 31
0.19492143515201146 31
0.1949491589040161 31
0.19497688265602076 31
0.1950046064080254 31
0.19505152352680247 31
0.19506858429726687 31
0.19511550141604395 31
0.1986193571501689 31
0.1986364179206333 31
0.19866414167263793 31
0.19869186542464257 31
0.19873878254341967 31
0.19875584331388405 31
0.19880276043266115 31
