0.33068038352612006 1
0.3584595830347698 1
0.358463848227386 1
0.38624731292865183 1
0.386251578121268 1
0.3862558433138841 1
0.4140435732077661 1
0.4140478384003822 1
0.41405210359299827 1
0.41405636878561436 1
0.5186538199065069 1
0.5464330194151568 1
0.5464372846077729 1
0.5742207493090388 1
0.5742250145016549 1
0.574229279694271 1
0.602017009588153 1
0.6020212747807691 1
0.6020255399733851 1
0.6020298051660012 1
0.7066272562868939 1
0.7344064557955438 1
0.7344107209881598 1
0.7621941856894258 1
0.7621984508820419 1
0.762202716074658 1
0.78999044596854 1
0.789994711161156 1
0.7899989763537721 1
0.7900032415463882 1
0.8933403282492237 1
0.9211195277578735 1
0.9211237929504896 1
0.9489072576517555 1
0.9489115228443716 1
0.9489157880369877 1
