0.19994156686115944 0
0.21276486846145973 0
0.2554807725116866 0
0.25620585525642336 0
0.25638286074999145 0
0.26497295867881393 0
0.26705863786808615 0
0.28259246937591703 0
0.2883184904630293 0
0.31196471832667966 0
0.3169933804210598 0
0.33973965264271333 0
0.3447725799297096 0
0.36752311734397924 0
0.3725603098235916 0
0.39531511243047734 0
0.4003565701027058 0
0.42260381478827586 0
0.4254636264373699 0
0.43237750366806565 0
0.435205326372539 0
0.4418163749274917 0
0.44456102637595113 0
0.45009724639164705 0
0.4529869143890538 0
0.45852313440474973 0
0.45974724468557 0
0.4617348244446719 0
0.4719286347971474 0
0.4769572968915276 0
0.4999381547070666 0
0.5049668168014467 0
0.5277130890231003 0
0.5327460163100965 0
0.5554965537243662 0
0.5605337462039786 0
0.5832885488108643 0
0.5883300064830927 0
0.6105772511686628 0
0.6133858805063637 0
0.6192249291978026 0
0.6220015695908827 0
0.6275377896065786 0
0.6303336233664312 0
0.6369446719213839 0
0.6398855222301839 0
0.6464965707851367 0
0.6477206810659569 0
0.6497082608250588 0
0.6599020711775344 0
0.6649307332719145 0
0.6879115910874535 0
0.6929402531818337 0
0.7156865254034872 0
0.7207194526904835 0
0.7434699901047531 0
0.7485071825843655 0
0.7712619851912512 0
0.7763034428634797 0
0.7984163339816426 0
0.8012761456307367 0
0.8081900228614324 0
0.8109666632545126 0
0.8165028832702085 0
0.8192475347186678 0
0.8247837547343638 0
0.8276734227317706 0
0.8332096427474665 0
0.8344337530282867 0
0.8364213327873887 0
0.8466151431398642 0
0.8516438052342444 0
0.8746246630497834 0
0.8796533251441635 0
0.902399597365817 0
0.9074325246528133 0
0.9301830620670829 0
0.9352202545466953 0
0.9574717644248815 0
0.9602995871293548 0
0.9672134643600505 0
0.9700092981199031 0
0.9766203466748559 0
0.9795611969836557 0
0.9861722455386085 0
0.9873963558194288 0
0.9893839355785308 0
