0.2250912751219845 1
0.23484577063500187 2
0.24824913843109156 2
0.27051770907974204 3
0.2716287917562357 4
0.28235148599310744 4
0.2922339372846078 4
0.29295048964411236 4
0.29573992561504076 4
0.2976571296959771 4
0.30782321629644793 5
0.32028824171699594 5
0.3209941310949602 5
0.3237750366806565 5
0.3256922407615928 5
0.3358263384174429 5
0.34806744122564576 5
0.34877333060361004 5
0.3515542361893063 5
0.35347144027024263 5
0.36360980311870883 5
0.37585517111952776 5
0.37656106049749205 5
0.3793419660831883 5
0.38125917016412464 5
0.39140179820520693 5
0.40365143139864196 5
0.40435732077660624 5
0.4071382263623025 5
0.40905543044323883 5
0.41920232367693727 5
0.419884754495513 5
0.4257749854983451 5
0.4355166854335142 5
0.4448723854369263 5
0.4524921520455864 5
0.453298273450029 5
0.46139147643907596 5
0.4716876514143379 5
0.48025215818746375 5
0.48095804756542804 5
0.4837389531511243 5
0.4856561572320606 5
0.49579665267683487 5
0.5082616780973829 5
0.5089675674753472 5
0.5117484730610434 5
0.5136656771419797 5
0.5237997747978299 5
0.5360408776060327 5
0.536746766983997 5
0.5395276725696933 5
0.5414448766506296 5
0.5515832394990958 5
0.5638286074999147 5
0.564534496877879 5
0.5673154024635753 5
0.5692326065445116 5
0.5793752345855939 5
0.5916248677790289 5
0.5923307571569932 5
0.5951116627426895 5
0.5970288668236258 5
0.6071757600573242 5
0.6078581908759 5
0.6136972395673389 5
0.6223129286518579 5
0.6306449824274064 5
0.6393395775753233 5
0.6401968812911591 5
0.649364912819463 5
0.6596610877947248 5
0.6682255945678507 5
0.668931483945815 5
0.6717123895315112 5
0.6736295936124476 5
0.6837700890572218 5
0.6962351144777699 5
0.6969410038557341 5
0.6997219094414304 5
0.7016391135223666 5
0.7117732111782168 5
0.7240143139864196 5
0.7247202033643839 5
0.7275011089500801 5
0.7294183130310165 5
0.7395566758794827 5
0.7518020438803016 5
0.7525079332582659 5
0.7552888388439621 5
0.7572060429248985 5
0.7673486709659808 5
0.7795983041594159 5
0.7803041935373801 5
0.7830850991230764 5
0.7850023032040127 5
0.7951491964377111 5
0.7956247654144061 5
0.8015875046917119 5
0.8112780223154877 5
0.8195588937796431 5
0.8271786603883031 5
0.8279847817927457 5
0.8360779847817927 5
0.8463741597570547 5
0.8549386665301805 5
0.8556445559081448 5
0.858425461493841 5
0.8603426655747773 5
0.8704831610195516 5
0.8829481864400996 5
0.883654075818064 5
0.8864349814037602 5
0.8883521854846965 5
0.8984862831405467 5
0.9107273859487495 5
0.9114332753267138 5
0.91421418091241 5
0.9161313849933463 5
0.9262697478418125 5
0.9385151158426315 5
0.9392210052205958 5
0.942001910806292 5
0.9439191148872283 5
0.9540617429283107 5
0.9547569693247347 5
0.9606109461903299 5
0.9703206571808783 5
0.9790152523287952 5
0.979872556044631 5
0.9890405875729348 5
