0.10547608079980891 0
0.10555498686320675 0
0.10563815811922067 0
0.10571919677892654 0
0.10585355034633365 0
0.10605188180298222 0
0.10684947282219265 0
0.10692837888559047 0
0.10701155014160439 0
0.10709258880131027 0
0.10722694236871737 0
0.10742100863274985 0
0.10821859965196028 0
0.10829750571535811 0
0.10838067697137203 0
0.1084617156310779 0
0.10859606919848501 0
0.10879013546251749 0
0.10956213532603132 0
0.10964104138942915 0
0.10972421264544306 0
0.10980525130514894 0
0.10993960487255605 0
0.11013367113658853 0
0.11093126215579896 1
0.11101016821919678 2
0.1110933394752107 3
0.11117437813491657 4
0.11130873170232368 4
0.11150279796635616 4
0.20686610707339542 4
0.2070814993005084 4
0.20716893574913844 4
0.2084101068004231 4
0.20858711229399118 4
0.2123959293001672 4
0.21252815027126626 4
0.2126987579759102 4
0.2485626300883748 4
0.24864366874808067 4
0.249264254273723 4
0.2494412597672911 4
0.24961186747193503 4
0.24976114921349848 4
0.2500341215409288 4
0.252987767427577 4
0.2530688060872829 4
0.25329059610332 4
0.2761179069846794 4
0.28716475586037465 4
0.28737161770225544 4
0.2879495513017368 4
0.2880817722728358 4
0.28825237997747977 4
0.2988705769952571 4
0.298951615654963 4
0.29920965980823694 4
0.299386665301805 4
0.29955727300644897 4
0.29970655474801244 4
0.29997952707544273 4
0.3159931927525847 4
0.3162000545944655 4
0.3166244412597673 4
0.31675666223086635 4
0.3169272699355103 4
0.32690568806087283 4
0.3269867267205787 4
0.3272447708738527 4
0.32742177636742076 4
0.3275923840720647 4
0.3277416658136281 4
0.32801463814105847 4
0.3437723922612345 4
0.3439792541031153 4
0.3444036407684171 4
0.34453586173951617 4
0.3447064694441601 4
0.35468488756952266 4
0.35476592622922853 4
0.3550239703825025 4
0.3552009758760706 4
0.3553715835807145 4
0.35552086532227795 4
0.35579383764970823 4
0.3715601221551165 4
0.3717669839969973 4
0.3721913706622991 4
0.3723235916333982 4
0.3724941993380421 4
0.38247261746340466 4
0.38255365612311054 4
0.3828117002763845 4
0.3829887057699526 4
0.38315931347459653 4
0.38330859521615995 4
0.3835815675435903 4
0.3993563824342307 4
0.3995632442761115 4
0.3999876309414133 4
0.40011985191251237 4
0.4002904596171563 4
0.41026887774251886 4
0.41034991640222473 4
0.4106079605554987 4
0.4107849660490668 4
0.4109555737537107 4
0.41110485549527415 4
0.4113778278227045 4
0.4759571092230525 4
0.4761639710649333 4
0.4765883577302351 4
0.47672057870133416 4
0.4768911864059781 4
0.48686960453134065 4
0.48695064319104653 4
0.4872086873443205 4
0.4873856928378886 4
0.4875563005425325 4
0.48770558228409594 4
0.4879785546115263 4
0.5039666291329716 4
0.5041734909748524 4
0.5045978776401542 4
0.5047300986112533 4
0.5049007063158972 4
0.5148791244412597 4
0.5149601631009656 4
0.5152182072542396 4
0.5153952127478076 4
0.5155658204524516 4
0.5157151021940151 4
0.5159880745214454 4
0.5317458286416215 4
0.5319526904835022 4
0.532377077148804 4
0.5325092981199031 4
0.532679905824547 4
0.5426583239499095 4
0.5427393626096154 4
0.5429974067628894 4
0.5431744122564575 4
0.5433450199611014 4
0.5434943017026649 4
0.5437672740300952 4
0.5595335585355035 4
0.5597404203773843 4
0.560164807042686 4
0.5602970280137851 4
0.5604676357184291 4
0.5704460538437915 4
0.5705270925034974 4
0.5707851366567714 4
0.5709621421503395 4
0.5711327498549834 4
0.5712820315965469 4
0.5715550039239772 4
0.5873298188146177 4
0.5875366806564984 4
0.5879610673218002 4
0.5880932882928993 4
0.5882638959975433 4
0.5982423141229057 4
0.5983233527826116 4
0.5985813969358856 4
0.5987584024294537 4
0.5989290101340976 4
0.5990782918756611 4
0.5993512642030914 4
0.6639305456034394 4
0.6641374074453202 4
0.664561794110622 4
0.6646940150817211 4
0.664864622786365 4
0.6748430409117275 4
0.6749240795714334 4
0.6751821237247074 4
0.6753591292182755 4
0.6755297369229194 4
0.6756790186644829 4
0.6759519909919132 4
0.6919400655133586 4
0.6921469273552394 4
0.6925713140205412 4
0.6927035349916402 4
0.6928741426962841 4
0.7028525608216467 4
0.7029335994813526 4
0.7031916436346265 4
0.7033686491281946 4
0.7035392568328386 4
0.7036885385744021 4
0.7039615109018323 4
0.7197192650220084 4
0.7199261268638891 4
0.720350513529191 4
0.72048273450029 4
0.7206533422049339 4
0.7306317603302965 4
0.7307127989900024 4
0.7309708431432763 4
0.7311478486368445 4
0.7313184563414884 4
0.7314677380830519 4
0.7317407104104822 4
0.7475069949158905 4
0.7477138567577711 4
0.748138243423073 4
0.748270464394172 4
0.7484410720988159 4
0.7584194902241785 4
0.7585005288838844 4
0.7587585730371583 4
0.7589355785307265 4
0.7591061862353704 4
0.7592554679769339 4
0.7595284403043642 4
0.7753032551950046 4
0.7755101170368854 4
0.7759345037021872 4
0.7760667246732862 4
0.7762373323779301 4
0.7862157505032927 4
0.7862967891629986 4
0.7865548333162725 4
0.7867318388098407 4
0.7869024465144846 4
0.7870517282560481 4
0.7873247005834784 4
0.8506436175657692 4
0.85085047940765 4
0.8512748660729519 4
0.8514070870440509 4
0.8515776947486948 4
0.8615561128740574 4
0.8616371515337633 4
0.8618951956870372 4
0.8620722011806053 4
0.8622428088852493 4
0.8623920906268127 4
0.8626650629542431 4
0.8786531374756884 4
0.8788599993175692 4
0.879284385982871 4
0.8794166069539701 4
0.879587214658614 4
0.8895656327839765 4
0.8896466714436824 4
0.8899047155969564 4
0.8900817210905244 4
0.8902523287951684 4
0.8904016105367318 4
0.8906745828641621 4
0.9064323369843382 4
0.906639198826219 4
0.9070635854915208 4
0.9071958064626199 4
0.9073664141672638 4
0.9173448322926263 4
0.9174258709523322 4
0.9176839151056062 4
0.9178609205991742 4
0.9180315283038182 4
0.9181808100453817 4
0.9184537823728119 4
0.9342200668782202 4
0.934426928720101 4
0.9348513153854028 4
0.9349835363565019 4
0.9351541440611458 4
0.9451325621865083 4
0.9452136008462142 4
0.9454716449994882 4
0.9456486504930562 4
0.9458192581977002 4
0.9459685399392637 4
0.946241512266694 4
