0.1427368034940458 0
0.2148718736138124 0
0.2149891664107551 0
0.21954865731736445 0
0.22015004947623434 0
0.22063414883816154 0
0.22232743030675264 0
0.22293095506193059 0
0.2274456614460709 0
0.22749044596853993 0
0.22753523049100896 0
0.22758001501347802 0
0.22762479953594705 0
0.22766958405841609 0
0.22771436858088512 0
0.22775915310335415 0
0.22780393762582318 0
0.22932447879346232 0
0.2296784897805985 0
0.232860323472208 0
0.2334617156310779 0
0.23613385880506363 0
0.23673738356024157 0
0.23926877537789606 0
0.23938606817483876 0
0.24172339372846077 0
0.2418406865254035 0
0.24416308390486915 0
0.24428037670181185 0
0.24667314975944313 0
0.24727454191831302 0
0.254327037909032 1
0.25460854062169447 2
0.2595391032859044 3
0.26093168867506056 4
0.26132195379943357 5
0.2621451359743406 6
0.26298751151602007 7
0.26318584297266867 8
0.2640921964035896 9
0.2644824615279626 10
0.2653035111065616 11
0.2661608148223974 12
0.2666427815880165 13
0.2671226157573276 14
0.2678285051352919 15
0.26821877025966495 16
0.2687689801071416 17
0.2696198860340533 18
0.2700101511584263 19
0.27061367591360425 20
0.2712918415395639 21
0.2717247585900979 22
0.2724029242160576 23
0.27284223905551575 24
0.2735204046814754 25
0.27395971952093356 26
0.2747359845770635 27
0.2751262497014365 28
0.27567645954891323 29
0.28345403828436894 29
0.28367582830040605 29
0.2840916845804757 29
0.2843454635411335 29
0.28475918722489507 29
0.2850108335892449 29
0.2979322346197154 29
0.29797701914218444 29
0.2980218036646535 29
0.2980665881871225 29
0.29811137270959154 29
0.2981561572320606 29
0.29820094175452966 29
0.2982457262769987 29
0.2982905107994677 29
0.30324453202306617 29
0.30354736069880917 29
0.3035964104138943 29
0.3041679462244515 29
0.3045027638448152 29
0.30455181355990035 29
0.3052363769747842 29
0.30552427747637084 29
0.3060318353976866 29
0.3064370286962159 29
0.3069424540212236 29
0.30743508376838297 29
0.3128220220425154 29
0.3130438120585526 29
0.31345966833862215 29
0.31371344729928 29
0.3141271709830416 29
0.3143788173473914 29
0.32596734568533114 29
0.3260121302078002 29
0.3260569147302692 29
0.32610169925273824 29
0.3261464837752073 29
0.3261912682976763 29
0.32623605282014534 29
0.32628083734261437 29
0.3263256218650834 29
0.33125191933667725 29
0.33155474801242024 29
0.33160379772750537 29
0.33217533353806256 29
0.3325101511584263 29
0.33255920087351143 29
0.33324376428839525 29
0.3335316647899819 29
0.33403922271129766 29
0.334444416009827 29
0.3349498413348347 29
0.33544247108199404 29
0.34059695635854914 29
0.34081874637458626 29
0.3412346026546559 29
0.34148838161531375 29
0.34190210529907533 29
0.3421537516634251 29
0.35374654519398097 29
0.35379132971645 29
0.35383611423891903 29
0.35388089876138806 29
0.3539256832838571 29
0.35397046780632613 29
0.35401525232879516 29
0.3540600368512642 29
0.3541048213737332 29
0.35903538403794316 29
0.35933821271368616 29
0.3593872624287713 29
0.35995879823932847 29
0.3602936158596922 29
0.36034266557477734 29
0.36102722898966116 29
0.36131512949124783 29
0.36182268741256357 29
0.3622278807110929 29
0.3627333060361006 29
0.36322593578325996 29
0.36838042105981506 29
0.36860221107585217 29
0.3690180673559218 29
0.36927184631657967 29
0.3696855700003412 29
0.369937216364691 29
0.381534275087863 29
0.381579059610332 29
0.38162384413280104 29
0.38166862865527007 29
0.3817134131777391 29
0.38175819770020814 29
0.38180298222267717 29
0.3818477667451462 29
0.38189255126761523 29
0.38682737912444126 29
0.38713020780018426 29
0.3871792575152694 29
0.38775079332582657 29
0.3880856109461903 29
0.38813466066127544 29
0.38881922407615926 29
0.38910712457774593 29
0.38961468249906167 29
0.390019875797591 29
0.3905253011225987 29
0.39101793086975806 29
0.39617241614631316 29
0.39639420616235027 29
0.3968100624424199 29
0.39706384140307777 29
0.39747756508683935 29
0.3977292114511891 29
0.40933053536697717 29
0.4093753198894462 29
0.40942010441191523 29
0.40946488893438426 29
0.4095096734568533 29
0.40955445797932233 29
0.40959924250179136 29
0.4096440270242604 29
0.4096888115467294 29
0.41462790459617155 29
0.41493073327191454 29
0.41497978298699967 29
0.4155513187975569 29
0.41588613641792066 29
0.4159351861330058 29
0.4166197495478896 29
0.4169076500494762 29
0.41741520797079196 29
0.4178204012693213 29
0.418325826594329 29
0.4188184563414884 29
0.4727902037055993 29
0.4730119937216365 29
0.47342785000170606 29
0.47368162896236393 29
0.4740953526461255 29
0.47434699901047533 29
0.48593126215579896 29
0.485976046678268 29
0.486020831200737 29
0.48606561572320606 29
0.4861104002456751 29
0.4861551847681441 29
0.48619996929061315 29
0.4862447538130822 29
0.4862895383355512 29
0.4912179684034531 29
0.4915207970791961 29
0.49156984679428123 29
0.4921413826048384 29
0.49247620022520217 29
0.4925252499402873 29
0.4932098133551711 29
0.4934977138567578 29
0.4940052717780735 29
0.49441046507660286 29
0.49491589040161055 29
0.4954085201487699 29
0.5007954584229024 29
0.5010172484389395 29
0.5014331047190091 29
0.501686883679667 29
0.5021006073634285 29
0.5023522537277784 29
0.5139407820657181 29
0.5139855665881872 29
0.5140303511106562 29
0.5140751356331252 29
0.5141199201555943 29
0.5141647046780633 29
0.5142094892005323 29
0.5142542737230014 29
0.5142990582454704 29
0.5192253557170642 29
0.5195281843928071 29
0.5195772341078924 29
0.5201487699184495 29
0.5204835875388133 29
0.5205326372538984 29
0.5212172006687822 29
0.5215051011703689 29
0.5220126590916846 29
0.522417852390214 29
0.5229232777152216 29
0.523415907462381 29
0.5285703927389361 29
0.5287921827549732 29
0.5292080390350429 29
0.5294618179957007 29
0.5298755416794623 29
0.5301271880438121 29
0.5417199815743678 29
0.5417647660968369 29
0.5418095506193059 29
0.5418543351417751 29
0.5418991196642441 29
0.5419439041867131 29
0.5419886887091822 29
0.5420334732316512 29
0.5420782577541202 29
0.5470088204183301 29
0.547311649094073 29
0.5473606988091583 29
0.5479322346197154 29
0.5482670522400792 29
0.5483161019551643 29
0.5490006653700481 29
0.5492885658716348 29
0.5497961237929505 29
0.5502013170914799 29
0.5507067424164875 29
0.5511993721636469 29
0.556353857440202 29
0.5565756474562391 29
0.5569915037363087 29
0.5572452826969666 29
0.5576590063807282 29
0.557910652745078 29
0.5695077114682499 29
0.5695524959907189 29
0.5695972805131879 29
0.5696420650356571 29
0.5696868495581261 29
0.5697316340805951 29
0.5697764186030642 29
0.5698212031255332 29
0.5698659876480022 29
0.5748008155048282 29
0.5751036441805712 29
0.5751526938956564 29
0.5757242297062135 29
0.5760590473265773 29
0.5761080970416624 29
0.5767926604565462 29
0.5770805609581329 29
0.5775881188794486 29
0.577993312177978 29
0.5784987375029856 29
0.578991367250145 29
0.5841458525267001 29
0.5843676425427372 29
0.5847834988228069 29
0.5850372777834647 29
0.5854510014672263 29
0.5857026478315761 29
0.5973039717473642 29
0.5973487562698332 29
0.5973935407923022 29
0.5974383253147713 29
0.5974831098372403 29
0.5975278943597093 29
0.5975726788821784 29
0.5976174634046474 29
0.5976622479271164 29
0.6026013409765585 29
0.6029041696523015 29
0.6029532193673867 29
0.6035247551779438 29
0.6038595727983076 29
0.6039086225133927 29
0.6045931859282765 29
0.6048810864298632 29
0.6053886443511789 29
0.6057938376497083 29
0.6062992629747159 29
0.6067918927218753 29
0.6607636400859863 29
0.6609854301020234 29
0.6614012863820931 29
0.6616550653427509 29
0.6620687890265124 29
0.6623204353908623 29
0.6739046985361858 29
0.6739494830586549 29
0.673994267581124 29
0.674039052103593 29
0.6740838366260621 29
0.6741286211485311 29
0.6741734056710001 29
0.6742181901934692 29
0.6742629747159382 29
0.67919140478384 29
0.679494233459583 29
0.6795432831746682 29
0.6801148189852254 29
0.6804496366055891 29
0.6804986863206742 29
0.6811832497355581 29
0.6814711502371447 29
0.6819787081584604 29
0.6823839014569898 29
0.6828893267819974 29
0.6833819565291569 29
0.6887688948032893 29
0.6889906848193265 29
0.689406541099396 29
0.689660320060054 29
0.6900740437438154 29
0.6903256901081652 29
0.701914218446105 29
0.701959002968574 29
0.7020037874910431 29
0.7020485720135121 29
0.7020933565359812 29
0.7021381410584502 29
0.7021829255809192 29
0.7022277101033882 29
0.7022724946258573 29
0.7071987920974511 29
0.7075016207731941 29
0.7075506704882792 29
0.7081222062988365 29
0.7084570239192002 29
0.7085060736342853 29
0.7091906370491692 29
0.7094785375507557 29
0.7099860954720715 29
0.7103912887706009 29
0.7108967140956085 29
0.711389343842768 29
0.716543829119323 29
0.7167656191353602 29
0.7171814754154298 29
0.7174352543760876 29
0.7178489780598492 29
0.718100624424199 29
0.7296934179547548 29
0.7297382024772239 29
0.7297829869996929 29
0.7298277715221619 29
0.729872556044631 29
0.7299173405671 29
0.729962125089569 29
0.7300069096120381 29
0.7300516941345071 29
0.734982256798717 29
0.73528508547446 29
0.7353341351895452 29
0.7359056710001024 29
0.7362404886204661 29
0.7362895383355512 29
0.7369741017504351 29
0.7372620022520217 29
0.7377695601733374 29
0.7381747534718668 29
0.7386801787968744 29
0.7391728085440339 29
0.7443272938205889 29
0.7445490838366261 29
0.7449649401166957 29
0.7452187190773535 29
0.7456324427611151 29
0.7458840891254649 29
0.7574811478486368 29
0.7575259323711059 29
0.7575707168935749 29
0.757615501416044 29
0.757660285938513 29
0.757705070460982 29
0.757749854983451 29
0.7577946395059201 29
0.7578394240283891 29
0.7627742518852151 29
0.7630770805609581 29
0.7631261302760433 29
0.7636976660866005 29
0.7640324837069642 29
0.7640815334220493 29
0.7647660968369332 29
0.7650539973385198 29
0.7655615552598355 29
0.7659667485583649 29
0.7664721738833725 29
0.766964803630532 29
0.772119288907087 29
0.7723410789231242 29
0.7727569352031938 29
0.7730107141638516 29
0.7734244378476132 29
0.773676084211963 29
0.785277408127751 29
0.7853221926502201 29
0.7853669771726891 29
0.7854117616951581 29
0.7854565462176272 29
0.7855013307400962 29
0.7855461152625652 29
0.7855908997850343 29
0.7856356843075033 29
0.7905747773569455 29
0.7908776060326884 29
0.7909266557477735 29
0.7914981915583308 29
0.7918330091786945 29
0.7918820588937796 29
0.7925666223086635 29
0.7928545228102502 29
0.7933620807315659 29
0.7937672740300952 29
0.7942726993551029 29
0.7947653291022623 29
0.8474767120483161 29
0.8476985020643533 29
0.8481143583444228 29
0.8483681373050806 29
0.8487818609888422 29
0.849033507353192 29
0.8606177704985157 29
0.8606625550209848 29
0.8607073395434538 29
0.8607521240659228 29
0.8607969085883919 29
0.8608416931108609 29
0.8608864776333299 29
0.860931262155799 29
0.860976046678268 29
0.8659044767461699 29
0.8662073054219128 29
0.866256355136998 29
0.8668278909475552 29
0.8671627085679189 29
0.867211758283004 29
0.8678963216978879 29
0.8681842221994746 29
0.8686917801207903 29
0.8690969734193196 29
0.8696023987443273 29
0.8700950284914867 29
0.8754819667656192 29
0.8757037567816562 29
0.8761196130617259 29
0.8763733920223837 29
0.8767871157061453 29
0.8770387620704951 29
0.8886272904084348 29
0.8886720749309038 29
0.8887168594533729 29
0.8887616439758419 29
0.8888064284983109 29
0.8888512130207801 29
0.8888959975432491 29
0.8889407820657181 29
0.8889855665881872 29
0.893911864059781 29
0.8942146927355239 29
0.894263742450609 29
0.8948352782611663 29
0.89517009588153 29
0.8952191455966152 29
0.895903709011499 29
0.8961916095130856 29
0.8966991674344014 29
0.8971043607329307 29
0.8976097860579384 29
0.8981024158050978 29
0.9032569010816528 29
0.90347869109769 29
0.9038945473777595 29
0.9041483263384175 29
0.904562050022179 29
0.9048136963865289 29
0.9164064899170846 29
0.9164512744395537 29
0.9164960589620227 29
0.9165408434844917 29
0.9165856280069608 29
0.9166304125294298 29
0.9166751970518988 29
0.9167199815743678 29
0.9167647660968369 29
0.9216953287610469 29
0.9219981574367898 29
0.9220472071518749 29
0.9226187429624322 29
0.9229535605827959 29
0.923002610297881 29
0.9236871737127649 29
0.9239750742143515 29
0.9244826321356673 29
0.9248878254341966 29
0.9253932507592043 29
0.9258858805063637 29
0.9310403657829187 29
0.9312621557989559 29
0.9316780120790255 29
0.9319317910396834 29
0.932345514723445 29
0.9325971610877948 29
0.9441942198109666 29
0.9442390043334357 29
0.9442837888559047 29
0.9443285733783737 29
0.9443733579008428 29
0.9444181424233118 29
0.9444629269457808 29
0.9445077114682499 29
0.9445524959907189 29
0.949487323847545 29
0.9497901525232879 29
0.949839202238373 29
0.9504107380489303 29
0.950745555669294 29
0.9507946053843792 29
0.951479168799263 29
0.9517670693008496 29
0.9522746272221654 29
0.9526798205206947 29
0.9531852458457024 29
0.9536778755928618 29
