0.00013008837479100557 0
0.0045594909066093425 0
0.00931091548094312 0
0.011471235540997032 0
0.014013290340191763 0
0.01638900262735865 0
0.018818029822226773 0
0.02250742143515201 0
0.025719111475074215 0
0.029173917494114035 0
0.03153256901081653 0
0.034652557409492614 0
0.03766591599276623 0
0.04051293206401201 0
0.04836941686286553 0
0.051278278227044734 0
0.053990940730883404 0
0.05689766949875456 0
0.05977027672569693 0
0.06403120414917937 0
0.06866320333026239 0
0.07280897055311018 0
0.0765495444774286 0
0.08157607397550073 0
0.08733834919984987 0
0.09453372914320811 0
0.09829776162691507 0
0.19016361278875354 0
