0.20043846180093494 0
0.21318498993414542 0
0.21447521070051523 1
0.21899204968096359 2
0.22171110997372642 2
0.22880412529429828 3
0.23230371583580714 3
0.2355175384720374 3
0.23881879755689767 4
0.24127341590746237 4
0.24371310608387076 4
0.24611654212304226 4
0.2830616405636879 4
0.2888559047326577 4
0.29426203637356263 4
0.31242962432183435 4
0.31753079469068823 4
0.32229714743917837 4
0.3402045586378681 4
0.34530999419933806 4
0.3500763469478282 4
0.367988023339134 4
0.37309772409322006 4
0.3778640768417102 4
0.3957800184256321 4
0.40089398437233426 4
0.4056603371208244 4
0.47239780598491826 4
0.47749471116115605 4
0.4822610639096462 4
0.5004030607022213 4
0.5055042310710751 4
0.5102705838195652 4
0.528177995018255 4
0.5332834305797249 4
0.5380497833282151 4
0.5559614597195209 4
0.561071160473607 4
0.5658375132220971 4
0.583753454806019 4
0.5888674207527211 4
0.5936337735012113 4
0.6603712423653052 4
0.6654681475415429 4
0.6702345002900331 4
0.6883764970826083 4
0.6934776674514621 4
0.6982440201999522 4
0.716151431398642 4
0.7212568669601119 4
0.7260232197086021 4
0.7439348960999078 4
0.7490445968539939 4
0.7538109496024841 4
0.771726891186406 4
0.7768408571331081 4
0.7816072098815983 4
0.8470843143276351 4
0.8521812195038728 4
0.856947572252363 4
0.8750895690449381 4
0.8801907394137919 4
0.884957092162282 4
0.9028645033609718 4
0.9079699389224417 4
0.9127362916709318 4
0.9306479680622377 4
0.9357576688163237 4
0.9405240215648139 4
