0.12320222131231447 1
0.12321501689016276 2
0.12322781246801105 3
0.12324060804585935 4
0.12325340362370765 5
0.12326619920155595 6
0.12327899477940424 7
0.12329179035725253 8
0.12379508308595216 9
0.12380787866380046 10
0.12529643088681885 11
0.1253156242535913 12
0.12533481762036375 13
0.12540519329852937 14
0.12541798887637765 15
0.1254371822431501 16
0.1254499778209984 17
0.1254627733988467 18
0.12547556897669498 19
0.1254883645545433 20
0.12550116013239157 21
0.12551395571023988 22
0.12552675128808816 23
0.12553954686593646 24
0.12555234244378477 25
0.12556513802163305 26
0.12557793359948136 27
0.12559072917732964 28
0.12560352475517794 29
0.12561632033302625 30
0.12562911591087453 31
0.12564191148872283 32
0.12565470706657111 33
0.12566750264441942 34
0.12568029822226773 35
0.125693093800116 36
0.1257058893779643 37
0.1257186849558126 38
0.1257314805336609 39
0.1257442761115092 40
0.12575707168935749 41
0.1257698672672058 42
0.12578266284505407 43
0.12579545842290238 44
0.12580825400075069 45
0.12582104957859896 46
0.12583384515644727 47
0.12584664073429555 48
0.12585943631214386 49
0.12587223188999216 50
0.12624543624390078 51
0.12625183403282492 52
0.12626462961067322 53
0.1262774251885215 54
0.1262902207663698 55
0.12630301634421812 56
0.1263158119220664 57
0.1263286074999147 58
0.1267487289726004 59
0.1267615245504487 60
0.12677432012829698 61
0.1267871157061453 62
0.1273330603610059 63
0.1273458559388542 64
0.1273586515167025 65
0.12789819838263897 66
0.13950592008735113 67
0.14180485890742825 68
0.14181765448527656 69
0.1418240522742007 70
0.141836847852049 71
0.14184964342989728 72
0.1418624390077456 73
0.1418752345855939 74
0.14188803016344217 75
0.14190082574129048 76
0.1431313338110349 77
0.14591223939673115 78
0.14592503497457945 78
0.14593783055242776 78
0.14595062613027604 78
0.14596342170812435 78
0.14597621728597263 78
0.14598901286382093 78
0.14600180844166924 78
0.14601460401951752 78
0.14602739959736583 78
0.1460401951752141 78
0.1460529907530624 78
0.1460657863309107 79
0.14607218411983486 80
0.14608497969768314 81
0.14609777527553144 82
0.14611057085337975 83
0.14612336643122803 84
0.14613616200907634 85
0.14614895758692462 86
0.14616175316477292 87
0.14617454874262123 88
0.1461873443204695 89
0.14702545466953287 90
0.14703825024738118 91
0.14705104582522946 92
0.14706384140307777 93
0.14707663698092605 94
0.1485545262224042 95
0.1485673218002525 96
0.14858011737810078 97
0.1485929129559491 98
0.1486057085337974 99
0.14861850411164568 100
0.14863769747841812 101
0.14865049305626643 102
0.1486632886341147 103
0.15000682430818577 104
0.15001961988603404 105
0.15003241546388235 106
0.15004521104173066 107
0.1505762275224349 108
0.15058902310028321 109
0.1506018186781315 110
0.1506146142559798 111
0.1506274098338281 112
0.16063141911488724 113
0.16066340805950796 114
0.16067620363735627 115
0.16068899921520455 116
0.16070179479305285 117
0.16071459037090116 118
0.1611581704029754 119
0.1611709659808237 120
0.16118376155867198 121
0.16119655713652029 122
0.16226498788685298 123
0.16271070051523526 124
0.16273202647831575 125
0.16274482205616406 126
0.16275761763401236 127
0.16277041321186064 128
0.16485395980482478 129
0.1648667553826731 130
0.16489234653836968 131
0.16490514211621796 132
0.16491793769406626 133
0.16493073327191457 134
0.1659799706554748 135
0.1659927662333231 136
0.1660055618111714 137
0.16601835738901968 138
0.166031152966868 139
0.16604394854471627 140
0.16709958371720066 141
0.16780547309516497 142
0.16781826867301328 143
0.16783746203978572 144
0.167850257617634 145
0.1678630531954823 146
0.16787584877333062 147
0.1678886443511789 148
0.1679014399290272 149
0.16792063329579965 150
0.16793342887364793 151
0.16794622445149623 152
0.16796541781826868 153
0.16797821339611696 154
0.16799100897396527 155
0.16800380455181357 156
0.16801660012966185 157
0.16802939570751016 158
0.16932814685911216 159
0.16934094243696046 160
0.16935373801480874 161
0.16936653359265705 162
0.16937932917050533 163
0.16939212474835363 164
0.16940492032620194 165
0.16941771590405022 166
0.16943051148189853 167
0.1694433070597468 168
0.1714458149930051 169
0.17145861057085338 170
0.17147140614870168 171
0.17148420172654996 172
0.17149699730439827 173
0.17150979288224658 174
0.17152258846009485 175
0.17332249974408845 176
0.17333529532193673 177
0.17334809089978503 178
0.17336088647763334 179
0.17337368205548162 180
0.17338647763332993 181
0.17465537243661924 182
0.17540391374074454 183
0.17541670931859282 184
0.17542950489644113 185
0.1754423004742894 186
0.17545509605213772 187
0.17591147166206025 188
0.17631879755689767 189
0.17633159313474597 190
0.17747466475586038 191
0.17748746033370866 192
0.17750025591155696 193
0.17751305148940527 194
0.17806539393319 195
0.1793449517180196 196
0.17936414508479204 197
0.17938333845156448 198
0.17938973624048862 199
0.17940253181833693 200
0.1794153273961852 201
0.17942812297403352 202
0.1794409185518818 203
0.1794537141297301 204
0.17946650970757838 205
0.1794793052854267 206
0.179492100863275 207
0.17950489644112327 208
0.1804837581465179 209
0.18049655372436618 210
0.1805093493022145 211
0.1805221448800628 212
0.18053494045791108 213
0.18119604531340636 214
0.18120884089125464 215
0.18122163646910294 216
0.18192326065445116 217
0.18193605623229944 218
0.18194885181014775 219
0.18196164738799603 220
0.18197444296584434 221
0.18230073020097587 222
0.18231352577882418 223
0.18232632135667245 224
0.18233911693452076 225
0.18431816630839049 226
0.1843309618862388 227
0.18434375746408707 228
0.18435655304193538 229
0.18436934861978366 230
0.18438214419763196 231
0.18494941481557306 232
0.18496221039342137 233
0.18497500597126967 234
0.18498780154911795 235
0.18500059712696626 236
0.18597306104343672 237
0.1859986521991333 238
0.18601144777698161 239
0.1860242433548299 240
0.1860370389326782 241
0.1860498345105265 242
0.18641450847920293 243
0.1864273040570512 244
0.18644009963489952 245
0.1864528952127478 246
0.1864656907905961 247
0.1864784863684444 248
0.1956721090524448 249
0.19568490463029312 250
0.1956977002081414 251
0.1957104957859897 252
0.19572329136383798 253
0.1957360869416863 254
0.1957488825195346 255
0.19576167809738287 256
0.19577447367523118 257
0.19578726925307946 258
0.19580006483092777 259
0.19581286040877607 260
0.19582565598662435 261
0.1960879653325144 262
0.19610076091036271 263
0.196113556488211 264
0.19613274985498344 265
0.19614554543283175 266
0.19617753437745247 267
0.19618393216637664 268
0.19619672774422492 269
0.19620952332207323 270
0.19622231889992153 271
0.1962351144777698 272
0.19624791005561812 273
0.1962607056334664 274
0.1962735012113147 275
0.196286296789163 276
0.1962990923670113 277
0.1963118879448596 278
0.19632468352270788 279
0.19633747910055618 280
0.1963502746784045 281
0.19636307025625277 282
0.19678532432524654 283
0.19679811990309481 284
0.19823548981472003 285
0.19824828539256834 286
0.19826108097041661 287
0.19827387654826492 288
0.19828667212611323 289
0.1982994677039615 290
0.19831226328180981 291
0.1983250588596581 292
0.1983378544375064 293
0.1993337769133654 294
0.1993465724912137 295
0.199359368069062 296
0.1993721636469103 297
