0.20183531238270722 1
0.20194407479441773 1
0.20204857201351212 1
0.20221917971815606 1
0.20239618521172417 1
0.20257745589790835 1
0.20295705804074113 1
0.2031383287269253 1
0.20333879277988193 1
0.20370346674855835 1
0.20392312416828745 1
0.20414917937694066 1
0.20438803016344217 1
0.2046268809499437 1
0.2048081516361279 1
0.20498942232231207 1
0.20523467089773775 1
0.20551190841778413 1
0.20569317910396834 1
0.2059512232572423 1
0.20620926741051626 1
0.20648650493056267 1
0.21306769713720272 2
0.21419370798785273 3
0.2142875422254069 3
0.21436431569249667 3
0.21513205036339442 3
0.2152130890231003 3
0.21530692326065445 3
0.21546686798375814 3
0.21554790664346402 3
0.21564174088101817 3
0.21578675742996553 3
0.2159445695567612 3
0.21608958610570853 3
0.21629218275497322 3
0.21637322141467907 3
0.2164734534411574 3
0.21661846999010476 3
0.21677841471320844 3
0.2169234312621558 3
0.21712816050772854 3
0.2172091991674344 3
0.21730943119391272 3
0.21745444774286007 3
0.21761439246596376 3
0.21775940901491112 3
0.21796413826048383 3
0.2180451769201897 3
0.2181390111577439 3
0.21883850274678404 4
0.2193780496127205 4
0.2195678506841369 4
0.21970433684785204 4
0.21993892244173746 4
0.2221568226021087 4
0.2223466236735251 4
0.22248310983724026 4
0.22271769543112566 4
0.2230908997850343 5
0.22424463438768893 5
0.22435766199201557 5
0.22473513153854027 5
0.2249697171324257 5
0.22564361756576928 5
0.2260338826901423 5
0.22795748456000273 5
0.22810889889787422 5
0.22820486573173646 5
0.22919225782236327 5
0.2293713959122394 5
0.23043769406626402 6
0.23063389292660458 6
0.23074905312723923 6
0.23268971576756406 6
0.23287951683898045 6
0.2330160030026956 6
0.23325058859658102 6
0.23596325110041969 6
0.23615305217183608 6
0.23628953833555125 6
0.23652412392943664 6
0.23763947179854641 7
0.23989575869246255 8
0.24047582488825195 8
0.24233971406148702 9
0.24291764766096838 9
0.24477940423789538 10
0.24535733783737673 10
0.24650254205479918 10
0.24669234312621557 10
0.24682882928993075 10
0.24706341488381614 10
0.25010876241171054 10
0.25027510492373833 10
0.2504414474357662 10
0.25060778994779404 10
0.2507741324598219 10
0.25094047497184974 10
0.2511068174838776 10
0.25127315999590544 10
0.25143950250793323 10
0.2516058450199611 10
0.25177218753198893 10
0.2519385300440168 10
0.25266361278875354 10
0.2533673695704098 10
0.25383654075818063 10
0.2544379329170505 10
0.25462773398846694 10
0.2547642201521821 10
0.2550009383423755 10
0.25517581123963556 10
0.25605230832224385 10
0.25693733579008426 10
0.25701837444979014 10
0.25711860647626844 10
0.2572636230252158 10
0.25742356774831954 10
0.25756858429726687 10
0.25779250690961203 10
0.2578735455693179 10
0.2579737775957962 10
0.2581102637595114 10
0.25827020848261506 10
0.2584066946463302 10
0.2590976558501382 10
0.25917869450984404 10
0.25927679394001435 10
0.25955403146006073 10
0.2597161087794725 10
0.2598611253284198 10
0.26002107005152353 10
0.26016608660047086 10
0.2607610809704166 10
0.26095088204183303 10
0.2610873682055482 10
0.26137313611082674 10
0.2617036885385744 10
0.26180818575766884 10
0.26201291500324153 10
0.26300883747910053 10
0.2632391578803699 10
0.26392158869894566 10
0.264111389770362 10
0.26424787593407717 10
0.2645336438393558 10
0.265408008325656 10
0.26602859385129835 10
0.2662077319411745 10
0.267657897430648 10
0.26784769850206436 10
0.2679841846657795 10
0.2682699525710581 10
0.26944927832940935 10
0.26963907940082577 10
0.2697755655645409 10
0.2700613334698195 10
0.27456537687241955 10
0.27475517794383597 10
0.2748916641075511 10
0.2751774320128297 10
0.2757660285938513 10
0.28153470160712457 10
0.28161574026683045 10
0.2817095745043846 10
0.2860600709728051 10
0.28618589415498 10
0.28629039137407447 10
0.286488722830723 10
0.2867766233323097 10
0.28988381615313746 10
0.2903529873409083 10
0.29081789333606306 10
0.2912827993312178 10
0.29174770532637256 10
0.2934729757395844 10
0.29454353908622516 10
0.294884754495513 10
0.2949977820998396 10
0.29538378203159654 10
0.295618367625482 10
0.2961515167024943 10
0.29653111884532707 10
0.2984525881188794 10
0.29860400245675095 10
0.29869996929061315 10
0.30005416794622447 10
0.3002631623844133 10
0.3007536595352646 10
0.301246289282424 10
0.3046136588528338 10
0.3107128842938547 10
0.31079392295356056 10
0.3108877571911148 10
0.3148885078650152 10
0.31501433104719007 10
0.3151188282662845 10
0.31531715972293306 10
0.31560506022451973 10
0.3179381205855256 10
0.31840729177329646 10
0.3188721977684512 10
0.31933710376360597 10
0.3198020097587607 10
0.3215080868052001 10
0.32257865015184084 10
0.3229198655611287 10
0.32303289316545536 10
0.3234188930972123 10
0.3236534786910977 10
0.32418662776811 10
0.3245662299109428 10
0.32648769918449516 10
0.3266391135223667 10
0.3267350803562289 10
0.32808927901184015 10
0.328298273450029 10
0.32878877060088035 10
0.3292707373664995 10
0.3326210461664449 10
0.33867761968130483 10
0.33875865834101065 10
0.33885249257856487 10
0.342667707373665 10
0.3427935305558399 10
0.34289802777493433 10
0.3430963592315829 10
0.34338425973316955 10
0.34571732009417544 10
0.3461864912819463 10
0.34665139727710104 10
0.3471163032722558 10
0.34758120926741054 10
0.3492872863138499 10
0.35035784966049066 10
0.35069906506977855 10
0.3508120926741052 10
0.3511980926058621 10
0.3514326781997475 10
0.35196582727675985 10
0.35234542941959257 10
0.354266898693145 10
0.3544183130310165 10
0.3545142798648787 10
0.35586847852049 10
0.3560774729586788 10
0.3565679701095301 10
0.3570499368751493 10
0.3604045108677108 10
0.3664610843825707 10
0.36654212304227657 10
0.3666359572798308 10
0.370455437267547 10
0.3705812604497219 10
0.37068575766881634 10
0.3708840891254649 10
0.37117198962705156 10
0.37350504998805745 10
0.3739742211758283 10
0.37443912717098304 10
0.3749040331661378 10
0.37536893916129255 10
0.37707501620773193 10
0.37814557955437267 10
0.37848679496366056 10
0.3785998225679872 10
0.3789858224997441 10
0.3792204080936295 10
0.37975355717064185 10
0.3801331593134746 10
0.382054628587027 10
0.3822060429248985 10
0.3823020097587607 10
0.383656208414372 10
0.3838652028525608 10
0.3843557000034122 10
0.3848376667690313 10
0.3881965059542089 10
0.39425307946906885 10
0.39433411812877467 10
0.3944279523663289 10
0.39825169754666123 10
0.3983775207288361 10
0.39848201794793053 10
0.39868034940457914 10
0.39896824990616575 10
0.40130131026717164 10
0.4017704814549425 10
0.40223538745009724 10
0.402700293445252 10
0.40316519944040674 10
0.4048712764868461 10
0.40594183983348686 10
0.40628305524277475 10
0.4063960828471014 10
0.4067820827788583 10
0.4070166683727437 10
0.40754981744975605 10
0.4079294195925888 10
0.4098508888661412 10
0.4100023032040127 10
0.4100982700378749 10
0.4114524686934862 10
0.411661463131675 10
0.4121519602825264 10
0.4126339270481455 10
0.4159970314259392 10
0.42423098577131746 10
0.4243120244310233 10
0.4244058586685775 10
0.42693298529361584 10
0.42773270890913434 10
0.4283063773159996 10
0.4289184324564097 10
0.4339897464769509 10
0.43407078513665676 10
0.4341646193742109 10
0.43667468522878494 10
0.43732512710273996 10
0.4378987955096052 10
0.43843620977923364 10
0.4434136895622206 10
0.4434947282219265 10
0.4435885624594807 10
0.44603038523219707 10
0.4466808271061521 10
0.4472544955130174 10
0.44779190978264577 10
0.4516796328522196 10
0.4517606715119255 10
0.45185450574947966 10
0.45445627324529975 10
0.45510671511925477 10
0.45568038352612006 10
0.45621779779574845 10
0.4605661616678609 10
0.4606472003275668 10
0.46074529975773704 10
0.46322124407138227 10
0.4638716859453373 10
0.4644453543522025 10
0.46498276862183097 10
0.470870867028355 10
0.4709519056880609 10
0.47104573992561505 10
0.47485242433548297 10
0.4749782475176579 10
0.4750827447367523 10
0.4752810761934009 10
0.47556897669498754 10
0.47790203705599343 10
0.4783712082437643 10
0.47883611423891903 10
0.4793010202340738 10
0.47976592622922853 10
0.4814720032756679 10
0.48254256662230866 10
0.48288378203159654 10
0.4829968096359232 10
0.4833828095676801 10
0.4836173951615655 10
0.48415054423857784 10
0.48453014638141056 10
0.486451615654963 10
0.4866030299928345 10
0.4866989968266967 10
0.48805319548230797 10
0.4882621899204968 10
0.48875268707134817 10
0.4892346538369673 10
0.49258709523322075 10
0.4986863206742416 10
0.4987673593339475 10
0.4988611935715017 10
0.5028619442454021 10
0.502987767427577 10
0.5030922646466714 10
0.50329059610332 10
0.5035784966049067 10
0.5059115569659126 10
0.5063807281536834 10
0.5068456341488382 10
0.5073105401439929 10
0.5077754461391476 10
0.509481523185587 10
0.5105520865322278 10
0.5108933019415157 10
0.5110063295458422 10
0.5113923294775992 10
0.5116269150714846 10
0.5121600641484969 10
0.5125396662913297 10
0.5144611355648822 10
0.5146125499027536 10
0.5147085167366158 10
0.5160627153922271 10
0.5162717098304159 10
0.5167622069812673 10
0.5172441737468864 10
0.5205944825468318 10
0.5266510560616917 10
0.5267320947213976 10
0.5268259289589518 10
0.5306411437540519 10
0.5307669669362268 10
0.5308714641553213 10
0.5310697956119699 10
0.5313576961135565 10
0.5336907564745624 10
0.5341599276623332 10
0.5346248336574879 10
0.5350897396526427 10
0.5355546456477974 10
0.5372607226942369 10
0.5383312860408777 10
0.5386725014501655 10
0.5387855290544921 10
0.539171528986249 10
0.5394061145801344 10
0.5399392636571467 10
0.5403188657999796 10
0.542240335073532 10
0.5423917494114034 10
0.5424877162452656 10
0.543841914900877 10
0.5440509093390657 10
0.5445414064899171 10
0.5450233732555362 10
0.5483779472480977 10
0.5544345207629576 10
0.5545155594226635 10
0.5546093936602177 10
0.5584288736479339 10
0.5585546968301088 10
0.5586591940492033 10
0.5588575255058519 10
0.5591454260074386 10
0.5614784863684444 10
0.5619476575562152 10
0.5624125635513699 10
0.5628774695465247 10
0.5633423755416794 10
0.5650484525881189 10
0.5661190159347597 10
0.5664602313440475 10
0.5665732589483741 10
0.566959258880131 10
0.5671938444740164 10
0.5677269935510287 10
0.5681065956938616 10
0.570028064967414 10
0.5701794793052855 10
0.5702754461391476 10
0.571629644794759 10
0.5718386392329478 10
0.5723291363837991 10
0.5728111031494182 10
0.5761699423345958 10
0.5822265158494557 10
0.5823075545091616 10
0.5824013887467158 10
0.5862251339270481 10
0.586350957109223 10
0.5864554543283175 10
0.5866537857849661 10
0.5869416862865527 10
0.5892747466475586 10
0.5897439178353294 10
0.5902088238304842 10
0.5906737298256389 10
0.5911386358207936 10
0.5928447128672331 10
0.5939152762138739 10
0.5942564916231617 10
0.5943695192274883 10
0.5947555191592452 10
0.5949901047531306 10
0.5955232538301429 10
0.5959028559729758 10
0.5978243252465282 10
0.5979757395843996 10
0.5980717064182618 10
0.5994259050738732 10
0.599634899512062 10
0.6001253966629133 10
0.6006073634285324 10
0.6039704678063261 10
0.6122044221517043 10
0.6122854608114102 10
0.6123792950489644 10
0.6148552393626097 10
0.615654962978128 10
0.6162286313849934 10
0.6168406865254035 10
0.6208371720066879 10
0.6209182106663937 10
0.6210120449039479 10
0.6234709284471287 10
0.6241213703210837 10
0.624695038727949 10
0.6252324529975773 10
0.6291351042413076 10
0.6292161429010135 10
0.6293099771385676 10
0.6318029822226772 10
0.6324534240966322 10
0.6330270925034974 10
0.6335645067731259 10
0.6385270583819566 10
0.6386080970416624 10
0.6387019312792166 10
0.6413548810864299 10
0.6420053229603849 10
0.6425789913672502 10
0.6431164056368786 10
0.6485395980482479 10
0.6486206367079538 10
0.648718736138124 10
0.6511946804517692 10
0.6518451223257242 10
0.6524187907325895 10
0.6529562050022178 10
0.6588443034087419 10
0.6589253420684478 10
0.6590191763060019 10
0.6628258607158699 10
0.6629516838980448 10
0.6630561811171393 10
0.6632545125737879 10
0.6635424130753745 10
0.6658754734363804 10
0.6663446446241512 10
0.6668095506193059 10
0.6672744566144607 10
0.6677393626096154 10
0.6694454396560549 10
0.6705160030026956 10
0.6708572184119835 10
0.6709702460163101 10
0.671356245948067 10
0.6715908315419524 10
0.6721239806189647 10
0.6725035827617976 10
0.67442505203535 10
0.6745764663732214 10
0.6746724332070836 10
0.676026631862695 10
0.6762356263008837 10
0.6767261234517351 10
0.6772080902173542 10
0.6805605316136076 10
0.6866597570546286 10
0.6867407957143344 10
0.6868346299518886 10
0.6908353806257891 10
0.690961203807964 10
0.6910657010270583 10
0.6912640324837069 10
0.6915519329852936 10
0.6938849933462995 10
0.6943541645340704 10
0.6948190705292251 10
0.6952839765243798 10
0.6957488825195346 10
0.697454959565974 10
0.6985255229126147 10
0.6988667383219026 10
0.6989797659262292 10
0.6993657658579862 10
0.6996003514518716 10
0.7001335005288839 10
0.7005131026717166 10
0.702434571945269 10
0.7025859862831405 10
0.7026819531170028 10
0.704036151772614 10
0.7042451462108029 10
0.7047356433616542 10
0.7052176101272734 10
0.7085679189272187 10
0.7146244924420787 10
0.7147055311017846 10
0.7147993653393387 10
0.7186145801344389 10
0.7187404033166138 10
0.7188449005357082 10
0.7190432319923568 10
0.7193311324939434 10
0.7216641928549493 10
0.7221333640427202 10
0.7225982700378749 10
0.7230631760330296 10
0.7235280820281844 10
0.7252341590746239 10
0.7263047224212645 10
0.7266459378305524 10
0.7267589654348791 10
0.727144965366636 10
0.7273795509605214 10
0.7279127000375337 10
0.7282923021803664 10
0.7302137714539189 10
0.7303651857917903 10
0.7304611526256526 10
0.7318153512812638 10
0.7320243457194527 10
0.732514842870304 10
0.7329968096359232 10
0.7363513836284846 10
0.7424079571433446 10
0.7424889958030505 10
0.7425828300406047 10
0.7464023100283209 10
0.7465281332104958 10
0.7466326304295902 10
0.7468309618862388 10
0.7471188623878254 10
0.7494519227488313 10
0.7499210939366022 10
0.7503859999317569 10
0.7508509059269116 10
0.7513158119220664 10
0.7530218889685059 10
0.7540924523151465 10
0.7544336677244344 10
0.7545466953287611 10
0.754932695260518 10
0.7551672808544034 10
0.7557004299314157 10
0.7560800320742485 10
0.7580015013478009 10
0.7581529156856723 10
0.7582488825195346 10
0.7596030811751459 10
0.7598120756133347 10
0.760302572764186 10
0.7607845395298052 10
0.7641433787149827 10
0.7701999522298427 10
0.7702809908895486 10
0.7703748251271028 10
0.7741985703074351 10
0.77432439348961 10
0.7744288907087044 10
0.774627222165353 10
0.7749151226669396 10
0.7772481830279455 10
0.7777173542157164 10
0.7781822602108711 10
0.7786471662060258 10
0.7791120722011806 10
0.78081814924762 10
0.7818887125942607 10
0.7822299280035486 10
0.7823429556078753 10
0.7827289555396322 10
0.7829635411335176 10
0.7834966902105299 10
0.7838762923533626 10
0.7857977616269151 10
0.7859491759647865 10
0.7860451427986488 10
0.78739934145426 10
0.7876083358924489 10
0.7880988330433002 10
0.7885807998089194 10
0.7919439041867131 10
0.8000435049646842 10
0.8001245436243901 10
0.8002183778619443 10
0.8027455044869827 10
0.8035452281025011 10
0.8041188965093664 10
0.8047309516497765 10
0.8098022656703177 10
0.8098833043300235 10
0.8099771385675777 10
0.8124360221107585 10
0.8130864639847135 10
0.8136601323915787 10
0.8141975466612072 10
0.8181001979049374 10
0.8181812365646433 10
0.8182750708021974 10
0.8207168935749138 10
0.8213673354488689 10
0.8219410038557341 10
0.8224784181253625 10
0.8263661411949363 10
0.8264471798546422 10
0.8265410140921964 10
0.8291427815880165 10
0.8297932234619716 10
0.8303668918688368 10
0.8309043061384652 10
0.8352526700105777 10
0.8353337086702836 10
0.8354318081004538 10
0.837907752414099 10
0.838558194288054 10
0.8391318626949194 10
0.8396692769645477 10
0.8455573753710718 10
0.8456384140307777 10
0.8457322482683318 10
0.8495389326781998 10
0.8496647558603747 10
0.849769253079469 10
0.8499675845361176 10
0.8502554850377043 10
0.8525885453987102 10
0.853057716586481 10
0.8535226225816358 10
0.8539875285767905 10
0.8544524345719453 10
0.8561585116183846 10
0.8572290749650254 10
0.8575702903743133 10
0.85768331797864 10
0.8580693179103969 10
0.8583039035042822 10
0.8588370525812946 10
0.8592166547241273 10
0.8611381239976797 10
0.8612895383355512 10
0.8613855051694135 10
0.8627397038250247 10
0.8629486982632135 10
0.8634391954140649 10
0.8639211621796841 10
0.8672736035759375 10
0.8733728290169585 10
0.8734538676766643 10
0.8735477019142185 10
0.8775484525881189 10
0.8776742757702938 10
0.8777787729893882 10
0.8779771044460368 10
0.8782650049476234 10
0.8805980653086294 10
0.8810672364964002 10
0.8815321424915549 10
0.8819970484867097 10
0.8824619544818644 10
0.8841680315283038 10
0.8852385948749446 10
0.8855798102842324 10
0.885692837888559 10
0.8860788378203159 10
0.8863134234142014 10
0.8868465724912137 10
0.8872261746340465 10
0.8891476439075988 10
0.8892990582454704 10
0.8893950250793325 10
0.8907492237349439 10
0.8909582181731327 10
0.8914487153239841 10
0.8919306820896031 10
0.8952809908895486 10
0.9013375644044085 10
0.9014186030641144 10
0.9015124373016685 10
0.9053276520967687 10
0.9054534752789436 10
0.905557972498038 10
0.9057563039546866 10
0.9060442044562732 10
0.9083772648172791 10
0.90884643600505 10
0.9093113420002047 10
0.9097762479953595 10
0.9102411539905142 10
0.9119472310369536 10
0.9130177943835943 10
0.9133590097928822 10
0.9134720373972088 10
0.9138580373289658 10
0.9140926229228512 10
0.9146257719998635 10
0.9150053741426963 10
0.9169268434162486 10
0.9170782577541202 10
0.9171742245879824 10
0.9185284232435936 10
0.9187374176817825 10
0.9192279148326339 10
0.919709881598253 10
0.9230644555908145 10
0.9291210291056744 10
0.9292020677653803 10
0.9292959020029344 10
0.9331153819906507 10
0.9332412051728256 10
0.93334570239192 10
0.9335440338485687 10
0.9338319343501552 10
0.9361649947111611 10
0.936634165898932 10
0.9370990718940867 10
0.9375639778892415 10
0.9380288838843962 10
0.9397349609308356 10
0.9408055242774763 10
0.9411467396867642 10
0.9412597672910908 10
0.9416457672228478 10
0.9418803528167332 10
0.9424135018937455 10
0.9427931040365783 10
0.9447145733101306 10
0.9448659876480022 10
0.9449619544818644 10
0.9463161531374756 10
0.9465251475756645 10
0.9470156447265159 10
0.947497611492135 10
0.9508564506773126 10
0.9590840072337666 10
0.9591650458934725 10
0.9592588801310267 10
0.9617689459856007 10
0.9625686696011192 10
0.9631423380079844 10
0.9637543931483946 10
0.9688107789947794 10
0.9688918176544853 10
0.9689856518920394 10
0.971478656976149 10
0.9721290988501041 10
0.9727027672569694 10
0.9732401815265977 10
0.9782027331354284 10
0.9782837717951343 10
0.9783776060326884 10
0.9810305558399017 10
0.9816809977138568 10
0.982254666120722 10
0.9827920803903504 10
0.9882152728017197 10
0.9882963114614256 10
0.9883944108915959 10
0.990870355205241 10
0.991520797079196 10
0.9920944654860614 10
0.9926318797556898 10
