0.20099720203364385 1
0.22415506534275087 2
0.23033532944347768 3
0.23403111884532707 4
0.23730678677449074 5
0.23955454328317466 6
0.24200916163373937 7
0.24444885181014775 8
0.247447282219265 9
0.2858425461493841 9
0.2897707885488109 9
0.2948143788173474 9
0.3147136349677551 9
0.31782509298119904 9
0.32284948988296314 9
0.34249283447640494 9
0.34560429248984886 9
0.3506286893916129 9
0.37028056437028695 9
0.37339202238373087 9
0.3784164192854949 9
0.39807682464940114 9
0.40118828266284506 9
0.40621267956460916 9
0.47467755143822293 9
0.47778900945166686 9
0.4828134063534309 9
0.5026870713481421 9
0.505798529361586 9
0.51082292626335 9
0.5304662708567919 9
0.5335777288702358 9
0.5386021257719998 9
0.5582540007506739 9
0.5613654587641178 9
0.5663898556658818 9
0.5860502610297881 9
0.589161719043232 9
0.594186115944996 9
0.6626509878186099 9
0.6657624458320538 9
0.6707868427338178 9
0.690660507728529 9
0.6937719657419729 9
0.698796362643737 9
0.7184397072371789 9
0.7215511652506227 9
0.7265755621523868 9
0.7462274371310609 9
0.7493388951445047 9
0.7543632920462688 9
0.7740236974101751 9
0.7771351554236189 9
0.782159552325383 9
0.8493640597809398 9
0.8524755177943836 9
0.8574999146961477 9
0.8773735796908588 9
0.8804850377043028 9
0.8855094346060668 9
0.9051527791995087 9
0.9082642372129526 9
0.9132886341147166 9
0.9329405090933907 9
0.9360519671068346 9
0.9410763640085986 9
