0.22593578325997202 0
0.23084501996110143 0
0.23417826799058244 0
0.2374518033234381 0
0.23969742723581397 0
0.24215204558637868 0
0.24459173576278706 0
0.24759443136452042 0
0.25215818746374585 0
0.29232777152216194 0
0.29643515201146486 0
0.3010138362848466 0
0.3203820759545501 0
0.32447026307708055 0
0.32904894735046236 0
0.3481612754631999 0
0.35224946258573037 0
0.3568281468591122 0
0.3759490053570819 0
0.3800371924796124 0
0.3846158767529942 0
0.4037452656361961 0
0.40783345275872657 0
0.4124121370321084 0
0.4803459924250179 0
0.48443417954754836 0
0.4890128638209302 0
0.508355512334937 0
0.5124436994574675 0
0.5170223837308493 0
0.5361347118435869 0
0.5402228989661173 0
0.5448015832394991 0
0.5639224417374689 0
0.5680106288599993 0
0.5725893131333811 0
0.591718702016583 0
0.5958068891391135 0
0.6003855734124953 0
0.6683194288054048 0
0.6724076159279353 0
0.6769863002013171 0
0.696328948715324 0
0.7004171358378545 0
0.7049958201112362 0
0.7241081482239738 0
0.7281963353465043 0
0.732775019619886 0
0.7518958781178559 0
0.7559840652403863 0
0.760562749513768 0
0.77969213839697 0
0.7837803255195005 0
0.7883590097928822 0
0.8550325007677346 0
0.8591206878902651 0
0.8636993721636469 0
0.8830420206776538 0
0.8871302078001843 0
0.8917088920735661 0
0.9108212201863036 0
0.9149094073088341 0
0.9194880915822159 0
0.9386089500801856 0
0.9426971372027161 0
0.9472758214760979 0
