0.2555106288599993 1
0.25641271709830415 2
0.27969000580066194 2
0.30931176851946635 2
0.33727650390691644 2
0.36505996860818235 2
0.39285196369468045 2
0.42283413518954516 2
0.43259289589517863 2
0.44201683898044836 2
0.4502827822704473 2
0.4586937421093937 2
0.4690261712218924 2
0.4972852048998533 2
0.5252499402873034 2
0.5530334049885692 2
0.5808254000750674 2
0.6108075715699322 2
0.6194403214249156 2
0.6277382536595353 2
0.6371302078001843 2
0.6466671784897806 2
0.6569996076022793 2
0.6852586412802402 2
0.7132233766676903 2
0.7410068413689562 2
0.7687988364554543 2
0.7986466543829119 2
0.8084054150885454 2
0.8167033473231651 2
0.824969290613164 2
0.8333802504521104 2
0.8437126795646092 2
0.8719717132425701 2
0.8999364486300201 2
0.927719913331286 2
0.9576871566519944 2
0.9674139284130071 2
0.9768058825536561 2
0.9863428532432524 2
