0.14378177568498993 1
0.1447499744088443 1
0.14479475893131333 1
0.14719179718156072 1
0.2010739755007336 1
0.2244770873852663 1
0.22506994915890402 1
0.22784232435936808 1
0.23057844542259529 1
0.23413135087180537 1
0.237404886204661 1
0.2396505101170369 1
0.2421051284676016 1
0.24454481864400995 1
0.24754751424574334 1
0.2649431023305012 1
0.27716287917562354 1
0.2783741938785956 1
0.2807179172211417 1
0.28595770635001877 1
0.2922723240181527 1
0.2951278704746306 1
0.2957185996519603 1
0.2983288975330126 1
0.3148287951683898 1
0.32032662845054083 1
0.32316298154024636 1
0.323753710717576 1
0.3263640085986283 1
0.3426079946770396 1
0.34810582795919065 1
0.3509421810488962 1
0.3515329102262258 1
0.3541432081072781 1
0.3703957245709216 1
0.37589355785307266 1
0.3787299109427782 1
0.3793206401201078 1
0.3819309380011601 1
0.3981919848500358 1
0.40368981813218685 1
0.4065261712218924 1
0.40711690039922205 1
0.4097271982802743 1
0.42120269901388746 1
0.4222945883236087 1
0.4308249735558058 1
0.4320810727812468 1
0.44026384481523184 1
0.44151994404067285 1
0.44895630736684067 1
0.4498008155048282 1
0.45738219537994335 1
0.4582267035179309 1
0.45971738833725734 1
0.46688717712491895 1
0.4675738731361108 1
0.47005408264237214 1
0.4747927116388576 1
0.48029054492100864 1
0.4831268980107142 1
0.4837176271880438 1
0.4863279250690961 1
0.5028022315487768 1
0.5083000648309277 1
0.5111364179206332 1
0.511727147097963 1
0.5143374449790152 1
0.5305814310574265 1
0.5360792643395775 1
0.5389156174292831 1
0.5395063466066128 1
0.5421166444876651 1
0.5583691609513085 1
0.5638669942334595 1
0.5667033473231651 1
0.5672940765004948 1
0.5699043743815471 1
0.5861654212304228 1
0.5916632545125737 1
0.5944996076022793 1
0.595090336779609 1
0.5977006346606613 1
0.6091761353942744 1
0.6102680247039957 1
0.6180797249803801 1
0.6189242331183676 1
0.6263968505817723 1
0.6272413587197598 1
0.6353921418091241 1
0.6366482410345651 1
0.6449440406728768 1
0.6462001398983178 1
0.6476908247176443 1
0.6548606135053059 1
0.6555473095164978 1
0.658027519022759 1
0.6627661480192445 1
0.6682639813013955 1
0.6711003343911011 1
0.6716910635684308 1
0.674301361449483 1
0.6907756679291637 1
0.6962735012113147 1
0.6991098543010202 1
0.6997005834783498 1
0.7023108813594022 1
0.7185548674378135 1
0.7240527007199645 1
0.7268890538096701 1
0.7274797829869997 1
0.730090080868052 1
0.7463425973316955 1
0.7518404306138465 1
0.7546767837035521 1
0.7552675128808817 1
0.7578778107619341 1
0.7741388576108097 1
0.7796366908929607 1
0.7824730439826663 1
0.7830637731599959 1
0.7856740710410482 1
0.7970152182072543 1
0.7981071075169754 1
0.8066374927491725 1
0.8078935919746135 1
0.8153619442454021 1
0.8162064523833896 1
0.8236428157095574 1
0.824487323847545 1
0.8320687037226601 1
0.8329132118606476 1
0.834403896679974 1
0.8415736854676357 1
0.8422603814788275 1
0.8447405909850889 1
0.8494792199815744 1
0.8549770532637254 1
0.857813406353431 1
0.8584041355307606 1
0.8610144334118128 1
0.8774887398914935 1
0.8829865731736445 1
0.88582292626335 1
0.8864136554406797 1
0.889023953321732 1
0.9052679394001433 1
0.9107657726822943 1
0.9136021257719998 1
0.9141928549493296 1
0.9168031528303818 1
0.9330556692940253 1
0.9385535025761763 1
0.9413898556658818 1
0.9419805848432116 1
0.9445908827242638 1
0.9560706486504931 1
0.9571625379602143 1
0.9656609342477906 1
0.9669170334732317 1
0.975067816562596 1
0.976323915788037 1
0.9846197154263486 1
0.9858758146517896 1
0.9873664994711161 1
0.9962082437642884 1
0.9973129286518579 1
