0.2800738731361108 0
0.3096956358549152 0
0.3376603712423653 0
0.3654438359436312 0
0.3932358310301293 0
0.42321800252499403 0
0.4329767632306275 0
0.44240070631589723 0
0.4506666496058962 0
0.45907760944484255 0
0.46941003855734126 0
0.49766907223530216 0
0.5256338076227522 0
0.5534172723240182 0
0.5812092674105163 0
0.611191438905381 0
0.6198241887603644 0
0.6281221209949841 0
0.6375140751356331 0
0.6470510458252294 0
0.6573834749377282 0
0.6856425086156891 0
0.7136072440031391 0
0.741390708704405 0
0.7691827037909031 0
0.7990305217183608 0
0.8087892824239943 0
0.817087214658614 0
0.825353157948613 0
0.8337641177875593 0
0.844096546900058 0
0.8723555805780189 0
0.900320315965469 0
0.9281037806667349 0
0.9580710239874433 0
0.967797795748456 0
0.977189749889105 0
0.9867267205787014 0
