0.20099293684102773 0
0.22415080015013478 0
0.23033106425086156 1
0.23402685365271095 2
0.23730252158187465 3
0.23955027809055857 4
0.24200489644112327 5
0.24444458661753166 6
0.24744301702664892 7
0.28976652335619474 7
0.2948101136247313 7
0.31782082778858295 7
0.32284522469034704 7
0.34560002729723277 7
0.3506244241989968 7
0.3733877571911148 7
0.3784121540928788 7
0.40118401747022897 7
0.40620841437199307 7
0.47778474425905076 7
0.4828091411608148 7
0.5057942641689699 7
0.5108186610707339 7
0.5335734636776197 7
0.5385978605793837 7
0.5613611935715017 7
0.5663855904732658 7
0.5891574538506159 7
0.59418185075238 7
0.6657581806394377 7
0.6707825775412017 7
0.6937677005493568 7
0.6987920974511209 7
0.7215469000580066 7
0.7265712969597707 7
0.7493346299518886 7
0.7543590268536527 7
0.7771308902310028 7
0.7821552871327669 7
0.8524712526017675 7
0.8574956495035316 7
0.8804807725116867 7
0.8855051694134507 7
0.9082599720203365 7
0.9132843689221005 7
0.9360477019142185 7
0.9410720988159825 7
