0.002851281263861876 1
0.0028854028047906643 2
0.002913126556795305 3
0.002947248097724093 4
0.0029813696386528817 5
0.0030154911795816698 6
0.0030496127205104583 7
0.003149844746988774 7
0.0031839662879175625 7
0.003211690039922203 7
0.0032458115808509914 8
0.003346043607329307 9
0.003401491111338588 10
0.0034356126522673766 10
0.0034697341931961647 11
0.0035038557341249533 12
0.0035379772750537414 13
0.00357209881598253 14
0.003627546319991811 15
0.003682993824001092 15
0.00371711536492988 16
0.003772562868939161 16
0.0038066844098679498 16
0.00383440816187259 16
0.0038685297028013786 16
0.004079656737298256 17
0.004135104241307538 18
0.004263060019790494 19
0.0043632920462688095 20
0.007602705838195653 20
0.007636827379124442 20
0.007664551131129082 20
0.0076986726720578704 20
0.007732794212986658 20
0.007766915753915447 20
0.007801037294844235 20
0.00790126932132255 20
0.007935390862251339 20
0.00796311461425598 20
0.007997236155184767 20
0.008097468181663084 20
0.008152915685672365 20
0.008187037226601154 20
0.008221158767529942 20
0.00825528030845873 20
0.008289401849387519 20
0.008323523390316306 20
0.008378970894325587 20
0.00843441839833487 20
0.008468539939263657 20
0.008523987443272938 20
0.008558108984201727 20
0.008585832736206367 20
0.008619954277135156 20
0.008831081311632034 20
0.008886528815641314 20
0.00901448459412427 20
0.009114716620602587 20
0.009763025898249565 20
0.009797147439178353 20
0.009824871191182994 20
0.009858992732111781 20
0.00989311427304057 20
0.009927235813969358 20
0.009961357354898148 20
0.010061589381376463 20
0.010095710922305252 20
0.010123434674309892 20
0.010157556215238681 20
0.010257788241716996 20
0.010313235745726276 20
0.010347357286655066 20
0.010381478827583853 20
0.010415600368512643 20
0.01044972190944143 20
0.010483843450370218 20
0.0105392909543795 20
0.010594738458388781 20
0.010628859999317569 20
0.01068430750332685 20
0.010718429044255639 20
0.010746152796260278 20
0.010780274337189068 20
0.010991401371685946 20
0.011046848875695226 20
0.011174804654178182 20
0.011275036680656499 20
0.012305080697444296 20
0.012339202238373086 20
0.012366925990377725 20
0.012401047531306515 20
0.012435169072235302 20
0.01246929061316409 20
0.01250341215409288 20
0.012603644180571194 20
0.012637765721499983 20
0.012665489473504623 20
0.012699611014433412 20
0.012799843040911727 20
0.01285529054492101 20
0.012889412085849797 20
0.012923533626778585 20
0.012957655167707374 20
0.012991776708636162 20
0.01302589824956495 20
0.013081345753574232 20
0.013136793257583513 20
0.0131709147985123 20
0.013226362302521583 20
0.01326048384345037 20
0.013288207595455011 20
0.0133223291363838 20
0.013533456170880677 20
0.013588903674889958 20
0.013716859453372914 20
0.01381709147985123 20
0.014680792984611186 20
0.014714914525539973 20
0.014742638277544615 20
0.014776759818473402 20
0.01481088135940219 20
0.01484500290033098 20
0.014879124441259767 20
0.014979356467738084 20
0.015013478008666871 20
0.015041201760671512 20
0.0150753233016003 20
0.015175555328078617 20
0.015231002832087897 20
0.015265124373016685 20
0.015299245913945474 20
0.015333367454874262 20
0.01536748899580305 20
0.01540161053673184 20
0.01545705804074112 20
0.0155125055447504 20
0.01554662708567919 20
0.01560207458968847 20
0.015636196130617258 20
0.015663919882621898 20
0.015698041423550687 20
0.015909168458047566 20
0.015964615962056845 20
0.016092571740539803 20
0.016192803767018118 20
0.017109820179479304 20
0.017143941720408094 20
0.017171665472412733 20
0.017205787013341522 20
0.017239908554270312 20
0.017274030095199098 20
0.017308151636127887 20
0.017408383662606202 20
0.01744250520353499 20
0.01747022895553963 20
0.01750435049646842 20
0.017604582522946735 20
0.017660030026956017 20
0.017694151567884807 20
0.017728273108813593 20
0.017762394649742382 20
0.01779651619067117 20
0.017830637731599958 20
0.01788608523560924 20
0.017941532739618522 20
0.017975654280547308 20
0.01803110178455659 20
0.01806522332548538 20
0.01809294707749002 20
0.01812706861841881 20
0.018338195652915685 20
0.018393643156924967 20
0.01852159893540792 20
0.01862183096188624 20
0.020716040536390624 20
0.02075016207731941 20
0.020777885829324053 20
0.02081200737025284 20
0.02084612891118163 20
0.020880250452110418 20
0.020914371993039204 20
0.021014604019517522 20
0.021048725560446308 20
0.02107644931245095 20
0.021110570853379737 20
0.021210802879858055 20
0.021266250383867334 20
0.021300371924796124 20
0.021334493465724913 20
0.0213686150066537 20
0.02140273654758249 20
0.021436858088511278 20
0.021492305592520557 20
0.02154775309652984 20
0.02158187463745863 20
0.021637322141467907 20
0.021671443682396697 20
0.021699167434401336 20
0.021733288975330126 20
0.021944416009827005 20
0.021999863513836284 20
0.02212781929231924 20
0.02218326679632852 21
0.02231122257481148 21
0.023927730576312825 21
0.023961852117241614 21
0.023989575869246254 21
0.024023697410175043 21
0.024057818951103833 21
0.02409194049203262 21
0.024126062032961408 21
0.024226294059439723 21
0.024260415600368512 21
0.024288139352373152 21
0.02432226089330194 21
0.024422492919780256 21
0.02447794042378954 21
0.024512061964718328 21
0.024546183505647114 21
0.024580305046575903 21
0.024614426587504692 21
0.02464854812843348 21
0.02470399563244276 21
0.024759443136452043 21
0.02479356467738083 21
0.02484901218139011 21
0.0248831337223189 21
0.02491085747432354 21
0.02494497901525233 21
0.025156106049749206 21
0.025211553553758488 21
0.025339509332241442 21
0.025394956836250725 21
0.025522912614733682 21
0.027382536595352645 21
0.027416658136281434 21
0.027444381888286074 21
0.027478503429214863 21
0.027512624970143652 21
0.027546746511072442 21
0.027580868052001228 21
0.027681100078479542 21
0.027715221619408332 21
0.02774294537141297 21
0.02777706691234176 21
0.027877298938820076 21
0.027932746442829358 21
0.027966867983758147 21
0.028000989524686933 21
0.028035111065615723 21
0.028069232606544512 21
0.0281033541474733 21
0.02815880165148258 21
0.028214249155491863 21
0.02824837069642065 21
0.02830381820042993 21
0.02833793974135872 21
0.02836566349336336 21
0.02839978503429215 21
0.028610912068789025 21
0.028666359572798308 21
0.028794315351281265 21
0.028849762855290544 21
0.028977718633773502 21
0.02974118811205514 21
0.029775309652983927 21
0.02980303340498857 21
0.029837154945917356 21
0.029871276486846145 21
0.029905398027774935 21
0.029939519568703724 21
0.03003975159518204 21
0.03007387313611083 21
0.030101596888115468 21
0.030135718429044257 21
0.030235950455522572 21
0.03029139795953185 21
0.03032551950046064 21
0.03035964104138943 21
0.03039376258231822 21
0.030427884123247005 21
0.030462005664175795 21
0.030517453168185077 21
0.030572900672194356 21
0.030607022213123145 21
0.030662469717132424 21
0.030696591258061214 21
0.030724315010065853 21
0.030758436550994642 21
0.030969563585491522 21
0.0310250110895008 21
0.03115296686798376 21
0.03120841437199304 21
0.031336370150475995 21
0.03286117651073123 21
0.03289529805166001 21
0.03292302180366465 21
0.032957143344593445 21
0.03299126488552223 21
0.03302538642645102 21
0.03305950796737981 21
0.03315973999385812 21
0.033193861534786914 21
0.033221585286791554 21
0.03325570682772034 21
0.03335593885419866 21
0.03341138635820794 21
0.03344550789913672 21
0.033479629440065516 21
0.0335137509809943 21
0.03354787252192309 21
0.03358199406285188 21
0.03363744156686116 21
0.03369288907087044 21
0.03372701061179923 21
0.03378245811580851 21
0.033816579656737296 21
0.033844303408741935 21
0.03387842494967073 21
0.034089551984167604 21
0.03414499948817688 21
0.03427295526665984 21
0.03432840277066913 21
0.03445635854915208 21
0.035874535094004845 21
0.03590865663493363 21
0.03593638038693828 21
0.03597050192786706 21
0.03600462346879585 21
0.03603874500972464 21
0.03607286655065343 21
0.036173098577131746 21
0.03620722011806053 21
0.03623494387006517 21
0.03626906541099396 21
0.036369297437472276 21
0.036424744941481554 21
0.03645886648241035 21
0.03649298802333913 21
0.03652710956426792 21
0.03656123110519671 21
0.0365953526461255 21
0.03665080015013478 21
0.03670624765414406 21
0.03674036919507285 21
0.03679581669908213 21
0.03682993824001092 21
0.03685766199201556 21
0.036891783532944346 21
0.03710291056744123 21
0.03715835807145051 21
0.037286313849933465 21
0.037341761353942744 21
0.0374697171324257 21
0.038721551165250626 21
0.03875567270617941 21
0.03878339645818405 21
0.03881751799911284 21
0.03885163954004163 21
0.038885761080970416 21
0.0389198826218992 21
0.03902011464837752 21
0.039054236189306306 21
0.03908195994131095 21
0.03911608148223974 21
0.039216313508718056 21
0.039271761012727335 21
0.03930588255365612 21
0.039340004094584914 21
0.0393741256355137 21
0.039408247176442486 21
0.03944236871737128 21
0.03949781622138056 21
0.03955326372538984 21
0.03958738526631863 21
0.03964283277032791 21
0.039676954311256694 21
0.039704678063261334 21
0.03973879960419013 21
0.039949926638687 21
0.04000537414269628 21
0.04013332992117924 21
0.04018877742518852 21
0.040316733203671476 21
0.043818456341488385 21
0.04385257788241717 21
0.04388030163442181 21
0.043914423175350596 21
0.04394854471627939 21
0.043982666257208175 21
0.04401678779813696 21
0.04411701982461528 21
0.044151141365544065 21
0.04417886511754871 21
0.0442129866584775 21
0.044313218684955816 21
0.044368666188965095 21
0.04440278772989388 21
0.04443690927082267 21
0.04447103081175146 21
0.044505152352680245 21
0.04453927389360904 21
0.04459472139761832 21
0.044650168901627596 21
0.04468429044255639 21
0.04473973794656567 21
0.044773859487494454 21
0.04480158323949909 21
0.044835704780427886 21
0.04504683181492476 21
0.04510227931893404 21
0.045230235097417 21
0.04528568260142628 21
0.045413638379909235 21
0.04546908588391852 21
0.04550320742484731 22
0.045558654928856586 22
0.04559277646978538 22
0.045626898010714165 23
0.046117395161565496 23
0.04626880949943699 24
0.046398897874228 24
0.04643301941515679 24
0.04646074316716143 24
0.046494864708090215 24
0.04652898624901901 24
0.046563107789947794 24
0.04659722933087658 24
0.0466974613573549 24
0.046731582898283684 24
0.046759306650288324 24
0.04679342819121712 24
0.04689366021769543 24
0.046949107721704714 24
0.0469832292626335 24
0.047017350803562286 24
0.04705147234449108 24
0.047085593885419864 24
0.04711971542634866 24
0.047175162930357936 24
0.047230610434367215 24
0.047264731975296 24
0.04732017947930529 24
0.04735430102023407 24
0.04738202477223871 24
0.047416146313167505 24
0.04762727334766438 24
0.04768272085167366 24
0.04781067663015662 24
0.0478661241341659 24
0.047994079912648854 24
0.04804952741665813 24
0.048083648957586926 24
0.04811777049851571 24
0.04814549425052035 24
0.0493077592384072 24
0.049341880779335996 24
0.049369604531340636 24
0.04940372607226942 24
0.049437847613198214 24
0.049471969154127 24
0.049506090695055786 24
0.049606322721534105 24
0.04964044426246289 24
0.04966816801446753 24
0.04970228955539632 24
0.049802521581874634 24
0.04985796908588392 24
0.049892090626812706 24
0.04992621216774149 24
0.049960333708670285 24
0.04999445524959907 24
0.050028576790527864 24
0.05008402429453714 24
0.05013947179854642 24
0.05017359333947521 24
0.05022904084348449 24
0.05026316238441328 24
0.05029088613641792 24
0.05032500767734671 24
0.05053613471184359 24
0.050591582215852866 24
0.050719537994335824 24
0.0507749854983451 24
0.05090294127682806 24
0.05095838878083734 24
0.05099251032176613 24
0.05102663186269492 24
0.05105435561469956 24
0.05202042174224588 24
0.052054543283174666 24
0.052082267035179305 24
0.0521163885761081 24
0.052150510117036884 24
0.05218463165796568 24
0.05221875319889446 24
0.052318985225372774 24
0.05235310676630157 24
0.05238083051830621 24
0.05241495205923499 24
0.05251518408571331 24
0.05257063158972259 24
0.05260475313065138 24
0.05263887467158017 24
0.052672996212508955 24
0.05270711775343775 24
0.05274123929436653 24
0.05279668679837581 24
0.0528521343023851 24
0.052886255843313884 24
0.05294170334732316 24
0.052975824888251956 24
0.053003548640256595 24
0.05303767018118538 24
0.05324879721568226 24
0.05330424471969154 24
0.0534322004981745 24
0.05348764800218378 24
0.05361560378066674 24
0.053671051284676016 24
0.0537051728256048 24
0.053739294366533595 24
0.053767018118538235 24
0.05492715051011704 24
0.054961272051045826 24
0.054988995803050465 24
0.05502311734397925 24
0.055057238884908044 24
0.05509136042583683 24
0.055125481966765616 24
0.055225713993243934 24
0.05525983553417272 24
0.05528755928617737 24
0.05532168082710615 24
0.05542191285358447 24
0.05547736035759375 24
0.055511481898522536 24
0.05554560343945133 24
0.055579724980380114 24
0.0556138465213089 24
0.05564796806223769 24
0.05570341556624697 24
0.05575886307025625 24
0.055792984611185044 24
0.05584843211519432 24
0.05588255365612311 24
0.05591027740812775 24
0.05594439894905654 24
0.05615552598355342 24
0.056210973487562696 24
0.056338929266045654 24
0.05639437677005493 24
0.05652233254853789 24
0.056577780052547176 24
0.05661190159347596 24
0.05664602313440475 24
0.05667374688640939 24
0.05779975773705941 24
0.05783387927798819 24
0.05786160302999283 24
0.057895724570921625 24
0.05792984611185041 24
0.0579639676527792 24
0.05799808919370799 24
0.0580983212201863 24
0.058132442761115094 24
0.05816016651311973 24
0.05819428805404852 24
0.05829452008052684 24
0.05834996758453612 24
0.05838408912546491 24
0.058418210666393695 24
0.05845233220732248 24
0.058486453748251274 24
0.05852057528918006 24
0.05857602279318934 24
0.058631470297198625 24
0.05866559183812741 24
0.05872103934213669 24
0.05875516088306548 24
0.05878288463507012 24
0.05881700617599891 24
0.059028133210495784 24
0.05908358071450507 24
0.05921153649298802 24
0.059266983996997306 24
0.059394939775480264 24
0.05945038727948954 24
0.05948450882041833 24
0.05951863036134712 24
0.05954635411335176 24
0.06013495069437336 24
0.06016907223530214 24
0.06019679598730679 24
0.060230917528235575 24
0.06026503906916436 24
0.060299160610093154 24
0.06033328215102194 24
0.06043351417750026 24
0.060467635718429044 24
0.060495359470433684 24
0.060529481011362476 24
0.06062971303784079 24
0.06068516054185007 24
0.06071928208277886 24
0.060753403623707646 24
0.06078752516463644 24
0.060821646705565224 24
0.06085576824649401 24
0.060911215750503296 24
0.060966663254512575 24
0.06100078479544136 24
0.06105623229945064 24
0.06109035384037943 24
0.06111807759238407 24
0.06115219913331286 24
0.06136332616780974 24
0.06141877367181902 24
0.06154672945030198 24
0.06160217695431126 24
0.061657624458320535 25
0.06189647524482206 26
0.06202656361961306 26
0.06206068516054185 26
0.06208840891254649 26
0.06212253045347528 26
0.062156651994404066 26
0.06219077353533285 26
0.062224895076261645 26
0.062325127102739956 26
0.06235924864366875 26
0.06238697239567339 26
0.062421093936602175 26
0.06252132596308049 26
0.06257677346708977 26
0.06261089500801856 26
0.06264501654894734 26
0.06267913808987614 26
0.06271325963080493 26
0.06274738117173372 26
0.062802828675743 26
0.06285827617975227 26
0.06289239772068106 26
0.06294784522469035 26
0.06298196676561914 26
0.06300969051762377 26
0.06304381205855257 26
0.06325493909304944 26
0.06331038659705872 26
0.06343834237554168 26
0.06349378987955095 26
0.06352791142047975 26
0.0636558671989627 26
0.06371131470297199 26
0.06374543624390078 26
0.06377955778482956 26
0.06380728153683421 26
0.0661531374756884 27
0.06657539154468216 27
0.06660951308561094 27
0.06663723683761559 27
0.06667135837854438 27
0.06670547991947316 27
0.06673960146040195 27
0.06677372300133073 27
0.06687395502780906 27
0.06690807656873785 27
0.06693580032074248 27
0.06696992186167128 27
0.06707015388814959 27
0.06712560139215887 27
0.06715972293308765 27
0.06719384447401644 27
0.06722796601494524 27
0.06726208755587403 27
0.06729620909680281 27
0.06735165660081209 27
0.06740710410482137 27
0.06744122564575016 27
0.06749667314975945 27
0.06753079469068823 27
0.06755851844269287 27
0.06759263998362167 27
0.06780376701811854 27
0.06785921452212781 27
0.06798717030061077 27
0.06804261780462005 27
0.06807673934554885 27
0.06813218684955813 28
0.06828786638004572 28
0.068343313884055 28
0.0683774354249838 28
0.06841155696591258 28
0.06843928071791722 28
0.07031170027638448 29
0.07072115876752995 29
0.07075528030845873 29
0.07078300406046337 29
0.07081712560139215 29
0.07085124714232095 29
0.07088536868324974 29
0.07091949022417852 29
0.07101972225065684 29
0.07105384379158562 29
0.07108156754359027 29
0.07111568908451905 29
0.07121592111099738 29
0.07127136861500666 29
0.07130549015593544 29
0.07133961169686423 29
0.07137373323779302 29
0.0714078547787218 29
0.0714419763196506 29
0.07149742382365988 29
0.07155287132766916 29
0.07158699286859795 29
0.07164244037260722 29
0.07167656191353601 29
0.07170428566554066 29
0.07173840720646944 29
0.07194953424096633 29
0.0720049817449756 29
0.07213293752345856 29
0.07218838502746784 29
0.07222250656839663 29
0.0722779540724059 29
0.07243363360289351 29
0.07248908110690279 29
0.07252320264783157 29
0.07255732418876036 29
0.07258504794076501 29
0.07425487084996758 29
0.07428899239089637 29
0.07431671614290102 29
0.0743508376838298 29
0.07438495922475859 29
0.07441908076568737 29
0.07445320230661617 29
0.07455343433309448 29
0.07458755587402327 29
0.07461527962602792 29
0.0746494011669567 29
0.07474963319343501 29
0.07480508069744429 29
0.07483920223837308 29
0.07487332377930188 29
0.07490744532023066 29
0.07494156686115945 29
0.07497568840208824 29
0.07503113590609752 29
0.0750865834101068 29
0.0751207049510356 29
0.07517615245504487 29
0.07521027399597366 29
0.0752379977479783 29
0.07527211928890709 29
0.07548324632340396 29
0.07553869382741324 29
0.0756666496058962 29
0.07572209710990549 29
0.07575621865083428 29
0.07581166615484355 29
0.07586711365885283 30
0.07588843962193333 30
0.07592256116286211 31
0.0759566827037909 32
0.0759908042447197 32
0.07617420752721193 32
0.07622965503122121 32
0.07626377657215 32
0.07629789811307879 32
0.07632562186508343 32
0.07691421844610502 32
0.07694833998703382 32
0.07697606373903845 32
0.07701018527996724 32
0.07704430682089604 32
0.07707842836182482 32
0.07711254990275361 32
0.07721278192923192 32
0.07724690347016071 32
0.07727462722216535 32
0.07730874876309414 32
0.07740898078957245 32
0.07746442829358174 32
0.07749854983451053 32
0.07753267137543932 32
0.0775667929163681 32
0.07760091445729689 32
0.07763503599822567 32
0.07769048350223497 32
0.07774593100624425 32
0.07778005254717303 32
0.07783550005118231 32
0.0778696215921111 32
0.07789734534411574 32
0.07793146688504453 32
0.07814259391954141 32
0.07819804142355069 32
0.07832599720203365 32
0.07838144470604293 32
0.07841556624697171 32
0.07847101375098099 32
0.07852646125499027 32
0.07854778721807076 32
0.07858190875899955 32
0.07861603029992835 32
0.07865015184085714 32
0.07870559934486641 32
0.07892738936090354 32
0.07896151090183233 32
0.07899563244276112 33
0.07922808544033849 34
0.07938589756713413 34
0.07942001910806291 34
0.07944774286006756 34
0.07948186440099635 34
0.07951598594192513 34
0.07955010748285393 34
0.07958422902378272 34
0.07968446105026103 34
0.07971858259118982 34
0.07974630634319446 34
0.07978042788412325 34
0.07988065991060156 34
0.07993610741461084 34
0.07997022895553964 34
0.08000435049646842 34
0.08003847203739721 34
0.080072593578326 34
0.08010671511925478 34
0.08016216262326406 34
0.08021761012727335 34
0.08025173166820214 34
0.08030717917221142 34
0.0803413007131402 34
0.08036902446514485 34
0.08040314600607364 34
0.0806142730405705 34
0.0806697205445798 34
0.08079767632306276 34
0.08085312382707203 34
0.08088724536800082 34
0.0809426928720101 34
0.08097681441293889 34
0.08113249394342649 34
0.08118794144743577 34
0.08122206298836455 34
0.08125618452929334 34
0.08128390828129799 34
0.08131802982222677 35
0.08135215136315556 36
0.08236513460947896 36
0.08239925615040775 36
0.08242697990241239 36
0.08246110144334118 36
0.08249522298426996 36
0.08252934452519876 36
0.08256346606612755 36
0.08266369809260586 36
0.08269781963353465 36
0.0827255433855393 36
0.08275966492646808 36
0.08285989695294639 36
0.08291534445695567 36
0.08294946599788447 36
0.08298358753881326 36
0.08301770907974204 36
0.08305183062067083 36
0.08308595216159961 36
0.08314139966560889 36
0.08319684716961818 36
0.08323096871054697 36
0.08328641621455625 36
0.08332053775548504 36
0.08334826150748968 36
0.08338238304841847 36
0.08359351008291535 36
0.08364895758692463 36
0.08377691336540759 36
0.08383236086941687 36
0.08386648241034565 36
0.08392192991435493 36
0.08395605145528372 36
0.08411173098577132 36
0.0841671784897806 36
0.08420130003070939 36
0.08423542157163817 36
0.08426314532364282 36
0.0842972668645716 36
0.08433138840550039 36
0.08438683590950967 36
0.08442095745043846 36
0.08445507899136726 36
0.08448920053229604 37
0.08454464803630532 37
0.08498396287576347 38
0.08511405125055448 38
0.08514817279148326 38
0.08517589654348791 38
0.0852100180844167 38
0.08524413962534548 38
0.08527826116627427 38
0.08531238270720305 38
0.08541261473368138 38
0.08544673627461016 38
0.0854744600266148 38
0.0855085815675436 38
0.0856088135940219 38
0.08566426109803119 38
0.08569838263895997 38
0.08573250417988876 38
0.08576662572081756 38
0.08580074726174634 38
0.08583486880267513 38
0.08589031630668441 38
0.08594576381069369 38
0.08597988535162247 38
0.08603533285563177 38
0.08606945439656055 38
0.08609717814856518 38
0.08613129968949398 38
0.08634242672399085 38
0.08639787422800013 38
0.08652583000648309 38
0.08658127751049237 38
0.08661539905142117 38
0.08667084655543045 38
0.08670496809635923 38
0.08686064762684682 38
0.08691609513085612 38
0.0869502166717849 38
0.08698433821271369 38
0.08701206196471832 38
0.08704618350564712 38
0.0870803050465759 38
0.08711442658750469 38
0.08864136554406797 38
0.08867548708499676 38
0.0887032108370014 38
0.08873733237793019 38
0.08877145391885898 38
0.08880557545978776 38
0.08883969700071655 38
0.08893992902719487 38
0.08897405056812366 38
0.08900177432012829 38
0.08903589586105709 38
0.0891361278875354 38
0.08919157539154468 38
0.08922569693247347 38
0.08925981847340225 38
0.08929394001433105 38
0.08932806155525984 38
0.08936218309618862 38
0.0894176306001979 38
0.08947307810420718 38
0.08950719964513597 38
0.08956264714914526 38
0.08959676869007405 38
0.08962449244207868 38
0.08965861398300748 38
0.08986974101750435 38
0.08992518852151363 38
0.09005314429999658 38
0.09010859180400586 38
0.09014271334493466 38
0.09019816084894394 38
0.09023228238987273 38
0.09038796192036032 38
0.09044340942436961 38
0.0904775309652984 38
0.09051165250622718 38
0.09053937625823182 38
0.09057349779916062 38
0.0906076193400894 38
0.09064174088101819 38
0.09069718838502747 38
0.09073130992595625 38
0.09076543146688504 38
0.09079955300781384 38
0.09083367454874262 38
0.09086779608967141 38
0.0909019176306002 39
0.09122393967311564 39
0.09125806121404442 40
0.0913135087180537 40
0.0913476302589825 40
0.09156942027501962 40
0.0916035418159484 40
0.0916376633568772 41
0.09167178489780599 42
0.09170590643873477 42
0.09176135394274405 42
0.09179547548367284 42
0.09195328761046849 42
0.09198740915139728 42
0.09201513290340192 42
0.09204925444433071 42
0.0920833759852595 42
0.09211749752618828 42
0.09215161906711707 42
0.09225185109359539 42
0.09228597263452418 42
0.09231369638652881 42
0.09234781792745761 42
0.09244804995393592 42
0.0925034974579452 42
0.09253761899887399 42
0.09257174053980277 42
0.09260586208073157 42
0.09263998362166036 42
0.09267410516258914 42
0.09272955266659842 42
0.0927850001706077 42
0.09281912171153649 42
0.09287456921554578 42
0.09290869075647457 42
0.0929364145084792 42
0.092970536049408 42
0.09318166308390487 42
0.09323711058791415 42
0.0933650663663971 42
0.09342051387040638 42
0.09345463541133518 42
0.09351008291534446 42
0.09354420445627325 42
0.09369988398676084 42
0.09375533149077012 42
0.09378945303169892 42
0.0938235745726277 42
0.09385129832463233 42
0.09388541986556113 42
0.09391954140648992 42
0.0939536629474187 42
0.09398778448834749 42
0.09402190602927628 42
0.09405602757020506 42
0.09409014911113386 42
0.09412427065206265 42
0.09415839219299144 42
0.09419251373392022 42
0.0942479612379295 42
0.09428208277885829 42
0.09571732009417545 42
0.09575144163510424 42
0.09577916538710889 42
0.09581328692803767 42
0.09584740846896646 42
0.09588153000989524 42
0.09591565155082403 42
0.09601588357730236 42
0.09605000511823114 42
0.09607772887023577 42
0.09611185041116457 42
0.09621208243764288 42
0.09626752994165216 42
0.09630165148258095 42
0.09633577302350974 42
0.09636989456443854 42
0.09640401610536732 42
0.09643813764629611 42
0.09649358515030539 42
0.09654903265431466 42
0.09658315419524345 42
0.09663860169925274 42
0.09667272324018153 42
0.09670044699218616 42
0.09673456853311496 42
0.09694569556761183 42
0.09700114307162111 42
0.09712909885010407 42
0.09718454635411335 42
0.09721866789504215 42
0.09727411539905143 42
0.09730823693998021 42
0.0974639164704678 42
0.0975193639744771 42
0.09755348551540588 42
0.09758760705633467 42
0.0976153308083393 42
0.0976494523492681 42
0.09768357389019688 42
0.09771769543112567 42
0.09775181697205446 42
0.09778593851298324 42
0.09782006005391203 42
0.09785418159484083 42
0.09788830313576961 42
0.0979224246766984 42
0.09795654621762719 42
0.09801199372163646 42
0.09804611526256526 42
0.0988095847408469 42
0.09884370628177569 42
0.09887143003378032 42
0.09890555157470911 42
0.09893967311563791 42
0.0989737946565667 42
0.09900791619749548 42
0.09910814822397379 42
0.09914226976490258 42
0.09916999351690722 42
0.09920411505783601 42
0.09930434708431433 42
0.09935979458832361 42
0.0993939161292524 42
0.09942803767018119 42
0.09946215921110997 42
0.09949628075203876 42
0.09953040229296756 42
0.09958584979697684 42
0.09964129730098611 42
0.0996754188419149 42
0.09973086634592418 42
0.09976498788685297 42
0.09979271163885761 42
0.0998268331797864 42
0.10003796021428328 42
0.10009340771829256 42
0.10022136349677552 42
0.1002768110007848 42
0.10031093254171358 42
0.10036638004572286 42
0.10040050158665165 42
0.10045594909066094 42
0.10049007063158973 42
0.10076304295902003 42
0.10079716449994881 42
0.10083128604087761 43
0.1008654075818064 44
0.10108719759784351 45
0.1011426451018528 45
0.1011767666427816 45
0.10121088818371038 45
0.10124500972463917 45
0.10127913126556795 46
0.10153077762991777 46
0.10156489917084656 46
0.10234329682328454 46
0.10237741836421332 46
0.10240514211621797 46
0.10243926365714676 46
0.10247338519807554 46
0.10250750673900433 46
0.10254162827993313 46
0.10264186030641144 46
0.10267598184734023 46
0.10270370559934487 46
0.10273782714027366 46
0.10283805916675197 46
0.10289350667076125 46
0.10292762821169003 46
0.10296174975261883 46
0.10299587129354762 46
0.1030299928344764 46
0.10306411437540519 46
0.10311956187941447 46
0.10317500938342375 46
0.10320913092435255 46
0.10326457842836183 46
0.10329869996929061 46
0.10332642372129526 46
0.10336054526222405 46
0.10357167229672092 46
0.1036271198007302 46
0.10413681031835398 46
0.10417093185928276 46
0.10419865561128741 46
0.1042327771522162 46
0.10426689869314498 46
0.10430102023407377 46
0.10433514177500255 46
0.10443537380148088 46
0.10446949534240967 46
0.1044972190944143 46
0.1045313406353431 46
0.11586182482000887 46
0.11589594636093765 46
0.1159236701129423 46
0.11595779165387109 46
0.11599191319479987 46
0.11602603473572866 46
0.11606015627665746 46
0.11616038830313577 46
0.11621583580714505 46
0.11624995734807383 46
0.11628407888900262 46
0.11631820042993142 46
0.1163523219708602 46
0.11638644351178899 46
0.11644189101579827 46
0.11649733851980755 46
0.11653146006073634 46
0.11672765892107688 46
0.11676178046200567 47
0.11681722796601494 47
0.11683855392909544 47
0.11687267547002422 47
0.11690679701095301 47
0.11694091855188181 47
0.1169750400928106 48
0.11703048759681987 48
0.11705181355990037 48
0.11708593510082915 48
0.11712005664175794 48
0.11715417818268672 49
0.11720962568669602 49
0.1172437472276248 49
0.11753164772921146 50
0.11758709523322074 50
0.11760842119630123 50
0.11764254273723002 50
0.1176766642781588 50
0.11771078581908759 50
0.11774490736001637 50
0.11777902890094517 50
0.1178280786160303 51
0.11788352612003958 51
0.11791764766096836 51
0.11795176920189716 52
0.11800721670590644 53
0.11821194595147917 53
0.11824606749240796 54
0.11830151499641724 54
0.11833563653734602 54
0.11836975807827481 54
0.11840387961920361 55
0.11845932712321289 55
0.11849344866414167 55
0.11852757020507046 55
0.11856169174599925 55
0.1190052717780735 56
0.11906071928208278 56
0.11909484082301157 56
0.11912896236394035 56
0.11916308390486914 56
0.11919720544579793 56
0.11949363633261678 56
0.11952775787354557 56
0.11956187941447435 56
0.12066656430204388 56
0.12070068584297267 56
0.12073480738390145 56
0.12076892892483025 56
0.12080305046575904 57
0.12085849796976832 57
0.12100991230763981 57
0.1210440338485686 57
0.12107815538949739 57
0.12111227693042617 57
0.12114639847135497 57
0.12118052001228376 57
0.12121464155321254 58
0.12127008905722182 58
0.12130421059815061 58
0.1213383321390794 58
0.1213724536800082 59
0.12142790118401747 59
0.12146202272494626 59
0.12149614426587504 59
0.12171153649298802 59
0.1217456580339168 59
0.1217797795748456 59
0.12181390111577439 59
0.12184802265670318 60
0.12188214419763196 60
0.12228520489985328 61
0.12234065240386256 61
0.1223683761558672 61
0.12240249769679598 61
0.12243661923772478 61
0.12247074077865357 61
0.12250486231958235 61
0.12253898386051114 61
0.12257310540143992 61
0.12260722694236871 61
0.12264134848329751 61
0.1226754700242263 61
0.12270959156515508 61
0.12274371310608387 61
0.12277783464701265 61
0.12281195618794145 61
0.12284607772887024 61
0.12288019926979903 62
0.12291432081072781 63
0.12296976831473709 63
0.12300388985566588 63
0.12303801139659468 63
0.12307213293752346 63
0.12348585662128501 63
0.1235199781622138 63
0.1235540997031426 64
0.12360954720715188 64
0.12364366874808067 64
0.12367779028900945 64
0.12400194492783294 64
0.12403180127614563 65
0.12408724878015491 65
0.1241213703210837 65
0.12415549186201248 66
0.12421093936602177 66
0.12700250793325826 67
0.12705795543726756 67
0.12709207697819633 67
0.12712619851912513 67
0.1271603200600539 67
0.1271944416009827 68
0.127552717780735 69
0.12760816528474425 69
0.12764228682567305 69
0.12767640836660182 69
0.12771052990753062 69
0.12774465144845942 69
0.1280688060872829 70
0.12819889446207391 70
0.1282330160030027 70
0.12826073975500735 70
0.12829486129593612 70
0.12832898283686492 70
0.1283631043777937 70
0.1283972259187225 70
0.12849745794520082 70
0.12855290544921008 70
0.12858702699013888 70
0.12862114853106765 70
0.12865527007199645 70
0.12868939161292525 70
0.12872351315385402 70
0.12875763469478282 70
0.1287917562357116 70
0.1288258777766404 70
0.12895383355512335 70
0.12900928105913262 70
0.12904340260006142 70
0.12907752414099022 70
0.12910524789299485 70
0.12913936943392362 70
0.12917349097485242 70
0.12920761251578122 70
0.12924173405671 70
0.1292758555976388 70
0.12930997713856757 70
0.12934409867949637 70
0.12937822022042517 70
0.12941234176135394 70
0.12944646330228274 70
0.1294805848432115 70
0.1295147063841403 70
0.1302717780734978 70
0.1303058996144266 70
0.13033362336643123 70
0.13036774490736003 70
0.1304018664482888 70
0.1304359879892176 70
0.13047010953014637 70
0.13050423107107517 70
0.13053835261200397 71
0.13184989934145425 72
0.13621319138772306 72
0.13626863889173235 72
0.13630276043266115 72
0.13633688197358992 72
0.13637100351451872 72
0.1364051250554475 72
0.1364392465963763 72
0.13647336813730507 72
0.13650748967823387 72
0.13654161121916267 72
0.13666956699764563 72
0.13708968847033132 72
0.1371451359743406 72
0.13717925751526938 72
0.13721337905619818 72
0.13724750059712695 72
0.13728162213805575 72
0.13731574367898455 72
0.13734986521991333 72
0.13738398676084213 72
0.1374181083017709 72
0.1374479646500836 73
0.13750341215409287 73
0.13753113590609753 73
0.1375652574470263 73
0.1375993789879551 73
0.13763350052888387 74
0.13766762206981267 74
0.13770174361074147 75
0.13775719111475074 75
0.13779131265567954 75
0.1378254341966083 76
0.1378808817006176 76
0.13790860545262223 76
0.13794272699355103 76
0.1379768485344798 76
0.1380109700754086 76
0.1380450916163374 76
0.13807921315726618 76
0.13811333469819498 77
0.13816878220220424 77
0.13820290374313304 77
0.13823702528406182 77
0.13827114682499062 77
0.13830526836591941 78
0.13836071586992868 78
0.13839483741085748 78
0.13842895895178625 78
0.13846308049271505 78
0.13849720203364385 78
0.13853132357457262 78
0.13856544511550142 78
0.1385995666564302 78
0.138633688197359 78
0.13866780973828777 78
0.13870193127921657 78
0.13873605282014537 79
0.13879150032415463 79
0.13882562186508343 79
0.1388597434060122 79
0.138893864946941 79
0.1389279864878698 79
0.13896210802879858 80
0.13901755553280787 80
0.13905167707373664 80
0.13908579861466544 80
0.13911992015559424 80
0.13969785375507557 81
0.13975330125908486 82
0.13980874876309415 82
0.13984287030402293 82
0.13987699184495173 82
0.1399111133858805 82
0.1399452349268093 82
0.13997935646773807 82
0.14001347800866687 82
0.14004759954959567 82
0.14008172109052444 82
0.14011584263145324 82
0.140149964172382 82
0.1401840857133108 82
0.1402182072542396 82
0.14025232879516839 83
0.14030777629917768 83
0.14034189784010645 83
0.14037601938103525 83
0.14041014092196405 83
0.14044426246289282 83
0.14047838400382162 83
0.1405125055447504 83
0.14076628450540826 84
0.14082173200941756 84
0.14085585355034633 84
0.14088997509127513 84
0.1409240966322039 84
0.1409582181731327 84
0.1409923397140615 84
0.14102646125499027 84
0.14133355512334936 84
0.14136767666427816 84
0.14284343330944826 84
0.14287755485037704 84
0.14291167639130584 84
0.14331900228614325 85
0.14337444979015251 85
0.1434085713310813 85
0.1434426928720101 85
0.14347681441293889 85
0.14351093595386769 85
0.14390973146347288 86
0.14396517896748218 86
0.14399930050841095 87
0.14405474801242024 87
0.14420616235029174 87
0.14424028389122054 87
0.1442744054321493 87
0.1443085269730781 87
0.14434264851400688 87
0.14437677005493568 87
0.14492271470979629 87
0.14495683625072509 87
0.14640700174019858 88
0.14646244924420787 88
0.14649657078513667 88
0.14653069232606544 88
0.14656481386699424 88
0.14659893540792301 88
0.14663305694885181 88
0.1466671784897806 88
0.1467013000307094 88
0.14673542157163819 88
0.14676954311256696 88
0.14680366465349576 88
0.14683778619442453 88
0.14795526665984235 88
0.14798938820077115 89
0.14804483570478041 89
0.14807895724570921 89
0.148113078786638 89
0.14814720032756679 89
0.14818132186849559 89
0.14821544340942436 89
0.14824956495035316 89
0.14828368649128196 89
0.14831780803221073 89
0.14835192957313953 89
0.15027126625038387 90
0.15032671375439316 90
0.15036083529532193 90
0.15039495683625073 90
0.1504290783771795 90
0.15083640427201692 91
0.15104966390282185 91
0.15110511140683114 91
0.1511392329477599 91
0.1511733544886887 91
0.1512074760296175 91
0.15124159757054628 91
0.15127571911147508 91
0.15130984065240385 91
0.15134396219333265 91
0.15137808373426143 91
0.15140794008257413 91
0.1514633875865834 91
0.15149111133858806 91
0.15152523287951683 91
0.15155935442044563 91
0.1515934759613744 91
0.1516275975023032 91
0.151661719043232 91
0.15171716654724127 91
0.15175128808817007 91
0.15178540962909884 91
0.15184085713310813 91
0.15186858088511276 91
0.15190270242604156 91
0.15193682396697034 91
0.15197094550789914 91
0.15200506704882794 91
0.1520391885897567 91
0.1520733101306855 91
0.15210743167161428 91
0.15214155321254308 91
0.15235268024703996 91
0.1529476746169857 91
0.15300312212099498 91
0.15303724366192378 91
0.15307136520285256 91
0.15310548674378135 91
0.15313960828471013 91
0.15317372982563893 91
0.15320785136656773 91
0.1532419729074965 91
0.1532760944484253 91
0.15330595079673798 91
0.15336139830074727 91
0.1533891220527519 91
0.1534232435936807 91
0.15345736513460947 91
0.15349148667553827 91
0.15352560821646705 91
0.15355972975739585 91
0.1536151772614051 91
0.1536492988023339 91
0.1536834203432627 91
0.15373886784727198 91
0.15376659159927664 91
0.1538007131402054 91
0.1538348346811342 91
0.15386895622206298 91
0.15390307776299178 91
0.15393719930392055 91
0.15397132084484935 91
0.15400544238577815 91
0.15403956392670692 91
0.1542506909612038 91
0.15484568533114956 91
0.15490113283515883 91
0.15493525437608763 91
0.1549693759170164 91
0.1550034974579452 91
0.155037618998874 91
0.15507174053980277 91
0.15510586208073157 91
0.15513998362166034 91
0.15517410516258914 91
0.15520396151090182 91
0.15525940901491112 91
0.15528713276691575 91
0.15532125430784455 91
0.15535537584877332 91
0.15538949738970212 91
0.15542361893063092 91
0.1554577404715597 91
0.15551318797556898 91
0.15554730951649776 91
0.15558143105742656 91
0.15563687856143582 91
0.15566460231344048 91
0.15569872385436925 91
0.15573284539529805 91
0.15576696693622685 91
0.15580108847715562 91
0.15583521001808442 91
0.1558693315590132 91
0.155903453099942 91
0.15593757464087077 91
0.15614870167536765 91
0.1567436960453134 91
0.1567991435493227 91
0.15683326509025147 91
0.15686738663118027 91
0.15690150817210904 91
0.15693562971303784 91
0.15696975125396662 91
0.15700387279489542 91
0.15703799433582422 91
0.157072115876753 91
0.1571019722250657 91
0.15715741972907496 91
0.1571851434810796 91
0.1572192650220084 91
0.1572533865629372 91
0.15728750810386596 91
0.15732162964479476 91
0.15735575118572354 91
0.15741119868973283 91
0.15744532023066163 91
0.1574794417715904 91
0.1575348892755997 91
0.15756261302760433 91
0.15759673456853313 91
0.1576308561094619 91
0.1576649776503907 91
0.15769909919131947 91
0.15773322073224827 91
0.15776734227317707 91
0.15780146381410584 91
0.15783558535503464 91
0.15804671238953152 91
0.15864170675947725 91
0.15869715426348655 91
0.15873127580441532 91
0.15876539734534412 91
0.15879951888627292 91
0.1588336404272017 91
0.1588677619681305 91
0.15890188350905926 91
0.15893600504998806 91
0.15897012659091683 91
0.15899998293922954 91
0.1590554304432388 91
0.15908315419524346 91
0.15911727573617224 91
0.15915139727710104 91
0.1591855188180298 91
0.1592196403589586 91
0.1592537618998874 91
0.15930920940389667 91
0.15934333094482547 91
0.15937745248575425 91
0.15943289998976354 91
0.15946062374176817 91
0.15949474528269697 91
0.15952886682362574 91
0.15956298836455454 91
0.15959710990548334 91
0.15963123144641211 91
0.1596653529873409 91
0.15969947452826969 91
0.15973359606919849 91
0.15976345241751116 91
0.16093424779063023 92
0.1609896952946395 92
0.1610238168355683 92
0.16247184972873374 93
0.16252729723274303 93
0.1625614187736718 93
0.16296661207220117 94
0.16299646842051388 95
0.16305191592452314 95
0.16308603746545194 95
0.16312015900638072 95
0.16315428054730952 95
0.16318840208823832 95
0.1632225236291671 95
0.1632566451700959 95
0.16329076671102466 95
0.16332488825195346 95
0.16382178319172894 95
0.16513759511379533 96
0.16519304261780463 96
0.1652271641587334 96
0.1652612856996622 96
0.165295407240591 96
0.16532952878151977 96
0.16536365032244857 96
0.16539777186337734 96
0.16543189340430614 97
0.1654873409083154 97
0.1655214624492442 97
0.165555583990173 97
0.16558970553110178 98
0.16564515303511107 98
0.16567927457603984 98
0.16571339611696864 98
0.16574751765789744 98
0.16578163919882621 98
0.165815760739755 98
0.16730644555908145 99
0.16736189306309074 99
0.1673960146040195 99
0.1674301361449483 99
0.16746425768587708 99
0.16749837922680588 99
0.16753250076773468 99
0.16756662230866345 99
0.16760074384959225 99
0.1682426553383151 100
0.16827251168662777 100
0.16967362746101614 101
0.16972907496502543 101
0.1697631965059542 101
0.169797318046883 102
0.16985276555089227 102
0.16988688709182106 102
0.16992100863274986 102
0.16995513017367864 102
0.1703645886648241 103
0.1704200361688334 103
0.17045415770976216 103
0.17048827925069096 103
0.17052240079161976 104
0.17057784829562903 104
0.17061196983655783 104
0.1706460913774866 104
0.1706802129184154 104
0.1707143344593442 105
0.17076978196335346 105
0.17080390350428226 105
0.17083802504521103 105
0.17087214658613983 105
0.1709062681270686 105
0.1709403896679974 106
0.1709958371720067 106
0.17102995871293547 106
0.17106408025386427 106
0.17129013546251748 106
0.17171665472412734 106
0.1725718258436551 107
0.17262727334766437 107
0.17266139488859317 107
0.17269551642952197 107
0.17272963797045074 108
0.17278508547446003 108
0.17293649981233153 108
0.1729706213532603 108
0.1730047428941891 108
0.1730388644351179 109
0.17309431193912717 109
0.17312843348005597 109
0.17316255502098474 109
0.17319667656191354 109
0.17357414610843827 109
0.17360826764936704 110
0.17366371515337634 110
0.1736978366943051 110
0.1737319582352339 110
0.17376607977616268 110
0.17380020131709148 110
0.17383432285802028 110
0.17566409049032655 111
0.17571953799433582 111
0.17575365953526462 111
0.1757877810761934 111
0.17610767052240078 111
0.17614179206332958 112
0.17619723956733885 112
0.17823600163783396 113
0.17829144914184325 113
0.17832557068277202 114
0.17838101818678131 115
0.1784364656907906 115
0.17847058723171938 116
0.17852603473572867 116
0.17856015627665744 116
0.17871157061452894 116
0.17874569215545774 116
0.17877981369638654 116
0.1788139352373153 116
0.1788480567782441 116
0.17888217831917289 116
0.17917434401337565 116
0.17985677483195142 116
0.1798908963728802 117
0.1799463438768895 117
0.17998046541781826 117
0.18001458695874706 117
0.18004870849967586 117
0.18139224417374689 118
0.18144769167775618 118
0.18148181321868495 118
0.18151593475961375 118
0.18155005630054252 119
0.18160550380455182 119
0.18163962534548062 119
0.1816737468864094 119
0.1817078684273382 119
0.18174198996826696 119
0.18250332685024057 120
0.18255877435424983 120
0.18259289589517863 120
0.1826270174361074 121
0.1826824649401167 121
0.1827165864810455 121
0.18275070802197427 121
0.18278482956290307 122
0.18284027706691233 122
0.18287439860784113 122
0.18290852014876993 122
0.18320495103558876 123
0.18326039853959805 123
0.18329452008052682 123
0.18332864162145562 123
0.18336276316238442 124
0.1834182106663937 124
0.1834523322073225 124
0.18348645374825126 124
0.18352057528918006 125
0.18357602279318935 125
0.18361014433411812 125
0.1841070392738936 125
0.1845826082505886 126
0.18463805575459788 126
0.18467217729552668 126
0.18470629883645545 126
0.18474042037738425 126
0.18477454191831302 126
0.1866426962841642 127
0.18669814378817348 128
0.18675359129218275 128
0.1867813150441874 128
0.18681543658511618 128
0.18684955812604498 128
0.18688367966697375 128
0.18691780120790255 128
0.18695192274883135 128
0.18698604428976012 128
0.18702016583068892 129
0.1870542873716177 129
0.1870884089125465 129
0.18712253045347527 129
0.18715665199440407 129
0.18719077353533287 129
0.18722489507626164 129
0.18725901661719044 129
0.1872931381581192 129
0.187327259699048 129
0.1873613812399768 129
0.18739550278090558 129
0.18742962432183438 129
0.18746374586276315 129
0.18749786740369195 129
0.18753198894462073 129
0.18756611048554953 130
0.1875959668338622 131
0.1877815027126625 131
0.1878369502166718 131
0.18787107175760057 131
0.18790519329852937 131
0.18793931483945814 131
0.18797343638038694 131
0.18800755792131574 131
0.1880416794622445 131
0.1880758010031733 131
0.18810992254410208 131
0.1881397788924148 131
0.18817390043334356 131
0.18820802197427236 131
0.18824214351520116 131
0.18827626505612993 131
0.18831038659705873 131
0.1883445081379875 131
0.1883786296789163 131
0.18843407718292557 131
0.18848952468693486 131
0.1885172484389395 131
0.1885513699798683 131
0.18858549152079707 131
0.18861961306172587 131
0.18865373460265467 131
0.18868785614358344 131
0.18872197768451224 131
0.188756099225441 131
0.1887902207663698 131
0.1888243423072986 131
0.18885846384822738 131
0.18889258538915618 131
0.18892670693008495 131
0.18896082847101375 131
0.18899495001194255 131
0.18902907155287133 131
0.18906319309380012 131
0.1890973146347289 131
0.1891314361756577 131
0.18916555771658647 131
0.18919967925751527 131
0.18923380079844407 131
0.18926792233937284 131
0.18930204388030164 131
0.18933190022861432 131
0.18951530351110657 131
0.19045577848295628 131
0.19051122598696557 131
0.19054534752789437 131
0.19057946906882314 131
0.19061359060975194 131
0.19064771215068071 131
0.19068183369160951 131
0.19071595523253831 131
0.1907500767734671 131
0.1907841983143959 131
0.19081405466270857 131
0.19084817620363737 131
0.19088229774456614 131
0.19091641928549494 131
0.1909505408264237 131
0.1909846623673525 131
0.1910187839082813 131
0.19105290544921008 131
0.19110835295321937 131
0.19116380045722864 131
0.1911915242092333 131
0.19122564575016207 131
0.19125976729109087 131
0.19129388883201964 131
0.19132801037294844 131
0.19136213191387724 131
0.19139625345480601 131
0.19143037499573481 131
0.1914644965366636 131
0.1914986180775924 131
0.19153273961852119 131
0.19156686115944996 131
0.19160098270037876 131
0.19163510424130753 131
0.19166922578223633 131
0.1917033473231651 131
0.1917374688640939 131
0.1917715904050227 131
0.19180571194595147 131
0.19183983348688027 131
0.19187395502780905 131
0.19190807656873785 131
0.19194219810966665 131
0.19197631965059542 131
0.19200617599890812 131
0.19218957928140035 131
0.19271846316579658 131
0.19315564540894667 131
0.19321109291295596 131
0.19324521445388473 131
0.19327933599481353 131
0.1933134575357423 131
0.1933475790766711 131
0.19338170061759988 131
0.19341582215852868 131
0.19344994369945748 131
0.19348406524038625 131
0.19351392158869896 131
0.19354804312962773 131
0.19358216467055653 131
0.1936162862114853 131
0.1936504077524141 131
0.1936845292933429 131
0.19371865083427167 131
0.19375277237520047 131
0.19380821987920974 131
0.19386366738321903 131
0.19389139113522366 131
0.19392551267615246 131
0.19395963421708123 131
0.19399375575801003 131
0.19402787729893883 131
0.1940619988398676 131
0.1940961203807964 131
0.19413024192172518 131
0.19416436346265398 131
0.19419848500358275 131
0.19423260654451155 131
0.19426672808544035 131
0.19430084962636912 131
0.19433497116729792 131
0.1943690927082267 131
0.1944032142491555 131
0.1944373357900843 131
0.19447145733101306 131
0.19450557887194186 131
0.19453970041287064 131
0.19457382195379944 131
0.1946079434947282 131
0.194642065035657 131
0.1946761865765858 131
0.1947060429248985 131
0.19656566690551747 131
0.19659978844644624 131
0.19663390998737504 131
0.19700284914866756 132
0.19703697068959633 133
0.19707109223052513 134
0.19712653973453442 134
0.1971606612754632 134
0.197194782816392 134
0.1973824512915003 135
0.1974378987955096 135
0.1974720203364384 135
0.19750614187736718 135
0.19754026341829597 136
0.19759571092230524 136
0.19762983246323404 136
0.19766395400416284 136
0.19789853959804823 137
0.19795398710205753 137
0.2079025488791074 137
0.20793667042003616 137
0.20797079196096496 137
0.20800491350189373 137
