0.2088984713549664 0
0.2091927696454772 0
0.20945507899136726 0
0.2097173883372573 0
0.21014390759886717 0
0.2104573992561504 0
0.21086685774729585 0
0.21128058143105743 0
0.21153009519909918 0
0.2117646807929846 0
0.2119672774422493 0
0.2121933326509025 0
0.28766591599276625 0
0.2878024021564814 0
0.3163408059507967 0
0.31647729211451187 0
0.34412000545944654 0
0.3442564916231617 0
0.37190773535332855 0
0.3720442215170437 0
0.39970399563244274 0
0.3998404817961579 0
0.47630472242126454 0
0.4764412085849797 0
0.5043142423311837 0
0.5044507284948988 0
0.5320934418398335 0
0.5322299280035486 0
0.5598811717337155 0
0.5600176578974306 0
0.5876774320128297 0
0.5878139181765448 0
0.6642781588016515 0
0.6644146449653666 0
0.6922876787115706 0
0.6924241648752858 0
0.7200668782202204 0
0.7202033643839356 0
0.7478546081141024 0
0.7479910942778176 0
0.7756508683932166 0
0.7757873545569318 0
0.8509912307639813 0
0.8511277169276965 0
0.8790007506739005 0
0.8791372368376156 0
0.9067799501825502 0
0.9069164363462654 0
0.9345676800764322 0
0.9347041662401474 0
