0.14214180912410004 1
0.2003766165080015 2
0.21305490155935441 3
0.21418091241000445 4
0.2188193093800116 5
0.2216322039103286 5
0.22872308663459243 5
0.23222694236871738 5
0.23543863240863958 5
0.2387420240898079 5
0.24119664244037262 5
0.24363633261678097 5
0.2460397686559525 5
0.2829592759409015 5
0.2887769986692599 5
0.29418952809908894 5
0.3123315248916641 5
0.3174518886272904 5
0.3222246391647047 5
0.34010645920769783 5
0.3452310881359402 5
0.3500038386733545 5
0.36788992390896375 5
0.37301881802982223 5
0.3777915685672365 5
0.39568191899546185 5
0.4008150783089364 5
0.4055878288463507 5
0.4722954413621319 5
0.4774158050977582 5
0.4821885556351725 5
0.500304961272051 5
0.5054253250076773 5
0.5101980755450917 5
0.5280798955880848 5
0.5332045245163272 5
0.5379772750537414 5
0.5558633602893507 5
0.5609922544102092 5
0.5657650049476234 5
0.5836553553758488 5
0.5887885146893234 5
0.5935612652267377 5
0.6602688777425189 5
0.6653892414781452 5
0.6701619920155594 5
0.688278397652438 5
0.6933987613880643 5
0.6981715119254785 5
0.7160533319684717 5
0.721177960896714 5
0.7259507114341284 5
0.7438367966697376 5
0.748965690790596 5
0.7537384413280104 5
0.7716287917562357 5
0.7767619510697104 5
0.7815347016071246 5
0.8469819497048486 5
0.8521023134404749 5
0.8568750639778893 5
0.8749914696147678 5
0.8801118333503941 5
0.8848845838878083 5
0.9027664039308015 5
0.9078910328590439 5
0.9126637833964582 5
0.9305498686320675 5
0.9356787627529259 5
0.9404515132903402 5
