0.20182891459378305 1
0.22473086634592418 2
0.286053673183881 2
0.29537951683898045 2
0.314882110076091 2
0.3234146279045962 2
0.34266130958474084 2
0.351193827413246 2
0.37044903947862284 2
0.378981557307128 2
0.39824529975773704 2
0.4067778175862422 2
0.47484602654655883 2
0.483378544375064 2
0.502855546456478 2
0.5113880642849831 2
0.5306347459651278 2
0.5391672637936329 2
0.5584224758590098 2
0.5669549936875149 2
0.586218736138124 2
0.5947512539666291 2
0.6628194629269458 2
0.6713519807554509 2
0.6908289828368649 2
0.6993615006653701 2
0.7186081823455147 2
0.7271407001740199 2
0.7463959122393967 2
0.7549284300679019 2
0.7741921725185109 2
0.7827246903470161 2
0.8495325348892756 2
0.8580650527177808 2
0.8775420547991948 2
0.8860745726276998 2
0.9053212543078445 2
0.9138537721363497 2
0.9331089842017265 2
0.9416415020302317 2
