0.27720553110178453 0
0.27755527689630466 1
0.42124535094004845 1
0.4223415054423858 1
0.42240974852424334 1
0.4295304875968199 1
0.4308676254819668 1
0.43218770259664924 1
0.43896935885624594 1
0.4403064967413928 1
0.44162657385607534 1
0.44899895929300165 1
0.44990744532023064 1
0.45742484730610433 1
0.4583333333333333 1
0.46555430443238816 1
0.46692982905107994 1
0.4676805029515133 1
0.6092187873204354 1
0.6103149418227727 1
0.6103831849046303 1
0.6181223769065411 1
0.6190351281263862 1
0.6264395025079332 1
0.6273479885351623 1
0.6340976558501382 1
0.6354347937352851 1
0.6367548708499676 1
0.6436495547138908 1
0.6449866925990377 1
0.6463067697137203 1
0.6535277408127751 1
0.6549032654314669 1
0.6556539393319002 1
0.7970578701334152 1
0.7981540246357526 1
0.7982222677176102 1
0.8053430067901867 1
0.8066801446753336 1
0.8080002217900161 1
0.8154045961715631 1
0.8163130821987921 1
0.8236854676357185 1
0.8245939536629474 1
0.8321113556488211 1
0.8330198416760501 1
0.8402408127751049 1
0.8416163373937967 1
0.8423670112942301 1
0.956113300576654 1
0.9572094550789914 1
0.957277698160849 1
0.9643664482888047 1
0.9657035861739516 1
0.9670236632886341 1
0.97377333060361 1
0.9751104684887569 1
0.9764305456034394 1
0.9833252294673628 1
0.9846623673525097 1
0.9859824444671922 1
0.9932034155662469 2
