0.2086702835500051 1
0.20984534411574027 2
0.20986667007882076 3
0.2098943938308254 4
0.21026759818473403 5
0.2878855734124953 5
0.3165604633705258 5
0.3443396628791756 5
0.3721273927730576 5
0.3999236530521718 5
0.4765243798409936 5
0.5045338997509128 5
0.5323130992595626 5
0.5601008291534446 5
0.5878970894325588 5
0.6644978162213806 5
0.6925073361312997 5
0.7202865356399495 5
0.7480742655338315 5
0.7758705258129457 5
0.8512108881837104 5
0.8792204080936296 5
0.9069996076022793 5
0.9347873374961613 5
