0.27889241478145155 0
0.27942129866584775 0
0.3085141775002559 0
0.30904306138465215 0
0.336478912887706 0
0.33700779677210224 0
0.3642623775889719 0
0.36479126147336816 0
0.39205437267547 0
0.39258325655986626 0
0.46822858020268193 0
0.4687574640870782 0
0.49648761388064283 0
0.4970164977650391 0
0.5244523492680929 0
0.5249812331524891 0
0.5522358139693588 0
0.552764697853755 0
0.5800278090558569 0
0.5805566929402531 0
0.6562020165830689 0
0.6567309004674651 0
0.6844610502610298 0
0.684989934145426 0
0.7124257856484799 0
0.7129546695328761 0
0.7402092503497458 0
0.740738134234142 0
0.7680012454362439 0
0.7685301293206401 0
0.8429150885453988 0
0.843443972429795 0
0.8711741222233597 0
0.8717030061077559 0
0.8991388576108097 0
0.8996677414952059 0
0.9269223223120756 0
0.9274512061964718 0
