0.2375690961203808 0
0.23982538301429693 0
0.24040758180639438 0
0.2422693383833214 0
0.2428494045791108 0
0.24470902855972976 0
0.24528909475551916 0
0.25259536970689594 0
0.2588822636230252 0
0.2627977104446037 0
0.2704643941720408 0
0.2715754768485345 0
0.2726886921213362 0
0.273806172586754 0
0.2822981710854062 0
0.30117804620056643 0
0.30225287473982326 0
0.3025322448561777 0
0.30630480772511687 0
0.30729006721943564 0
0.3077699013887467 0
0.31147635377213634 0
0.3292024942846419 0
0.3302623946497424 0
0.3305374995734807 0
0.33431219503872794 0
0.3352974545330467 0
0.3357730235097417 0
0.33944108915958643 0
0.3569816937932917 0
0.3580415941583922 0
0.35831669908213054 0
0.36209565973999386 0
0.3630809192343126 0
0.3635564882110076 0
0.36722455386085234 0
0.3847694236871737 0
0.3858293240522742 0
0.38610442897601255 0
0.38988765482649196 0
0.3908729143208107 0
0.3913484832975057 0
0.39501654894735044 0
0.4125656839662879 0
0.4136255843313884 0
0.41390068925512674 0
0.41768818029822224 0
0.418673439792541 0
0.419149008769236 0
0.42499445524959906 0
0.42572167059064386 0
0.43475321595523253 0
0.43546337052581297 0
0.44417715904050226 0
0.4448190705292251 0
0.45243883713788513 0
0.45324495854232777 0
0.46133816153137475 0
0.4620056641757942 0
0.47163433650663666 0
0.4891664107551097 0
0.4902305763128263 0
0.49050568123656463 0
0.4942782441055038 0
0.4952635035998226 0
0.49574333776913365 0
0.4994497901525233 0
0.5171759306650289 0
0.5182358310301293 0
0.5185109359538677 0
0.5222856314191149 0
0.5232708909134337 0
0.5237464598901287 0
0.5274145255399734 0
0.5449551301736787 0
0.5460150305387791 0
0.5462901354625175 0
0.5500690961203808 0
0.5510543556146995 0
0.5515299245913945 0
0.5551979902412393 0
0.5727428600675607 0
0.5738027604326611 0
0.5740778653563995 0
0.5778610912068789 0
0.5788463507011977 0
0.5793219196778927 0
0.5829899853277374 0
0.6005391203466749 0
0.6015990207117753 0
0.6018741256355137 0
0.6056616166786092 0
0.606646876172928 0
0.607122445149623 0
0.612967891629986 0
0.6136439246596376 0
0.6216006414849694 0
0.6222596137441567 0
0.6298985737195891 0
0.6305916675197052 0
0.6392862626676221 0
0.6401435663834579 0
0.6493115979117617 0
0.6499791005561811 0
0.6596077728870235 0
0.6771398471354967 0
0.6782040126932132 0
0.6784791176169516 0
0.6822516804858907 0
0.6832369399802095 0
0.6837167741495206 0
0.6874232265329102 0
0.7051493670454158 0
0.7062092674105163 0
0.7064843723342547 0
0.7102590677995019 0
0.7112443272938206 0
0.7117198962705156 0
0.7153879619203604 0
0.7329285665540656 0
0.7339884669191661 0
0.7342635718429045 0
0.7380425325007678 0
0.7390277919950865 0
0.7395033609717815 0
0.7431714266216263 0
0.7607162964479476 0
0.7617761968130481 0
0.7620513017367865 0
0.7658345275872659 0
0.7668197870815846 0
0.7672953560582796 0
0.7709634217081244 0
0.7885125567270618 0
0.7895724570921623 0
0.7898475620159007 0
0.7936350530589962 0
0.7946203125533149 0
0.7950958815300099 0
0.8008069744429659 0
0.8015341897840107 0
0.8105657351485993 0
0.8112247074077865 0
0.818863667383219 0
0.8195055788719419 0
0.8271253454806019 0
0.8279314668850445 0
0.8360246698740915 0
0.8366921725185109 0
0.8463208448493534 0
0.8638529190978265 0
0.8649170846555431 0
0.8651921895792813 0
0.8689647524482206 0
0.8699500119425393 0
0.8704298461118504 0
0.87413629849524 0
0.8918624390077456 0
0.892922339372846 0
0.8931974442965844 0
0.8969721397618317 0
0.8979573992561504 0
0.8984329682328454 0
0.9021010338826901 0
0.9196416385163954 0
0.9207015388814959 0
0.9209766438052343 0
0.9247556044630976 0
0.9257408639574163 0
0.9262164329341113 0
0.929884498583956 0
0.9474293684102774 0
0.9484892687753779 0
0.9487643736991163 0
0.9525475995495957 0
0.9535328590439144 0
0.9540084280206094 0
0.9598474767120483 0
0.9605576312826287 0
0.9695742484730611 0
0.970267342273177 0
0.9789619374210939 0
0.9798192411369298 0
0.9889872726652336 0
0.989654775309653 0
