0.000008530385232197085 0
0.004437932917050534 0
0.00918935749138431 0
0.011349677551438222 0
0.013891732350632955 0
0.016267444637799843 0
0.01869647183266796 0
0.022385863445593204 0
0.025597553485515404 0
0.029052359504555227 0
0.03141101102125772 0
0.0345309994199338 0
0.03754435800320743 0
0.0403913740744532 0
0.048247858873306716 0
0.05115672023748592 0
0.0538693827413246 0
0.05677611150919575 0
0.059648718736138126 0
0.06390964615962057 0
0.06854164534070359 0
0.07268741256355137 0
0.07642798648786979 0
0.08145451598594193 0
0.08721679121029105 0
0.0944121711536493 0
0.09817620363735627 0
0.19003778960657863 0
