0.1419925273825366 1
0.1420053229603849 2
0.14202025113454123 3
0.20025932371105878 3
0.20027425188521514 3
0.2002891800593715 3
0.20030410823352782 3
0.20031903640768417 4
0.20033822977445662 4
0.20035315794861297 4
0.2003680861227693 4
0.21298665847749684 4
0.2130015866516532 4
0.21301651482580952 4
0.21303144299996588 4
0.21304637117412223 4
0.21406788480567782 4
0.21408281297983417 4
0.21409774115399052 4
0.21411266932814685 4
0.2141275975023032 4
0.21414252567645956 4
0.21415745385061588 4
0.21417238202477223 4
0.21875106629815402 4
0.21876599447231038 4
0.2187809226464667 4
0.21879585082062306 4
0.2188107789947794 4
0.2213507011976661 4
0.22136562937182244 4
0.22138055754597877 4
0.22139548572013512 4
0.22141041389429147 4
0.2214253420684478 5
0.22147012659091683 5
0.22148931995768928 5
0.22150424813184563 5
0.22151917630600199 5
0.2215341044801583 5
0.22154903265431466 5
0.22156396082847102 5
0.22157888900262737 5
0.2215938171767837 5
0.22160874535094005 5
0.2216236735250964 5
0.22862498720442215 5
0.2286399153785785 5
0.22865484355273485 5
0.22866977172689118 5
0.22868469990104753 5
0.2286996280752039 5
0.2287145562493602 5
0.2321885556351725 5
0.23220348380932884 5
0.23221841198348517 5
0.23538531750093833 5
0.23540024567509468 5
0.23541517384925104 5
0.2354301020234074 5
0.23868870918210666 5
0.23870363735626302 5
0.23871856553041934 5
0.2387334937045757 5
0.24114332753267137 5
0.24115825570682772 5
0.24117318388098408 5
0.2411881120551404 5
0.24358301770907975 5
0.24359794588323608 5
0.24361287405739243 5
0.24362780223154878 5
0.2460013819224076 5
0.24601631009656397 5
0.2460312382707203 5
0.2828270549698024 5
0.2828419831439588 5
0.28285691131811513 5
0.28287183949227146 5
0.28288676766642784 5
0.28290596103320026 5
0.2829208892073566 5
0.28293581738151297 5
0.2829507455556693 5
0.28862771692769645 5
0.2886426451018528 5
0.28865757327600916 5
0.2886725014501655 5
0.2886874296243218 5
0.2887023577984782 5
0.2887514075135633 6
0.2887684682840277 6
0.29391655577165865 6
0.293931483945815 6
0.29394641211997136 6
0.2939613402941277 6
0.293976268468284 6
0.2939911966424404 6
0.29402745077967724 6
0.29404664414644965 6
0.294061572320606 6
0.29407650049476236 6
0.2940914286689187 6
0.294106356843075 6
0.2941212850172314 6
0.2941362131913877 6
0.29415114136554404 6
0.2941660695397004 6
0.29418099771385675 6
0.31219930392056505 6
0.3122142320947214 6
0.31222916026887776 6
0.3122440884430341 6
0.3122590166171904 6
0.3122782099839629 6
0.3122931381581192 6
0.3123080663322756 6
0.3123229945064319 6
0.317302606885727 6
0.3173175350598833 6
0.31733246323403963 6
0.317347391408196 6
0.31736231958235234 6
0.31737724775650866 6
0.31742629747159384 6
0.3174433582420582 6
0.3219516668372744 6
0.3219665950114307 6
0.32198152318558704 6
0.3219964513597434 6
0.32201137953389974 6
0.32202630770805607 6
0.3220625618452929 6
0.3220817552120654 6
0.3220966833862217 6
0.32211161156037804 6
0.3221265397345344 6
0.32214146790869075 6
0.3221563960828471 6
0.32217132425700346 6
0.3221862524311598 6
0.32220118060531616 6
0.3222161087794725 6
0.3399742382365988 6
0.3399891664107551 6
0.34000409458491143 6
0.3400190227590678 6
0.34003395093322414 6
0.3400531442999966 6
0.34006807247415294 6
0.34008300064830926 6
0.34009792882246564 6
0.34508180639437674 6
0.3450967345685331 6
0.34511166274268945 6
0.34512659091684583 6
0.34514151909100216 6
0.3451564472651585 6
0.3452054969802436 6
0.34522255775070804 6
0.3497308663459242 6
0.34974579452008053 6
0.34976072269423686 6
0.34977565086839324 6
0.34979057904254957 6
0.3498055072167059 6
0.34984176135394274 6
0.3498609547207152 6
0.34987588289487154 6
0.34989081106902786 6
0.34990573924318424 6
0.34992066741734057 6
0.3499355955914969 6
0.3499505237656533 6
0.3499654519398096 6
0.3499803801139659 6
0.3499953082881223 6
0.3677577029378647 6
0.367772631112021 6
0.36778755928617735 6
0.3678024874603337 6
0.36781741563449005 6
0.36783660900126247 6
0.36785153717541885 6
0.3678664653495752 6
0.36788139352373156 6
0.37286953628825875 6
0.37288446446241513 6
0.37289939263657146 6
0.37291432081072784 6
0.37292924898488417 6
0.3729441771590405 6
0.3729932268741256 6
0.37301028764459004 6
0.3775185962398062 6
0.37753352441396254 6
0.37754845258811887 6
0.37756338076227525 6
0.3775783089364316 6
0.3775932371105879 6
0.37762949124782474 6
0.3776486846145972 6
0.37766361278875354 6
0.37767854096290987 6
0.37769346913706625 6
0.3777083973112226 6
0.3777233254853789 6
0.3777382536595353 6
0.3777531818336916 6
0.37776811000784793 6
0.3777830381820043 6
0.3955496980243628 6
0.3955646261985191 6
0.39557955437267545 6
0.3955944825468318 6
0.39560941072098815 6
0.3956286040877606 6
0.39564353226191695 6
0.3956584604360733 6
0.39567338861022966 6
0.400665796567373 6
0.4006807247415293 6
0.40069565291568565 6
0.40071058108984203 6
0.40072550926399836 6
0.4007404374381547 6
0.40078948715323987 6
0.40080654792370424 6
0.4053148565189204 6
0.40532978469307673 6
0.40534471286723306 6
0.40535964104138944 6
0.40537456921554577 6
0.4053894973897021 6
0.40542575152693894 6
0.4054449448937114 6
0.40545987306786774 6
0.40547480124202406 6
0.40548972941618044 6
0.40550465759033677 6
0.40551958576449315 6
0.4055345139386495 6
0.4055494421128058 6
0.4055643702869622 6
0.4055792984611185 6
0.47216322039103287 6
0.4721781485651892 6
0.4721930767393456 6
0.4722080049135019 6
0.4722229330876582 6
0.4722421264544307 6
0.472257054628587 6
0.47227198280274335 6
0.47228691097689973 6
0.47726652335619474 6
0.4772814515303511 6
0.47729637970450745 6
0.4773113078786638 6
0.47732623605282015 6
0.4773411642269765 6
0.4773902139420616 6
0.47740727471252603 6
0.4819155833077422 6
0.4819305114818985 6
0.48194543965605485 6
0.48196036783021123 6
0.48197529600436756 6
0.4819902241785239 6
0.48202647831576073 6
0.4820456716825332 6
0.48206059985668953 6
0.48207552803084586 6
0.48209045620500224 6
0.48210538437915856 6
0.4821203125533149 6
0.48213524072747127 6
0.4821501689016276 6
0.4821650970757839 6
0.4821800252499403 6
0.500172740300952 6
0.5001876684751083 6
0.5002025966492647 6
0.5002175248234211 6
0.5002324529975773 6
0.5002516463643498 6
0.5002665745385062 6
0.5002815027126625 6
0.5002964308868189 6
0.5052760432661139 6
0.5052909714402702 6
0.5053058996144266 6
0.5053208277885829 6
0.5053357559627393 6
0.5053506841368957 6
0.5053997338519808 6
0.5054167946224452 6
0.5099251032176613 6
0.5099400313918176 6
0.509954959565974 6
0.5099698877401303 6
0.5099848159142867 6
0.5099997440884431 6
0.5100359982256799 6
0.5100551915924523 6
0.5100701197666087 6
0.510085047940765 6
0.5100999761149213 6
0.5101149042890777 6
0.5101298324632341 6
0.5101447606373903 6
0.5101596888115467 6
0.5101746169857031 6
0.5101895451598594 6
0.5279476746169857 6
0.527962602791142 6
0.5279775309652984 6
0.5279924591394547 6
0.5280073873136111 6
0.5280265806803836 6
0.5280415088545398 6
0.5280564370286962 6
0.5280713652028526 6
0.5330552427747637 6
0.5330701709489201 6
0.5330850991230764 6
0.5331000272972327 6
0.5331149554713891 6
0.5331298836455455 6
0.5331789333606306 6
0.533195994131095 6
0.5377043027263111 6
0.5377192309004675 6
0.5377341590746239 6
0.5377490872487801 6
0.5377640154229365 6
0.5377789435970929 6
0.5378151977343297 6
0.5378343911011021 6
0.5378493192752585 6
0.5378642474494149 6
0.5378791756235711 6
0.5378941037977275 6
0.5379090319718839 6
0.5379239601460402 6
0.5379388883201965 6
0.5379538164943529 6
0.5379687446685092 6
0.5557311393182516 6
0.555746067492408 6
0.5557609956665643 6
0.5557759238407206 6
0.555790852014877 6
0.5558100453816495 6
0.5558249735558057 6
0.5558399017299621 6
0.5558548299041185 6
0.5608429726686457 6
0.5608579008428021 6
0.5608728290169585 6
0.5608877571911147 6
0.5609026853652711 6
0.5609176135394275 6
0.5609666632545126 6
0.560983724024977 6
0.5654920326201931 6
0.5655069607943495 6
0.5655218889685059 6
0.5655368171426621 6
0.5655517453168185 6
0.5655666734909749 6
0.5656029276282117 6
0.5656221209949841 6
0.5656370491691405 6
0.5656519773432969 6
0.5656669055174531 6
0.5656818336916095 6
0.5656967618657659 6
0.5657116900399222 6
0.5657266182140785 6
0.5657415463882349 6
0.5657564745623912 6
0.5835231344047497 6
0.5835380625789061 6
0.5835529907530624 6
0.5835679189272187 6
0.5835828471013751 6
0.5836020404681476 6
0.5836169686423038 6
0.5836318968164602 6
0.5836468249906166 6
0.5886392329477599 6
0.5886541611219163 6
0.5886690892960726 6
0.5886840174702289 6
0.5886989456443853 6
0.5887138738185417 6
0.5887629235336268 6
0.5887799843040912 6
0.5932882928993073 6
0.5933032210734637 6
0.59331814924762 6
0.5933330774217763 6
0.5933480055959327 6
0.5933629337700891 6
0.5933991879073259 6
0.5934183812740983 6
0.5934333094482547 6
0.5934482376224111 6
0.5934631657965673 6
0.5934780939707237 6
0.5934930221448801 6
0.5935079503190364 6
0.5935228784931927 6
0.5935378066673491 6
0.5935527348415054 6
0.6601366567714197 6
0.6601515849455761 6
0.6601665131197325 6
0.6601814412938888 6
0.6601963694680452 6
0.6602155628348176 6
0.660230491008974 6
0.6602454191831303 6
0.6602603473572867 6
0.6652399597365817 6
0.6652548879107381 6
0.6652698160848944 6
0.6652847442590507 6
0.6652996724332071 6
0.6653146006073635 6
0.6653636503224486 6
0.665380711092913 6
0.6698890196881291 6
0.6699039478622855 6
0.6699188760364418 6
0.6699338042105981 6
0.6699487323847545 6
0.6699636605589109 6
0.6699999146961477 6
0.6700191080629201 6
0.6700340362370765 6
0.6700489644112329 6
0.6700638925853891 6
0.6700788207595455 6
0.6700937489337019 6
0.6701086771078582 6
0.6701236052820145 6
0.6701385334561709 6
0.6701534616303272 6
0.6881461766813389 6
0.6881611048554953 6
0.6881760330296516 6
0.688190961203808 6
0.6882058893779643 6
0.6882250827447367 6
0.6882400109188931 6
0.6882549390930495 6
0.6882698672672057 6
0.6932494796465009 6
0.6932644078206572 6
0.6932793359948135 6
0.6932942641689699 6
0.6933091923431263 6
0.6933241205172825 6
0.6933731702323677 6
0.693390231002832 6
0.6978985395980483 6
0.6979134677722046 6
0.6979283959463609 6
0.6979433241205173 6
0.6979582522946737 6
0.69797318046883 6
0.6980094346060668 6
0.6980286279728393 6
0.6980435561469956 6
0.6980584843211519 6
0.6980734124953083 6
0.6980883406694647 6
0.698103268843621 6
0.6981181970177773 6
0.6981331251919337 6
0.69814805336609 6
0.6981629815402464 6
0.7159211109973727 6
0.715936039171529 6
0.7159509673456853 6
0.7159658955198417 6
0.7159808236939981 6
0.7160000170607704 6
0.7160149452349268 6
0.7160298734090832 6
0.7160448015832395 6
0.7210286791551507 6
0.721043607329307 6
0.7210585355034633 6
0.7210734636776197 6
0.721088391851776 6
0.7211033200259324 6
0.7211523697410175 6
0.7211694305114819 6
0.7256777391066981 6
0.7256926672808544 6
0.7257075954550107 6
0.7257225236291671 6
0.7257374518033234 6
0.7257523799774798 6
0.7257886341147166 6
0.7258078274814891 6
0.7258227556556454 6
0.7258376838298017 6
0.7258526120039581 6
0.7258675401781144 6
0.7258824683522708 6
0.7258973965264272 6
0.7259123247005835 6
0.7259272528747398 6
0.7259421810488962 6
0.7437045756986386 6
0.7437195038727948 6
0.7437344320469512 6
0.7437493602211076 6
0.743764288395264 6
0.7437834817620363 6
0.7437984099361927 6
0.7438133381103491 6
0.7438282662845054 6
0.7488164090490327 6
0.748831337223189 6
0.7488462653973453 6
0.7488611935715017 6
0.748876121745658 6
0.7488910499198144 6
0.7489400996348995 6
0.7489571604053639 6
0.7534654690005801 6
0.7534803971747364 6
0.7534953253488927 6
0.7535102535230491 6
0.7535251816972054 6
0.7535401098713618 6
0.7535763640085986 6
0.7535955573753711 6
0.7536104855495274 6
0.7536254137236837 6
0.7536403418978401 6
0.7536552700719964 6
0.7536701982461528 6
0.7536851264203092 6
0.7537000545944655 6
0.7537149827686218 6
0.7537299109427782 6
0.7714965707851367 6
0.771511498959293 6
0.7715264271334493 6
0.7715413553076057 6
0.7715562834817621 6
0.7715754768485344 6
0.7715904050226908 6
0.7716053331968472 6
0.7716202613710035 6
0.7766126693281469 6
0.7766275975023033 6
0.7766425256764595 6
0.7766574538506159 6
0.7766723820247723 6
0.7766873101989286 6
0.7767363599140137 6
0.7767534206844781 6
0.7812617292796943 6
0.7812766574538507 6
0.7812915856280069 6
0.7813065138021633 6
0.7813214419763197 6
0.781336370150476 6
0.7813726242877128 6
0.7813918176544853 6
0.7814067458286417 6
0.7814216740027979 6
0.7814366021769543 6
0.7814515303511107 6
0.781466458525267 6
0.7814813866994234 6
0.7814963148735797 6
0.781511243047736 6
0.7815261712218924 6
0.8468497287337496 6
0.8468646569079059 6
0.8468795850820623 6
0.8468945132562187 6
0.8469094414303749 6
0.8469286347971474 6
0.8469435629713038 6
0.8469584911454602 6
0.8469734193196164 6
0.8519530316989116 6
0.8519679598730678 6
0.8519828880472242 6
0.8519978162213806 6
0.8520127443955369 6
0.8520276725696933 6
0.8520767222847784 6
0.8520937830552427 6
0.856602091650459 6
0.8566170198246152 6
0.8566319479987716 6
0.856646876172928 6
0.8566618043470843 6
0.8566767325212407 6
0.8567129866584775 6
0.85673218002525 6
0.8567471081994062 6
0.8567620363735626 6
0.856776964547719 6
0.8567918927218753 6
0.8568068208960317 6
0.856821749070188 6
0.8568366772443443 6
0.8568516054185007 6
0.8568665335926571 6
0.8748592486436687 6
0.8748741768178251 6
0.8748891049919815 6
0.8749040331661377 6
0.8749189613402941 6
0.8749381547070666 6
0.8749530828812229 6
0.8749680110553792 6
0.8749829392295356 6
0.8799625516088306 6
0.879977479782987 6
0.8799924079571434 6
0.8800073361312997 6
0.880022264305456 6
0.8800371924796124 6
0.8800862421946976 6
0.8801033029651619 6
0.884611611560378 6
0.8846265397345344 6
0.8846414679086908 6
0.8846563960828471 6
0.8846713242570035 6
0.8846862524311598 6
0.8847225065683967 6
0.884741699935169 6
0.8847566281093254 6
0.8847715562834818 6
0.8847864844576381 6
0.8848014126317945 6
0.8848163408059508 6
0.8848312689801071 6
0.8848461971542635 6
0.8848611253284199 6
0.8848760535025761 6
0.9026341829597024 6
0.9026491111338588 6
0.9026640393080152 6
0.9026789674821715 6
0.9026938956563278 6
0.9027130890231003 6
0.9027280171972566 6
0.902742945371413 6
0.9027578735455694 6
0.9077417511174805 6
0.9077566792916368 6
0.9077716074657931 6
0.9077865356399495 6
0.9078014638141059 6
0.9078163919882621 6
0.9078654417033474 6
0.9078825024738117 6
0.9123908110690279 6
0.9124057392431842 6
0.9124206674173405 6
0.9124355955914969 6
0.9124505237656533 6
0.9124654519398095 6
0.9125017060770464 6
0.9125208994438189 6
0.9125358276179752 6
0.9125507557921315 6
0.9125656839662879 6
0.9125806121404443 6
0.9125955403146007 6
0.9126104684887569 6
0.9126253966629133 6
0.9126403248370697 6
0.912655253011226 6
0.9304176476609683 6
0.9304325758351247 6
0.9304475040092811 6
0.9304624321834374 6
0.9304773603575938 6
0.9304965537243662 6
0.9305114818985225 6
0.9305264100726789 6
0.9305413382468353 6
0.9355294810113625 6
0.9355444091855188 6
0.9355593373596751 6
0.9355742655338315 6
0.9355891937079879 6
0.9356041218821441 6
0.9356531715972294 6
0.9356702323676938 6
0.9401785409629099 6
0.9401934691370663 6
0.9402083973112225 6
0.9402233254853789 6
0.9402382536595353 6
0.9402531818336917 6
0.9402894359709284 6
0.9403086293377009 6
0.9403235575118573 6
0.9403384856860135 6
0.9403534138601699 6
0.9403683420343263 6
0.9403832702084827 6
0.9403981983826389 6
0.9404131265567953 6
0.9404280547309517 6
0.940442982905108 6
