0.24869911625208996 0
0.24873537038932678 0
0.24877162452656362 0
0.24880787866380047 0
0.2488441328010373 0
0.24888038693827413 0
0.24891664107551098 0
0.2489528952127478 0
0.24898914934998465 0
0.2490254034872215 0
0.2490616576244583 0
0.24909791176169516 0
0.2531242535912922 0
0.29900706315897224 0
0.2990433172962091 0
0.327042174224588 0
0.3270784283618248 0
0.3548213737332378 0
0.35485762787047465 0
0.3826091036271198 0
0.38264535776435665 0
0.410405363906234 0
0.41044161804347085 0
0.4870060906950558 0
0.48704234483229264 0
0.5150156106049749 0
0.5150518647422118 0
0.5427948101136247 0
0.5428310642508616 0
0.5705825400075067 0
0.5706187941447436 0
0.5983788002866209 0
0.5984150544238578 0
0.6749795270754427 0
0.6750157812126796 0
0.7029890469853619 0
0.7030253011225986 0
0.7307682464940116 0
0.7308045006312485 0
0.7585559763878936 0
0.7585922305251305 0
0.7863522366670079 0
0.7863884908042447 0
0.8616925990377725 0
0.8617288531750094 0
0.8897021189476917 0
0.8897383730849285 0
0.9174813184563415 0
0.9175175725935784 0
0.9452690483502235 0
0.9453053024874604 0
