0.10548461118504111 0
0.10556351724843895 0
0.10564668850445286 0
0.10572772716415874 0
0.10586208073156583 0
0.10606041218821442 0
0.10685800320742485 0
0.10693690927082267 0
0.10702008052683659 0
0.10710111918654247 0
0.10723547275394957 0
0.10742953901798205 0
0.10822713003719248 0
0.10830603610059031 0
0.10838920735660422 0
0.1084702460163101 0
0.1086045995837172 0
0.10879866584774968 0
0.10957066571126352 0
0.10964957177466135 0
0.10973274303067526 0
0.10981378169038114 0
0.10994813525778824 0
0.11014220152182072 0
0.11093979254103116 1
0.11101869860442898 2
0.1111018698604429 3
0.11118290852014877 4
0.11131726208755588 4
0.11151132835158836 4
0.20687463745862764 4
0.2070900296857406 4
0.20717746613437063 4
0.20841863718565531 4
0.2085956426792234 4
0.2124044596853994 4
0.21253668065649844 4
0.2127072883611424 4
0.248571160473607 4
0.24865219913331285 4
0.2492727846589552 4
0.24944979015252328 4
0.24962039785716722 4
0.24976967959873067 4
0.250042651926161 4
0.25299629781280925 4
0.2530773364725151 4
0.25329912648855224 4
0.2761264373699116 4
0.28717328624560684 4
0.28738014808748763 4
0.28795808168696896 4
0.28809030265806806 4
0.28826091036271195 4
0.2988791073804893 4
0.29896014604019516 4
0.2992181901934691 4
0.2993951956870372 4
0.29956580339168115 4
0.29971508513324463 4
0.2999880574606749 4
0.3160017231378169 4
0.31620858497969767 4
0.3166329716449995 4
0.31676519261609853 4
0.3169358003207425 4
0.326914218446105 4
0.3269952571058109 4
0.32725330125908486 4
0.32743030675265294 4
0.3276009144572969 4
0.32775019619886037 4
0.32802316852629065 4
0.3437809226464667 4
0.3439877844883475 4
0.3444121711536493 4
0.34454439212474836 4
0.3447149998293923 4
0.35469341795475484 4
0.3547744566144607 4
0.3550325007677347 4
0.35520950626130277 4
0.3553801139659467 4
0.35552939570751013 4
0.3558023680349405 4
0.3715686525403487 4
0.3717755143822295 4
0.3721999010475313 4
0.37233212201863036 4
0.3725027297232743 4
0.38248114784863685 4
0.3825621865083427 4
0.3828202306616167 4
0.3829972361551848 4
0.3831678438598287 4
0.38331712560139214 4
0.3835900979288225 4
0.3993649128194629 4
0.3995717746613437 4
0.3999961613266455 4
0.40012838229774456 4
0.4002989900023885 4
0.41027740812775104 4
0.4103584467874569 4
0.4106164909407309 4
0.41079349643429897 4
0.4109641041389429 4
0.4111133858805064 4
0.4113863582079367 4
0.4759656396082847 4
0.4761725014501655 4
0.4765968881154673 4
0.47672910908656635 4
0.4768997167912103 4
0.48687813491657284 4
0.4869591735762787 4
0.4872172177295527 4
0.48739422322312076 4
0.4875648309277647 4
0.4877141126693281 4
0.48798708499675847 4
0.5039751595182038 4
0.5041820213600846 4
0.5046064080253865 4
0.5047386289964855 4
0.5049092367011294 4
0.514887654826492 4
0.5149686934861978 4
0.5152267376394718 4
0.5154037431330399 4
0.5155743508376839 4
0.5157236325792472 4
0.5159966049066775 4
0.5317543590268536 4
0.5319612208687344 4
0.5323856075340362 4
0.5325178285051353 4
0.5326884362097792 4
0.5426668543351417 4
0.5427478929948476 4
0.5430059371481216 4
0.5431829426416896 4
0.5433535503463336 4
0.5435028320878971 4
0.5437758044153274 4
0.5595420889207356 4
0.5597489507626164 4
0.5601733374279182 4
0.5603055583990173 4
0.5604761661036612 4
0.5704545842290237 4
0.5705356228887296 4
0.5707936670420036 4
0.5709706725355717 4
0.5711412802402156 4
0.5712905619817791 4
0.5715635343092094 4
0.5873383491998498 4
0.5875452110417306 4
0.5879695977070325 4
0.5881018186781315 4
0.5882724263827754 4
0.598250844508138 4
0.5983318831678439 4
0.5985899273211178 4
0.598766932814686 4
0.5989375405193299 4
0.5990868222608933 4
0.5993597945883236 4
0.6639390759886716 4
0.6641459378305524 4
0.6645703244958542 4
0.6647025454669533 4
0.6648731531715972 4
0.6748515712969597 4
0.6749326099566656 4
0.6751906541099396 4
0.6753676596035076 4
0.6755382673081516 4
0.6756875490497151 4
0.6759605213771454 4
0.6919485958985908 4
0.6921554577404716 4
0.6925798444057734 4
0.6927120653768725 4
0.6928826730815164 4
0.7028610912068789 4
0.7029421298665848 4
0.7032001740198587 4
0.7033771795134268 4
0.7035477872180708 4
0.7036970689596342 4
0.7039700412870645 4
0.7197277954072406 4
0.7199346572491214 4
0.7203590439144232 4
0.7204912648855222 4
0.7206618725901661 4
0.7306402907155287 4
0.7307213293752346 4
0.7309793735285085 4
0.7311563790220766 4
0.7313269867267206 4
0.7314762684682841 4
0.7317492407957144 4
0.7475155253011226 4
0.7477223871430034 4
0.7481467738083052 4
0.7482789947794042 4
0.7484496024840481 4
0.7584280206094107 4
0.7585090592691166 4
0.7587671034223905 4
0.7589441089159586 4
0.7591147166206026 4
0.7592639983621661 4
0.7595369706895964 4
0.7753117855802368 4
0.7755186474221176 4
0.7759430340874194 4
0.7760752550585185 4
0.7762458627631624 4
0.7862242808885249 4
0.7863053195482308 4
0.7865633637015048 4
0.7867403691950728 4
0.7869109768997168 4
0.7870602586412803 4
0.7873332309687106 4
0.8506521479510014 4
0.8508590097928822 4
0.8512833964581841 4
0.8514156174292831 4
0.851586225133927 4
0.8615646432592896 4
0.8616456819189955 4
0.8619037260722694 4
0.8620807315658375 4
0.8622513392704815 4
0.862400621012045 4
0.8626735933394752 4
0.8786616678609206 4
0.8788685297028014 4
0.8792929163681031 4
0.8794251373392022 4
0.8795957450438462 4
0.8895741631692087 4
0.8896552018289146 4
0.8899132459821886 4
0.8900902514757566 4
0.8902608591804005 4
0.890410140921964 4
0.8906831132493943 4
0.9064408673695704 4
0.9066477292114512 4
0.907072115876753 4
0.9072043368478521 4
0.907374944552496 4
0.9173533626778585 4
0.9174344013375644 4
0.9176924454908384 4
0.9178694509844064 4
0.9180400586890504 4
0.9181893404306138 4
0.9184623127580441 4
0.9342285972634524 4
0.9344354591053332 4
0.934859845770635 4
0.9349920667417341 4
0.935162674446378 4
0.9451410925717405 4
0.9452221312314464 4
0.9454801753847204 4
0.9456571808782884 4
0.9458277885829324 4
0.9459770703244959 4
0.9462500426519261 4
