0.12333870747602962 1
0.12385479578257755 1
0.12592981199030948 1
0.12637765721499983 1
0.12683829801753846 1
0.12740556863547958 1
0.12794938069403214 1
0.13955283720612824 1
0.14195627324529975 1
0.14317825092981198 1
0.14625345480601903 1
0.14712355409970315 1
0.1487102057528918 1
0.15012198450882042 1
0.1506743269526052 1
0.16077217047121847 1
0.16124347425529736 1
0.1623225679871703 1
0.16281733033063772 1
0.16498831337223188 1
0.16609513085610947 1
0.167157163817518 1
0.16807631282628724 1
0.16950088716006415 1
0.1715759033677961 1
0.173433394752107 1
0.17472574811478486 1
0.17551267615245505 1
0.17595838878083733 1
0.17637851025352305 1
0.17758982495649503 1
0.17812297403350735 1
0.17955394615620843 1
0.18059252055822841 1
0.18127921656942028 1
0.1820256252772375 1
0.18239029924591393 1
0.18443332650902514 1
0.18505177943835943 1
0.18610741461084382 1
0.18652966867983758 1
0.19589603166478997 1
0.19641638516395402 1
0.19684930221448801 1
0.19838690415259153 1
0.1994425393250759 1
