0.28008027092503496 0
0.30970203364383936 0
0.33766676903128945 0
0.36545023373255536 0
0.39324222881905346 0
0.42322440031391817 0
0.43298316101955164 0
0.44240710410482137 0
0.45067304739482034 0
0.4590840072337667 0
0.4694164363462654 0
0.4976754700242263 0
0.5256402054116764 0
0.5534236701129422 0
0.5812156651994405 0
0.6111978366943052 0
0.6198305865492886 0
0.6281285187839083 0
0.6375204729245573 0
0.6470574436141536 0
0.6573898727266523 0
0.6856489064046132 0
0.7136136417920633 0
0.7413971064933292 0
0.7691891015798273 0
0.799036919507285 0
0.8087956802129184 0
0.8170936124475381 0
0.825359555737537 0
0.8337705155764834 0
0.8441029446889822 0
0.8723619783669431 0
0.9003267137543931 0
0.928110178455659 0
0.9580774217763675 0
0.9678041935373801 0
0.9771961476780291 0
0.9867331183676255 0
