0.1427368034940458 1
0.2148718736138124 2
0.21487827140273655 2
0.2149891664107551 3
0.21499556419967925 3
0.21954865731736445 4
0.21990053570819257 4
0.22015004947623434 5
0.22015644726515848 5
0.22063414883816154 5
0.22064054662708568 5
0.22232743030675264 5
0.2226793086975808 5
0.22293095506193059 5
0.22293735285085475 5
0.2274456614460709 6
0.22749044596853993 7
0.22753523049100896 8
0.22758001501347802 9
0.22762479953594705 10
0.22766958405841609 11
0.22771436858088512 12
0.22775915310335415 13
0.22780393762582318 14
0.22932447879346232 15
0.22933087658238646 15
0.2296784897805985 16
0.22968488756952263 16
0.232860323472208 16
0.23321220186303612 16
0.2334617156310779 16
0.23346811342000204 16
0.23613385880506363 16
0.23648573719589178 16
0.23673738356024157 16
0.23674378134916574 16
0.23926877537789606 17
0.2392751731668202 17
0.23938606817483876 18
0.23939246596376293 18
0.24172339372846077 18
0.2417297915173849 18
0.2418406865254035 18
0.24184708431432764 18
0.24416308390486915 18
0.2441694816937933 18
0.24428037670181185 18
0.244286774490736 18
0.24667314975944313 18
0.24702502815027128 18
0.24727454191831302 18
0.2472809397072372 18
0.254327037909032 19
0.25433343569795613 20
0.25460854062169447 21
0.2549604190125226 22
0.2595391032859044 23
0.26093168867506056 24
0.26132195379943357 25
0.2613347493772819 26
0.2621451359743406 27
0.2621515337632647 28
0.26298751151602007 29
0.26318584297266867 30
0.26319863855051695 31
0.2640921964035896 32
0.2644824615279626 33
0.2644952571058109 34
0.2653035111065616 35
0.2653099088954857 36
0.2661608148223974 37
0.26616721261132154 38
0.2666427815880165 39
0.26664917937694066 40
0.2671226157573276 41
0.26712901354625174 42
0.2678285051352919 43
0.26821877025966495 44
0.26823156583751323 45
0.2687689801071416 46
0.26877537789606576 47
0.2696198860340533 48
0.2700101511584263 49
0.2700229467362746 50
0.27061367591360425 51
0.2706200737025284 52
0.2712918415395639 53
0.27129823932848807 54
0.2717247585900979 55
0.27173115637902207 56
0.2724029242160576 57
0.27240932200498175 58
0.27284223905551575 59
0.2728486368444399 60
0.2735204046814754 61
0.27352680247039957 62
0.27395971952093356 63
0.2739661173098577 64
0.2747359845770635 65
0.2751262497014365 66
0.2751390452792848 67
0.27567645954891323 68
0.2756828573378374 69
0.27743798409936193 69
0.28345403828436894 69
0.2834604360732931 69
0.28367582830040605 69
0.2836822260893302 69
0.2840916845804757 69
0.2840980823693998 69
0.2843454635411335 69
0.2843518613300577 69
0.28475918722489507 69
0.2847655850138192 69
0.2850108335892449 69
0.28501723137816903 69
0.2979322346197154 69
0.29797701914218444 69
0.2980218036646535 69
0.2980665881871225 69
0.29811137270959154 69
0.2981561572320606 69
0.29820094175452966 69
0.2982457262769987 69
0.2982905107994677 69
0.30324453202306617 69
0.3032509298119903 69
0.30354736069880917 69
0.3035537584877333 69
0.3035964104138943 69
0.3041679462244515 69
0.3041743440133756 69
0.3045027638448152 69
0.30450916163373937 69
0.30455181355990035 69
0.3052363769747842 69
0.3052427747637083 69
0.30552427747637084 69
0.305530675265295 69
0.3060318353976866 69
0.3060382331866107 69
0.3064370286962159 69
0.30644342648514006 69
0.3069424540212236 69
0.30694885181014775 69
0.30743508376838297 69
0.3074414815573071 69
0.3128220220425154 69
0.3128284198314396 69
0.3130438120585526 69
0.3130502098474767 69
0.31345966833862215 69
0.3134660661275463 69
0.31371344729928 69
0.31371984508820416 69
0.3141271709830416 69
0.31413356877196574 69
0.3143788173473914 69
0.31438521513631557 69
0.32596734568533114 69
0.3260121302078002 69
0.3260569147302692 69
0.32610169925273824 69
0.3261464837752073 69
0.3261912682976763 69
0.32623605282014534 69
0.32628083734261437 69
0.3263256218650834 69
0.33125191933667725 69
0.3312583171256014 69
0.33155474801242024 69
0.3315611458013444 69
0.33160379772750537 69
0.33217533353806256 69
0.33218173132698675 69
0.3325101511584263 69
0.33251654894735044 69
0.33255920087351143 69
0.33324376428839525 69
0.3332501620773194 69
0.3335316647899819 69
0.33353806257890606 69
0.33403922271129766 69
0.3340456205002218 69
0.334444416009827 69
0.33445081379875113 69
0.3349498413348347 69
0.3349562391237588 69
0.33544247108199404 69
0.33544886887091824 69
0.34059695635854914 69
0.3406033541474733 69
0.34081874637458626 69
0.34082514416351045 69
0.3412346026546559 69
0.34124100044358 69
0.34148838161531375 69
0.3414947794042379 69
0.34190210529907533 69
0.34190850308799947 69
0.3421537516634251 69
0.3421601494523493 69
0.35374654519398097 69
0.35379132971645 69
0.35383611423891903 69
0.35388089876138806 69
0.3539256832838571 69
0.35397046780632613 69
0.35401525232879516 69
0.3540600368512642 69
0.3541048213737332 69
0.35903538403794316 69
0.3590417818268673 69
0.35933821271368616 69
0.3593446105026103 69
0.3593872624287713 69
0.35995879823932847 69
0.3599651960282526 69
0.3602936158596922 69
0.36030001364861636 69
0.36034266557477734 69
0.36102722898966116 69
0.3610336267785853 69
0.36131512949124783 69
0.361321527280172 69
0.36182268741256357 69
0.3618290852014877 69
0.3622278807110929 69
0.36223427850001705 69
0.3627333060361006 69
0.36273970382502474 69
0.36322593578325996 69
0.3632323335721841 69
0.36838042105981506 69
0.3683868188487392 69
0.36860221107585217 69
0.3686086088647763 69
0.3690180673559218 69
0.36902446514484594 69
0.36927184631657967 69
0.3692782441055038 69
0.3696855700003412 69
0.3696919677892654 69
0.369937216364691 69
0.36994361415361515 69
0.381534275087863 69
0.381579059610332 69
0.38162384413280104 69
0.38166862865527007 69
0.3817134131777391 69
0.38175819770020814 69
0.38180298222267717 69
0.3818477667451462 69
0.38189255126761523 69
0.38682737912444126 69
0.3868337769133654 69
0.38713020780018426 69
0.3871366055891084 69
0.3871792575152694 69
0.38775079332582657 69
0.38775719111475077 69
0.3880856109461903 69
0.38809200873511446 69
0.38813466066127544 69
0.38881922407615926 69
0.3888256218650834 69
0.38910712457774593 69
0.3891135223666701 69
0.38961468249906167 69
0.3896210802879858 69
0.390019875797591 69
0.39002627358651515 69
0.3905253011225987 69
0.39053169891152284 69
0.39101793086975806 69
0.39102432865868225 69
0.39617241614631316 69
0.3961788139352373 69
0.39639420616235027 69
0.39640060395127447 69
0.3968100624424199 69
0.39681646023134404 69
0.39706384140307777 69
0.3970702391920019 69
0.39747756508683935 69
0.3974839628757635 69
0.3977292114511891 69
0.3977356092401133 69
0.40933053536697717 69
0.4093753198894462 69
0.40942010441191523 69
0.40946488893438426 69
0.4095096734568533 69
0.40955445797932233 69
0.40959924250179136 69
0.4096440270242604 69
0.4096888115467294 69
0.41462790459617155 69
0.4146343023850957 69
0.41493073327191454 69
0.4149371310608387 69
0.41497978298699967 69
0.4155513187975569 69
0.41555771658648105 69
0.41588613641792066 69
0.4158925342068448 69
0.4159351861330058 69
0.4166197495478896 69
0.41662614733681375 69
0.4169076500494762 69
0.41691404783840036 69
0.41741520797079196 69
0.4174216057597161 69
0.4178204012693213 69
0.4178267990582455 69
0.418325826594329 69
0.4183322243832531 69
0.4188184563414884 69
0.41882485413041254 69
0.4214799365339339 69
0.4216910635684307 69
0.4727902037055993 69
0.4727966014945235 69
0.4730119937216365 69
0.47301839151056063 69
0.47342785000170606 69
0.4734342477906302 69
0.47368162896236393 69
0.47368802675128807 69
0.4740953526461255 69
0.47410175043504965 69
0.47434699901047533 69
0.4743533967993995 69
0.48593126215579896 69
0.485976046678268 69
0.486020831200737 69
0.48606561572320606 69
0.4861104002456751 69
0.4861551847681441 69
0.48619996929061315 69
0.4862447538130822 69
0.4862895383355512 69
0.4912179684034531 69
0.49122436619237725 69
0.4915207970791961 69
0.49152719486812024 69
0.49156984679428123 69
0.4921413826048384 69
0.49214778039376256 69
0.49247620022520217 69
0.4924825980141263 69
0.4925252499402873 69
0.4932098133551711 69
0.49321621114409525 69
0.4934977138567578 69
0.4935041116456819 69
0.4940052717780735 69
0.49401166956699766 69
0.49441046507660286 69
0.494416862865527 69
0.49491589040161055 69
0.4949222881905347 69
0.4954085201487699 69
0.49541491793769404 69
0.5007954584229024 69
0.5008018562118265 69
0.5010172484389395 69
0.5010236462278637 69
0.5014331047190091 69
0.5014395025079332 69
0.501686883679667 69
0.5016932814685912 69
0.5021006073634285 69
0.5021070051523526 69
0.5023522537277784 69
0.5023586515167024 69
0.5139407820657181 69
0.5139855665881872 69
0.5140303511106562 69
0.5140751356331252 69
0.5141199201555943 69
0.5141647046780633 69
0.5142094892005323 69
0.5142542737230014 69
0.5142990582454704 69
0.5192253557170642 69
0.5192317535059884 69
0.5195281843928071 69
0.5195345821817313 69
0.5195772341078924 69
0.5201487699184495 69
0.5201551677073737 69
0.5204835875388133 69
0.5204899853277374 69
0.5205326372538984 69
0.5212172006687822 69
0.5212235984577064 69
0.5215051011703689 69
0.521511498959293 69
0.5220126590916846 69
0.5220190568806087 69
0.522417852390214 69
0.5224242501791381 69
0.5229232777152216 69
0.5229296755041458 69
0.523415907462381 69
0.5234223052513052 69
0.5285703927389361 69
0.5285767905278602 69
0.5287921827549732 69
0.5287985805438974 69
0.5292080390350429 69
0.529214436823967 69
0.5294618179957007 69
0.5294682157846249 69
0.5298755416794623 69
0.5298819394683864 69
0.5301271880438121 69
0.5301335858327362 69
0.5417199815743678 69
0.5417647660968369 69
0.5418095506193059 69
0.5418543351417751 69
0.5418991196642441 69
0.5419439041867131 69
0.5419886887091822 69
0.5420334732316512 69
0.5420782577541202 69
0.5470088204183301 69
0.5470152182072543 69
0.547311649094073 69
0.5473180468829972 69
0.5473606988091583 69
0.5479322346197154 69
0.5479386324086396 69
0.5482670522400792 69
0.5482734500290033 69
0.5483161019551643 69
0.5490006653700481 69
0.5490070631589723 69
0.5492885658716348 69
0.549294963660559 69
0.5497961237929505 69
0.5498025215818746 69
0.5502013170914799 69
0.550207714880404 69
0.5507067424164875 69
0.5507131402054116 69
0.5511993721636469 69
0.5512057699525711 69
0.556353857440202 69
0.5563602552291261 69
0.5565756474562391 69
0.5565820452451633 69
0.5569915037363087 69
0.5569979015252329 69
0.5572452826969666 69
0.5572516804858907 69
0.5576590063807282 69
0.5576654041696523 69
0.557910652745078 69
0.5579170505340021 69
0.5695077114682499 69
0.5695524959907189 69
0.5695972805131879 69
0.5696420650356571 69
0.5696868495581261 69
0.5697316340805951 69
0.5697764186030642 69
0.5698212031255332 69
0.5698659876480022 69
0.5748008155048282 69
0.5748072132937524 69
0.5751036441805712 69
0.5751100419694953 69
0.5751526938956564 69
0.5757242297062135 69
0.5757306274951377 69
0.5760590473265773 69
0.5760654451155014 69
0.5761080970416624 69
0.5767926604565462 69
0.5767990582454704 69
0.5770805609581329 69
0.5770869587470571 69
0.5775881188794486 69
0.5775945166683727 69
0.577993312177978 69
0.5779997099669021 69
0.5784987375029856 69
0.5785051352919098 69
0.578991367250145 69
0.5789977650390692 69
0.5841458525267001 69
0.5841522503156242 69
0.5843676425427372 69
0.5843740403316614 69
0.5847834988228069 69
0.584789896611731 69
0.5850372777834647 69
0.5850436755723889 69
0.5854510014672263 69
0.5854573992561504 69
0.5857026478315761 69
0.5857090456205002 69
0.5973039717473642 69
0.5973487562698332 69
0.5973935407923022 69
0.5974383253147713 69
0.5974831098372403 69
0.5975278943597093 69
0.5975726788821784 69
0.5976174634046474 69
0.5976622479271164 69
0.6026013409765585 69
0.6026077387654827 69
0.6029041696523015 69
0.6029105674412256 69
0.6029532193673867 69
0.6035247551779438 69
0.603531152966868 69
0.6038595727983076 69
0.6038659705872317 69
0.6039086225133927 69
0.6045931859282765 69
0.6045995837172007 69
0.6048810864298632 69
0.6048874842187874 69
0.6053886443511789 69
0.6053950421401031 69
0.6057938376497083 69
0.6058002354386324 69
0.6062992629747159 69
0.6063056607636401 69
0.6067918927218753 69
0.6067982905107995 69
0.6094533729143208 69
0.6096644999488177 69
0.6607636400859863 69
0.6607700378749104 69
0.6609854301020234 69
0.6609918278909476 69
0.6614012863820931 69
0.6614076841710171 69
0.6616550653427509 69
0.6616614631316751 69
0.6620687890265124 69
0.6620751868154365 69
0.6623204353908623 69
0.6623268331797864 69
0.6739046985361858 69
0.6739494830586549 69
0.673994267581124 69
0.674039052103593 69
0.6740838366260621 69
0.6741286211485311 69
0.6741734056710001 69
0.6742181901934692 69
0.6742629747159382 69
0.67919140478384 69
0.6791978025727642 69
0.679494233459583 69
0.6795006312485072 69
0.6795432831746682 69
0.6801148189852254 69
0.6801212167741495 69
0.6804496366055891 69
0.6804560343945133 69
0.6804986863206742 69
0.6811832497355581 69
0.6811896475244822 69
0.6814711502371447 69
0.6814775480260689 69
0.6819787081584604 69
0.6819851059473846 69
0.6823839014569898 69
0.682390299245914 69
0.6828893267819974 69
0.6828957245709216 69
0.6833819565291569 69
0.683388354318081 69
0.6887688948032893 69
0.6887752925922135 69
0.6889906848193265 69
0.6889970826082505 69
0.689406541099396 69
0.6894129388883202 69
0.689660320060054 69
0.689666717848978 69
0.6900740437438154 69
0.6900804415327396 69
0.6903256901081652 69
0.6903320878970894 69
0.701914218446105 69
0.701959002968574 69
0.7020037874910431 69
0.7020485720135121 69
0.7020933565359812 69
0.7021381410584502 69
0.7021829255809192 69
0.7022277101033882 69
0.7022724946258573 69
0.7071987920974511 69
0.7072051898863753 69
0.7075016207731941 69
0.7075080185621183 69
0.7075506704882792 69
0.7081222062988365 69
0.7081286040877606 69
0.7084570239192002 69
0.7084634217081244 69
0.7085060736342853 69
0.7091906370491692 69
0.7091970348380933 69
0.7094785375507557 69
0.7094849353396799 69
0.7099860954720715 69
0.7099924932609957 69
0.7103912887706009 69
0.7103976865595251 69
0.7108967140956085 69
0.7109031118845327 69
0.711389343842768 69
0.7113957416316921 69
0.716543829119323 69
0.7165502269082472 69
0.7167656191353602 69
0.7167720169242843 69
0.7171814754154298 69
0.717187873204354 69
0.7174352543760876 69
0.7174416521650118 69
0.7178489780598492 69
0.7178553758487733 69
0.718100624424199 69
0.7181070222131232 69
0.7296934179547548 69
0.7297382024772239 69
0.7297829869996929 69
0.7298277715221619 69
0.729872556044631 69
0.7299173405671 69
0.729962125089569 69
0.7300069096120381 69
0.7300516941345071 69
0.734982256798717 69
0.7349886545876412 69
0.73528508547446 69
0.7352914832633842 69
0.7353341351895452 69
0.7359056710001024 69
0.7359120687890265 69
0.7362404886204661 69
0.7362468864093903 69
0.7362895383355512 69
0.7369741017504351 69
0.7369804995393592 69
0.7372620022520217 69
0.7372684000409458 69
0.7377695601733374 69
0.7377759579622616 69
0.7381747534718668 69
0.738181151260791 69
0.7386801787968744 69
0.7386865765857986 69
0.7391728085440339 69
0.739179206332958 69
0.7443272938205889 69
0.7443336916095131 69
0.7445490838366261 69
0.7445554816255502 69
0.7449649401166957 69
0.7449713379056199 69
0.7452187190773535 69
0.7452251168662777 69
0.7456324427611151 69
0.7456388405500393 69
0.7458840891254649 69
0.7458904869143891 69
0.7574811478486368 69
0.7575259323711059 69
0.7575707168935749 69
0.757615501416044 69
0.757660285938513 69
0.757705070460982 69
0.757749854983451 69
0.7577946395059201 69
0.7578394240283891 69
0.7627742518852151 69
0.7627806496741393 69
0.7630770805609581 69
0.7630834783498823 69
0.7631261302760433 69
0.7636976660866005 69
0.7637040638755246 69
0.7640324837069642 69
0.7640388814958884 69
0.7640815334220493 69
0.7647660968369332 69
0.7647724946258573 69
0.7650539973385198 69
0.765060395127444 69
0.7655615552598355 69
0.7655679530487597 69
0.7659667485583649 69
0.7659731463472891 69
0.7664721738833725 69
0.7664785716722967 69
0.766964803630532 69
0.7669712014194561 69
0.772119288907087 69
0.7721256866960112 69
0.7723410789231242 69
0.7723474767120483 69
0.7727569352031938 69
0.772763332992118 69
0.7730107141638516 69
0.7730171119527758 69
0.7734244378476132 69
0.7734308356365374 69
0.773676084211963 69
0.7736824820008872 69
0.785277408127751 69
0.7853221926502201 69
0.7853669771726891 69
0.7854117616951581 69
0.7854565462176272 69
0.7855013307400962 69
0.7855461152625652 69
0.7855908997850343 69
0.7856356843075033 69
0.7905747773569455 69
0.7905811751458696 69
0.7908776060326884 69
0.7908840038216126 69
0.7909266557477735 69
0.7914981915583308 69
0.7915045893472549 69
0.7918330091786945 69
0.7918394069676187 69
0.7918820588937796 69
0.7925666223086635 69
0.7925730200975876 69
0.7928545228102502 69
0.7928609205991742 69
0.7933620807315659 69
0.79336847852049 69
0.7937672740300952 69
0.7937736718190194 69
0.7942726993551029 69
0.794279097144027 69
0.7947653291022623 69
0.7947717268911864 69
0.7972924557273007 69
0.7975035827617976 69
0.8474767120483161 69
0.8474831098372403 69
0.8476985020643533 69
0.8477048998532773 69
0.8481143583444228 69
0.848120756133347 69
0.8483681373050806 69
0.8483745350940048 69
0.8487818609888422 69
0.8487882587777664 69
0.849033507353192 69
0.8490399051421162 69
0.8606177704985157 69
0.8606625550209848 69
0.8607073395434538 69
0.8607521240659228 69
0.8607969085883919 69
0.8608416931108609 69
0.8608864776333299 69
0.860931262155799 69
0.860976046678268 69
0.8659044767461699 69
0.865910874535094 69
0.8662073054219128 69
0.866213703210837 69
0.866256355136998 69
0.8668278909475552 69
0.8668342887364794 69
0.8671627085679189 69
0.8671691063568431 69
0.867211758283004 69
0.8678963216978879 69
0.8679027194868121 69
0.8681842221994746 69
0.8681906199883986 69
0.8686917801207903 69
0.8686981779097144 69
0.8690969734193196 69
0.8691033712082438 69
0.8696023987443273 69
0.8696087965332514 69
0.8700950284914867 69
0.8701014262804109 69
0.8754819667656192 69
0.8754883645545433 69
0.8757037567816562 69
0.8757101545705804 69
0.8761196130617259 69
0.87612601085065 69
0.8763733920223837 69
0.8763797898113079 69
0.8767871157061453 69
0.8767935134950694 69
0.8770387620704951 69
0.8770451598594192 69
0.8886272904084348 69
0.8886720749309038 69
0.8887168594533729 69
0.8887616439758419 69
0.8888064284983109 69
0.8888512130207801 69
0.8888959975432491 69
0.8889407820657181 69
0.8889855665881872 69
0.893911864059781 69
0.893918261848705 69
0.8942146927355239 69
0.8942210905244481 69
0.894263742450609 69
0.8948352782611663 69
0.8948416760500905 69
0.89517009588153 69
0.8951764936704542 69
0.8952191455966152 69
0.895903709011499 69
0.8959101068004232 69
0.8961916095130856 69
0.8961980073020097 69
0.8966991674344014 69
0.8967055652233255 69
0.8971043607329307 69
0.8971107585218548 69
0.8976097860579384 69
0.8976161838468625 69
0.8981024158050978 69
0.898108813594022 69
0.9032569010816528 69
0.903263298870577 69
0.90347869109769 69
0.9034850888866142 69
0.9038945473777595 69
0.9039009451666837 69
0.9041483263384175 69
0.9041547241273415 69
0.904562050022179 69
0.9045684478111031 69
0.9048136963865289 69
0.904820094175453 69
0.9164064899170846 69
0.9164512744395537 69
0.9164960589620227 69
0.9165408434844917 69
0.9165856280069608 69
0.9166304125294298 69
0.9166751970518988 69
0.9167199815743678 69
0.9167647660968369 69
0.9216953287610469 69
0.921701726549971 69
0.9219981574367898 69
0.922004555225714 69
0.9220472071518749 69
0.9226187429624322 69
0.9226251407513564 69
0.9229535605827959 69
0.9229599583717201 69
0.923002610297881 69
0.9236871737127649 69
0.9236935715016891 69
0.9239750742143515 69
0.9239814720032756 69
0.9244826321356673 69
0.9244890299245914 69
0.9248878254341966 69
0.9248942232231208 69
0.9253932507592043 69
0.9253996485481284 69
0.9258858805063637 69
0.9258922782952879 69
0.9310403657829187 69
0.9310467635718429 69
0.9312621557989559 69
0.9312685535878801 69
0.9316780120790255 69
0.9316844098679496 69
0.9319317910396834 69
0.9319381888286075 69
0.932345514723445 69
0.932351912512369 69
0.9325971610877948 69
0.9326035588767189 69
0.9441942198109666 69
0.9442390043334357 69
0.9442837888559047 69
0.9443285733783737 69
0.9443733579008428 69
0.9444181424233118 69
0.9444629269457808 69
0.9445077114682499 69
0.9445524959907189 69
0.949487323847545 69
0.9494937216364691 69
0.9497901525232879 69
0.9497965503122121 69
0.949839202238373 69
0.9504107380489303 69
0.9504171358378545 69
0.950745555669294 69
0.9507519534582182 69
0.9507946053843792 69
0.951479168799263 69
0.9514855665881872 69
0.9517670693008496 69
0.9517734670897737 69
0.9522746272221654 69
0.9522810250110895 69
0.9526798205206947 69
0.9526862183096189 69
0.9531852458457024 69
0.9531916436346265 69
0.9536778755928618 69
0.953684273381786 69
0.9563478861705395 69
0.9565590132050363 69
