0.20219145596615143 1
0.20253906916436346 2
0.20272033985054766 2
0.2030999419933804 3
0.20328121267956462 4
0.20384635070119766 5
0.20406600812092673 6
0.20429206332957997 7
0.20434964342989728 8
0.20453091411608149 9
0.204769764902583 10
0.20495103558876718 11
0.20513230627495138 12
0.20537755485037704 13
0.2054266045654622 14
0.20565479237042344 15
0.20583606305660765 16
0.20587444979015251 17
0.2060941072098816 18
0.20613249394342648 19
0.20635215136315557 20
0.20639053809670044 21
0.20662938888320195 22
0.22518724195584672 23
0.22527894359709286 24
0.2864503360971781 24
0.28664866755382673 24
0.295835892448903 24
0.2959275940901491 24
0.3152787729893882 24
0.31547710444603677 24
0.3238710035145187 24
0.3239627051557648 24
0.343057972498038 24
0.3432563039546866 24
0.3516502030231685 24
0.35174190466441463 24
0.37084570239192 24
0.3710440338485686 24
0.3794379329170505 24
0.37952963455829664 24
0.39864196267103424 24
0.3988402941276828 24
0.4072341931961647 24
0.4073258948374109 24
0.475242689459856 24
0.4754410209165046 24
0.4838349199849865 24
0.4839266216262326 24
0.5032522093697751 24
0.5034505408264237 24
0.5118444398949057 24
0.5119361415361517 24
0.5310314088784249 24
0.5312297403350735 24
0.5396236394035555 24
0.5397153410448016 24
0.5588191387723069 24
0.5590174702289555 24
0.5674113692974375 24
0.5675030709386836 24
0.5866153990514211 24
0.5868137305080697 24
0.5952076295765517 24
0.5952993312177978 24
0.6632161258402429 24
0.6634144572968915 24
0.6718083563653735 24
0.6719000580066196 24
0.6912256457501621 24
0.6914239772068107 24
0.6998178762752926 24
0.6999095779165387 24
0.7190048452588119 24
0.7192031767154605 24
0.7275970757839424 24
0.7276887774251886 24
0.7467925751526939 24
0.7469909066093425 24
0.7553848056778244 24
0.7554765073190706 24
0.7745888354318081 24
0.7747871668884567 24
0.7831810659569386 24
0.7832727675981848 24
0.8499291978025728 24
0.8501275292592213 24
0.8585214283277033 24
0.8586131299689495 24
0.8779387177124919 24
0.8781370491691405 24
0.8865309482376225 24
0.8866226498788685 24
0.9057179172211417 24
0.9059162486777903 24
0.9143101477462722 24
0.9144018493875183 24
0.9335056471150237 24
0.9337039785716723 24
0.9420978776401542 24
0.9421895792814003 24
