0.21470553110178456 1
0.21922023748592487 2
0.2204038284368922 2
0.22199901047531306 2
0.22903231309925956 3
0.23253190364076842 3
0.23580543897362405 3
0.23910669805848433 4
0.24156131640904904 4
0.2440010065854574 4
0.24634472992800355 4
0.25416496058962024 5
0.2606075340362371 6
0.2623839867608421 7
0.26376377657215 8
0.26586864912819463 9
0.26750008530385233 10
0.26928506841368954 11
0.27112976422015217 12
0.27224084689664585 13
0.27335832736206367 14
0.2744075647456239 15
0.28328982836864913 15
0.2839274746647559 15
0.2845971099054833 15
0.30308032210734637 15
0.3040037363087317 15
0.30507216705906437 15
0.3058676254819668 15
0.30678037670181185 15
0.31265781212679566 15
0.31329545842290235 15
0.31396509366362985 15
0.33108770942095744 15
0.3320111236223428 15
0.33307955437267545 15
0.33387501279557785 15
0.33478776401542293 15
0.34043274644282934 15
0.3410703927389361 15
0.3417400279796636 15
0.35887117412222336 15
0.3597945883236087 15
0.36086301907394136 15
0.36165847749684377 15
0.36257122871668884 15
0.36821621114409525 15
0.368853857440202 15
0.3695234926809295 15
0.38666316920872146 15
0.3875865834101068 15
0.38865501416043946 15
0.38945047258334187 15
0.39036322380318694 15
0.39600820623059335 15
0.3966458525267001 15
0.3973154877674276 15
0.41446369468045174 15
0.4153871088818371 15
0.4164555396321698 15
0.41725099805507215 15
0.41816374927491723 15
0.4726259937898796 15
0.47326364008598626 15
0.47393327532671375 15
0.4910537584877333 15
0.4919771726891186 15
0.4930456034394513 15
0.4938410618623537 15
0.4947538130821988 15
0.5006312485071825 15
0.5012688948032893 15
0.5019385300440168 15
0.5190611458013444 15
0.5199845600027297 15
0.5210529907530624 15
0.5218484491759647 15
0.5227612003958099 15
0.5284061828232163 15
0.529043829119323 15
0.5297134643600505 15
0.5468446105026104 15
0.5477680247039957 15
0.5488364554543284 15
0.5496319138772306 15
0.5505446650970758 15
0.5561896475244822 15
0.5568272938205889 15
0.5574969290613164 15
0.5746366055891085 15
0.5755600197904938 15
0.5766284505408265 15
0.5774239089637287 15
0.5783366601835739 15
0.5839816426109803 15
0.584619288907087 15
0.5852889241478145 15
0.6024371310608387 15
0.603360545262224 15
0.6044289760125567 15
0.6052244344354591 15
0.6061371856553042 15
0.6605994301702665 15
0.6612370764663732 15
0.6619067117071007 15
0.6790271948681202 15
0.6799506090695056 15
0.6810190398198382 15
0.6818144982427407 15
0.6827272494625858 15
0.6886046848875695 15
0.6892423311836763 15
0.6899119664244038 15
0.7070345821817313 15
0.7079579963831166 15
0.7090264271334493 15
0.7098218855563517 15
0.7107346367761969 15
0.7163796192036033 15
0.71701726549971 15
0.7176869007404374 15
0.7348180468829972 15
0.7357414610843825 15
0.7368098918347152 15
0.7376053502576176 15
0.7385181014774628 15
0.7441630839048692 15
0.7448007302009759 15
0.7454703654417033 15
0.7626100419694953 15
0.7635334561708806 15
0.7646018869212133 15
0.7653973453441157 15
0.7663100965639609 15
0.7719550789913673 15
0.772592725287474 15
0.7732623605282014 15
0.7904105674412256 15
0.7913339816426109 15
0.7924024123929436 15
0.793197870815846 15
0.7941106220356912 15
0.8473125021325963 15
0.8479501484287031 15
0.8486197836694305 15
0.86574026683045 15
0.8666636810318354 15
0.8677321117821681 15
0.8685275702050704 15
0.8694403214249156 15
0.8753177568498993 15
0.8759554031460061 15
0.8766250383867336 15
0.8937476541440611 15
0.8946710683454465 15
0.8957394990957792 15
0.8965349575186815 15
0.8974477087385266 15
0.903092691165933 15
0.9037303374620398 15
0.9043999727027673 15
0.921531118845327 15
0.9224545330467124 15
0.9235229637970451 15
0.9243184222199474 15
0.9252311734397926 15
0.930876155867199 15
0.9315138021633057 15
0.9321834374040332 15
0.9493231139318251 15
0.9502465281332105 15
0.9513149588835432 15
0.9521104173064455 15
0.9530231685262907 15
