0.21502542054799195 0
0.2201863036134712 0
0.22067040297539836 0
0.22296720919916743 0
0.22971474391783533 0
0.23349796976831474 0
0.23677363769747842 0
0.2394223223120756 0
0.24187694066264032 0
0.2443166308390487 0
0.24731079605554987 0
0.2549860101682192 1
0.26217712491896134 2
0.2632242297062135 3
0.26533976524379843 4
0.26667903572525337 5
0.26880523424437847 6
0.2706499300508411 7
0.27176101272733477 8
0.2728784931927526 9
0.2739959736581704 10
0.2757127136861501 11
0.2837120824376429 11
0.28438171767837034 11
0.28504708772648174 11
0.289084092537619 11
0.2944902241785239 11
0.3036049407991265 11
0.30456034394513254 11
0.30556692940253183 11
0.3064796806223769 11
0.30747773569454395 11
0.3130800661957894 11
0.31374970143651687 11
0.3144150714846283 11
0.3177589824956495 11
0.3225253352441396 11
0.33161232811273755 11
0.33256773125874367 11
0.3335743167161429 11
0.334487067935988 11
0.33548512300815503 11
0.3408550005118231 11
0.3415246357525506 11
0.34219000580066194 11
0.3455381820042993 11
0.35030453475278944 11
0.35939579281400347 11
0.36035119596000953 11
0.3613577814174088 11
0.3622705326372539 11
0.36326858770942094 11
0.368638465213089 11
0.3693081004538165 11
0.36997347050192786 11
0.3733259118981813 11
0.37809226464667145 11
0.38718778790050157 11
0.3881431910465077 11
0.3891497765039069 11
0.390062527723752 11
0.39106058279591904 11
0.3964304602995871 11
0.3971000955403146 11
0.39776546558842596 11
0.4011221721772955 11
0.40588852492578564 11
0.4149883133722319 11
0.41594371651823797 11
0.4169503019756372 11
0.4178630531954823 11
0.4188611082676494 11
0.4730482478588733 11
0.4737178830996008 11
0.4743832531477121 11
0.4777228989661173 11
0.48248925171460744 11
0.4915783771795134 11
0.4925337803255195 11
0.49354036578291877 11
0.49445311700276384 11
0.4954511720749309 11
0.5010535025761763 11
0.5017231378169038 11
0.5023885078650152 11
0.5057324188760365 11
0.5104987716245266 11
0.5195857644931245 11
0.5205411676391306 11
0.5215477530965298 11
0.5224605043163749 11
0.523458559388542 11
0.52882843689221 11
0.5294980721329375 11
0.5301634421810489 11
0.5335116183846863 11
0.5382779711331763 11
0.5473692291943905 11
0.5483246323403965 11
0.5493312177977957 11
0.5502439690176408 11
0.5512420240898079 11
0.556611901593476 11
0.5572815368342035 11
0.5579469068823149 11
0.5612993482785683 11
0.5660657010270583 11
0.5751612242808886 11
0.5761166274268946 11
0.5771232128842938 11
0.5780359641041389 11
0.579034019176306 11
0.584403896679974 11
0.5850735319207016 11
0.585738901968813 11
0.5890956085576825 11
0.5938619613061726 11
0.6029617497526188 11
0.6039171528986249 11
0.6049237383560242 11
0.6058364895758692 11
0.6068345446480363 11
0.6610216842392602 11
0.6616913194799877 11
0.6623566895280991 11
0.6656963353465043 11
0.6704626880949943 11
0.6795518135599004 11
0.6805072167059064 11
0.6815138021633057 11
0.6824265533831508 11
0.6834246084553178 11
0.6890269389565633 11
0.6896965741972908 11
0.6903619442454021 11
0.6937058552564234 11
0.6984722080049135 11
0.7075592008735114 11
0.7085146040195175 11
0.7095211894769168 11
0.7104339406967619 11
0.7114319957689289 11
0.716801873272597 11
0.7174715085133244 11
0.7181368785614358 11
0.7214850547650732 11
0.7262514075135633 11
0.7353426655747773 11
0.7362980687207834 11
0.7373046541781827 11
0.7382174053980278 11
0.7392154604701948 11
0.744585337973863 11
0.7452549732145903 11
0.7459203432627017 11
0.7492727846589552 11
0.7540391374074453 11
0.7631346606612754 11
0.7640900638072815 11
0.7650966492646808 11
0.7660094004845259 11
0.7670074555566929 11
0.772377333060361 11
0.7730469683010884 11
0.7737123383491998 11
0.7770690449380694 11
0.7818353976865595 11
0.7909351861330057 11
0.7918905892790118 11
0.7928971747364111 11
0.7938099259562562 11
0.7948079810284232 11
0.8477347562015901 11
0.8484043914423175 11
0.8490697614904289 11
0.8524094073088341 11
0.8571757600573242 11
0.8662648855222301 11
0.8672202886682363 11
0.8682268741256355 11
0.8691396253454806 11
0.8701376804176476 11
0.8757400109188931 11
0.8764096461596206 11
0.877075016207732 11
0.8804189272187531 11
0.8851852799672433 11
0.8942722728358413 11
0.8952276759818474 11
0.8962342614392466 11
0.8971470126590917 11
0.8981450677312588 11
0.9035149452349268 11
0.9041845804756543 11
0.9048499505237656 11
0.908198126727403 11
0.9129644794758931 11
0.9220557375371071 11
0.9230111406831133 11
0.9240177261405125 11
0.9249304773603576 11
0.9259285324325246 11
0.9312984099361927 11
0.9319680451769202 11
0.9326334152250315 11
0.935985856621285 11
0.9407522093697751 11
0.9498477326236053 11
0.9508031357696114 11
0.9518097212270106 11
0.9527224724468557 11
0.9537205275190228 11
