0.12524738117173373 1
0.14176860477019143 2
0.14580774217763673 3
0.14588238304841847 4
0.14959949841334835 5
0.14971679121029105 6
0.14981702323676938 7
0.14997696795987306 8
0.16058876718872625 9
0.16222873374961613 10
0.1648113078786638 11
0.16706972736888798 12
0.1692726993551029 13
0.17440585866857747 14
0.1745231514655202 15
0.1746191182993824 16
0.17532287508103866 17
0.17715264271334494 18
0.17726993551028764 19
0.17736590234414987 20
0.17744480840754767 21
0.17803553758487733 22
0.1804539017982052 23
0.18116618896509368 24
0.18593680690619988 25
0.19542259528440303 26
0.19553988808134576 27
0.19563585491520796 28
0.19908426314532365 29
0.19920155594226635 30
0.19929752277612858 31
