0.27688564165557716 0
0.2780777629917767 0
0.4207271300371925 0
0.4218702016583069 0
0.4303494045791108 0
0.431656686115945 0
0.43978827583853686 0
0.4410955573753711 0
0.4484807383901457 0
0.4493764288395264 0
0.45690662640324836 0
0.45780231685262907 0
0.46659287883440814 0
0.46729663561606444 0
0.6087005664175794 0
0.6098436380386938 0
0.6176041560036851 0
0.6184998464530658 0
0.6259212816050773 0
0.626816972054458 0
0.6349165728324291 0
0.6362238543692633 0
0.6444684716961818 0
0.645775753233016 0
0.6545663152147951 0
0.6552700719964514 0
0.7965396492305592 0
0.7976827208516737 0
0.8061619237724775 0
0.8074692053093118 0
0.8148863752687071 0
0.8157820657180879 0
0.8231672467328625 0
0.8240629371822431 0
0.8315931347459651 0
0.8324888251953458 0
0.8412793871771249 0
0.8419831439587812 0
0.9555950796737981 0
0.9567381512949125 0
0.9651853652710957 0
0.9664926468079299 0
0.974592247585901 0
0.9758995291227351 0
0.9841441464496536 0
0.9854514279864879 0
0.9947282219265022 0
0.9961165421230422 0
0.9972660115330808 0
