0.1424553007813833 1
0.14247449414815572 1
0.14250221790016038 1
0.14252141126693282 1
0.14254060463370527 1
0.1425597980004777 1
0.14257899136725014 1
0.14260031733033063 1
0.14261951069710307 1
0.14264936704541578 1
0.14267069300849627 1
0.14268988637526872 1
0.1427112123383492 1
0.20350726788821782 2
0.2253599822567987 3
0.22742646807929845 3
0.2274712526017675 3
0.22751603712423654 3
0.22756082164670557 3
0.2276056061691746 3
0.22765039069164364 3
0.22769517521411267 3
0.2277399597365817 3
0.22778474425905074 3
0.28696215921110996 3
0.2901077387654826 3
0.29057690995325347 3
0.2910418159484082 3
0.291506721943563 3
0.2919716279387177 3
0.296008632749855 3
0.297913041252943 3
0.297957825775412 3
0.29800261029788105 3
0.2980473948203501 3
0.2980921793428191 3
0.29813696386528815 3
0.2981817483877572 3
0.2982265329102262 3
0.29827131743269525 3
0.30023970382502474 3
0.31579059610332 3
0.31816204319787084 3
0.3186312143856417 3
0.3190961203807964 3
0.31956102637595113 3
0.3200259323711059 3
0.3240437438154707 3
0.3259481523185587 3
0.32599293684102776 3
0.3260377213634968 3
0.3260825058859658 3
0.32612729040843486 3
0.3261720749309039 3
0.3262168594533729 3
0.32626164397584195 3
0.326306428498311 3
0.3282748148906405 3
0.3435697956119698 3
0.3459412427065206 3
0.34641041389429145 3
0.3468753198894462 3
0.34734022588460095 3
0.3478051318797557 3
0.3518229433241205 3
0.3537273518272085 3
0.3537721363496775 3
0.3538169208721466 3
0.35386170539461564 3
0.3539064899170847 3
0.3539512744395537 3
0.35399605896202274 3
0.3540408434844918 3
0.3540856280069608 3
0.3560540143992903 3
0.3713575255058518 3
0.3737289726004026 3
0.37419814378817345 3
0.3746630497833282 3
0.37512795577848296 3
0.3755928617736377 3
0.3796106732180025 3
0.3815150817210905 3
0.3815598662435596 3
0.3816046507660286 3
0.38164943528849765 3
0.3816942198109667 3
0.3817390043334357 3
0.38178378885590475 3
0.3818285733783738 3
0.3818733579008428 3
0.3838417442931723 3
0.3991537857849661 3
0.40152523287951686 3
0.4019944040672877 3
0.4024593100624424 3
0.40292421605759715 3
0.4033891220527519 3
0.4074069334971167 3
0.40931134200020475 3
0.4093561265226738 3
0.4094009110451428 3
0.40944569556761184 3
0.4094904800900809 3
0.4095352646125499 3
0.40958004913501894 3
0.409624833657488 3
0.409669618179957 3
0.4116380045722865 3
0.42616951581533424 3
0.42719742723581394 3
0.4281293718224315 3
0.4359112157505033 3
0.43693912717098304 3
0.4377217900160371 3
0.44526691575391547 3
0.44629482717439517 3
0.4470774900194493 3
0.4536928037670181 3
0.45472071518749785 3
0.455503378032552 3
0.4624577745931006 3
0.46348568601358037 3
0.46426834885863444 3
0.4757545125737878 3
0.4781259596683386 3
0.47859513085610944 3
0.4790600368512642 3
0.47952494284641894 3
0.4799898488415737 3
0.4840076602859385 3
0.4859120687890265 3
0.4859568533114956 3
0.4860016378339646 3
0.48604642235643364 3
0.48609120687890267 3
0.4861359914013717 3
0.48618077592384074 3
0.48622556044630977 3
0.4862703449687788 3
0.4882387313611083 3
0.5037640324837069 3
0.5061354795782578 3
0.5066046507660286 3
0.5070695567611834 3
0.5075344627563381 3
0.5079993687514928 3
0.5120171801958576 3
0.5139215886989457 3
0.5139663732214147 3
0.5140111577438837 3
0.5140559422663528 3
0.5141007267888218 3
0.5141455113112908 3
0.5141902958337599 3
0.5142350803562289 3
0.5142798648786979 3
0.5162482512710274 3
0.5315432319923568 3
0.5339146790869076 3
0.5343838502746784 3
0.5348487562698332 3
0.5353136622649879 3
0.5357785682601426 3
0.5397963797045074 3
0.5417007882075955 3
0.5417455727300645 3
0.5417903572525335 3
0.5418351417750026 3
0.5418799262974716 3
0.5419247108199406 3
0.5419694953424097 3
0.5420142798648787 3
0.5420590643873477 3
0.5440274507796772 3
0.5593309618862388 3
0.5617024089807896 3
0.5621715801685604 3
0.5626364861637152 3
0.5631013921588699 3
0.5635662981540246 3
0.5675841095983895 3
0.5694885181014775 3
0.5695333026239465 3
0.5695780871464156 3
0.5696228716688846 3
0.5696676561913536 3
0.5697124407138227 3
0.5697572252362917 3
0.5698020097587607 3
0.5698467942812298 3
0.5718151806735592 3
0.587127222165353 3
0.5894986692599038 3
0.5899678404476746 3
0.5904327464428294 3
0.5908976524379841 3
0.5913625584331388 3
0.5953803698775036 3
0.5972847783805917 3
0.5973295629030607 3
0.5973743474255298 3
0.5974191319479988 3
0.5974639164704678 3
0.5975087009929368 3
0.5975534855154059 3
0.5975982700378749 3
0.597643054560344 3
0.5996114409526734 3
0.614091769884328 3
0.6151196813048078 3
0.6160516258914253 3
0.622707458968847 3
0.6237353703893268 3
0.6245180332343808 3
0.6310395127443955 3
0.6320674241648753 3
0.6328500870099294 3
0.6405914116081483 3
0.641619323028628 3
0.642401985873682 3
0.6504312109734876 3
0.6514591223939673 3
0.6522417852390214 3
0.6637279489541748 3
0.6660993960487256 3
0.6665685672364964 3
0.6670334732316512 3
0.6674983792268059 3
0.6679632852219606 3
0.6719810966663254 3
0.6738855051694135 3
0.6739302896918825 3
0.6739750742143515 3
0.6740198587368206 3
0.6740646432592896 3
0.6741094277817586 3
0.6741542123042277 3
0.6741989968266967 3
0.6742437813491657 3
0.6762121677414952 3
0.6917374688640939 3
0.6941089159586447 3
0.6945780871464156 3
0.6950429931415703 3
0.6955078991367251 3
0.6959728051318798 3
0.6999906165762446 3
0.7018950250793325 3
0.7019398096018016 3
0.7019845941242706 3
0.7020293786467396 3
0.7020741631692087 3
0.7021189476916777 3
0.7021637322141467 3
0.7022085167366158 3
0.7022533012590848 3
0.7042216876514144 3
0.7195166683727438 3
0.7218881154672945 3
0.7223572866550654 3
0.7228221926502201 3
0.7232870986453748 3
0.7237520046405296 3
0.7277698160848944 3
0.7296742245879824 3
0.7297190091104514 3
0.7297637936329204 3
0.7298085781553895 3
0.7298533626778585 3
0.7298981472003275 3
0.7299429317227966 3
0.7299877162452656 3
0.7300325007677346 3
0.7320008871600642 3
0.7473043982666258 3
0.7496758453611765 3
0.7501450165489474 3
0.7506099225441021 3
0.7510748285392568 3
0.7515397345344116 3
0.7555575459787764 3
0.7574619544818644 3
0.7575067390043334 3
0.7575515235268024 3
0.7575963080492715 3
0.7576410925717405 3
0.7576858770942095 3
0.7577306616166786 3
0.7577754461391476 3
0.7578202306616166 3
0.7597886170539462 3
0.77510065854574 3
0.7774721056402907 3
0.7779412768280616 3
0.7784061828232163 3
0.7788710888183711 3
0.7793359948135258 3
0.7833538062578906 3
0.7852582147609786 3
0.7853029992834476 3
0.7853477838059166 3
0.7853925683283857 3
0.7854373528508547 3
0.7854821373733237 3
0.7855269218957928 3
0.7855717064182618 3
0.7856164909407309 3
0.7875848773330604 3
0.801982035008701 3
0.8030099464291808 3
0.8039418910157983 3
0.8116725526324768 3
0.8127004640529566 3
0.8134831268980107 3
0.8199534240966322 3
0.8209813355171119 3
0.8217639983621661 3
0.8283793121097349 3
0.8294072235302147 3
0.8301898863752687 3
0.8371442829358173 3
0.8381721943562971 3
0.8389548572013512 3
0.8504410209165046 3
0.8528124680110554 3
0.8532816391988263 3
0.853746545193981 3
0.8542114511891357 3
0.8546763571842905 3
0.8586941686286552 3
0.8605985771317433 3
0.8606433616542123 3
0.8606881461766813 3
0.8607329306991504 3
0.8607777152216194 3
0.8608224997440884 3
0.8608672842665575 3
0.8609120687890265 3
0.8609568533114955 3
0.8629252397038251 3
0.8784505408264237 3
0.8808219879209745 3
0.8812911591087453 3
0.8817560651039001 3
0.8822209710990548 3
0.8826858770942095 3
0.8867036885385744 3
0.8886080970416624 3
0.8886528815641315 3
0.8886976660866005 3
0.8887424506090695 3
0.8887872351315386 3
0.8888320196540076 3
0.8888768041764766 3
0.8889215886989457 3
0.8889663732214147 3
0.8909347596137441 3
0.9062297403350735 3
0.9086011874296244 3
0.9090703586173952 3
0.9095352646125499 3
0.9100001706077047 3
0.9104650766028594 3
0.9144828880472242 3
0.9163872965503123 3
0.9164320810727813 3
0.9164768655952503 3
0.9165216501177194 3
0.9165664346401884 3
0.9166112191626574 3
0.9166560036851265 3
0.9167007882075955 3
0.9167455727300645 3
0.918713959122394 3
0.9340174702289555 3
0.9363889173235064 3
0.9368580885112772 3
0.9373229945064319 3
0.9377879005015867 3
0.9382528064967414 3
0.9422706179411062 3
0.9441750264441943 3
0.9442198109666633 3
0.9442645954891323 3
0.9443093800116014 3
0.9443541645340704 3
0.9443989490565394 3
0.9444437335790085 3
0.9444885181014775 3
0.9445333026239465 3
0.946501689016276 3
0.961005476507319 3
0.9620333879277988 3
0.9629653325144164 3
0.9707151874978674 3
0.9717430989183472 3
0.9725257617634012 3
0.9802670863616201 3
0.9812949977820998 3
0.982077660627154 3
0.9901068857269595 3
0.9911347971474391 3
0.9919174599924933 3
