0.2788945473777596 0
0.2794234312621558 0
0.30851631009656394 0
0.3090451939809602 0
0.3364810454840141 0
0.3370099293684103 0
0.36426451018527994 0
0.3647933940696762 0
0.3920565052717781 0
0.3925853891561743 0
0.46823071279899 0
0.46875959668338624 0
0.4964897464769509 0
0.49701863036134714 0
0.524454481864401 0
0.5249833657487972 0
0.5522379465656669 0
0.5527668304500631 0
0.580029941652165 0
0.5805588255365612 0
0.656204149179377 0
0.6567330330637732 0
0.6844631828573379 0
0.6849920667417341 0
0.7124279182447879 0
0.7129568021291841 0
0.7402113829460538 0
0.74074026683045 0
0.7680033780325519 0
0.7685322619169481 0
0.8429172211417068 0
0.843446105026103 0
0.8711762548196677 0
0.8717051387040639 0
0.8991409902071178 0
0.899669874091514 0
0.9269244549083837 0
0.9274533387927799 0
