0.20183317978639914 1
0.21306556454089468 2
0.21419157539154468 3
0.218836370150476 4
0.22308876718872625 5
0.23043556146995597 6
0.23763733920223837 7
0.2398936260961545 8
0.24233758146517898 9
0.24477727164158733 10
0.28605793837649707 10
0.2898816835568294 10
0.29454140648991706 10
0.3148863752687071 10
0.31793598798921757 10
0.3225765175555328 10
0.34266557477735693 10
0.3457151874978674 10
0.3503557170641826 10
0.37045330467123894 10
0.3735029173917494 10
0.3781434469580646 10
0.3982495649503532 10
0.4012991776708636 10
0.4059397072371788 10
0.4748502917391749 10
0.4778999044596854 10
0.4825404340260006 10
0.5028598116490941 10
0.5059094243696045 10
0.5105499539359197 10
0.5306390111577439 10
0.5336886238782543 10
0.5383291534445696 10
0.5584267410516259 10
0.5614763537721363 10
0.5661168833384516 10
0.5862230013307401 10
0.5892726140512505 10
0.5939131436175658 10
0.6628237281195619 10
0.6658733408400723 10
0.6705138704063875 10
0.690833248029481 10
0.6938828607499915 10
0.6985233903163067 10
0.7186124475381308 10
0.7216620602586413 10
0.7263025898249565 10
0.7464001774320128 10
0.7494497901525233 10
0.7540903197188386 10
0.774196437711127 10
0.7772460504316375 10
0.7818865799979527 10
0.8495368000818917 10
0.8525864128024021 10
0.8572269423687173 10
0.8775463199918109 10
0.8805959327123213 10
0.8852364622786365 10
0.9053255195004607 10
0.9083751322209711 10
0.9130156617872863 10
0.9331132493943427 10
0.9361628621148531 10
0.9408033916811683 10
