0.22531306513802163 1
0.2959617156310779 1
0.3001991844951718 1
0.3239968266966936 1
0.32823429556078754 1
0.35177602620534343 1
0.35601349506943736 1
0.37956375609922544 1
0.38380122496331937 1
0.40736001637833963 1
0.41159748524243356 1
0.4839607431671614 1
0.48819821203125535 1
0.5119702630770806 1
0.5162077319411744 1
0.5397494625857304 1
0.5439869314498242 1
0.5675371924796124 1
0.5717746613437062 1
0.5953334527587266 1
0.5995709216228204 1
0.6719341795475484 1
0.6761716484116422 1
0.6999436994574675 1
0.7041811683215614 1
0.7277228989661173 1
0.7319603678302112 1
0.7555106288599993 1
0.7597480977240932 1
0.7833068891391135 1
0.7875443580032074 1
0.8586472515098782 1
0.8628847203739721 1
0.8866567714197973 1
0.8908942402838912 1
0.9144359709284471 1
0.918673439792541 1
0.9422237008223291 1
0.946461169686423 1
