0.12524524857542566 1
0.14176647217388338 2
0.14580560958132868 3
0.14588025045211042 4
0.1495973658170403 5
0.149714658613983 6
0.14981489064046133 7
0.149974835363565 8
0.1605866345924182 9
0.1622266011533081 10
0.16480917528235575 11
0.16706759477257993 12
0.16927056675879482 13
0.17440372607226942 14
0.17452101886921215 15
0.17461698570307435 16
0.17532074248473062 17
0.1771505101170369 18
0.1772678029139796 19
0.17736376974784182 20
0.17744267581123963 21
0.1780334049885693 22
0.18045176920189715 23
0.1811640563687856 24
0.18593467430989183 25
0.195420462688095 26
0.1955377554850377 27
0.19563372231889992 28
0.1990821305490156 29
0.1991994233459583 30
0.1992953901798205 31
