0.2766020063466066 1
0.27666811683215614 2
0.2776277851707783 3
0.2777258846009486 3
0.2777834647012659 4
0.27785810557204765 4
0.4194688982154434 4
0.4195883236086942 4
0.4196629644794759 5
0.419712014194561 5
0.419799450643191 5
0.4199231412290579 5
0.42010654451155016 5
0.42035392568328384 5
0.4272976592622923 5
0.4273467089773774 5
0.4275194492783294 5
0.42756849899341454 5
0.42862839935851504 5
0.42867744907360017 5
0.42911889650936635 5
0.4292276589210769 5
0.43005297369229195 5
0.43703935919746134 5
0.4371865083427168 5
0.43822081755212067 5
0.43863667383219024 5
0.439491844951718 5
0.4463950592008735 5
0.4465422083461289 5
0.4475765175555328 5
0.4479923738356024 5
0.44818430750332683 5
0.4548209472139762 5
0.4549680963592316 5
0.45600240556863547 5
0.4564182618487051 5
0.4566101955164295 5
0.46358591804005866 5
0.4637330671853141 5
0.464767376394718 5
0.4651832326747876 5
0.4660767905278602 5
0.4661727573617225 5
0.4662218070768076 5
0.4663092435254376 5
0.4663753540109871 5
0.6074423345958303 5
0.6075617599890811 5
0.6076364008598628 5
0.6076854505749479 5
0.607772887023578 5
0.6078965776094448 5
0.608079980891937 5
0.6083273620636708 5
0.615219913331286 5
0.6152689630463711 5
0.6154417033473232 5
0.6154907530624083 5
0.6165506534275088 5
0.6165997031425939 5
0.6170411505783601 5
0.6171499129900706 5
0.6173077251168663 5
0.623835602415805 5
0.6239827515610605 5
0.6250170607704644 5
0.625432917050534 5
0.6256248507182585 5
0.6321676561913536 5
0.632314805336609 5
0.633349114546013 5
0.6337649708260825 5
0.6346201419456102 5
0.6417195550551062 5
0.6418667042003617 5
0.6429010134097656 5
0.6433168696898351 5
0.644172040809363 5
0.6515593544204457 5
0.651706503565701 5
0.6527408127751049 5
0.6531566690551746 5
0.6540502269082472 5
0.6541461937421094 5
0.6541952434571945 5
0.6542826799058246 5
0.6543487903913741 5
0.7954157709762173 5
0.795663152147951 5
0.7959190637049169 5
0.7961664448766507 5
0.803110178455659 5
0.8031592281707441 5
0.8033319684716962 5
0.8033810181867813 5
0.8044409185518818 5
0.804489968266967 5
0.8049314157027332 5
0.8050401781144436 5
0.8058654928856587 5
0.812800696079435 5
0.8129478452246903 5
0.8139821544340943 5
0.8143980107141638 5
0.8145899443818883 5
0.8210815675435903 5
0.8212287166888457 5
0.8222630258982495 5
0.8226788821783192 5
0.8228708158460436 5
0.8295074555566929 5
0.8296546047019483 5
0.8306889139113522 5
0.8311047701914218 5
0.8312967038591462 5
0.8382724263827754 5
0.8384195755280308 5
0.8394538847374348 5
0.8398697410175043 5
0.840763298870577 5
0.8408592657044393 5
0.8409083154195244 5
0.8409957518681543 5
0.841061862353704 5
0.9543283174668168 6
0.954509588153001 6
0.9546887262428772 6
0.9547953560582796 6
0.9549744941481557 6
0.9552218753198894 6
0.9621336199542772 6
0.9621826696693623 6
0.9623554099703142 6
0.9624044596853993 6
0.9634643600504998 6
0.963513409765585 6
0.9639548572013512 6
0.9640636196130618 6
0.9648889343842768 6
0.9718433309448254 6
0.9719904800900808 6
0.9730247892994848 6
0.9734406455795543 6
0.9742958166990822 6
0.9813952298085782 6
0.9815423789538336 6
0.9825766881632374 6
0.9829925444433071 6
0.9838477155628348 6
0.9912350291739175 6
0.9913821783191729 6
0.9924164875285768 6
0.9928323438086464 6
0.993725901661719 6
0.9938218684955813 6
0.9938709182106664 6
0.9939583546592964 6
0.994024465144846 6
0.9941417579417886 7
0.9942547855461152 7
0.9943038352612004 8
0.994416862865527 8
0.9945192274883133 9
0.9946173269184836 10
0.9949414815573071 10
0.995022520217013 10
0.9950801003173303 10
0.9951781997475005 11
0.9952741665813628 11
0.9953232162964479 12
0.9953807963967652 12
0.9954874262121678 12
0.9955961886238782 12
0.9956622991094278 12
0.9957881222916027 13
0.99584570239192 13
0.9963063431944587 13
0.996363923294776 13
0.9964620227249462 14
0.9965579895588085 14
0.9966070392738936 15
0.9966560889889787 15
0.996752055822841 15
0.9968480226567031 15
0.9968970723717883 15
0.9969461220868735 15
0.9970420889207356 15
0.997142320947214 15
0.9976285529054492 15
0.9977245197393114 15
0.9977735694543965 15
0.9978311495547139 15
0.9979377793701164 15
0.9980444091855188 15
0.9981019892858362 15
0.9981894257344661 15
0.9982384754495514 16
0.9982875251646365 16
0.9983749616132664 17
0.9984240113283516 17
0.9985199781622138 17
0.998615944996076 17
0.9986649947111611 17
0.9987524311597912 17
0.9988014808748763 17
0.9989145084792029 17
0.9990275360835296 17
0.9990851161838469 17
0.9991832156140171 17
0.9993346299518886 17
0.9994860442897602 17
0.9996374586276316 17
0.9997888729655031 17
0.9998891049919815 17
0.999955215477531 17
