0.2023684614597195 1
0.20254973214590372 1
0.2027395332173201 2
0.20275019619886034 3
0.20278431773978914 4
0.20279498072132937 5
0.20282910226225817 6
0.2028397652437984 7
0.2028738867847272 8
0.20288454976626744 9
0.20291867130719624 10
0.20292933428873647 11
0.20311060497492067 12
0.20330040604633706 13
0.2033110690278773 14
0.2036650800150135 15
0.20367574299655372 16
0.2038655440679701 17
0.20388473743474256 18
0.2038954004162828 19
0.204076671102467 19
0.20411079264339577 20
0.20412145562493603 21
0.20431125669635242 22
0.20432191967789265 23
0.20436030641143754 24
0.20455010748285393 25
0.20456930084962638 26
0.20458849421639883 27
0.20459915719793906 28
0.20478042788412323 29
0.20496169857030744 30
0.20514296925649161 31
0.20517709079742041 32
0.20519628416419286 33
0.2052069471457331 34
0.2053882178319173 35
0.20539888081345753 36
0.20545432831746682 37
0.20547352168423927 38
0.2054841846657795 39
0.2056654553519637 40
0.20584672603814788 41
0.20589364315692496 42
0.2059128365236974 43
0.20592349950523767 44
0.20610477019142184 45
0.20615168731019892 46
0.20617088067697137 47
0.20618154365851163 48
0.2063628143446958 49
0.20640973146347288 50
0.20642892483024533 51
0.20644811819701778 52
0.20645878117855804 53
0.2066400518647422 54
0.20665071484628245 55
0.20668483638721125 56
0.2066954993687515 57
0.20671469273552392 58
0.20673388610229637 59
0.20675307946906882 60
0.22523629167093187 61
0.22561162862114853 62
0.2864609990787184 62
0.28665933053536696 62
0.28669345207629576 62
0.286704115057836 62
0.2867382365987648 62
0.28674889958030503 62
0.2870325348892756 62
0.287051728256048 62
0.29588494216398814 62
0.29611952775787354 62
0.31528943597092846 62
0.315487767427577 62
0.3155218889685058 62
0.3155325519500461 62
0.31556667349097484 62
0.3155773364725151 62
0.31586097178148564 62
0.3158801651482581 62
0.3239200532296038 62
0.32415463882348927 62
0.3430686354795783 62
0.3432669669362268 62
0.3433010884771556 62
0.34331175145869586 62
0.34334587299962466 62
0.3433565359811649 62
0.34364017129013547 62
0.3436593646569079 62
0.35169925273825364 62
0.3519338383321391 62
0.3708563653734603 62
0.37105469683010883 62
0.37108881837103763 62
0.37109948135257786 62
0.37113360289350666 62
0.3711442658750469 62
0.3714279011840175 62
0.3714470945507899 62
0.37948698263213565 62
0.3797215682260211 62
0.3986526256525745 62
0.398850957109223 62
0.3988850786501518 62
0.3988957416316921 62
0.39892986317262086 62
0.39894052615416115 62
0.39922416146313167 62
0.39924335482990414 62
0.4072832429112499 62
0.4075178285051353 62
0.47525335244139627 62
0.4754516838980448 62
0.4754858054389736 62
0.47549646842051385 62
0.47553058996144265 62
0.4755412529429829 62
0.47582488825195346 62
0.4758440816187259 62
0.48388396970007164 62
0.4841185552939571 62
0.5032628723513154 62
0.503461203807964 62
0.5034953253488927 62
0.503505988330433 62
0.5035401098713618 62
0.5035507728529021 62
0.5038344081618726 62
0.503853601528645 62
0.5118934896099908 62
0.5121280752038762 62
0.5310420718599652 62
0.5312404033166138 62
0.5312745248575426 62
0.5312851878390829 62
0.5313193093800116 62
0.5313299723615519 62
0.5316136076705223 62
0.5316328010372948 62
0.5396726891186406 62
0.539907274712526 62
0.5588298017538472 62
0.5590281332104958 62
0.5590622547514246 62
0.5590729177329649 62
0.5591070392738936 62
0.5591177022554339 62
0.5594013375644044 62
0.5594205309311768 62
0.5674604190125226 62
0.567695004606408 62
0.5866260620329614 62
0.58682439348961 62
0.5868585150305388 62
0.586869178012079 62
0.5869032995530078 62
0.5869139625345481 62
0.5871975978435187 62
0.587216791210291 62
0.5952566792916368 62
0.5954912648855222 62
0.6632267888217832 62
0.6634251202784318 62
0.6634592418193606 62
0.6634699048009008 62
0.6635040263418296 62
0.6635146893233699 62
0.6637983246323403 62
0.6638175179991128 62
0.6718574060804586 62
0.672091991674344 62
0.6912363087317023 62
0.6914346401883509 62
0.6914687617292797 62
0.6914794247108199 62
0.6915135462517488 62
0.691524209233289 62
0.6918078445422595 62
0.691827037909032 62
0.6998669259903777 62
0.7001015115842631 62
0.7190155082403521 62
0.7192138396970007 62
0.7192479612379296 62
0.7192586242194697 62
0.7192927457603986 62
0.7193034087419388 62
0.7195870440509093 62
0.7196062374176818 62
0.7276461254990275 62
0.727880711092913 62
0.7468032381342341 62
0.7470015695908827 62
0.7470356911318116 62
0.7470463541133517 62
0.7470804756542806 62
0.7470911386358208 62
0.7473747739447913 62
0.7473939673115638 62
0.7554338553929095 62
0.755668440986795 62
0.7745994984133483 62
0.7747978298699969 62
0.7748319514109258 62
0.7748426143924659 62
0.7748767359333948 62
0.774887398914935 62
0.7751710342239055 62
0.775190227590678 62
0.7832301156720237 62
0.7834647012659092 62
0.849939860784113 62
0.8501381922407616 62
0.8501723137816903 62
0.8501829767632306 62
0.8502170983041594 62
0.8502277612856997 62
0.8505113965946702 62
0.8505305899614427 62
0.8585704780427884 62
0.8588050636366739 62
0.8779493806940322 62
0.8781477121506808 62
0.8781818336916095 62
0.8781924966731498 62
0.8782266182140785 62
0.8782372811956188 62
0.8785209165045893 62
0.8785401098713618 62
0.8865799979527076 62
0.8868145835465929 62
0.905728580202682 62
0.9059269116593305 62
0.9059610332002593 62
0.9059716961817996 62
0.9060058177227284 62
0.9060164807042687 62
0.9063001160132391 62
0.9063193093800116 62
0.9143591974613574 62
0.9145937830552427 62
0.933516310096564 62
0.9337146415532125 62
0.9337487630941413 62
0.9337594260756816 62
0.9337935476166104 62
0.9338042105981507 62
0.9340878459071211 62
0.9341070392738936 62
0.9421469273552394 62
0.9423815129491248 62
