0.10544409185518817 0
0.105522997918586 0
0.10560616917459993 0
0.1056872078343058 0
0.10582156140171291 0
0.10601989285836148 0
0.10681748387757191 0
0.10689638994096974 0
0.10697956119698365 0
0.10706059985668953 0
0.10719495342409663 0
0.10738901968812911 0
0.10818661070733954 0
0.10826551677073737 0
0.1083486880267513 0
0.10842972668645716 0
0.10856408025386427 0
0.10875814651789675 0
0.10953014638141058 0
0.10960905244480841 0
0.10969222370082232 0
0.1097732623605282 0
0.10990761592793531 0
0.1101016821919678 0
0.11089927321117822 1
0.11097817927457604 2
0.11106135053058996 3
0.11114238919029583 4
0.11127674275770294 4
0.11147080902173542 4
0.2068341181287747 4
0.20704951035588767 4
0.2071369468045177 4
0.20837811785580238 4
0.20855512334937046 4
0.21236394035554645 4
0.2124961613266455 4
0.21266676903128945 4
0.24853064114375406 4
0.2486116798034599 4
0.24923226532910225 4
0.24940927082267036 4
0.24957987852731428 4
0.24972916026887773 4
0.25000213259630805 4
0.2529557784829563 4
0.2530368171426622 4
0.2532586071586993 4
0.27608591804005866 4
0.2871327669157539 4
0.2873396287576347 4
0.2879175623571161 4
0.2880497833282151 4
0.28822039103285907 4
0.29883858805063634 4
0.2989196267103422 4
0.2991776708636162 4
0.29935467635718427 4
0.2995252840618282 4
0.2996745658033917 4
0.299947538130822 4
0.31596120380796394 4
0.31616806564984473 4
0.31659245231514654 4
0.3167246732862456 4
0.31689528099088954 4
0.3268736991162521 4
0.32695473777595796 4
0.3272127819292319 4
0.3273897874228 4
0.32756039512744395 4
0.3277096768690074 4
0.3279826491964377 4
0.34374040331661376 4
0.34394726515849455 4
0.34437165182379637 4
0.3445038727948954 4
0.34467448049953936 4
0.3546528986249019 4
0.3547339372846078 4
0.35499198143788174 4
0.3551689869314498 4
0.35533959463609377 4
0.3554888763776572 4
0.35576184870508754 4
0.37152813321049577 4
0.37173499505237656 4
0.3721593817176784 4
0.3722916026887774 4
0.37246221039342137 4
0.3824406285187839 4
0.3825216671784898 4
0.38277971133176375 4
0.38295671682533183 4
0.3831273245299758 4
0.3832766062715392 4
0.38354957859896954 4
0.39932439348960996 4
0.39953125533149075 4
0.39995564199679257 4
0.4000878629678916 4
0.40025847067253556 4
0.4102368887978981 4
0.410317927457604 4
0.41057597161087794 4
0.410752977104446 4
0.41092358480908997 4
0.41107286655065345 4
0.41134583887808374 4
0.47592512027843176 4
0.47613198212031255 4
0.47655636878561436 4
0.4766885897567134 4
0.47685919746135735 4
0.4868376155867199 4
0.4869186542464258 4
0.48717669839969974 4
0.4873537038932678 4
0.48752431159791176 4
0.4876735933394752 4
0.48794656566690553 4
0.5039346401883509 4
0.5041415020302317 4
0.5045658886955335 4
0.5046981096666325 4
0.5048687173712765 4
0.5148471354966391 4
0.514928174156345 4
0.5151862183096189 4
0.515363223803187 4
0.5155338315078309 4
0.5156831132493943 4
0.5159560855768246 4
0.5317138396970007 4
0.5319207015388815 4
0.5323450882041832 4
0.5324773091752824 4
0.5326479168799263 4
0.5426263350052888 4
0.5427073736649947 4
0.5429654178182687 4
0.5431424233118367 4
0.5433130310164807 4
0.5434623127580441 4
0.5437352850854744 4
0.5595015695908827 4
0.5597084314327635 4
0.5601328180980653 4
0.5602650390691644 4
0.5604356467738083 4
0.5704140648991708 4
0.5704951035588767 4
0.5707531477121507 4
0.5709301532057187 4
0.5711007609103627 4
0.5712500426519261 4
0.5715230149793564 4
0.5872978298699969 4
0.5875046917118777 4
0.5879290783771796 4
0.5880612993482786 4
0.5882319070529225 4
0.5982103251782851 4
0.598291363837991 4
0.5985494079912649 4
0.598726413484833 4
0.598897021189477 4
0.5990463029310403 4
0.5993192752584706 4
0.6638985566588187 4
0.6641054185006995 4
0.6645298051660012 4
0.6646620261371003 4
0.6648326338417443 4
0.6748110519671069 4
0.6748920906268127 4
0.6751501347800867 4
0.6753271402736548 4
0.6754977479782986 4
0.6756470297198621 4
0.6759200020472924 4
0.6919080765687379 4
0.6921149384106187 4
0.6925393250759204 4
0.6926715460470195 4
0.6928421537516635 4
0.702820571877026 4
0.7029016105367318 4
0.7031596546900059 4
0.7033366601835739 4
0.7035072678882178 4
0.7036565496297813 4
0.7039295219572116 4
0.7196872760773877 4
0.7198941379192685 4
0.7203185245845702 4
0.7204507455556693 4
0.7206213532603133 4
0.7305997713856758 4
0.7306808100453817 4
0.7309388541986556 4
0.7311158596922237 4
0.7312864673968676 4
0.7314357491384311 4
0.7317087214658614 4
0.7474750059712697 4
0.7476818678131505 4
0.7481062544784522 4
0.7482384754495514 4
0.7484090831541953 4
0.7583875012795578 4
0.7584685399392637 4
0.7587265840925376 4
0.7589035895861057 4
0.7590741972907497 4
0.7592234790323131 4
0.7594964513597434 4
0.7752712662503839 4
0.7754781280922647 4
0.7759025147575664 4
0.7760347357286655 4
0.7762053434333095 4
0.786183761558672 4
0.7862648002183779 4
0.7865228443716519 4
0.7866998498652199 4
0.7868704575698638 4
0.7870197393114273 4
0.7872927116388576 4
0.8506116286211486 4
0.8508184904630293 4
0.8512428771283311 4
0.8513750980994301 4
0.8515457058040741 4
0.8615241239294367 4
0.8616051625891425 4
0.8618632067424165 4
0.8620402122359846 4
0.8622108199406285 4
0.862360101682192 4
0.8626330740096223 4
0.8786211485310677 4
0.8788280103729484 4
0.8792523970382502 4
0.8793846180093493 4
0.8795552257139932 4
0.8895336438393557 4
0.8896146824990616 4
0.8898727266523356 4
0.8900497321459037 4
0.8902203398505476 4
0.8903696215921111 4
0.8906425939195414 4
0.9064003480397175 4
0.9066072098815983 4
0.9070315965469 4
0.9071638175179991 4
0.9073344252226431 4
0.9173128433480056 4
0.9173938820077114 4
0.9176519261609855 4
0.9178289316545535 4
0.9179995393591974 4
0.9181488211007609 4
0.9184217934281912 4
0.9341880779335995 4
0.9343949397754803 4
0.934819326440782 4
0.9349515474118811 4
0.9351221551165251 4
0.9451005732418876 4
0.9451816119015934 4
0.9454396560548675 4
0.9456166615484355 4
0.9457872692530794 4
0.9459365509946429 4
0.9462095233220732 4
