0.09104480158323949 1
0.09105119937216365 2
0.0910575971610878 3
0.11978153683420344 4
0.11978793462312758 5
0.11979433241205173 6
0.11980073020097588 7
0.11980712798990002 8
0.11981352577882418 9
0.11981992356774832 10
0.11982632135667247 10
0.1261771931620432 11
0.12618359095096734 12
0.12618998873989148 12
0.12975995495956597 13
0.12976635274849013 14
0.12977275053741427 15
0.1297791483263384 16
0.12978554611526258 17
0.12979194390418672 18
0.12979834169311086 19
0.129804739482035 20
0.12981113727095916 21
0.1298175350598833 22
0.12982393284880744 23
0.1298303306377316 24
0.12983672842665575 25
0.1298431262155799 26
0.12984952400450403 27
0.1298559217934282 28
0.12986231958235234 29
0.12986871737127648 30
0.12987511516020064 31
0.13074734705019278 32
0.13075374483911695 33
0.1307601426280411 34
0.13076654041696523 35
0.14117361040024567 36
0.14118000818916981 37
0.14118640597809398 38
0.14119280376701812 39
0.14119920155594226 40
0.1412055993448664 41
0.14121199713379057 42
0.1412183949227147 43
0.14173448322926263 44
0.14174088101818677 45
0.14305456034394512 46
0.1430609581328693 47
0.14306735592179343 48
0.14307375371071757 49
0.16356587163476302 50
0.16357226942368716 51
0.16357866721261133 52
0.16358506500153547 53
0.1635914627904596 54
0.16359786057938377 55
0.16360425836830791 56
0.16361065615723205 57
0.16361705394615622 58
0.16362345173508036 59
0.1636298495240045 60
0.16363624731292864 61
0.1636426451018528 62
0.16364904289077695 63
0.1636554406797011 64
0.16366183846862525 65
0.1636682362575494 66
0.1636810318353977 67
0.16368742962432184 68
0.17018331797863992 69
0.17202801378510255 70
0.17203441157402669 71
0.17204080936295083 72
0.172047207151875 73
0.17205360494079913 74
0.17206000272972327 75
0.1720664005186474 76
0.18304074111986898 77
0.18304713890879312 78
0.18305353669771726 79
0.18305993448664143 80
0.18394282935817383 81
0.18394922714709797 82
0.1839556249360221 83
0.18396202272494624 84
0.21395059200873512 85
0.21395698979765926 86
0.2139633875865834 87
0.21864017129013547 88
0.2186465690790596 89
0.22123980618964753 90
0.22124620397857167 91
0.22421904323199235 91
0.2285098270037875 92
0.22852048998532773 93
0.23040357252533525 93
0.23207766062715393 94
0.23208405841607807 95
0.2340844337530283 95
0.23526802470399563 96
0.23527442249291977 97
0.23528082028184394 98
0.23735157129695977 98
0.2373579690858839 98
0.23762027843177397 99
0.2385778141740881 100
0.23858421196301224 101
0.2396035929982598 101
0.2398765653256901 101
0.24045876411778755 101
0.2410324325246528 102
0.24103883031357695 103
0.24205821134882452 103
0.24232052069471458 103
0.24290058689050398 103
0.24347212270106117 104
0.24347852048998533 105
0.24449790152523287 105
0.24476021087112293 105
0.24534027706691233 105
0.24589048691438906 106
0.2458968847033132 107
0.24750059712696626 107
0.24987204422151704 107
0.24987844201044118 107
0.24988483979936535 107
0.2498912375882895 107
0.24989763537721363 107
0.2499040331661378 107
0.24991043095506194 108
0.24991682874398607 109
0.24992322653291021 110
0.24992962432183438 111
0.24994668509229878 112
0.25264655201828917 112
0.25557034155662467 113
0.255583137134473 114
0.2555959327123213 115
0.25560872829016956 116
0.2556215238680179 117
0.2556343194458662 118
0.25564711502371446 119
0.2556599106015628 120
0.25567270617941107 121
0.25568550175725935 122
0.2556918995461835 123
0.2557217558944962 124
0.25572815368342033 125
0.2557345514723445 126
0.2557409492612686 127
0.2557473470501928 128
0.25575374483911695 129
0.2557601426280411 130
0.2557665404169652 131
0.2557836011874296 132
0.2557899989763538 133
0.25579639676527793 134
0.2558027945542021 135
0.2558091923431262 135
0.25584971167297915 136
0.25586250725082743 137
0.25599259562561844 138
0.2559989934145426 139
0.25600539120346677 140
0.2560117889923909 141
0.2564724297949295 142
0.25648522537277785 143
0.2564980209506261 144
0.2565108165284744 145
0.25652361210632274 146
0.256536407684171 147
0.2565492032620193 148
0.25656199883986763 149
0.2565747944177159 150
0.2565875899955642 151
0.25659398778448833 152
0.25662384413280104 152
0.2566302419217252 152
0.2566366397106493 152
0.25664303749957346 152
0.25664943528849765 152
0.2566558330774218 152
0.25666223086634593 152
0.25666862865527007 152
0.25668568942573444 152
0.25669208721465864 152
0.2566984850035828 152
0.2567048827925069 152
0.25671128058143106 152
0.256751799911284 153
0.2567645954891323 154
0.2568946838639233 155
0.2569010816528474 156
0.2569074794417716 157
0.25691387723069575 158
0.27861730985771316 159
0.27862797283925345 159
0.27864290101340977 160
0.27867062476541443 160
0.27867702255433857 160
0.2786876855358788 161
0.27869408332480294 162
0.2787175418841915 163
0.27872393967311565 164
0.2787303374620398 165
0.27873673525096393 166
0.27874313303988807 167
0.2791461937421094 167
0.27915685672364965 167
0.279171784897806 167
0.27919950864981063 167
0.2792059064387348 167
0.279216569420275 167
0.27922296720919915 167
0.2792464257685877 167
0.27925282355751185 167
0.279259221346436 167
0.27926561913536013 167
0.2792720169242843 167
0.27974971849728736 167
0.27976251407513564 167
0.2797753096529839 167
0.27978810523083225 167
0.27980090080868053 167
0.2798136963865288 167
0.2798264919643771 167
0.2798392875422254 167
0.2798520831200737 167
0.279864878697922 167
0.2798712764868461 167
0.27990113283515883 167
0.27990753062408297 167
0.2799139284130071 167
0.2799203262019313 167
0.27992672399085544 167
0.2799331217797796 167
0.2799395195687037 167
0.27994591735762786 167
0.2799629781280923 167
0.2799693759170164 167
0.27997577370594057 167
0.2799821714948647 167
0.27998856928378885 167
0.2800290886136418 167
0.28004188419149006 167
0.2824325246528133 167
0.28276734227317707 168
0.2827737400621012 169
0.28278440304364144 169
0.285880932882929 169
0.2858873306718531 169
0.2858979936533934 169
0.2885146893233698 169
0.29381205855256426 169
0.299817449756031 169
0.2998238475449551 169
0.29983024533387925 169
0.29983664312280345 169
0.2998430409117276 169
0.2998494387006517 169
0.29985583648957587 169
0.2998622342785 169
0.29986863206742415 169
0.2998750298563483 169
0.2998920906268127 169
0.3012292285119596 169
0.30823907257651756 169
0.3082497355580578 169
0.3082646637322142 169
0.3082923874842188 169
0.3082987852731429 169
0.3083094482546832 169
0.30831584604360734 169
0.30833930460299586 169
0.30834570239192 169
0.3083521001808442 169
0.30835849796976833 169
0.30836489575869247 169
0.30876795646091376 169
0.308778619442454 169
0.3087935476166104 169
0.308821271368615 169
0.3088276691575392 169
0.3088383321390794 169
0.30884472992800355 169
0.3088681884873921 169
0.30887458627631625 169
0.3088809840652404 169
0.30888738185416453 169
0.3088937796430887 169
0.3093714812160917 169
0.30938427679394004 169
0.3093970723717883 169
0.3094098679496366 169
0.3094226635274849 169
0.3094354591053332 169
0.3094482546831815 169
0.30946105026102977 169
0.3094738458388781 169
0.3094866414167264 169
0.3094930392056505 169
0.30952289555396323 169
0.30952929334288737 169
0.3095356911318115 169
0.30954208892073565 169
0.3095484867096598 169
0.309554884498584 169
0.3095612822875081 169
0.30956768007643226 169
0.30958474084689663 169
0.3095911386358208 169
0.30959753642474497 169
0.3096039342136691 169
0.30961033200259325 169
0.3096508513324462 169
0.30966364691029447 169
0.31180477360357595 169
0.3121395912239397 169
0.31214598901286383 169
0.31215665199440407 169
0.3147520217013 169
0.3147584194902242 169
0.31476908247176444 169
0.31718957928140035 169
0.32184716961817994 169
0.3278525608216467 169
0.32785895861057085 169
0.327865356399495 169
0.32787175418841913 169
0.3278781519773433 169
0.32788454976626746 169
0.3278909475551916 169
0.32789734534411574 169
0.3279037431330399 169
0.327910140921964 169
0.32792720169242845 169
0.32925367659603505 169
0.33620380796396765 169
0.3362144709455079 169
0.33622939911966426 169
0.33625712287166887 169
0.336263520660593 169
0.3362741836421333 169
0.33628058143105743 169
0.33630403999044595 169
0.33631043777937014 169
0.3363168355682943 169
0.3363232333572184 169
0.33632963114614256 169
0.33673269184836385 169
0.33674335482990414 169
0.33675828300406047 169
0.3367860067560651 169
0.33679240454498927 169
0.3368030675265295 169
0.33680946531545364 169
0.3368329238748422 169
0.33683932166376634 169
0.3368457194526905 169
0.3368521172416146 169
0.33685851503053876 169
0.3373362166035418 169
0.33734901218139013 169
0.3373618077592384 169
0.3373746033370867 169
0.337387398914935 169
0.3374001944927833 169
0.3374129900706316 169
0.33742578564847986 169
0.3374385812263282 169
0.3374513768041765 169
0.3374577745931006 169
0.3374876309414133 169
0.33749402873033746 169
0.3375004265192616 169
0.33750682430818574 169
0.33751322209710993 169
0.3375196198860341 169
0.3375260176749582 169
0.33753241546388235 169
0.3375494762343467 169
0.33755587402327086 169
0.33756227181219506 169
0.3375686696011192 169
0.33757506739004334 169
0.3376155867198963 169
0.33762838229774456 169
0.3395797079196097 169
0.33991452553997337 169
0.3399209233288975 169
0.3399315863104378 169
0.34253122120994983 169
0.34253761899887397 169
0.34254828198041426 169
0.34496877879005017 169
0.34962636912682976 169
0.35563176033029653 169
0.35563815811922067 169
0.3556445559081448 169
0.35565095369706895 169
0.3556573514859931 169
0.35566374927491723 169
0.3556701470638414 169
0.35567654485276556 169
0.3556829426416897 169
0.35568934043061384 169
0.3557064012010782 169
0.35703287610468487 169
0.36398727266523356 169
0.3639979356467738 169
0.3640128638209302 169
0.3640405875729348 169
0.3640469853618589 169
0.3640576483433992 169
0.36406404613232335 169
0.36408750469171186 169
0.364093902480636 169
0.3641003002695602 169
0.36410669805848433 169
0.3641130958474085 169
0.36451615654962977 169
0.36452681953117005 169
0.3645417477053264 169
0.36456947145733104 169
0.3645758692462552 169
0.3645865322277954 169
0.36459293001671955 169
0.3646163885761081 169
0.36462278636503226 169
0.3646291841539564 169
0.36463558194288054 169
0.3646419797318047 169
0.3651196813048077 169
0.36513247688265604 169
0.3651452724605043 169
0.3651580680383526 169
0.3651708636162009 169
0.3651836591940492 169
0.3651964547718975 169
0.3652092503497458 169
0.3652220459275941 169
0.3652348415054424 169
0.3652412392943665 169
0.36527109564267923 169
0.3652774934316034 169
0.3652838912205275 169
0.36529028900945165 169
0.3652966867983758 169
0.3653030845873 169
0.3653094823762241 169
0.36531588016514827 169
0.36533294093561264 169
0.3653393387245368 169
0.365345736513461 169
0.3653521343023851 169
0.36535853209130925 169
0.3653990514211622 169
0.36541184699901047 169
0.36736317262087553 169
0.3676979902412393 169
0.3677043880301634 169
0.3677150510117037 169
0.37031895110383184 169
0.370325348892756 169
0.37033601187429627 169
0.3727565086839322 169
0.37741409902071177 169
0.38341949022417854 169
0.3834258880131027 169
0.3834322858020268 169
0.38343868359095096 169
0.3834450813798751 169
0.38345147916879924 169
0.38345787695772343 169
0.38346427474664757 169
0.3834706725355717 169
0.38347707032449585 169
0.3834941310949602 169
0.3848206059985669 169
0.39177926775173166 169
0.3917899307332719 169
0.3918048589074283 169
0.3918325826594329 169
0.391838980448357 169
0.3918496434298973 169
0.39185604121882145 169
0.39187949977820996 169
0.39188589756713416 169
0.3918922953560583 169
0.39189869314498244 169
0.3919050909339066 169
0.39230815163612787 169
0.39231881461766815 169
0.3923337427918245 169
0.39236146654382914 169
0.3923678643327533 169
0.3923785273142935 169
0.39238492510321765 169
0.3924083836626062 169
0.39241478145153036 169
0.3924211792404545 169
0.39242757702937864 169
0.3924339748183028 169
0.3929116763913058 169
0.39292447196915414 169
0.3929372675470024 169
0.3929500631248507 169
0.39296285870269904 169
0.3929756542805473 169
0.3929884498583956 169
0.3930012454362439 169
0.3930140410140922 169
0.3930268365919405 169
0.3930332343808646 169
0.39306309072917733 169
0.3930694885181015 169
0.3930758863070256 169
0.39308228409594975 169
0.39308868188487395 169
0.3930950796737981 169
0.3931014774627222 169
0.39310787525164637 169
0.39312493602211074 169
0.39313133381103493 169
0.3931377315999591 169
0.3931441293888832 169
0.39315052717780735 169
0.3931910465076603 169
0.39320384208550857 169
0.3951551677073737 169
0.3954899853277374 169
0.3954963831166615 169
0.3955070460982018 169
0.39811521138294603 169
0.3981216091718702 169
0.39813227215341046 169
0.40055276896304637 169
0.40521035929982596 169
0.41121575050329273 169
0.41122214829221687 169
0.411228546081141 169
0.41123494387006515 169
0.41124134165898935 169
0.4112477394479135 169
0.4112541372368376 169
0.41126053502576176 169
0.4112669328146859 169
0.41127333060361004 169
0.41129039137407447 169
0.4126168662776811 169
0.4228938478861705 169
0.42290664346401885 169
0.42291943904186713 169
0.4229322346197154 169
0.42294503019756374 169
0.422957825775412 169
0.4229706213532603 169
0.42298341693110864 169
0.4229962125089569 169
0.4230090080868052 169
0.42301540587572933 169
0.42304526222404204 169
0.4230516600129662 169
0.4230580578018903 169
0.42306445559081446 169
0.42307085337973865 169
0.4230772511686628 169
0.42308364895758693 169
0.4230900467465111 169
0.42310710751697544 169
0.42311350530589964 169
0.4231199030948238 169
0.4231263008837479 169
0.42313269867267206 169
0.423173218002525 169
0.4231860135803733 169
0.432652608591804 169
0.4326654041696523 169
0.4326781997475006 169
0.4326909953253489 169
0.43270379090319716 169
0.4327165864810455 169
0.4327293820588938 169
0.43274217763674205 169
0.4327549732145904 169
0.43276776879243867 169
0.4327741665813628 169
0.4328040229296755 169
0.43281042071859965 169
0.4328168185075238 169
0.43282321629644793 169
0.43282961408537207 169
0.43283601187429627 169
0.4328424096632204 169
0.43284880745214455 169
0.4328658682226089 169
0.43287226601153306 169
0.43287866380045725 169
0.4328850615893814 169
0.43289145937830553 169
0.43293197870815847 169
0.43294477428600675 169
0.4420765516770737 169
0.44208934725492205 169
0.44210214283277033 169
0.4421149384106186 169
0.44212773398846694 169
0.4421405295663152 169
0.4421533251441635 169
0.4421661207220118 169
0.4421789162998601 169
0.4421917118777084 169
0.44219810966663253 169
0.44222796601494524 169
0.4422343638038694 169
0.4422407615927935 169
0.44224715938171766 169
0.44225355717064185 169
0.442259954959566 169
0.44226635274849013 169
0.44227275053741427 169
0.44228981130787864 169
0.44229620909680284 169
0.442302606885727 169
0.4423090046746511 169
0.44231540246357526 169
0.4423559217934282 169
0.4423687173712765 169
0.45034249496707274 169
0.450355290544921 169
0.4503680861227693 169
0.4503808817006176 169
0.4503936772784659 169
0.4504064728563142 169
0.45041926843416247 169
0.4504320640120108 169
0.4504448595898591 169
0.45045765516770736 169
0.4504640529566315 169
0.4504939093049442 169
0.45050030709386835 169
0.4505067048827925 169
0.4505131026717167 169
0.4505195004606408 169
0.45052589824956496 169
0.4505322960384891 169
0.45053869382741324 169
0.45055575459787767 169
0.4505621523868018 169
0.45056855017572595 169
0.4505749479646501 169
0.4505813457535742 169
0.45062186508342716 169
0.45063466066127544 169
0.45875345480601903 169
0.4587662503838673 169
0.45877904596171565 169
0.4587918415395639 169
0.4588046371174122 169
0.45881743269526054 169
0.4588302282731088 169
0.4588430238509571 169
0.4588558194288054 169
0.4588686150066537 169
0.45887501279557785 169
0.45890486914389056 169
0.4589112669328147 169
0.45891766472173884 169
0.458924062510663 169
0.4589304602995871 169
0.45893685808851126 169
0.45894325587743545 169
0.4589496536663596 169
0.45896671443682396 169
0.4589731122257481 169
0.45897951001467224 169
0.45898590780359644 169
0.4589923055925206 169
0.4590328249223735 169
0.4590456205002218 169
0.4679534752789436 169
0.46796413826048383 169
0.4679790664346402 169
0.4680067901866448 169
0.46801318797556896 169
0.46802385095710924 169
0.4680302487460334 169
0.4680537073054219 169
0.46806010509434604 169
0.46806650288327023 169
0.46807290067219437 169
0.4680792984611185 169
0.4684823591633398 169
0.4684930221448801 169
0.4685079503190364 169
0.4685356740710411 169
0.4685420718599652 169
0.46855273484150545 169
0.4685591326304296 169
0.46858259118981815 169
0.4685889889787423 169
0.46859538676766643 169
0.4686017845565906 169
0.4686081823455147 169
0.46908588391851774 169
0.4690986794963661 169
0.46911147507421436 169
0.46912427065206264 169
0.4691370662299109 169
0.46914986180775925 169
0.46916265738560753 169
0.4691754529634558 169
0.46918824854130414 169
0.4692010441191524 169
0.46920744190807656 169
0.46923729825638927 169
0.4692436960453134 169
0.46925009383423755 169
0.4692564916231617 169
0.4692628894120858 169
0.46926928720101 169
0.46927568498993416 169
0.4692820827788583 169
0.4692991435493227 169
0.4693055413382468 169
0.469311939127171 169
0.46931833691609515 169
0.4693247347050193 169
0.4693652540348722 169
0.4693780496127205 169
0.47176869007404376 169
0.47210350769440745 169
0.47210990548333165 169
0.4721205684648719 169
0.4747159381717678 169
0.47472233596069197 169
0.47473299894223225 169
0.47715349575186816 169
0.48181108608864776 169
0.4878164772921145 169
0.48782287508103866 169
0.4878292728699628 169
0.48783567065888694 169
0.4878420684478111 169
0.4878484662367353 169
0.4878548640256594 169
0.48786126181458356 169
0.4878676596035077 169
0.48787405739243184 169
0.4878911181628962 169
0.48921759306650286 169
0.4962125089569045 169
0.49622317193844473 169
0.4962381001126011 169
0.4962658238646057 169
0.49627222165352985 169
0.49628288463507014 169
0.4962892824239943 169
0.4963127409833828 169
0.49631913877230693 169
0.49632553656123113 169
0.49633193435015527 169
0.4963383321390794 169
0.4967413928413007 169
0.49675205582284093 169
0.4967669839969973 169
0.4967947077490019 169
0.4968011055379261 169
0.49681176851946635 169
0.4968181663083905 169
0.49684162486777905 169
0.4968480226567032 169
0.49685442044562733 169
0.49686081823455147 169
0.4968672160234756 169
0.49734491759647864 169
0.497357713174327 169
0.49737050875217526 169
0.49738330433002353 169
0.4973960999078718 169
0.49740889548572015 169
0.4974216910635684 169
0.4974344866414167 169
0.49744728221926504 169
0.4974600777971133 169
0.49746647558603746 169
0.49749633193435017 169
0.4975027297232743 169
0.49750912751219845 169
0.4975155253011226 169
0.4975219230900467 169
0.4975283208789709 169
0.49753471866789506 169
0.4975411164568192 169
0.49755817722728357 169
0.4975645750162077 169
0.4975709728051319 169
0.49757737059405605 169
0.4975837683829802 169
0.4976242877128331 169
0.4976370832906814 169
0.4997782099839629 169
0.5001130276043266 169
0.5001194253932507 169
0.500130088374791 169
0.502725458081687 169
0.5027318558706111 169
0.5027425188521514 169
0.5051630156617873 169
0.5098206059985669 169
0.5158259972020336 169
0.5158323949909578 169
0.515838792779882 169
0.5158451905688061 169
0.5158515883577303 169
0.5158579861466543 169
0.5158643839355785 169
0.5158707817245026 169
0.5158771795134268 169
0.515883577302351 169
0.5159006380728154 169
0.517227112976422 169
0.5241772443443546 169
0.5241879073258948 169
0.5242028355000512 169
0.5242305592520559 169
0.52423695704098 169
0.5242476200225202 169
0.5242540178114443 169
0.5242774763708329 169
0.5242838741597571 169
0.5242902719486812 169
0.5242966697376054 169
0.5243030675265294 169
0.5247061282287508 169
0.524716791210291 169
0.5247317193844474 169
0.5247594431364521 169
0.5247658409253761 169
0.5247765039069164 169
0.5247829016958406 169
0.5248063602552291 169
0.5248127580441533 169
0.5248191558330774 169
0.5248255536220016 169
0.5248319514109258 169
0.5253096529839287 169
0.525322448561777 169
0.5253352441396253 169
0.5253480397174737 169
0.525360835295322 169
0.5253736308731702 169
0.5253864264510185 169
0.5253992220288668 169
0.5254120176067151 169
0.5254248131845635 169
0.5254312109734876 169
0.5254610673218002 169
0.5254674651107244 169
0.5254738628996486 169
0.5254802606885727 169
0.5254866584774969 169
0.525493056266421 169
0.5254994540553451 169
0.5255058518442692 169
0.5255229126147337 169
0.5255293104036578 169
0.525535708192582 169
0.5255421059815061 169
0.5255485037704303 169
0.5255890231002832 169
0.5256018186781315 169
0.5275531442999966 169
0.5278879619203604 169
0.5278943597092844 169
0.5279050226908247 169
0.5305046575903368 169
0.5305110553792609 169
0.5305217183608012 169
0.532942215170437 169
0.5375998055072168 169
0.5436051967106834 169
0.5436115944996076 169
0.5436179922885318 169
0.5436243900774559 169
0.5436307878663801 169
0.5436371856553042 169
0.5436435834442284 169
0.5436499812331524 169
0.5436563790220766 169
0.5436627768110008 169
0.5436798375814652 169
0.5450063124850718 169
0.5519607090456204 169
0.5519713720271607 169
0.5519863002013171 169
0.5520140239533218 169
0.5520204217422459 169
0.5520310847237861 169
0.5520374825127102 169
0.5520609410720988 169
0.552067338861023 169
0.5520737366499471 169
0.5520801344388713 169
0.5520865322277954 169
0.5524895929300168 169
0.5525002559115569 169
0.5525151840857133 169
0.552542907837718 169
0.5525493056266421 169
0.5525599686081824 169
0.5525663663971065 169
0.552589824956495 169
0.5525962227454192 169
0.5526026205343433 169
0.5526090183232675 169
0.5526154161121917 169
0.5530931176851946 169
0.5531059132630429 169
0.5531187088408912 169
0.5531315044187396 169
0.5531442999965879 169
0.5531570955744362 169
0.5531698911522844 169
0.5531826867301327 169
0.553195482307981 169
0.5532082778858293 169
0.5532146756747535 169
0.5532445320230661 169
0.5532509298119903 169
0.5532573276009145 169
0.5532637253898386 169
0.5532701231787628 169
0.5532765209676869 169
0.5532829187566111 169
0.5532893165455351 169
0.5533063773159996 169
0.5533127751049237 169
0.5533191728938479 169
0.553325570682772 169
0.5533319684716962 169
0.5533724878015491 169
0.5533852833793974 169
0.5553366090012625 169
0.5556714266216263 169
0.5556778244105504 169
0.5556884873920906 169
0.5582923874842188 169
0.5582987852731429 169
0.5583094482546832 169
0.5607299450643191 169
0.5653875354010988 169
0.5713929266045654 169
0.5713993243934896 169
0.5714057221824138 169
0.5714121199713379 169
0.5714185177602621 169
0.5714249155491862 169
0.5714313133381104 169
0.5714377111270345 169
0.5714441089159586 169
0.5714505067048828 169
0.5714675674753472 169
0.5727940423789538 169
0.5797527041321187 169
0.5797633671136588 169
0.5797782952878152 169
0.5798060190398199 169
0.579812416828744 169
0.5798230798102842 169
0.5798294775992083 169
0.5798529361585969 169
0.5798593339475211 169
0.5798657317364452 169
0.5798721295253694 169
0.5798785273142936 169
0.5802815880165149 169
0.580292250998055 169
0.5803071791722114 169
0.5803349029242161 169
0.5803413007131402 169
0.5803519636946805 169
0.5803583614836046 169
0.5803818200429931 169
0.5803882178319173 169
0.5803946156208415 169
0.5804010134097656 169
0.5804074111986898 169
0.5808851127716927 169
0.580897908349541 169
0.5809107039273894 169
0.5809234995052377 169
0.580936295083086 169
0.5809490906609343 169
0.5809618862387825 169
0.5809746818166308 169
0.5809874773944791 169
0.5810002729723275 169
0.5810066707612516 169
0.5810365271095642 169
0.5810429248984884 169
0.5810493226874126 169
0.5810557204763367 169
0.5810621182652609 169
0.581068516054185 169
0.5810749138431092 169
0.5810813116320332 169
0.5810983724024977 169
0.5811047701914218 169
0.581111167980346 169
0.5811175657692701 169
0.5811239635581943 169
0.5811644828880472 169
0.5811772784658955 169
0.5831286040877606 169
0.5834634217081244 169
0.5834698194970485 169
0.5834804824785887 169
0.586088647763333 169
0.5860950455522571 169
0.5861057085337974 169
0.5885262053434334 169
0.593183795680213 169
0.5991891868836796 169
0.5991955846726038 169
0.599201982461528 169
0.5992083802504521 169
0.5992147780393763 169
0.5992211758283004 169
0.5992275736172246 169
0.5992339714061486 169
0.5992403691950728 169
0.599246766983997 169
0.5992638277544614 169
0.600590302658068 169
0.6108672842665575 169
0.6108800798444057 169
0.6108928754222541 169
0.6109056710001024 169
0.6109184665779507 169
0.610931262155799 169
0.6109440577336472 169
0.6109568533114955 169
0.6109696488893438 169
0.6109824444671922 169
0.6109888422561163 169
0.6110186986044289 169
0.6110250963933531 169
0.6110314941822773 169
0.6110378919712014 169
0.6110442897601256 169
0.6110506875490497 169
0.6110570853379739 169
0.6110634831268981 169
0.6110805438973624 169
0.6110869416862865 169
0.6110933394752107 169
0.6110997372641348 169
0.611106135053059 169
0.6111466543829119 169
0.6111594499607602 169
0.619500034121541 169
0.6195128296993893 169
0.6195256252772375 169
0.6195384208550858 169
0.6195512164329341 169
0.6195640120107824 169
0.6195768075886307 169
0.619589603166479 169
0.6196023987443273 169
0.6196151943221756 169
0.6196215921110997 169
0.6196514484594124 169
0.6196578462483365 169
0.6196642440372607 169
0.6196706418261849 169
0.619677039615109 169
0.6196834374040332 169
0.6196898351929573 169
0.6196962329818815 169
0.6197132937523459 169
0.61971969154127 169
0.6197260893301941 169
0.6197324871191183 169
0.6197388849080424 169
0.6197794042378953 169
0.6197921998157436 169
0.6277979663561607 169
0.627810761934009 169
0.6278235575118573 169
0.6278363530897055 169
0.6278491486675538 169
0.6278619442454021 169
0.6278747398232504 169
0.6278875354010988 169
0.627900330978947 169
0.6279131265567953 169
0.6279195243457194 169
0.6279493806940322 169
0.6279557784829563 169
0.6279621762718804 169
0.6279685740608046 169
0.6279749718497287 169
0.6279813696386529 169
0.627987767427577 169
0.6279941652165012 169
0.6280112259869656 169
0.6280176237758898 169
0.6280240215648139 169
0.628030419353738 169
0.6280368171426621 169
0.6280773364725151 169
0.6280901320503633 169
0.6371899204968097 169
0.637202716074658 169
0.6372155116525062 169
0.6372283072303545 169
0.6372411028082028 169
0.6372538983860511 169
0.6372666939638995 169
0.6372794895417477 169
0.637292285119596 169
0.6373050806974443 169
0.6373114784863685 169
0.6373413348346811 169
0.6373477326236053 169
0.6373541304125294 169
0.6373605282014536 169
0.6373669259903777 169
0.6373733237793019 169
0.637379721568226 169
0.6373861193571502 169
0.6374031801276145 169
0.6374095779165387 169
0.6374159757054628 169
0.637422373494387 169
0.6374287712833111 169
0.637469290613164 169
0.6374820861910124 169
0.646726891186406 169
0.6467396867642543 169
0.6467524823421026 169
0.6467652779199509 169
0.6467780734977991 169
0.6467908690756474 169
0.6468036646534957 169
0.6468164602313441 169
0.6468292558091924 169
0.6468420513870407 169
0.6468484491759647 169
0.6468783055242775 169
0.6468847033132016 169
0.6468911011021258 169
0.64689749889105 169
0.646903896679974 169
0.6469102944688983 169
0.6469166922578223 169
0.6469230900467465 169
0.6469401508172109 169
0.6469465486061351 169
0.6469529463950592 169
0.6469593441839834 169
0.6469657419729075 169
0.6470062613027604 169
0.6470190568806087 169
0.6559269116593305 169
0.6559375746408708 169
0.6559525028150271 169
0.6559802265670318 169
0.6559866243559559 169
0.6559972873374962 169
0.6560036851264203 169
0.6560271436858088 169
0.656033541474733 169
0.6560399392636571 169
0.6560463370525813 169
0.6560527348415054 169
0.6564557955437268 169
0.656466458525267 169
0.6564813866994234 169
0.656509110451428 169
0.6565155082403521 169
0.6565261712218924 169
0.6565325690108166 169
0.656556027570205 169
0.6565624253591292 169
0.6565688231480533 169
0.6565752209369775 169
0.6565816187259017 169
0.6570593202989047 169
0.657072115876753 169
0.6570849114546012 169
0.6570977070324496 169
0.6571105026102979 169
0.6571232981881462 169
0.6571360937659945 169
0.6571488893438427 169
0.657161684921691 169
0.6571744804995393 169
0.6571808782884635 169
0.6572107346367762 169
0.6572171324257003 169
0.6572235302146245 169
0.6572299280035486 169
0.6572363257924728 169
0.6572427235813969 169
0.6572491213703211 169
0.6572555191592452 169
0.6572725799297097 169
0.6572789777186338 169
0.657285375507558 169
0.657291773296482 169
0.6572981710854062 169
0.6573386904152592 169
0.6573514859931074 169
0.6597421264544306 169
0.6600769440747944 169
0.6600833418637185 169
0.6600940048452588 169
0.6626893745521548 169
0.6626957723410789 169
0.6627064353226192 169
0.665126932132255 169
0.6697845224690347 169
0.6757899136725014 169
0.6757963114614256 169
0.6758027092503498 169
0.6758091070392739 169
0.6758155048281981 169
0.6758219026171222 169
0.6758283004060464 169
0.6758346981949704 169
0.6758410959838946 169
0.6758474937728188 169
0.6758645545432832 169
0.6771910294468898 169
0.6841859453372914 169
0.6841966083188317 169
0.684211536492988 169
0.6842392602449927 169
0.6842456580339168 169
0.6842563210154571 169
0.6842627188043812 169
0.6842861773637697 169
0.6842925751526939 169
0.684298972941618 169
0.6843053707305422 169
0.6843117685194663 169
0.6847148292216877 169
0.6847254922032279 169
0.6847404203773843 169
0.6847681441293889 169
0.684774541918313 169
0.6847852048998533 169
0.6847916026887775 169
0.6848150612481659 169
0.6848214590370901 169
0.6848278568260142 169
0.6848342546149384 169
0.6848406524038626 169
0.6853183539768656 169
0.6853311495547139 169
0.6853439451325621 169
0.6853567407104105 169
0.6853695362882588 169
0.6853823318661071 169
0.6853951274439554 169
0.6854079230218036 169
0.6854207185996519 169
0.6854335141775002 169
0.6854399119664244 169
0.685469768314737 169
0.6854761661036612 169
0.6854825638925854 169
0.6854889616815095 169
0.6854953594704337 169
0.6855017572593578 169
0.685508155048282 169
0.6855145528372061 169
0.6855316136076706 169
0.6855380113965946 169
0.6855444091855188 169
0.6855508069744429 169
0.6855572047633671 169
0.6855977240932201 169
0.6856105196710683 169
0.6877516463643498 169
0.6880864639847135 169
0.6880928617736377 169
0.688103524755178 169
0.6906988944620739 169
0.6907052922509981 169
0.6907159552325383 169
0.6931364520421742 169
0.6977940423789538 169
0.7037994335824206 169
0.7038058313713448 169
0.7038122291602689 169
0.7038186269491931 169
0.7038250247381171 169
0.7038314225270413 169
0.7038378203159654 169
0.7038442181048896 169
0.7038506158938138 169
0.7038570136827379 169
0.7038740744532023 169
0.705200549356809 169
0.7121506807247415 169
0.7121613437062818 169
0.7121762718804381 169
0.7122039956324427 169
0.7122103934213669 169
0.7122210564029071 169
0.7122274541918313 169
0.7122509127512199 169
0.712257310540144 169
0.7122637083290682 169
0.7122701061179922 169
0.7122765039069164 169
0.7126795646091377 169
0.712690227590678 169
0.7127051557648343 169
0.712732879516839 169
0.7127392773057631 169
0.7127499402873034 169
0.7127563380762275 169
0.7127797966356161 169
0.7127861944245402 169
0.7127925922134644 169
0.7127989900023886 169
0.7128053877913126 169
0.7132830893643157 169
0.713295884942164 169
0.7133086805200123 169
0.7133214760978606 169
0.7133342716757088 169
0.7133470672535571 169
0.7133598628314055 169
0.7133726584092538 169
0.7133854539871021 169
0.7133982495649503 169
0.7134046473538745 169
0.7134345037021872 169
0.7134409014911114 169
0.7134472992800355 169
0.7134536970689597 169
0.7134600948578838 169
0.713466492646808 169
0.713472890435732 169
0.7134792882246562 169
0.7134963489951206 169
0.7135027467840448 169
0.7135091445729689 169
0.7135155423618931 169
0.7135219401508172 169
0.7135624594806701 169
0.7135752550585185 169
0.7155265806803836 169
0.7158613983007472 169
0.7158677960896714 169
0.7158784590712116 169
0.7184780939707237 169
0.7184844917596479 169
0.7184951547411881 169
0.720915651550824 169
0.7255732418876036 169
0.7315786330910704 169
0.7315850308799945 169
0.7315914286689187 169
0.7315978264578429 169
0.731604224246767 169
0.7316106220356912 169
0.7316170198246152 169
0.7316234176135394 169
0.7316298154024635 169
0.7316362131913877 169
0.7316532739618521 169
0.7329797488654588 169
0.7399341454260074 169
0.7399448084075477 169
0.739959736581704 169
0.7399874603337087 169
0.7399938581226329 169
0.740004521104173 169
0.7400109188930972 169
0.7400343774524858 169
0.7400407752414099 169
0.7400471730303341 169
0.7400535708192582 169
0.7400599686081824 169
0.7404630293104036 169
0.7404736922919439 169
0.7404886204661002 169
0.7405163442181049 169
0.7405227420070291 169
0.7405334049885692 169
0.7405398027774934 169
0.740563261336882 169
0.7405696591258061 169
0.7405760569147303 169
0.7405824547036545 169
0.7405888524925786 169
0.7410665540655816 169
0.7410793496434299 169
0.7410921452212782 169
0.7411049407991265 169
0.7411177363769748 169
0.741130531954823 169
0.7411433275326714 169
0.7411561231105197 169
0.741168918688368 169
0.7411817142662163 169
0.7411881120551405 169
0.7412179684034531 169
0.7412243661923772 169
0.7412307639813014 169
0.7412371617702256 169
0.7412435595591497 169
0.7412499573480739 169
0.741256355136998 169
0.7412627529259221 169
0.7412798136963865 169
0.7412862114853107 169
0.7412926092742348 169
0.741299007063159 169
0.7413054048520831 169
0.741345924181936 169
0.7413587197597844 169
0.7433100453816495 169
0.7436448630020132 169
0.7436512607909374 169
0.7436619237724775 169
0.7462658238646057 169
0.7462722216535299 169
0.7462828846350701 169
0.748703381444706 169
0.7533609717814856 169
0.7593663629849524 169
0.7593727607738765 169
0.7593791585628007 169
0.7593855563517249 169
0.759391954140649 169
0.7593983519295732 169
0.7594047497184973 169
0.7594111475074214 169
0.7594175452963455 169
0.7594239430852697 169
0.7594410038557341 169
0.7607674787593408 169
0.7677261405125055 169
0.7677368034940458 169
0.7677517316682021 169
0.7677794554202068 169
0.767785853209131 169
0.7677965161906711 169
0.7678029139795953 169
0.7678263725389839 169
0.767832770327908 169
0.7678391681168322 169
0.7678455659057563 169
0.7678519636946805 169
0.7682550243969017 169
0.768265687378442 169
0.7682806155525983 169
0.768308339304603 169
0.7683147370935272 169
0.7683254000750674 169
0.7683317978639915 169
0.7683552564233801 169
0.7683616542123042 169
0.7683680520012284 169
0.7683744497901526 169
0.7683808475790767 169
0.7688585491520797 169
0.768871344729928 169
0.7688841403077763 169
0.7688969358856246 169
0.7689097314634729 169
0.7689225270413211 169
0.7689353226191695 169
0.7689481181970178 169
0.7689609137748661 169
0.7689737093527144 169
0.7689801071416386 169
0.7690099634899512 169
0.7690163612788754 169
0.7690227590677995 169
0.7690291568567237 169
0.7690355546456478 169
0.769041952434572 169
0.769048350223496 169
0.7690547480124202 169
0.7690718087828846 169
0.7690782065718088 169
0.7690846043607329 169
0.7690910021496571 169
0.7690973999385812 169
0.7691379192684341 169
0.7691507148462825 169
0.7711020404681476 169
0.7714368580885113 169
0.7714432558774355 169
0.7714539188589756 169
0.7740620841437199 169
0.7740684819326441 169
0.7740791449141843 169
0.7764996417238202 169
0.7811572320605998 169
0.7871626232640666 169
0.7871690210529908 169
0.7871754188419149 169
0.7871818166308391 169
0.7871882144197632 169
0.7871946122086874 169
0.7872010099976114 169
0.7872074077865356 169
0.7872138055754598 169
0.7872202033643839 169
0.7872372641348483 169
0.788563739038455 169
0.7987063670795373 169
0.7987191626573856 169
0.7987319582352339 169
0.7987447538130822 169
0.7987575493909305 169
0.7987703449687787 169
0.7987831405466271 169
0.7987959361244754 169
0.7988087317023237 169
0.798821527280172 169
0.7988279250690962 169
0.7988577814174088 169
0.7988641792063329 169
0.7988705769952571 169
0.7988769747841813 169
0.7988833725731054 169
0.7988897703620296 169
0.7988961681509537 169
0.7989025659398779 169
0.7989196267103422 169
0.7989260244992664 169
0.7989324222881905 169
0.7989388200771147 169
0.7989452178660388 169
0.7989857371958917 169
0.7989985327737401 169
0.8084651277851708 169
0.808477923363019 169
0.8084907189408673 169
0.8085035145187157 169
0.808516310096564 169
0.8085291056744123 169
0.8085419012522606 169
0.8085546968301088 169
0.8085674924079571 169
0.8085802879858054 169
0.8085866857747296 169
0.8086165421230422 169
0.8086229399119664 169
0.8086293377008906 169
0.8086357354898147 169
0.8086421332787389 169
0.808648531067663 169
0.8086549288565872 169
0.8086613266455113 169
0.8086783874159758 169
0.8086847852048998 169
0.808691182993824 169
0.8086975807827481 169
0.8087039785716723 169
0.8087444979015252 169
0.8087572934793735 169
0.8167630600197905 169
0.8167758555976388 169
0.816788651175487 169
0.8168014467533354 169
0.8168142423311837 169
0.816827037909032 169
0.8168398334868803 169
0.8168526290647286 169
0.8168654246425768 169
0.8168782202204251 169
0.8168846180093493 169
0.816914474357662 169
0.8169208721465862 169
0.8169272699355102 169
0.8169336677244344 169
0.8169400655133586 169
0.8169464633022827 169
0.8169528610912069 169
0.816959258880131 169
0.8169763196505955 169
0.8169827174395196 169
0.8169891152284438 169
0.8169955130173678 169
0.817001910806292 169
0.817042430136145 169
0.8170552257139932 169
0.8250290033097895 169
0.8250417988876377 169
0.825054594465486 169
0.8250673900433344 169
0.8250801856211827 169
0.825092981199031 169
0.8251057767768792 169
0.8251185723547275 169
0.8251313679325758 169
0.8251441635104241 169
0.8251505612993483 169
0.8251804176476609 169
0.8251868154365851 169
0.8251932132255093 169
0.8251996110144334 169
0.8252060088033576 169
0.8252124065922817 169
0.8252188043812059 169
0.82522520217013 169
0.8252422629405944 169
0.8252486607295185 169
0.8252550585184427 169
0.8252614563073668 169
0.825267854096291 169
0.8253083734261439 169
0.8253211690039922 169
0.8334399631487358 169
0.8334527587265841 169
0.8334655543044324 169
0.8334783498822806 169
0.833491145460129 169
0.8335039410379773 169
0.8335167366158256 169
0.8335295321936739 169
0.8335423277715222 169
0.8335551233493704 169
0.8335615211382946 169
0.8335913774866073 169
0.8335977752755315 169
0.8336041730644556 169
0.8336105708533798 169
0.8336169686423038 169
0.833623366431228 169
0.8336297642201522 169
0.8336361620090763 169
0.8336532227795407 169
0.8336596205684649 169
0.8336660183573891 169
0.8336724161463132 169
0.8336788139352374 169
0.8337193332650903 169
0.8337321288429386 169
0.8426399836216604 169
0.8426506466032005 169
0.8426655747773569 169
0.8426932985293616 169
0.8426996963182858 169
0.842710359299826 169
0.8427167570887502 169
0.8427402156481387 169
0.8427466134370628 169
0.842753011225987 169
0.8427594090149111 169
0.8427658068038353 169
0.8431688675060566 169
0.8431795304875969 169
0.8431944586617531 169
0.8432221824137578 169
0.843228580202682 169
0.8432392431842222 169
0.8432456409731464 169
0.8432690995325349 169
0.843275497321459 169
0.8432818951103832 169
0.8432882928993073 169
0.8432946906882315 169
0.8437723922612346 169
0.8437851878390829 169
0.8437979834169311 169
0.8438107789947794 169
0.8438235745726277 169
0.843836370150476 169
0.8438491657283242 169
0.8438619613061726 169
0.8438747568840209 169
0.8438875524618692 169
0.8438939502507933 169
0.843923806599106 169
0.8439302043880301 169
0.8439366021769543 169
0.8439429999658784 169
0.8439493977548026 169
0.8439557955437268 169
0.8439621933326509 169
0.8439685911215751 169
0.8439856518920394 169
0.8439920496809636 169
0.8439984474698877 169
0.8440048452588119 169
0.844011243047736 169
0.8440517623775889 169
0.8440645579554372 169
0.8464551984167605 169
0.8467900160371242 169
0.8467964138260484 169
0.8468070768075886 169
0.8494024465144846 169
0.8494088443034088 169
0.849419507284949 169
0.8518400040945849 169
0.8564975944313645 169
0.8625029856348313 169
0.8625093834237554 169
0.8625157812126796 169
0.8625221790016037 169
0.8625285767905279 169
0.862534974579452 169
0.8625413723683761 169
0.8625477701573003 169
0.8625541679462244 169
0.8625605657351486 169
0.862577626505613 169
0.8639041014092197 169
0.8708990172996213 169
0.8709096802811614 169
0.8709246084553178 169
0.8709523322073225 169
0.8709587299962467 169
0.8709693929777869 169
0.870975790766711 169
0.8709992493260995 169
0.8710056471150237 169
0.8710120449039479 169
0.871018442692872 169
0.8710248404817962 169
0.8714279011840175 169
0.8714385641655578 169
0.871453492339714 169
0.8714812160917187 169
0.8714876138806429 169
0.8714982768621831 169
0.8715046746511073 169
0.8715281332104958 169
0.8715345309994199 169
0.8715409287883441 169
0.8715473265772682 169
0.8715537243661924 169
0.8720314259391954 169
0.8720442215170437 169
0.872057017094892 169
0.8720698126727403 169
0.8720826082505886 169
0.8720954038284369 169
0.8721081994062851 169
0.8721209949841335 169
0.8721337905619818 169
0.8721465861398301 169
0.8721529839287542 169
0.8721828402770669 169
0.872189238065991 169
0.8721956358549152 169
0.8722020336438393 169
0.8722084314327635 169
0.8722148292216877 169
0.8722212270106118 169
0.872227624799536 169
0.8722446855700003 169
0.8722510833589245 169
0.8722574811478486 169
0.8722638789367728 169
0.8722702767256969 169
0.8723107960555498 169
0.8723235916333981 169
0.8744647183266796 169
0.8747995359470434 169
0.8748059337359675 169
0.8748165967175078 169
0.8774119664244038 169
0.8774183642133279 169
0.8774290271948681 169
0.879849524004504 169
0.8845071143412837 169
0.8905125055447504 169
0.8905189033336746 169
0.8905253011225986 169
0.8905316989115228 169
0.890538096700447 169
0.8905444944893711 169
0.8905508922782953 169
0.8905572900672194 169
0.8905636878561436 169
0.8905700856450677 169
0.8905871464155322 169
0.8919136213191388 169
0.8988637526870713 169
0.8988744156686116 169
0.898889343842768 169
0.8989170675947726 169
0.8989234653836967 169
0.898934128365237 169
0.8989405261541611 169
0.8989639847135497 169
0.8989703825024739 169
0.8989767802913979 169
0.8989831780803221 169
0.8989895758692462 169
0.8993926365714676 169
0.8994032995530078 169
0.8994182277271642 169
0.8994459514791688 169
0.8994523492680929 169
0.8994630122496332 169
0.8994694100385573 169
0.8994928685979459 169
0.8994992663868701 169
0.8995056641757941 169
0.8995120619647183 169
0.8995184597536425 169
0.8999961613266455 169
0.9000089569044938 169
0.9000217524823421 169
0.9000345480601905 169
0.9000473436380387 169
0.900060139215887 169
0.9000729347937353 169
0.9000857303715836 169
0.9000985259494318 169
0.9001113215272801 169
0.9001177193162043 169
0.900147575664517 169
0.9001539734534412 169
0.9001603712423653 169
0.9001667690312894 169
0.9001731668202136 169
0.9001795646091377 169
0.9001859623980619 169
0.900192360186986 169
0.9002094209574505 169
0.9002158187463746 169
0.9002222165352988 169
0.9002286143242229 169
0.900235012113147 169
0.900275531443 169
0.9002883270208483 169
0.9022396526427133 169
0.9025744702630771 169
0.9025808680520012 169
0.9025915310335415 169
0.9051911659330535 169
0.9051975637219777 169
0.905208226703518 169
0.9076287235131538 169
0.9122863138499334 169
0.9182917050534002 169
0.9182981028423244 169
0.9183045006312485 169
0.9183108984201727 169
0.9183172962090969 169
0.9183236939980209 169
0.9183300917869451 169
0.9183364895758692 169
0.9183428873647934 169
0.9183492851537175 169
0.918366345924182 169
0.9196928208277886 169
0.9266472173883372 169
0.9266578803698775 169
0.9266728085440339 169
0.9267005322960384 169
0.9267069300849626 169
0.9267175930665029 169
0.926723990855427 169
0.9267474494148156 169
0.9267538472037398 169
0.9267602449926639 169
0.926766642781588 169
0.9267730405705121 169
0.9271761012727334 169
0.9271867642542737 169
0.9272016924284301 169
0.9272294161804348 169
0.9272358139693588 169
0.9272464769508991 169
0.9272528747398232 169
0.9272763332992118 169
0.927282731088136 169
0.92728912887706 169
0.9272955266659842 169
0.9273019244549083 169
0.9277796260279114 169
0.9277924216057597 169
0.927805217183608 169
0.9278180127614563 169
0.9278308083393046 169
0.9278436039171529 169
0.9278563994950012 169
0.9278691950728495 169
0.9278819906506978 169
0.927894786228546 169
0.9279011840174702 169
0.9279310403657829 169
0.9279374381547071 169
0.9279438359436312 169
0.9279502337325554 169
0.9279566315214796 169
0.9279630293104036 169
0.9279694270993278 169
0.9279758248882519 169
0.9279928856587163 169
0.9279992834476405 169
0.9280056812365647 169
0.9280120790254888 169
0.928018476814413 169
0.9280589961442659 169
0.9280717917221142 169
0.9300231173439792 169
0.9303579349643429 169
0.9303643327532671 169
0.9303749957348074 169
0.9329788958269355 169
0.9329852936158597 169
0.9329959565974 169
0.9354164534070358 169
0.9400740437438154 169
0.9460794349472822 169
0.9460858327362064 169
0.9460922305251305 169
0.9460986283140547 169
0.9461050261029789 169
0.946111423891903 169
0.9461178216808271 169
0.9461242194697512 169
0.9461306172586754 169
0.9461370150475995 169
0.946154075818064 169
0.9474805507216706 169
0.9577468693486197 169
0.957759664926468 169
0.9577724605043164 169
0.9577852560821647 169
0.957798051660013 169
0.9578108472378613 169
0.9578236428157095 169
0.9578364383935578 169
0.9578492339714062 169
0.9578620295492545 169
0.9578684273381786 169
0.9578982836864913 169
0.9579046814754154 169
0.9579110792643396 169
0.9579174770532637 169
0.9579238748421879 169
0.957930272631112 169
0.9579366704200362 169
0.9579430682089604 169
0.9579601289794247 169
0.9579665267683488 169
0.957972924557273 169
0.9579793223461972 169
0.9579857201351213 169
0.9580262394649742 169
0.9580390350428225 169
0.9674736411096325 169
0.9674864366874808 169
0.9674992322653291 169
0.9675120278431774 169
0.9675248234210257 169
0.967537618998874 169
0.9675504145767223 169
0.9675632101545706 169
0.9675760057324189 169
0.9675888013102671 169
0.9675951990991913 169
0.967625055447504 169
0.9676314532364282 169
0.9676378510253523 169
0.9676442488142765 169
0.9676506466032005 169
0.9676570443921247 169
0.9676634421810489 169
0.967669839969973 169
0.9676869007404374 169
0.9676932985293616 169
0.9676996963182858 169
0.9677060941072099 169
0.9677124918961341 169
0.967753011225987 169
0.9677658068038353 169
0.9768655952502815 169
0.9768783908281298 169
0.976891186405978 169
0.9769039819838264 169
0.9769167775616747 169
0.976929573139523 169
0.9769423687173713 169
0.9769551642952196 169
0.9769679598730678 169
0.9769807554509161 169
0.9769871532398403 169
0.977017009588153 169
0.9770234073770772 169
0.9770298051660012 169
0.9770362029549254 169
0.9770426007438496 169
0.9770489985327737 169
0.9770553963216979 169
0.977061794110622 169
0.9770788548810865 169
0.9770852526700106 169
0.9770916504589348 169
0.9770980482478588 169
0.977104446036783 169
0.977144965366636 169
0.9771577609444843 169
0.9864025659398779 169
0.9864153615177261 169
0.9864281570955744 169
0.9864409526734227 169
0.9864537482512711 169
0.9864665438291194 169
0.9864793394069676 169
0.9864921349848159 169
0.9865049305626642 169
0.9865177261405125 169
0.9865241239294367 169
0.9865539802777493 169
0.9865603780666735 169
0.9865667758555976 169
0.9865731736445218 169
0.986579571433446 169
0.9865859692223701 169
0.9865923670112943 169
0.9865987648002184 169
0.9866158255706827 169
0.9866222233596069 169
0.9866286211485311 169
0.9866350189374552 169
0.9866414167263794 169
0.9866819360562323 169
0.9866947316340806 169
