0.04599370457569864 1
0.0617727846589552 2
0.07880369877503668 3
0.08466620602586412 4
0.08486027228989661 5
0.09110024908724879 6
0.09144572968915277 7
0.10063935237315318 8
0.10096350701197666 9
0.10140708704405091 10
0.10190184938751834 11
0.10371882144197632 11
0.10465076602859386 12
0.11662316170198246 13
0.11742715051011704 14
0.11810744873238475 15
0.1187152386801788 16
0.11890077455897909 17
0.11938913911352236 18
0.11984338212713685 19
0.1216070392738936 20
0.12218070768075887 21
0.1233813594021906 22
0.12389744770873852 23
0.12430264100726789 24
0.12449244207868428 25
0.12598525949431877 26
0.12649921520455865 27
0.12689801071416384 28
0.12744822056164057 29
0.1279643088681885 30
0.12989217593066502 31
0.13078146859112158 32
0.139326781997475 33
0.13959975432490532 34
0.140668185075238 35
0.1412354556931791 36
0.14274533387927799 37
0.14322090285597297 38
0.14381163203330263 38
0.14482461527962603 38
0.1450997202033644 38
0.14630890231002833 39
0.1478571672296721 40
0.14876352066059303 41
0.1501731668202136 42
0.15073830484184667 43
0.16083614836045995 44
0.16129465656669056 45
0.1623737502985635 46
0.16286851264203092 47
0.16372368376155866 48
0.16503949568362508 49
0.16614631316750264 50
0.1672083461289112 51
0.1681445559081448 52
0.16957552803084588 53
0.17026648923465384 54
0.17119203603234723 55
0.1716185552939571 56
0.17180835636537345 57
0.17247372641348482 58
0.173476046678268 59
0.17477693042617803 60
0.17556599106015627 61
0.17600957109223053 62
0.1763934384276794 63
0.1781379022076637 64
0.17907624458320537 65
0.1795710069266728 66
0.17975867540178114 67
0.1806437028696216 68
0.1812941447435766 69
0.1820768075886307 70
0.1824052274200703 71
0.1831068516054185 72
0.18374663049783327 73
0.18400893984372335 74
0.18448450882041834 75
0.18510296174975263 76
0.18615859692223702 77
0.18654459685399394 78
0.19647396526427133 79
0.19691114750742145 80
0.1972907496502542 81
0.19780683795680212 82
0.19804568874330364 83
0.19840183232674788 84
0.19945746749923227 85
