0.26698186440099636 0
0.28251569590882725 0
0.31188794485958987 0
0.33966287917562354 0
0.36744634387688946 0
0.3952383389633876 0
0.42515866516531886 0
0.43491742587095233 0
0.44434136895622206 0
0.4527843177397891 0
0.46149810625447846 0
0.4718518613300577 0
0.4998613812399768 0
0.5276363155560105 0
0.5554197802572765 0
0.5832117753437746 0
0.6131321015457059 0
0.6217648514006893 0
0.630062783635309 0
0.6396317432695261 0
0.6494715426348654 0
0.6598252977104446 0
0.6878348176203637 0
0.7156097519363974 0
0.7433932166376633 0
0.7711852117241614 0
0.8009711843586856 0
0.8107299450643191 0
0.8190278772989388 0
0.8274708260825059 0
0.8361846145971952 0
0.8465383696727744 0
0.8745478895826936 0
0.9023228238987273 0
0.9301062885999932 0
0.9600116866277681 0
0.9697384583887808 0
0.9793074180229979 0
0.9891472173883372 0
