0.00015354693417954756 0
0.004582949465997885 0
0.009334374040331661 0
0.011494694100385573 0
0.014036748899580304 0
0.016412461186747194 0
0.018841488381615312 0
0.022530879994540554 0
0.025742570034462755 0
0.029197376053502574 0
0.03155602757020507 0
0.03467601596888115 0
0.03768937455215478 0
0.04053639062340055 0
0.04839287542225407 0
0.05130173678643327 0
0.05401439929027195 0
0.0569211280581431 0
0.05979373528508548 0
0.06405466270856792 0
0.06868666188965093 0
0.07283242911249872 0
0.07657300303681715 0
0.08159953253488927 0
0.08736180775923841 0
0.09455718770259665 0
0.09832122018630361 0
0.19018707134814208 0
