0.20185450574947963 1
0.20206776538028456 1
0.2022383730849285 1
0.20241537857849662 1
0.2025966492646808 1
0.20297625140751357 1
0.20315752209369775 1
0.20335798614665437 1
0.2037226601153308 1
0.2039423175350599 1
0.2041683727437131 1
0.20440722353021462 1
0.20464607431671614 1
0.20482734500290034 1
0.20500861568908452 1
0.20525386426451017 1
0.20553110178455658 1
0.20571237247074078 1
0.20597041662401475 1
0.2062284607772887 1
0.20650569829733512 1
0.21308689050397517 2
0.21421290135462517 3
0.21515124373016686 3
0.2153261166274269 3
0.21548606135053058 3
0.21566093424779062 3
0.21580595079673798 3
0.21596376292353361 3
0.21610877947248097 3
0.21631137612174567 3
0.21649264680792984 3
0.2166376633568772 3
0.21679760807998089 3
0.21694262462892824 3
0.21714735387450096 3
0.21732862456068516 3
0.21747364110963252 3
0.2176335858327362 3
0.21777860238168356 3
0.21798333162725628 3
0.2181582045245163 3
0.2188576961135565 4
0.21939724297949295 4
0.21958704405090934 4
0.21972353021462449 4
0.2199581158085099 4
0.22217601596888115 4
0.22236581704029754 4
0.22250230320401268 4
0.2227368887978981 4
0.22311009315180674 5
0.22426382775446138 5
0.22475432490531272 5
0.2256628109325417 5
0.22605307605691474 5
0.22797667792677517 5
0.2292114511891357 5
0.22939058927901185 5
0.23045688743303647 6
0.230653086293377 6
0.2327089091343365 6
0.2328987102057529 6
0.23303519636946804 6
0.23326978196335346 6
0.23598244446719213 6
0.23617224553860852 6
0.23630873170232367 6
0.2365433172962091 6
0.23765653256901081 7
0.23991281946292695 7
0.24049288565871635 7
0.24235677483195142 7
0.24293470843143275 7
0.24479646500835978 7
0.24537439860784113 7
0.24652173542157163 7
0.24671153649298802 7
0.24684802265670316 7
0.2470826082505886 7
0.25012795577848296 7
0.2502942982905108 7
0.25046064080253866 7
0.2506269833145665 7
0.2507933258265943 7
0.25095966833862215 7
0.25112601085065 7
0.25129235336267786 7
0.2514586958747057 7
0.25162503838673356 7
0.2517913808987614 7
0.25195772341078926 7
0.2526806735592179 7
0.25338656293718226 7
0.2538557341249531 7
0.254457126283823 7
0.25464692735523936 7
0.2547834135189545 7
0.255020131709148 7
0.25519500460640804 7
0.25607150168901627 7
0.25695652915685674 7
0.2571377998430409 7
0.25728281639198824 7
0.25744276111509196 7
0.2575877776640393 7
0.2578117002763845 7
0.2579929709625687 7
0.2581294571262838 7
0.25828940184938753 7
0.2584258880131027 7
0.25911684921691064 7
0.25929598730678677 7
0.2595732248268332 7
0.2597353021462449 7
0.2598803186951923 7
0.26004026341829595 7
0.26018527996724333 7
0.2607802743371891 7
0.26097007540860545 7
0.2611065615723206 7
0.2613923294775992 7
0.26172288190534687 7
0.26182737912444126 7
0.262032108370014 7
0.263028030845873 7
0.2632583512471423 7
0.2639407820657181 7
0.2641305831371345 7
0.26426706930084964 7
0.2645528372061282 7
0.26542720169242845 7
0.26604778721807076 7
0.2662269253079469 7
0.2676770907974204 7
0.2678668918688368 7
0.268003378032552 7
0.26828914593783054 7
0.2694684716961818 7
0.2696582727675982 7
0.2697947589313133 7
0.27008052683659195 7
0.274584570239192 7
0.2747743713106084 7
0.27491085747432353 7
0.27519662537960216 7
0.28155389497389705 7
0.2817287678711571 7
0.2860792643395776 8
0.2863095847408469 8
0.2865079161974955 8
0.2867958166990821 8
0.28990300951990994 9
0.2903721807076808 9
0.2908370867028355 9
0.29130199269799023 9
0.291766898693145 9
0.29349216910635684 9
0.2945627324529976 9
0.29490394786228546 9
0.295402975398369 9
0.2961707100692667 9
0.2965503122120995 9
0.2984717814856519 9
0.3000733613129969 9
0.3002823557511857 9
0.30077285290203704 9
0.3012633500528884 9
0.30463285221960623 9
0.31073207766062716 9
0.3109069505578872 9
0.31490770123178763 9
0.31513802163305693 9
0.31533635308970553 9
0.3156242535912922 9
0.3179573139522981 9
0.31842648514006894 9
0.3188913911352237 9
0.3193562971303784 9
0.31982120312553314 9
0.3215272801719726 9
0.3225978435186133 9
0.3229390589279012 9
0.3234380864639847 9
0.32420582113488244 9
0.3245854232777152 9
0.32650689255126764 9
0.3281084723786126 9
0.32831746681680146 9
0.32880796396765277 9
0.32928779813696385 9
0.3326402395332173 9
0.33869681304807725 9
0.3388716859453373 9
0.34268690074043745 9
0.34291722114170675 9
0.34311555259835536 9
0.34340345309994197 9
0.3457365134609479 9
0.34620568464871876 9
0.34667059064387346 9
0.3471354966390282 9
0.34760040263418296 9
0.3493064796806224 9
0.35037704302726314 9
0.35071825843655097 9
0.3512172859726345 9
0.35198502064353226 9
0.35236462278636504 9
0.3542860920599174 9
0.35588767188726245 9
0.3560966663254513 9
0.3565871634763026 9
0.35706699764561367 9
0.3604237042344832 9
0.36648027774934316 9
0.3666551506466032 9
0.37047463063431946 9
0.37070495103558876 9
0.37090328249223736 9
0.371191182993824 9
0.3735242433548299 9
0.37399341454260077 9
0.37445832053775546 9
0.3749232265329102 9
0.37538813252806497 9
0.3770942095745044 9
0.37816477292114514 9
0.37850598833043303 9
0.3790050158665165 9
0.37977275053741427 9
0.38015235268024705 9
0.3820738219537994 9
0.38367540178114445 9
0.3838843962193333 9
0.3843748933701846 9
0.3848547275394957 9
0.3882156993209813 9
0.39427227283584126 9
0.3944471457331013 9
0.39827089091343365 9
0.39850121131470295 9
0.39869954277135156 9
0.3989874432729382 9
0.4013205036339441 9
0.40178967482171496 9
0.4022545808168697 9
0.4027194868120244 9
0.40318439280717916 9
0.4048904698536186 9
0.40596103320025934 9
0.4063022486095472 9
0.4068012761456307 9
0.40756901081652847 9
0.40794861295936125 9
0.40987008223291366 9
0.41147166206025865 9
0.4116806564984475 9
0.4121711536492988 9
0.41265098781860987 9
0.41601622479271166 9
0.4242501791380899 9
0.4244250520353499 9
0.4269521786603883 9
0.42775190227590676 9
0.42832557068277205 9
0.4289376258231822 9
0.43400893984372335 9
0.4341838127409834 9
0.43669387859555736 9
0.4373443204695124 9
0.4379179888763777 9
0.43845540314600606 9
0.4434328829289931 9
0.4436077558262531 9
0.44604957859896954 9
0.44670002047292456 9
0.4472736888797898 9
0.44781110314941824 9
0.45169882621899204 9
0.4518736991162521 9
0.4544754666120722 9
0.45512590848602724 9
0.4556995768928925 9
0.4562369911625209 9
0.4605853550346334 9
0.4607644931245095 9
0.4632404374381547 9
0.46389087931210976 9
0.464464547718975 9
0.4650019619886034 9
0.47089006039512743 9
0.47106493329238747 9
0.47487161770225544 9
0.47510193810352475 9
0.47530026956017335 9
0.47558817006175996 9
0.4779212304227659 9
0.47839040161053675 9
0.47885530760569145 9
0.4793202136008462 9
0.47978511959600095 9
0.4814911966424404 9
0.48256175998908113 9
0.482902975398369 9
0.4834020029344525 9
0.48416973760535026 9
0.48454933974818304 9
0.4864708090217354 9
0.48807238884908044 9
0.4882813832872693 9
0.4887718804381206 9
0.48925171460743166 9
0.49260628859999317 9
0.4987055140410141 9
0.49888038693827413 9
0.5028811376121746 9
0.5031114580134439 9
0.5033097894700924 9
0.5035976899716791 9
0.505930750332685 9
0.5063999215204559 9
0.5068648275156106 9
0.5073297335107654 9
0.5077946395059201 9
0.5095007165523595 9
0.5105712798990002 9
0.5109124953082881 9
0.5114115228443716 9
0.5121792575152694 9
0.5125588596581021 9
0.5144803289316545 9
0.5160819087589995 9
0.5162909031971884 9
0.5167814003480398 9
0.5172612345173508 9
0.5206136759136043 9
0.5266702494284642 9
0.5268451223257242 9
0.5306603371208244 9
0.5308906575220937 9
0.5310889889787422 9
0.5313768894803289 9
0.5337099498413348 9
0.5341791210291057 9
0.5346440270242604 9
0.5351089330194152 9
0.5355738390145699 9
0.5372799160610093 9
0.53835047940765 9
0.5386916948169379 9
0.5391907223530215 9
0.5399584570239192 9
0.5403380591667519 9
0.5422595284403043 9
0.5438611082676493 9
0.5440701027058382 9
0.5445605998566895 9
0.5450404340260007 9
0.5483971406148702 9
0.5544537141297301 9
0.5546285870269901 9
0.5584480670147064 9
0.5586783874159758 9
0.5588767188726242 9
0.5591646193742109 9
0.5614976797352168 9
0.5619668509229877 9
0.5624317569181424 9
0.5628966629132972 9
0.5633615689084519 9
0.5650676459548913 9
0.566138209301532 9
0.5664794247108199 9
0.5669784522469035 9
0.5677461869178012 9
0.5681257890606339 9
0.5700472583341863 9
0.5716488381615313 9
0.5718578325997202 9
0.5723483297505715 9
0.5728281639198827 9
0.5761891357013683 9
0.5822457092162282 9
0.5824205821134882 9
0.5862443272938206 9
0.58647464769509 9
0.5866729791517384 9
0.5869608796533251 9
0.589293940014331 9
0.5897631112021019 9
0.5902280171972566 9
0.5906929231924114 9
0.5911578291875661 9
0.5928639062340055 9
0.5939344695806462 9
0.5942756849899341 9
0.5947747125260177 9
0.5955424471969154 9
0.5959220493397481 9
0.5978435186133005 9
0.5994450984406455 9
0.5996540928788344 9
0.6001445900296858 9
0.6006244241989969 9
0.6039896611730986 9
0.6122236155184768 9
0.6123984884157369 9
0.614874432729382 9
0.6156741563449005 9
0.6162478247517658 9
0.6168598798921759 9
0.6208563653734602 9
0.6210312382707203 9
0.6234901218139011 9
0.6241405636878562 9
0.6247142320947214 9
0.6252516463643498 9
0.62915429760808 9
0.62932917050534 9
0.6318221755894496 9
0.6324726174634047 9
0.6330462858702699 9
0.6335837001398983 9
0.6385462517487289 9
0.638721124645989 9
0.6413740744532023 9
0.6420245163271573 9
0.6425981847340226 9
0.643135599003651 9
0.6485587914150203 9
0.6487379295048964 9
0.6512138738185417 9
0.6518643156924967 9
0.6524379840993619 9
0.6529753983689903 9
0.6588634967755144 9
0.6590383696727744 9
0.6628450540826424 9
0.6630753744839117 9
0.6632737059405602 9
0.6635616064421469 9
0.6658946668031528 9
0.6663638379909237 9
0.6668287439860784 9
0.6672936499812332 9
0.6677585559763879 9
0.6694646330228273 9
0.670535196369468 9
0.6708764117787559 9
0.6713754393148395 9
0.6721431739857372 9
0.6725227761285699 9
0.6744442454021223 9
0.6760458252294673 9
0.6762548196676562 9
0.6767453168185075 9
0.6772251509878187 9
0.6805797249803801 9
0.686678950421401 9
0.6868538233186611 9
0.6908545739925614 9
0.6910848943938308 9
0.6912832258504794 9
0.6915711263520661 9
0.693904186713072 9
0.6943733579008428 9
0.6948382638959976 9
0.6953031698911523 9
0.6957680758863071 9
0.6974741529327464 9
0.6985447162793872 9
0.6988859316886751 9
0.6993849592247586 9
0.7001526938956564 9
0.7005322960384891 9
0.7024537653120415 9
0.7040553451393865 9
0.7042643395775753 9
0.7047548367284266 9
0.7052346708977377 9
0.7085871122939912 9
0.7146436858088512 9
0.7148185587061112 9
0.7186337735012113 9
0.7188640939024806 9
0.7190624253591292 9
0.7193503258607159 9
0.7216833862217218 9
0.7221525574094926 9
0.7226174634046474 9
0.7230823693998021 9
0.7235472753949569 9
0.7252533524413962 9
0.726323915788037 9
0.7266651311973249 9
0.7271641587334084 9
0.7279318934043061 9
0.7283114955471389 9
0.7302329648206913 9
0.7318345446480363 9
0.7320435390862251 9
0.7325340362370765 9
0.7330138704063875 9
0.7363705769952571 9
0.742427150510117 9
0.7426020234073771 9
0.7464215033950933 9
0.7466518237963626 9
0.7468501552530112 9
0.7471380557545979 9
0.7494711161156038 9
0.7499402873033746 9
0.7504051932985294 9
0.7508700992936841 9
0.7513350052888389 9
0.7530410823352782 9
0.754111645681919 9
0.7544528610912069 9
0.7549518886272905 9
0.7557196232981881 9
0.7560992254410209 9
0.7580206947145733 9
0.7596222745419183 9
0.7598312689801071 9
0.7603217661309585 9
0.7608016003002696 9
0.7641625720817552 9
0.7702191455966152 9
0.7703940184938752 9
0.7742177636742076 9
0.7744480840754768 9
0.7746464155321254 9
0.7749343160337121 9
0.777267376394718 9
0.7777365475824888 9
0.7782014535776436 9
0.7786663595727983 9
0.7791312655679531 9
0.7808373426143924 9
0.7819079059610332 9
0.7822491213703211 9
0.7827481489064047 9
0.7835158835773024 9
0.7838954857201351 9
0.7858169549936875 9
0.7874185348210325 9
0.7876275292592213 9
0.7881180264100727 9
0.7885978605793837 9
0.7919630975534855 9
0.8000626983314566 9
0.8002375712287166 9
0.802764697853755 9
0.8035644214692735 9
0.8041380898761388 9
0.804750145016549 9
0.8098214590370901 9
0.8099963319343502 9
0.812455215477531 9
0.813105657351486 9
0.8136793257583512 9
0.8142167400279796 9
0.8181193912717099 9
0.8182942641689699 9
0.8207360869416863 9
0.8213865288156413 9
0.8219601972225066 9
0.822497611492135 9
0.8263853345617088 9
0.8265602074589689 9
0.8291619749547889 9
0.829812416828744 9
0.8303860852356092 9
0.8309234995052377 9
0.8352718633773502 9
0.8354510014672263 9
0.8379269457808715 9
0.8385773876548265 9
0.8391510560616917 9
0.8396884703313202 9
0.8455765687378441 9
0.8457514416351043 9
0.8495581260449722 9
0.8497884464462415 9
0.8499867779028901 9
0.8502746784044768 9
0.8526077387654827 9
0.8530769099532535 9
0.8535418159484083 9
0.854006721943563 9
0.8544716279387177 9
0.8561777049851571 9
0.8572482683317979 9
0.8575894837410858 9
0.8580885112771692 9
0.858856245948067 9
0.8592358480908998 9
0.8611573173644522 9
0.8627588971917972 9
0.862967891629986 9
0.8634583887808374 9
0.8639382229501484 9
0.8672927969427099 9
0.8733920223837308 9
0.8735668952809909 9
0.8775676459548913 9
0.8777979663561607 9
0.8779962978128092 9
0.8782841983143959 9
0.8806172586754017 9
0.8810864298631726 9
0.8815513358583273 9
0.8820162418534822 9
0.8824811478486368 9
0.8841872248950763 9
0.885257788241717 9
0.8855990036510049 9
0.8860980311870884 9
0.8868657658579862 9
0.8872453680008189 9
0.8891668372743713 9
0.8907684171017163 9
0.8909774115399052 9
0.8914679086907564 9
0.8919477428600676 9
0.895300184256321 9
0.901356757771181 9
0.901531630668441 9
0.9053468454635412 9
0.9055771658648104 9
0.905775497321459 9
0.9060633978230457 9
0.9083964581840516 9
0.9088656293718225 9
0.9093305353669772 9
0.9097954413621319 9
0.9102603473572867 9
0.9119664244037261 9
0.9130369877503668 9
0.9133782031596547 9
0.9138772306957382 9
0.914644965366636 9
0.9150245675094687 9
0.9169460367830211 9
0.9185476166103661 9
0.918756611048555 9
0.9192471081994062 9
0.9197269423687173 9
0.9230836489575869 9
0.9291402224724469 9
0.9293150953697069 9
0.9331345753574232 9
0.9333648957586924 9
0.933563227215341 9
0.9338511277169277 9
0.9361841880779336 9
0.9366533592657045 9
0.9371182652608592 9
0.9375831712560139 9
0.9380480772511687 9
0.9397541542976081 9
0.9408247176442488 9
0.9411659330535367 9
0.9416649605896202 9
0.942432695260518 9
0.9428122974033507 9
0.9447337666769031 9
0.9463353465042481 9
0.946544340942437 9
0.9470348380932883 9
0.9475146722625993 9
0.950875644044085 9
0.9591032006005391 9
0.9592780734977991 9
0.9617881393523732 9
0.9625878629678917 9
0.9631615313747569 9
0.963773586515167 9
0.9688299723615519 9
0.9690048452588119 9
0.9714978503429215 9
0.9721482922168765 9
0.9727219606237417 9
0.9732593748933702 9
0.9782219265022009 9
0.9783967993994609 9
0.9810497492066742 9
0.9817001910806292 9
0.9822738594874945 9
0.9828112737571228 9
0.9882344661684922 9
0.9884136042583683 9
0.9908895485720135 9
0.9915399904459685 9
0.9921136588528338 9
0.9926510731224623 9
