0.14272187531988945 1
0.2148590780359641 2
0.21497637083290683 3
0.21953586173951617 4
0.22013725389838606 5
0.2229181594840823 5
0.22743286586822262 6
0.22931168321561402 7
0.2296656942027502 8
0.2334489200532296 8
0.2367245879823933 8
0.23925597980004776 9
0.23937327259699048 10
0.2418278909475552 10
0.24426758112396355 10
0.24726174634046474 10
0.25952630770805607 11
0.26317304739482034 12
0.26662998601016824 13
0.26875618452929334 14
0.27060088033575597 15
0.27171196301224965 16
0.27282944347766747 17
0.2739469239430853 18
0.27566366397106495 19
0.2834412427065206 19
0.2836630327225578 19
0.29791943904186713 19
0.3035345651209609 19
0.303583614836046 19
0.31280922646466713 19
0.31303101648070425 19
0.32595455010748287 19
0.33154195243457196 19
0.3315910021496571 19
0.34058416078070086 19
0.340805950796738 19
0.3537337496161327 19
0.3593254171358379 19
0.359374466850923 19
0.3683676254819668 19
0.3685894154980039 19
0.3815214795100147 19
0.387117412222336 19
0.3871664619374211 19
0.3961596205684649 19
0.396381410584502 19
0.4093177397891289 19
0.41491793769406626 19
0.4149669874091514 19
0.47277740812775104 19
0.47299919814378816 19
0.4859184665779507 19
0.4915080015013478 19
0.49155705121643295 19
0.5007826628450541 19
0.5010044528610912 19
0.5139279864878697 19
0.5195153888149588 19
0.519564438530044 19
0.5285575971610877 19
0.5287793871771249 19
0.5417071859965196 19
0.5472988535162248 19
0.5473479032313099 19
0.5563410618623537 19
0.5565628518783908 19
0.5694949158904016 19
0.5750908486027229 19
0.575139898317808 19
0.5841330569488518 19
0.5843548469648889 19
0.5972911761695158 19
0.6028913740744533 19
0.6029404237895384 19
0.660750844508138 19
0.6609726345241751 19
0.6738919029583376 19
0.6794814378817348 19
0.6795304875968199 19
0.688756099225441 19
0.6889778892414782 19
0.7019014228682567 19
0.7074888251953458 19
0.707537874910431 19
0.7165310335414747 19
0.7167528235575119 19
0.7296806223769066 19
0.7352722898966118 19
0.7353213396116969 19
0.7443144982427407 19
0.7445362882587777 19
0.7574683522707886 19
0.7630642849831099 19
0.763113334698195 19
0.7721064933292388 19
0.7723282833452759 19
0.7852646125499028 19
0.7908648104548401 19
0.7909138601699253 19
0.8474639164704678 19
0.8476857064865049 19
0.8606049749206675 19
0.8661945098440645 19
0.8662435595591497 19
0.8754691711877708 19
0.875690961203808 19
0.8886144948305865 19
0.8942018971576756 19
0.8942509468727607 19
0.9032441055038045 19
0.9034658955198417 19
0.9163936943392363 19
0.9219853618589415 19
0.9220344115740267 19
0.9310275702050704 19
0.9312493602211076 19
0.9441814242331183 19
0.9497773569454396 19
0.9498264066605248 19
