0.4252567645954891 0
0.42527382536595354 0
0.4252908861364179 0
0.42530794690688234 0
0.4253250076773467 0
0.42625695226396426 0
0.4262804108233528 0
0.42978000136486166 0
0.42999965878459073 0
0.4310979458832361 0
0.43130907291773296 0
0.43152019995222984 0
0.4350155253011226 0
0.435032586071587 0
0.4350496468420514 0
0.43506670761251576 0
0.4359986521991333 0
0.4360221107585219 0
0.4392188726242877 0
0.4394385300440168 0
0.4405368171426622 0
0.44074794417715907 0
0.4409590712116559 0
0.4444394683863923 0
0.44445652915685674 0
0.4444735899273211 0
0.4453543522025455 0
0.445377810761934 0
0.44924420786842734 0
0.4528824171699594 0
0.4528994779404238 0
0.4537802402156481 0
0.4538036987750367 0
0.45767009588153 0
0.4615962056846487 0
0.46254521104173063 0
0.4625686696011192 0
0.46580381820042993 0
0.466023475620159 0
0.4671601494523493 0
0.6132302009758761 0
0.6132472617463405 0
0.6132643225168048 0
0.6132813832872692 0
0.6132984440577336 0
0.614179206332958 0
0.6142026648923465 0
0.6183676254819668 0
0.6218629508308595 0
0.6218800116013239 0
0.6218970723717883 0
0.6219141331422527 0
0.622794895417477 0
0.6228183539768656 0
0.626684751083359 0
0.6301608830654792 0
0.6301779438359436 0
0.630195004606408 0
0.6311269491930256 0
0.631150407752414 0
0.6343471696181799 0
0.634566827037909 0
0.6356651141365544 0
0.6358762411710512 0
0.6360873682055481 0
0.6397298426996963 0
0.6397469034701607 0
0.6406788480567782 0
0.6407023066161668 0
0.6438990684819327 0
0.6441187259016617 0
0.6452170130003071 0
0.645428140034804 0
0.6456392670693009 0
0.6495696420650356 0
0.6505186474221176 0
0.6505421059815061 0
0.6537772545808169 0
0.653996912000546 0
0.6551335858327362 0
0.8010692837888559 0
0.8010863445593203 0
0.8011034053297847 0
0.8011204661002491 0
0.8011375268707135 0
0.802069471457331 0
0.8020929300167196 0
0.8055925205582284 0
0.8058121779779575 0
0.8069104650766029 0
0.8071215921110997 0
0.8073327191455966 0
0.8108280444944894 0
0.8108451052649538 0
0.8108621660354182 0
0.8108792268058825 0
0.8117599890811069 0
0.8117834476404955 0
0.8156498447469888 0
0.8191259767291091 0
0.8191430374995735 0
0.8191600982700379 0
0.8200408605452623 0
0.8200643191046507 0
0.8239307162111441 0
0.8275689255126761 0
0.8275859862831405 0
0.8284667485583649 0
0.8284902071177535 0
0.8323566042242467 0
0.8362827140273654 0
0.8372317193844474 0
0.837255177943836 0
0.8404903265431467 0
0.8407099839628758 0
0.8418466577950661 0
0.9601097860579384 0
0.9601268468284028 0
0.9601439075988671 0
0.9601609683693315 0
0.9610929129559491 0
0.9611163715153377 0
0.9646159620568465 0
0.9648356194765756 0
0.9659339065752209 0
0.9661450336097178 0
0.9663561606442147 0
0.9698365578189511 0
0.9698536185894155 0
0.9698706793598799 0
0.9708026239464974 0
0.970826082505886 0
0.9740228443716519 0
0.9742425017913809 0
0.9753407888900263 0
0.9755519159245232 0
0.97576304295902 0
0.9794055174531682 0
0.9794225782236325 0
0.9803545228102502 0
0.9803779813696386 0
0.9835747432354045 0
0.9837944006551336 0
0.9848926877537789 0
0.9851038147882758 0
0.9853149418227727 0
0.9892453168185075 0
0.9901943221755894 0
0.990217780734978 0
0.9934529293342887 0
0.9936725867540178 0
