0.12518340328249225 1
0.12526230934589005 2
0.12670820964274745 3
0.1278832702084826 4
0.14169609649571774 5
0.14178353294434776 6
0.14574802948101137 7
0.14582267035179308 8
0.14589731122257482 9
0.14951419456102638 10
0.14961442658750468 11
0.1497317193844474 12
0.14983195141092573 13
0.1499918961340294 14
0.16050346333640428 15
0.16060369536288258 16
0.16214769508991025 17
0.1622436619237725 18
0.16471320844849355 19
0.16482623605282015 20
0.1659586446923943 21
0.16694177159040502 22
0.16708465554304433 23
0.16910209165045895 24
0.16928762752925922 25
0.1743205548162555 26
0.17442078684273382 27
0.17453807963967652 28
0.17463404647353875 29
0.1752418364213328 30
0.17533780325519502 31
0.17706733886102297 32
0.1771675708875013 33
0.177284863684444 34
0.1773808305183062 35
0.17745973658170403 36
0.17797582488825195 37
0.1780504657590337 38
0.18036006756065104 39
0.18046882997236155 40
0.1811022110758522 41
0.18118111713925 42
0.18188274132459822 43
0.18228580202681954 44
0.18425205582284096 45
0.1849152932746443 46
0.18577472958678815 47
0.18595173508035623 48
0.18638038693827413 49
0.19533729143208106 50
0.1954375234585594 51
0.1955548162555021 52
0.19565078308936432 53
0.19604104821373733 54
0.19677039615109018 55
0.19899895929300168 56
0.19909919131947998 57
0.1992164841164227 58
0.1993124509502849 59
