0.13925853891561743 0
0.1393097212270106 0
0.14227616269150714 1
0.1423294775992084 2
0.1423827925069096 3
0.1472728358412666 3
0.1473560070972805 3
0.14747116729791518 4
0.14752234960930835 5
0.14764177500255912 6
0.1476929573139523 7
0.14777186337735013 7
0.1478230456887433 7
0.2035925717405398 8
0.203643754051933 9
0.22558603746545194 10
0.2759814208209643 10
0.28701547411881123 10
0.2901653188658 10
0.29063449005357084 10
0.29109939604872553 10
0.2915643020438803 10
0.29202920803903504 10
0.296093936602177 10
0.31584391101102127 10
0.31821962329818815 10
0.318688794485959 10
0.31915370048111374 10
0.31961860647626844 10
0.3200835124714232 10
0.32412904766779266 10
0.3436231105196711 10
0.34599882280683797 10
0.3464679939946088 10
0.3469328999897635 10
0.34739780598491826 10
0.347862711980073 10
0.3519082471764425 10
0.3714108404135531 10
0.37378655270072 10
0.3742557238884908 10
0.3747206298836456 10
0.37518553587880027 10
0.375650441873955 10
0.3796959770703245 10
0.3992071006926673 10
0.40158281297983417 10
0.402051984167605 10
0.40251689016275977 10
0.4029817961579145 10
0.4034467021530692 10
0.4074922373494387 10
0.4758078274814891 10
0.47818353976865596 10
0.4786527109564268 10
0.47911761695158156 10
0.47958252294673626 10
0.480047428941891 10
0.4840929641382605 10
0.5038173473914082 10
0.5061930596785751 10
0.5066622308663459 10
0.5071271368615007 10
0.5075920428566554 10
0.5080569488518102 10
0.5121024840481796 10
0.531596546900058 10
0.5339722591872249 10
0.5344414303749957 10
0.5349063363701505 10
0.5353712423653052 10
0.53583614836046 10
0.5398816835568294 10
0.55938427679394 10
0.5617599890811069 10
0.5622291602688777 10
0.5626940662640325 10
0.5631589722591872 10
0.563623878254342 10
0.5676694134507114 10
0.5871805370730542 10
0.5895562493602211 10
0.5900254205479919 10
0.5904903265431467 10
0.5909552325383014 10
0.5914201385334562 10
0.5954656737298256 10
0.663781263861876 10
0.6661569761490429 10
0.6666261473368137 10
0.6670910533319685 10
0.6675559593271232 10
0.668020865322278 10
0.6720664005186474 10
0.6917907837717951 10
0.694166496058962 10
0.6946356672467329 10
0.6951005732418876 10
0.6955654792370424 10
0.6960303852321971 10
0.7000759204285666 10
0.719569983280445 10
0.7219456955676118 10
0.7224148667553827 10
0.7228797727505374 10
0.7233446787456922 10
0.7238095847408469 10
0.7278551199372164 10
0.747357713174327 10
0.7497334254614938 10
0.7502025966492647 10
0.7506675026444194 10
0.7511324086395742 10
0.7515973146347289 10
0.7556428498310984 10
0.7751539734534412 10
0.7775296857406081 10
0.7779988569283789 10
0.7784637629235336 10
0.7789286689186884 10
0.7793935749138431 10
0.7834391101102126 10
0.8504943358242059 10
0.8528700481113727 10
0.8533392192991436 10
0.8538041252942983 10
0.8542690312894531 10
0.8547339372846078 10
0.8587794724809772 10
0.8785038557341249 10
0.8808795680212919 10
0.8813487392090626 10
0.8818136452042175 10
0.8822785511993722 10
0.882743457194527 10
0.8867889923908964 10
0.9062830552427747 10
0.9086587675299417 10
0.9091279387177125 10
0.9095928447128673 10
0.910057750708022 10
0.9105226567031767 10
0.9145681918995462 10
0.9340707851366568 10
0.9364464974238237 10
0.9369156686115945 10
0.9373805746067493 10
0.937845480601904 10
0.9383103865970587 10
0.9423559217934282 10
