0.42646168150953695 0
0.4265533831507831 0
0.4266450847920292 0
0.42673678643327534 0
0.42682848807452145 0
0.43620338144470605 0
0.43629508308595216 0
0.4363867847271983 0
0.4364784863684444 0
0.4365701880096905 0
0.4455590814481182 0
0.4456507830893643 0
0.44574248473061046 0
0.44583418637185657 0
0.4459258880131027 0
0.45398496946122086 0
0.45407667110246697 0
0.45416837274371313 0
0.45426007438495924 0
0.45435177602620536 0
0.4627499402873034 0
0.4628416419285495 0
0.4629333435697956 0
0.4630250452110417 0
0.4631167468522879 0
0.6143839355785308 0
0.6144756372197768 0
0.614567338861023 0
0.614659040502269 0
0.6147507421435152 0
0.6229996246630498 0
0.6230913263042959 0
0.623183027945542 0
0.6232747295867881 0
0.6233664312280343 0
0.6313316784385983 0
0.6314233800798444 0
0.6315150817210905 0
0.6316067833623367 0
0.6316984850035827 0
0.640883577302351 0
0.6409752789435971 0
0.6410669805848432 0
0.6411586822260893 0
0.6412503838673355 0
0.6507233766676903 0
0.6508150783089365 0
0.6509067799501825 0
0.6509984815914287 0
0.6510901832326748 0
0.8022742007029038 0
0.8023659023441498 0
0.802457603985396 0
0.8025493056266421 0
0.8026410072678882 0
0.8119647183266796 0
0.8120564199679258 0
0.8121481216091718 0
0.812239823250418 0
0.8123315248916642 0
0.820245589790835 0
0.8203372914320811 0
0.8204289930733272 0
0.8205206947145733 0
0.8206123963558194 0
0.8286714778039376 0
0.8287631794451837 0
0.8288548810864299 0
0.828946582727676 0
0.8290382843689221 0
0.8374364486300201 0
0.8375281502712663 0
0.8376198519125123 0
0.8377115535537585 0
0.8378032551950046 0
0.9612976422015218 0
0.961389343842768 0
0.961481045484014 0
0.9615727471252602 0
0.9616644487665063 0
0.9710073531920701 0
0.9710990548333163 0
0.9711907564745624 0
0.9712824581158085 0
0.9713741597570547 0
0.9805592520558228 0
0.980650953697069 0
0.9807426553383151 0
0.9808343569795612 0
0.9809260586208073 0
0.9903990514211621 0
0.9904907530624083 0
0.9905824547036545 0
0.9906741563449005 0
0.9907658579861467 0
