0.20191635104241307 1
0.20196326816119015 2
0.2021125499027536 3
0.20228315760739754 3
0.20246016310096565 3
0.20264143378714983 3
0.2030210359299826 3
0.20320230661616678 3
0.2034027706691234 3
0.20376744463779983 3
0.20398710205752893 3
0.20421315726618214 3
0.20445200805268365 3
0.20469085883918517 3
0.20487212952536937 3
0.20505340021155355 3
0.20529864878697923 3
0.2055758863070256 3
0.20575715699320982 3
0.20601520114648378 3
0.20627324529975774 3
0.20655048281980415 3
0.21309542088920735 4
0.21422143173985736 5
0.21430673559217933 6
0.21438350905926912 7
0.21515977411539905 7
0.21523228238987271 7
0.21539009451666838 7
0.2154945917357628 7
0.21556710001023646 7
0.2157249121370321 7
0.21590831541952435 7
0.2160277408127751 7
0.21621114409526734 7
0.21631990650697785 7
0.21639241478145152 7
0.21655662469717132 7
0.21674002797966357 7
0.21686158596922236 7
0.21704498925171462 7
0.21715588425973317 7
0.21722839253420684 7
0.21739260244992664 7
0.21757600573241886 7
0.21769756372197768 7
0.21788096700446993 7
0.2179918620124885 7
0.21806437028696216 7
0.2182221824137578 7
0.21890248063602552 7
0.21946122086873443 7
0.21965102194015082 7
0.21982589483741086 7
0.2200220936977514 7
0.22223999385812263 7
0.22242979492953902 7
0.22260466782679905 7
0.22280086668713958 7
0.2232636400859863 8
0.2242723581396936 9
0.224376855358788 10
0.22494199338042106 10
0.22498891049919814 11
0.22583341863718565 11
0.22606160644214693 11
0.22805771658648105 12
0.22812809226464667 13
0.2282240590985089 14
0.22925623571160472 14
0.22943537380148088 14
0.2305187327259699 15
0.23069787081584606 16
0.23076824649401168 17
0.23277288702357798 17
0.23296268809499437 17
0.2331375609922544 17
0.23333375985259494 17
0.2360464223564336 17
0.23623622342785 17
0.23641109632511004 17
0.23660729518545057 17
0.237665062954243 17
0.23992134984815913 17
0.24050141604394853 17
0.2423653052171836 17
0.24294323881666496 17
0.24480499539359196 17
0.24538292899307332 17
0.2465857133108131 17
0.2467755143822295 17
0.24695038727948954 17
0.24714658613983007 17
0.250172740300952 17
0.25033908281297984 17
0.2505054253250077 17
0.25067176783703554 17
0.25083811034906334 17
0.2510044528610912 17
0.25117079537311904 17
0.2513371378851469 17
0.25150348039717474 17
0.2516698229092026 17
0.25183616542123044 17
0.2520025079332583 17
0.2527766403930802 17
0.25339509332241444 18
0.2538642645101853 18
0.25452110417306445 18
0.25471090524448087 18
0.2548857781417409 18
0.2551395571023987 19
0.25523978912887707 20
0.25608003207424845 20
0.2569650595420889 20
0.2570375678165626 20
0.25720177773228237 20
0.25738518101477464 20
0.25750673900433346 20
0.2576901422868257 20
0.2578202306616167 20
0.2578927389360903 20
0.25805694885181013 20
0.25823182174907017 20
0.258353379738629 20
0.258528252635889 20
0.2591253796021428 20
0.2591978878766165 20
0.2593599651960283 20
0.2596350701197666 20
0.2597992800354864 20
0.25998268331797864 20
0.26010424130753745 20
0.2602876445900297 20
0.26084425222643054 20
0.26103405329784696 20
0.261208926195107 20
0.26145630736684067 20
0.2617676664278159 20
0.2618721636469103 20
0.26207689289248304 20
0.26307281536834204 20
0.2633223291363838 20
0.2640047599549596 20
0.26419456102637595 20
0.264369433923636 20
0.2646168150953697 20
0.26548904698536185 20
0.2660925717405398 20
0.2662717098304159 20
0.26774106868666186 20
0.2679308697580783 20
0.2681057426553383 20
0.26835312382707205 20
0.2695324495854233 20
0.2697222506568397 20
0.2698971235540997 20
0.2701445047258334 20
0.2746485481284335 20
0.27483834919984984 20
0.27501322209710993 20
0.2752606032688436 20
0.2757852219606237 20
0.28156242535912923 20
0.28163493363360287 20
0.28179274576039853 20
0.2861581704029754 20
0.2862050875217525 20
0.28637143003378035 20
0.2865697614904289 20
0.28685766199201557 20
0.29000324154638824 20
0.2904724127341591 20
0.29093731872931383 20
0.2914022247244686 20
0.2918671307196233 20
0.29355614699559834 20
0.29471627938717715 20
0.29491247824751765 20
0.2950169754666121 20
0.29559064387347733 20
0.2956375609922544 20
0.29634131777391065 20
0.2965588425973317 20
0.2985528201453578 20
0.29862319582352337 20
0.29871916265738563 20
0.30013520660593035 20
0.300382587777664 20
0.3008346981949705 20
0.301376377657215 20
0.3046946975125397 20
0.31074060804585935 20
0.31081311632033304 20
0.31097092844712865 20
0.31498660729518546 20
0.31503352441396254 20
0.3151998669259904 20
0.31539819838263894 20
0.3156860988842256 20
0.3180575459787764 20
0.31852671716654724 20
0.318991623161702 20
0.31945652915685674 20
0.3199214351520115 20
0.321591258061214 20
0.32275139045279283 20
0.3229475893131334 20
0.3230520865322278 20
0.32362575493909307 20
0.32367267205787015 20
0.3243764288395264 20
0.3245939536629474 20
0.3265879312109735 20
0.3266583068891391 20
0.3267542737230013 20
0.32817031767154603 20
0.32841769884327976 20
0.32886980926058623 20
0.3294008257412905 20
0.33270208482615077 20
0.33870534343330944 20
0.33877785170778313 20
0.3389356638345788 20
0.3427658068038353 20
0.34281272392261236 20
0.3429790664346402 20
0.34317739789128876 20
0.34346529839287543 20
0.3458367454874262 20
0.34630591667519706 20
0.3467708226703518 20
0.34723572866550656 20
0.34770063466066126 20
0.34937045756986385 20
0.35053058996144265 20
0.3507267888217832 20
0.3508312860408776 20
0.35140495444774283 20
0.35145187156651997 20
0.3521556283481762 20
0.35237315317159723 20
0.3543671307196233 20
0.3544375063977889 20
0.35453347323165113 20
0.35594951718019585 20
0.3561968983519296 20
0.356649008769236 20
0.3571800252499403 20
0.3604855495274167 20
0.36648880813457535 20
0.36656131640904904 20
0.36671912853584465 20
0.3705535366977173 20
0.37060045381649437 20
0.3707667963285222 20
0.37096512778517077 20
0.37125302828675744 20
0.3736244753813082 20
0.37409364656907906 20
0.3745585525642338 20
0.37502345855938857 20
0.37548836455454326 20
0.37715818746374585 20
0.37831831985532466 20
0.3785145187156652 20
0.3786190159347596 20
0.37919268434162484 20
0.379239601460402 20
0.3799433582420582 20
0.38016088306547924 20
0.3821548606135053 20
0.38222523629167093 20
0.38232120312553314 20
0.38373724707407786 20
0.3839846282458116 20
0.384436738663118 20
0.3849677551438223 20
0.3882775446139148 20
0.39428080322107345 20
0.39435331149554714 20
0.3945111236223428 20
0.3983497969768315 20
0.39839671409560856 20
0.3985630566076364 20
0.39876138806428496 20
0.39904928856587163 20
0.4014207356604224 20
0.40188990684819326 20
0.402354812843348 20
0.40281971883850276 20
0.4032846248336575 20
0.40495444774286005 20
0.40611458013443885 20
0.4063107789947794 20
0.4064152762138738 20
0.4069889446207391 20
0.40703586173951617 20
0.4077396185211724 20
0.40795714334459343 20
0.40995112089261954 20
0.4100214965707851 20
0.41011746340464733 20
0.41153350735319205 20
0.4117808885249258 20
0.41223299894223225 20
0.4127640154229365 20
0.41607807008564507 20
0.42425870952332206 20
0.42433121779779576 20
0.4244890299245914 20
0.42699696318285735 20
0.42790544921008633 20
0.42853243252465284 20
0.42903572525335243 20
0.43401747022895554 20
0.43408997850342923 20
0.43424779063022484 20
0.4367386631180264 20
0.43749786740369195 20
0.43812485071825846 20
0.4385535025761763 20
0.44344141331422526 20
0.44351392158869896 20
0.44367173371549457 20
0.4460943631214386 20
0.4468535674071041 20
0.4474805507216706 20
0.4479092025795885 20
0.45170735660422423 20
0.4517798648786979 20
0.4519376770054936 20
0.45452025113454125 20
0.45527945542020676 20
0.45590643873477327 20
0.4563350905926912 20
0.46059388541986557 20
0.46066639369433926 20
0.46082847101375096 20
0.4632852219606237 20
0.4640444262462893 20
0.4646714095608558 20
0.4651000614187737 20
0.4708985907803596 20
0.4709710990548333 20
0.471128911181629 20
0.4749505237656533 20
0.47499744088443036 20
0.4751637833964582 20
0.47536211485310675 20
0.4756500153546934 20
0.4780214624492442 20
0.47849063363701505 20
0.4789555396321698 20
0.47942044562732455 20
0.47988535162247925 20
0.48155517453168184 20
0.48271530692326065 20
0.4829115057836012 20
0.4830160030026956 20
0.48358967140956083 20
0.48363658852833796 20
0.4843403453099942 20
0.4845578701334152 20
0.4865518476814413 20
0.4866222233596069 20
0.4867181901934691 20
0.48813423414201385 20
0.4883816153137476 20
0.488833725731054 20
0.4893647422117583 20
0.49266813389292663 20
0.4987140444262463 20
0.49878655270072 20
0.4989443648275156 20
0.5029600436755723 20
0.5030069607943495 20
0.5031733033063773 20
0.5033716347630259 20
0.5036595352646126 20
0.5060309823591633 20
0.5065001535469342 20
0.5069650595420889 20
0.5074299655372436 20
0.5078948715323984 20
0.509564694441601 20
0.5107248268331798 20
0.5109210256935203 20
0.5110255229126147 20
0.51159919131948 20
0.5116461084382571 20
0.5123498652199133 20
0.5125673900433344 20
0.5145613675913604 20
0.5146317432695261 20
0.5147277101033882 20
0.516143754051933 20
0.5163911352236668 20
0.5168432456409732 20
0.5173742621216774 20
0.5206755212065377 20
0.5266787798136964 20
0.5267512880881701 20
0.5269091002149657 20
0.5307392431842222 20
0.5307861603029993 20
0.5309525028150271 20
0.5311508342716758 20
0.5314387347732623 20
0.5338101818678131 20
0.5342793530555839 20
0.5347442590507387 20
0.5352091650458934 20
0.5356740710410482 20
0.5373438939502508 20
0.5385040263418296 20
0.5387002252021701 20
0.5388047224212645 20
0.5393783908281298 20
0.5394253079469069 20
0.5401290647285631 20
0.5403465895519841 20
0.5423405671000102 20
0.5424109427781758 20
0.5425069096120381 20
0.5439229535605828 20
0.5441703347323165 20
0.544622445149623 20
0.5451534616303272 20
0.5484589859078036 20
0.5544622445149623 20
0.554534752789436 20
0.5546925649162316 20
0.5585269730781042 20
0.5585738901968813 20
0.5587402327089092 20
0.5589385641655578 20
0.5592264646671443 20
0.5615979117616952 20
0.562067082949466 20
0.5625319889446208 20
0.5629968949397754 20
0.5634618009349303 20
0.5651316238441328 20
0.5662917562357116 20
0.5664879550960521 20
0.5665924523151465 20
0.5671661207220118 20
0.5672130378407889 20
0.5679167946224452 20
0.5681343194458661 20
0.5701282969938922 20
0.5701986726720578 20
0.5702946395059201 20
0.5717106834544649 20
0.5719580646261985 20
0.572410175043505 20
0.5729411915242092 20
0.5762509809943017 20
0.5822542396014604 20
0.5823267478759341 20
0.5824845600027297 20
0.5863232333572184 20
0.5863701504759955 20
0.5865364929880234 20
0.586734824444672 20
0.5870227249462586 20
0.5893941720408093 20
0.5898633432285803 20
0.590328249223735 20
0.5907931552188896 20
0.5912580612140445 20
0.592927884123247 20
0.5940880165148258 20
0.5942842153751663 20
0.5943887125942607 20
0.594962381001126 20
0.5950092981199031 20
0.5957130549015593 20
0.5959305797249804 20
0.5979245572730064 20
0.5979949329511721 20
0.5980908997850343 20
0.599506943733579 20
0.5997543249053128 20
0.6002064353226192 20
0.6007374518033234 20
0.604051506466032 20
0.612232145903709 20
0.6123046541781827 20
0.6124624663049784 20
0.6149192172518511 20
0.6158277032790801 20
0.6164546865936466 20
0.6169579793223462 20
0.6208648957586924 20
0.6209374040331661 20
0.6210952161599618 20
0.6235349063363701 20
0.6242941106220357 20
0.6249210939366022 20
0.6253497457945201 20
0.6291628279933121 20
0.6292353362677858 20
0.6293931483945815 20
0.6318669601119187 20
0.6326261643975842 20
0.6332531477121507 20
0.6336817995700685 20
0.6385547821339612 20
0.6386272904084348 20
0.6387851025352305 20
0.6414188589756713 20
0.6421780632613369 20
0.6428050465759033 20
0.6432336984338213 20
0.6485673218002524 20
0.6486398300747261 20
0.6488019073941379 20
0.6512586583410107 20
0.6520178626266763 20
0.6526448459412427 20
0.6530734977991606 20
0.6588720271607466 20
0.6589445354352202 20
0.6591023475620159 20
0.6629239601460402 20
0.6629708772648173 20
0.6631372197768451 20
0.6633355512334937 20
0.6636234517350803 20
0.6659948988296311 20
0.6664640700174019 20
0.6669289760125567 20
0.6673938820077114 20
0.6678587880028662 20
0.6695286109120688 20
0.6706887433036476 20
0.6708849421639881 20
0.6709894393830825 20
0.6715631077899478 20
0.6716100249087249 20
0.6723137816903811 20
0.6725313065138022 20
0.6745252840618282 20
0.6745956597399938 20
0.6746916265738561 20
0.6761076705224008 20
0.6763550516941345 20
0.676807162111441 20
0.6773381785921452 20
0.6806415702733135 20
0.6866874808066332 20
0.6867599890811069 20
0.6869178012079026 20
0.6909334800559593 20
0.6909803971747364 20
0.6911467396867642 20
0.6913450711434128 20
0.6916329716449995 20
0.6940044187395503 20
0.6944735899273211 20
0.6949384959224758 20
0.6954034019176306 20
0.6958683079127853 20
0.6975381308219879 20
0.6986982632135668 20
0.6988944620739073 20
0.6989989592930017 20
0.699572627699867 20
0.699619544818644 20
0.7003233016003003 20
0.7005408264237213 20
0.7025348039717474 20
0.702605179649913 20
0.7027011464837752 20
0.7041171904323199 20
0.7043645716040536 20
0.70481668202136 20
0.7053476985020644 20
0.7086489575869246 20
0.7146522161940834 20
0.714724724468557 20
0.7148825365953526 20
0.7187126795646092 20
0.7187595966833862 20
0.718925939195414 20
0.7191242706520626 20
0.7194121711536493 20
0.7217836182482001 20
0.7222527894359709 20
0.7227176954311256 20
0.7231826014262804 20
0.7236475074214351 20
0.7253173303306377 20
0.7264774627222166 20
0.7266736615825571 20
0.7267781588016515 20
0.7273518272085168 20
0.7273987443272938 20
0.72810250110895 20
0.7283200259323711 20
0.7303140034803972 20
0.7303843791585628 20
0.7304803459924251 20
0.7318963899409697 20
0.7321437711127035 20
0.7325958815300099 20
0.7331268980107142 20
0.7364324222881905 20
0.7424356808953493 20
0.7425081891698229 20
0.7426660012966185 20
0.7465004094584912 20
0.7465473265772682 20
0.746713669089296 20
0.7469120005459446 20
0.7471999010475313 20
0.7495713481420822 20
0.7500405193298529 20
0.7505054253250076 20
0.7509703313201624 20
0.7514352373153171 20
0.7531050602245197 20
0.7542651926160986 20
0.7544613914764391 20
0.7545658886955335 20
0.7551395571023988 20
0.7551864742211758 20
0.755890231002832 20
0.7561077558262531 20
0.7581017333742792 20
0.7581721090524448 20
0.7582680758863071 20
0.7596841198348517 20
0.7599315010065855 20
0.7603836114238919 20
0.7609146279045962 20
0.7642244173746886 20
0.7702276759818474 20
0.770300184256321 20
0.7704579963831166 20
0.7742966697376054 20
0.7743435868563824 20
0.7745099293684102 20
0.7747082608250588 20
0.7749961613266455 20
0.7773676084211963 20
0.7778367796089671 20
0.7783016856041218 20
0.7787665915992766 20
0.7792314975944313 20
0.7809013205036339 20
0.7820614528952128 20
0.7822576517555533 20
0.7823621489746477 20
0.782935817381513 20
0.78298273450029 20
0.7836864912819463 20
0.7839040161053673 20
0.7858979936533934 20
0.785968369331559 20
0.7860643361654213 20
0.7874803801139659 20
0.7877277612856997 20
0.7881798717030061 20
0.7887108881837104 20
0.7920249428464189 20
0.8000712287166889 20
0.8001437369911625 20
0.8003015491179581 20
0.8028094823762241 20
0.8037179684034531 20
0.8043449517180196 20
0.8048482444467192 20
0.8098299894223223 20
0.809902497696796 20
0.8100603098235917 20
0.8125 20
0.8132592042856656 20
0.813886187600232 20
0.81431483945815 20
0.818127921656942 20
0.8182004299314157 20
0.8183582420582114 20
0.8207808714641553 20
0.8215400757498209 20
0.8221670590643874 20
0.8225957109223052 20
0.826393864946941 20
0.8264663732214147 20
0.8266241853482104 20
0.829206759477258 20
0.8299659637629235 20
0.83059294707749 20
0.831021598935408 20
0.8352803937625823 20
0.835352902037056 20
0.8355149793564678 20
0.8379717303033405 20
0.838730934589006 20
0.8393579179035725 20
0.8397865697614905 20
0.8455850991230764 20
0.84565760739755 20
0.8458154195243457 20
0.84963703210837 20
0.8496839492271471 20
0.8498502917391749 20
0.8500486231958235 20
0.8503365236974102 20
0.8527079707919609 20
0.8531771419797318 20
0.8536420479748865 20
0.8541069539700413 20
0.854571859965196 20
0.8562416828743986 20
0.8574018152659774 20
0.857598014126318 20
0.8577025113454123 20
0.8582761797522777 20
0.8583230968710547 20
0.8590268536527109 20
0.859244378476132 20
0.8612383560241581 20
0.8613087317023237 20
0.8614046985361858 20
0.8628207424847306 20
0.8630681236564643 20
0.8635202340737708 20
0.8640512505544751 20
0.8673546422356434 20
0.873400552768963 20
0.8734730610434367 20
0.8736308731702324 20
0.8776465520182891 20
0.8776934691370663 20
0.8778598116490941 20
0.8780581431057427 20
0.8783460436073293 20
0.8807174907018801 20
0.8811866618896509 20
0.8816515678848057 20
0.8821164738799604 20
0.8825813798751152 20
0.8842512027843178 20
0.8854113351758965 20
0.885607534036237 20
0.8857120312553315 20
0.8862856996621967 20
0.8863326167809739 20
0.8870363735626301 20
0.8872538983860511 20
0.8892478759340772 20
0.8893182516122428 20
0.889414218446105 20
0.8908302623946498 20
0.8910776435663834 20
0.8915297539836899 20
0.8920607704643941 20
0.8953620295492545 20
0.9013652881564131 20
0.9014377964308868 20
0.9015956085576825 20
0.9054257515269389 20
0.9054726686457161 20
0.9056390111577439 20
0.9058373426143924 20
0.9061252431159791 20
0.9084966902105299 20
0.9089658613983007 20
0.9094307673934555 20
0.9098956733886102 20
0.910360579383765 20
0.9120304022929675 20
0.9131905346845464 20
0.9133867335448869 20
0.9134912307639813 20
0.9140648991708465 20
0.9141118162896237 20
0.9148155730712799 20
0.9150330978947009 20
0.917027075442727 20
0.9170974511208926 20
0.9171934179547548 20
0.9186094619032995 20
0.9188568430750332 20
0.9193089534923398 20
0.919839969973044 20
0.9231454942505204 20
0.9291487528576791 20
0.9292212611321528 20
0.9293790732589484 20
0.933213481420821 20
0.9332603985395981 20
0.9334267410516259 20
0.9336250725082744 20
0.9339129730098611 20
0.9362844201044119 20
0.9367535912921827 20
0.9372184972873375 20
0.9376834032824922 20
0.938148309277647 20
0.9398181321868495 20
0.9409782645784284 20
0.9411744634387689 20
0.9412789606578633 20
0.9418526290647286 20
0.9418995461835057 20
0.9426033029651619 20
0.9428208277885829 20
0.944814805336609 20
0.9448851810147746 20
0.9449811478486368 20
0.9463971917971815 20
0.9466445729689152 20
0.9470966833862218 20
0.947627699866926 20
0.9509374893370185 20
0.9591117309857713 20
0.959184239260245 20
0.9593420513870407 20
0.9618329238748422 20
0.9627414099020711 20
0.9633683932166377 20
0.9638716859453373 20
0.9688385027467841 20
0.9689110110212578 20
0.9690688231480533 20
0.9715426348653905 20
0.9723018391510561 20
0.9729288224656225 20
0.9733574743235405 20
0.978230456887433 20
0.9783029651619067 20
0.9784607772887024 20
0.9810945337291432 20
0.9818537380148088 20
0.9824807213293753 20
0.9829093731872931 20
0.9882429965537244 20
0.9883155048281981 20
0.9884775821476098 20
0.9909343330944825 20
0.9916935373801481 20
0.9923205206947145 20
0.9927491725526325 20
