0.21391860306411437 0
0.21861244753813083 0
0.22121208243764287 0
0.22848210325178286 0
0.23204993687514927 0
0.235240300951991 0
0.23855009042208347 0
0.24100470877264818 0
0.24344439894905653 0
0.24586276316238442 0
0.2884869655713652 0
0.2937843348005596 0
0.3171618555293957 0
0.32181944586617534 0
0.3449410550380455 0
0.3495986453748251 0
0.3727287849319275 0
0.3773863752687071 0
0.4005250452110417 0
0.40518263554782136 0
0.4771257719998635 0
0.4817833623366431 0
0.5051352919097827 0
0.5097928822465623 0
0.5329144914184325 0
0.5375720817552121 0
0.5607022213123145 0
0.5653598116490941 0
0.5884984815914287 0
0.5931560719282083 0
0.6650992083802505 0
0.6697567987170301 0
0.6931087282901696 0
0.6977663186269492 0
0.7208879277988194 0
0.725545518135599 0
0.7486756576927014 0
0.753333248029481 0
0.7764719179718156 0
0.7811295083085952 0
0.8518122803425803 0
0.8564698706793599 0
0.8798218002524995 0
0.884479390589279 0
0.9076009997611492 0
0.9122585900979289 0
0.9353887296550312 0
0.9400463199918109 0
