0.29007148462824583 0
0.2905406558160166 0
0.2910055618111714 0
0.29147046780632613 0
0.2919353738014809 0
0.30045296345582967 0
0.318125789060634 0
0.31859496024840483 0
0.3190598662435596 0
0.3195247722387143 0
0.31998967823386903 0
0.3284880745214454 0
0.3459049885692838 0
0.34637415975705466 0
0.34683906575220935 0
0.3473039717473641 0
0.34776887774251886 0
0.3562672740300952 0
0.3736927184631658 0
0.37416188965093666 0
0.37462679564609136 0
0.3750917016412461 0
0.37555660763640086 0
0.38405500392397723 0
0.40148897874228 0
0.40195814993005086 0
0.4024230559252056 0
0.4028879619203603 0
0.40335286791551506 0
0.4118512642030914 0
0.4780897055311018 0
0.47855887671887265 0
0.47902378271402735 0
0.4794886887091821 0
0.47995359470433685 0
0.4884519909919132 0
0.5060992254410209 0
0.5065683966287917 0
0.5070333026239465 0
0.5074982086191012 0
0.507963114614256 0
0.5164615109018323 0
0.5338784249496707 0
0.5343475961374415 0
0.5348125021325963 0
0.535277408127751 0
0.5357423141229057 0
0.5442407104104822 0
0.5616661548435528 0
0.5621353260313235 0
0.5626002320264784 0
0.563065138021633 0
0.5635300440167877 0
0.5720284403043642 0
0.589462415122667 0
0.5899315863104377 0
0.5903964923055925 0
0.5908613983007472 0
0.591326304295902 0
0.5998247005834784 0
0.6660631419114887 0
0.6665323130992595 0
0.6669972190944143 0
0.667462125089569 0
0.6679270310847237 0
0.6764254273723002 0
0.6940726618214078 0
0.6945418330091787 0
0.6950067390043334 0
0.6954716449994882 0
0.6959365509946429 0
0.7044349472822192 0
0.7218518613300576 0
0.7223210325178285 0
0.7227859385129832 0
0.723250844508138 0
0.7237157505032927 0
0.732214146790869 0
0.7496395912239396 0
0.7501087624117105 0
0.7505736684068652 0
0.75103857440202 0
0.7515034803971747 0
0.760001876684751 0
0.7774358515030538 0
0.7779050226908247 0
0.7783699286859794 0
0.7788348346811342 0
0.7792997406762889 0
0.7877981369638652 0
0.8527762138738185 0
0.8532453850615894 0
0.8537102910567441 0
0.8541751970518988 0
0.8546401030470536 0
0.8631384993346299 0
0.8807857337837377 0
0.8812549049715085 0
0.8817198109666633 0
0.882184716961818 0
0.8826496229569727 0
0.8911480192445491 0
0.9085649332923875 0
0.9090341044801583 0
0.9094990104753131 0
0.9099639164704678 0
0.9104288224656225 0
0.9189272187531989 0
0.9363526631862695 0
0.9368218343740403 0
0.9372867403691951 0
0.9377516463643498 0
0.9382165523595045 0
0.946714948647081 0
