0.12965545774047155 1
0.1296874466850923 2
0.14206716825331833 3
0.14211195277578736 4
0.14527459310062443 5
0.14533217320094174 6
0.1721005220595762 7
0.17214530658204524 8
0.17219009110451428 9
0.1722348756269833 10
0.17903146006073634 11
0.2535358446787457 12
0.2536275463199918 13
0.2537043197870816 14
0.29021650117719316 14
0.2903082028184393 14
0.29077310881359403 14
0.2912380148087488 14
0.29170292080390353 14
0.29216782679905823 14
0.3005318695192275 14
0.30069394683863926 14
0.3182708056095813 14
0.31836250725082743 14
0.3188274132459822 14
0.31929231924113693 14
0.3197572252362917 14
0.32022213123144644 14
0.32856698058484324 14
0.32872905790425494 14
0.34605000511823114 14
0.34614170675947725 14
0.346606612754632 14
0.34707151874978676 14
0.3475364247449415 14
0.3480013307400962 14
0.356346180093493 14
0.35650825741290476 14
0.37383773501211315 14
0.37392943665335926 14
0.374394342648514 14
0.37485924864366876 14
0.3753241546388235 14
0.3757890606339782 14
0.384133909987375 14
0.38429598730678677 14
0.40163399529122734 14
0.40172569693247345 14
0.4021906029276282 14
0.40265550892278296 14
0.4031204149179377 14
0.40358532091309246 14
0.41193017026648926 14
0.41209224758590096 14
0.47823472208004913 14
0.47832642372129525 14
0.47879132971645 14
0.47925623571160475 14
0.4797211417067595 14
0.4801860477019142 14
0.488530897055311 14
0.48869297437472276 14
0.5062442419899683 14
0.5063359436312144 14
0.5068008496263692 14
0.5072657556215239 14
0.5077306616166786 14
0.5081955676118334 14
0.5165404169652301 14
0.5167024942846419 14
0.534023441498618 14
0.5341151431398642 14
0.5345800491350189 14
0.5350449551301737 14
0.5355098611253284 14
0.5359747671204832 14
0.5443196164738799 14
0.5444816937932917 14
0.5618111713925 14
0.5619028730337462 14
0.5623677790289009 14
0.5628326850240557 14
0.5632975910192104 14
0.5637624970143652 14
0.572107346367762 14
0.5722694236871737 14
0.5896074316716143 14
0.5896991333128604 14
0.5901640393080152 14
0.5906289453031699 14
0.5910938512983246 14
0.5915587572934794 14
0.5999036066468761 14
0.6000656839662879 14
0.6662081584604361 14
0.6662998601016822 14
0.6667647660968369 14
0.6672296720919917 14
0.6676945780871464 14
0.6681594840823012 14
0.6765043334356979 14
0.6766664107551097 14
0.6942176783703552 14
0.6943093800116014 14
0.6947742860067561 14
0.6952391920019108 14
0.6957040979970656 14
0.6961690039922203 14
0.7045138533456171 14
0.7046759306650289 14
0.721996877879005 14
0.7220885795202512 14
0.7225534855154059 14
0.7230183915105606 14
0.7234832975057154 14
0.7239482035008701 14
0.7322930528542669 14
0.7324551301736787 14
0.749784607772887 14
0.7498763094141332 14
0.7503412154092879 14
0.7508061214044426 14
0.7512710273995974 14
0.7517359333947521 14
0.7600807827481489 14
0.7602428600675607 14
0.7775808680520012 14
0.7776725696932474 14
0.7781374756884021 14
0.7786023816835568 14
0.7790672876787116 14
0.7795321936738663 14
0.7878770430272631 14
0.7880391203466749 14
0.8529212304227659 14
0.853012932064012 14
0.8534778380591668 14
0.8539427440543215 14
0.8544076500494763 14
0.854872556044631 14
0.8632174053980278 14
0.8633794827174395 14
0.880930750332685 14
0.8810224519739311 14
0.8814873579690858 14
0.8819522639642406 14
0.8824171699593953 14
0.8828820759545501 14
0.8912269253079469 14
0.8913890026273587 14
0.9087099498413348 14
0.908801651482581 14
0.9092665574777357 14
0.9097314634728905 14
0.9101963694680452 14
0.9106612754632 14
0.9190061248165967 14
0.9191682021360085 14
0.9364976797352168 14
0.936589381376463 14
0.9370542873716177 14
0.9375191933667725 14
0.9379840993619272 14
0.938449005357082 14
0.9467938547104787 14
0.9469559320298905 14
