0.22782313099259563 0
0.2649239089637288 0
0.2806987238543693 0
0.29830970416624014 0
0.3263448152318559 0
0.3541240147405057 0
0.3819117446343877 0
0.4097080049135019 0
0.45969819497048486 0
0.47003488927559967 0
0.4863087317023237 0
0.5143182516122428 0
0.5420974511208926 0
0.5698851810147746 0
0.5976814412938888 0
0.6476716313508718 0
0.6580083256559867 0
0.6742821680827106 0
0.7022916879926298 0
0.7300708875012796 0
0.7578586173951616 0
0.7856548776742758 0
0.8343847033132016 0
0.8447213976183164 0
0.8609952400450405 0
0.8890047599549595 0
0.9167839594636094 0
0.9445716893574914 0
0.9873473061043436 0
