0.2088942061623503 0
0.20918850445286108 0
0.20945081379875116 0
0.20971312314464122 0
0.21013964240625108 0
0.2104531340635343 0
0.21086259255467976 0
0.21127631623844134 0
0.2115258300064831 0
0.2117604156003685 0
0.21196301224963318 0
0.21218906745828642 0
0.28766165080015016 0
0.2877981369638653 0
0.31633654075818063 0
0.3164730269218958 0
0.34411574026683045 0
0.3442522264305456 0
0.37190347016071246 0
0.3720399563244276 0
0.39969973043982665 0
0.3998362166035418 0
0.47630045722864844 0
0.4764369433923636 0
0.5043099771385676 0
0.5044464633022827 0
0.5320891766472174 0
0.5322256628109325 0
0.5598769065410995 0
0.5600133927048145 0
0.5876731668202136 0
0.5878096529839287 0
0.6642738936090354 0
0.6644103797727505 0
0.6922834135189545 0
0.6924198996826697 0
0.7200626130276043 0
0.7201990991913195 0
0.7478503429214863 0
0.7479868290852015 0
0.7756466032006005 0
0.7757830893643157 0
0.8509869655713652 0
0.8511234517350803 0
0.8789964854812843 0
0.8791329716449995 0
0.9067756849899341 0
0.9069121711536493 0
0.9345634148838161 0
0.9346999010475313 0
