0.21444535435220255 1
0.2189536629474187 2
0.2189621933326509 3
0.22167698843279762 4
0.22876787115706146 5
0.23227385948749446 6
0.2354876821237247 7
0.238788941208585 8
0.2412435595591497 9
0.24368324973555805 10
0.24608668577472959 11
0.28301685604121884 11
0.28302538642645103 11
0.2830339168116832 11
0.28882178319172896 11
0.2942321800252499 11
0.3123848397993653 11
0.31239337018459756 11
0.31240190056982975 11
0.31749667314975943 11
0.32226729109086566 11
0.34015977411539905 11
0.34016830450063124 11
0.3401768348858634 11
0.34527587265840926 11
0.3500464905995155 11
0.36794323881666496 11
0.36795176920189715 11
0.36796029958712934 11
0.37306360255229126 11
0.3778342204933975 11
0.39573523390316306 11
0.39574376428839525 11
0.39575229467362744 11
0.40085986283140546 11
0.4056304807725117 11
0.47235302146244923 11
0.4723615518476814 11
0.47237008223291366 11
0.47746058962022725 11
0.4822312075613335 11
0.5003582761797523 11
0.5003668065649844 11
0.5003753369502166 11
0.5054701095301464 11
0.5102407274712526 11
0.528133210495786 11
0.5281417408810182 11
0.5281502712662504 11
0.5332493090387962 11
0.5380199269799024 11
0.5559166751970519 11
0.5559252055822841 11
0.5559337359675163 11
0.5610370389326782 11
0.5658076568737844 11
0.58370867028355 11
0.5837172006687822 11
0.5837257310540144 11
0.5888332992117924 11
0.5936039171528986 11
0.6603264578428362 11
0.6603349882280684 11
0.6603435186133005 11
0.6654340260006142 11
0.6702046439417204 11
0.6883317125601393 11
0.6883402429453714 11
0.6883487733306036 11
0.6934435459105334 11
0.6982141638516396 11
0.716106646876173 11
0.7161151772614052 11
0.7161237076466374 11
0.7212227454191831 11
0.7259933633602893 11
0.7438901115774388 11
0.7438986419626711 11
0.7439071723479033 11
0.7490104753130651 11
0.7537810932541713 11
0.771682106663937 11
0.7716906370491692 11
0.7716991674344014 11
0.7768067355921794 11
0.7815773535332856 11
0.847039529805166 11
0.8470480601903982 11
0.8470565905756304 11
0.852147097962944 11
0.8569177159040502 11
0.875044784522469 11
0.8750533149077012 11
0.8750618452929334 11
0.8801566178728631 11
0.8849272358139694 11
0.9028197188385028 11
0.902828249223735 11
0.9028367796089671 11
0.907935817381513 11
0.9127064353226192 11
0.9306031835397687 11
0.9306117139250009 11
0.930620244310233 11
0.935723547275395 11
0.9404941652165012 11
