0.002883270208482615 1
0.0029109939604872554 2
0.002945115501416044 3
0.002979237042344832 4
0.0030133585832736206 5
0.003047480124202409 6
0.003181833691609513 6
0.0032095574436141537 7
0.003243678984542942 7
0.003433480055959327 8
0.0034676015968881156 8
0.0035017231378169037 9
0.0035358446787456923 10
0.0035699662196744804 11
0.003714982768621831 11
0.0038045518135599 11
0.003832275565564541 11
0.003866397106493329 11
0.007634694782816392 11
0.007662418534821033 11
0.0076965400757498205 11
0.007730661616678609 11
0.0077647831576073975 11
0.007798904698536186 11
0.00793325826594329 11
0.00796098201794793 11
0.00799510355887672 11
0.008184904630293104 11
0.008219026171221892 11
0.008253147712150681 11
0.008287269253079469 11
0.008321390794008258 11
0.008466407342955607 11
0.008555976387893677 11
0.008583700139898318 11
0.008617821680827106 11
0.009795014842870304 11
0.009822738594874944 11
0.009856860135803733 11
0.00989098167673252 11
0.00992510321766131 11
0.009959224758590098 11
0.010093578325997202 11
0.010121302078001843 11
0.010155423618930631 11
0.010345224690347016 11
0.010379346231275805 11
0.010413467772204593 11
0.01044758931313338 11
0.01048171085406217 11
0.01062672740300952 11
0.010716296447947589 11
0.01074402019995223 11
0.010778141740881018 11
0.012337069642065036 11
0.012364793394069677 11
0.012398914934998465 11
0.012433036475927252 11
0.012467158016856042 11
0.01250127955778483 11
0.012635633125191933 11
0.012663356877196575 11
0.012697478418125362 11
0.012887279489541747 11
0.012921401030470537 11
0.012955522571399324 11
0.012989644112328112 11
0.013023765653256901 11
0.013168782202204252 11
0.01325835124714232 11
0.013286074999146961 11
0.01332019654007575 11
0.014712781929231923 11
0.014740505681236565 11
0.014774627222165352 11
0.014808748763094142 11
0.01484287030402293 11
0.014876991844951719 11
0.015011345412358821 11
0.015039069164363462 11
0.01507319070529225 11
0.015262991776708637 11
0.015297113317637424 11
0.015331234858566212 11
0.015365356399495001 11
0.01539947794042379 11
0.01554449448937114 11
0.015634063534309208 11
0.01566178728631385 11
0.015695908827242637 11
0.017141809124100044 11
0.017169532876104687 11
0.017203654417033473 11
0.017237775957962262 11
0.01727189749889105 11
0.017306019039819837 11
0.01744037260722694 11
0.017468096359231584 11
0.01750221790016037 11
0.017692018971576757 11
0.017726140512505546 11
0.017760262053434332 11
0.01779438359436312 11
0.01782850513529191 11
0.01797352168423926 11
0.01806309072917733 11
0.01809081448118197 11
0.01812493602211076 11
0.020748029481011364 11
0.020775753233016003 11
0.020809874773944793 11
0.02084399631487358 11
0.020878117855802368 11
0.020912239396731157 11
0.02104659296413826 11
0.0210743167161429 11
0.02110843825707169 11
0.021298239328488074 11
0.021332360869416863 11
0.021366482410345652 11
0.02140060395127444 11
0.021434725492203228 11
0.02157974204115058 11
0.021669311086088647 11
0.02169703483809329 11
0.021731156379022076 11
0.023959719520933564 11
0.023987443272938207 11
0.024021564813866993 11
0.024055686354795783 11
0.024089807895724572 11
0.024123929436653358 11
0.024258283004060462 11
0.024286006756065105 11
0.02432012829699389 11
0.024509929368410278 11
0.024544050909339067 11
0.024578172450267853 11
0.024612293991196642 11
0.024646415532125432 11
0.024791432081072783 11
0.02488100112601085 11
0.02490872487801549 11
0.02494284641894428 11
0.027414525539973384 11
0.027442249291978027 11
0.027476370832906813 11
0.027510492373835602 11
0.027544613914764392 11
0.027578735455693178 11
0.027713089023100282 11
0.027740812775104925 11
0.02777493431603371 11
0.027964735387450097 11
0.027998856928378887 11
0.028032978469307673 11
0.028067100010236462 11
0.02810122155116525 11
0.028246238100112602 11
0.02833580714505067 11
0.02836353089705531 11
0.0283976524379841 11
0.02977317705667588 11
0.02980090080868052 11
0.02983502234960931 11
0.029869143890538095 11
0.029903265431466885 11
0.029937386972395674 11
0.03007174053980278 11
0.030099464291807418 11
0.030133585832736207 11
0.03032338690415259 11
0.03035750844508138 11
0.03039162998601017 11
0.030425751526938955 11
0.030459873067867745 11
0.030604889616815095 11
0.030694458661753164 11
0.030722182413757806 11
0.030756303954686592 11
0.032893165455351966 11
0.032920889207356606 11
0.03295501074828539 11
0.03298913228921418 11
0.03302325383014297 11
0.03305737537107176 11
0.03319172893847886 11
0.0332194526904835 11
0.03325357423141229 11
0.033443375302828676 11
0.03347749684375746 11
0.033511618384686255 11
0.03354573992561504 11
0.03357986146654383 11
0.03372487801549118 11
0.03381444706042925 11
0.03384217081243389 11
0.033876292353362675 11
0.035906524038625584 11
0.035934247790630224 11
0.035968369331559016 11
0.0360024908724878 11
0.03603661241341659 11
0.03607073395434538 11
0.036205087521752485 11
0.036232811273757125 11
0.03626693281468591 11
0.036456733886102294 11
0.03649085542703109 11
0.03652497696795987 11
0.03655909850888866 11
0.03659322004981745 11
0.0367382365987648 11
0.03682780564370287 11
0.03685552939570751 11
0.0368896509366363 11
0.038753540109871365 11
0.038781263861876004 11
0.03881538540280479 11
0.038849506943733576 11
0.03888362848466237 11
0.038917750025591155 11
0.03905210359299826 11
0.0390798273450029 11
0.03911394888593169 11
0.039303749957348075 11
0.03933787149827686 11
0.039371993039205654 11
0.03940611458013444 11
0.039440236121063225 11
0.039585252670010576 11
0.03967482171494865 11
0.03970254546695329 11
0.03973666700788207 11
0.04385044528610912 11
0.043878169038113764 11
0.04391229057904255 11
0.043946412119971336 11
0.04398053366090013 11
0.044014655201828914 11
0.04414900876923602 11
0.04417673252124066 11
0.04421085406216945 11
0.044400655133585834 11
0.04443477667451462 11
0.04446889821544341 11
0.0445030197563722 11
0.044537141297300985 11
0.044682157846248335 11
0.04477172689118641 11
0.04479945064319105 11
0.04483357218411983 11
0.045501074828539254 11
0.045590643873477325 11
0.04562476541440611 11
0.045658886955334904 11
0.04611526256525745 11
0.046266676903128946 12
0.046430886818848736 12
0.04645861057085338 12
0.04649273211178217 12
0.046526853652710955 12
0.04656097519363975 12
0.046595096734568534 12
0.04672945030197564 12
0.04675717405398028 12
0.04679129559490906 12
0.04698109666632545 12
0.04701521820725424 12
0.047049339748183025 12
0.04708346128911182 12
0.047117582830040604 12
0.047262599378987954 12
0.047352168423926026 12
0.047379892175930666 12
0.04741401371685945 12
0.04808151636127887 12
0.048115637902207666 12
0.048143361654212305 12
0.04933974818302794 12
0.04936747193503259 12
0.049401593475961375 12
0.04943571501689016 12
0.049469836557818954 12
0.04950395809874774 12
0.049638311666154844 12
0.049666035418159483 12
0.04970015695908827 12
0.04988995803050466 12
0.049924079571433445 12
0.04995820111236223 12
0.049992322653291024 12
0.05002644419421981 12
0.05017146074316716 12
0.05026102978810523 12
0.05028875354010987 12
0.05032287508103866 12
0.05099037772545808 12
0.05102449926638687 12
0.05105222301839151 12
0.05205241068686662 12
0.05208013443887126 12
0.052114255979800045 12
0.05214837752072884 12
0.052182499061657624 12
0.05221662060258641 12
0.052350974169993514 12
0.05237869792199816 12
0.052412819462926946 12
0.05260262053434333 12
0.05263674207527212 12
0.05267086361620091 12
0.052704985157129694 12
0.05273910669805849 12
0.05288412324700584 12
0.0529736922919439 12
0.05300141604394854 12
0.053035537584877335 12
0.053703040229296756 12
0.05373716177022554 12
0.05376488552223018 12
0.05495913945473778 12
0.05498686320674242 12
0.055020984747671205 12
0.05505510628859999 12
0.055089227829528783 12
0.05512334937045757 12
0.055257702937864674 12
0.05528542668986931 12
0.055319548230798106 12
0.05550934930221449 12
0.055543470843143275 12
0.05557759238407207 12
0.055611713925000854 12
0.05564583546592964 12
0.05579085201487699 12
0.05588042105981506 12
0.0559081448118197 12
0.05594226635274849 12
0.056609768997167915 12
0.0566438905380967 12
0.05667161429010134 12
0.057831746681680146 12
0.057859470433684786 12
0.05789359197461357 12
0.057927713515542364 12
0.05796183505647115 12
0.057995956597399936 12
0.05813031016480704 12
0.05815803391681168 12
0.05819215545774047 12
0.058381956529156856 12
0.05841607807008564 12
0.058450199611014435 12
0.05848432115194322 12
0.05851844269287201 12
0.05866345924181936 12
0.05875302828675743 12
0.05878075203876207 12
0.05881487357969086 12
0.05948237622411028 12
0.05951649776503907 12
0.05954422151704371 12
0.060166939638994096 12
0.060194663390998736 12
0.06022878493192753 12
0.060262906472856315 12
0.0602970280137851 12
0.06033114955471389 12
0.060465503122121 12
0.06049322687412564 12
0.06052734841505442 12
0.060717149486470806 12
0.0607512710273996 12
0.060785392568328385 12
0.06081951410925717 12
0.060853635650185964 12
0.060998652199133314 12
0.06108822124407138 12
0.061115944996076026 12
0.06115006653700481 12
0.061689613402941275 13
0.061894342648514004 14
0.0620585525642338 14
0.06208627631623844 14
0.06212039785716723 14
0.06215451939809602 14
0.062188640939024806 14
0.06222276247995359 14
0.062357116047360696 14
0.06238483979936534 14
0.06241896134029413 14
0.06260876241171051 14
0.0626428839526393 14
0.06267700549356808 14
0.06271112703449688 14
0.06274524857542567 14
0.06289026512437301 14
0.06297983416931109 14
0.06300755792131572 14
0.06304167946224451 14
0.0635257788241717 14
0.06374330364759273 14
0.06377742518852152 14
0.06380514894052615 14
0.06618512642030915 15
0.0666073804893029 15
0.06663510424130754 15
0.06666922578223633 15
0.06670334732316512 15
0.0667374688640939 15
0.06677159040502269 15
0.0669059439724298 15
0.06693366772443443 15
0.06696778926536322 15
0.06715759033677961 15
0.0671917118777084 15
0.06722583341863718 15
0.06725995495956598 15
0.06729407650049476 15
0.06743909304944211 15
0.06752866209438019 15
0.06755638584638482 15
0.0675905073873136 15
0.06807460674924079 15
0.06837530282867574 15
0.06840942436960454 15
0.06843714812160917 15
0.07034368922100522 16
0.07075314771215067 16
0.07078087146415532 16
0.0708149930050841 16
0.07084911454601289 16
0.07088323608694169 16
0.07091735762787048 16
0.07105171119527758 16
0.07107943494728222 16
0.07111355648821101 16
0.0713033575596274 16
0.07133747910055618 16
0.07137160064148497 16
0.07140572218241376 16
0.07143984372334254 16
0.0715848602722899 16
0.07167442931722796 16
0.07170215306923261 16
0.0717362746101614 16
0.07222037397208858 16
0.07252107005152353 16
0.07255519159245231 16
0.07258291534445696 16
0.07428685979458832 16
0.07431458354659297 16
0.07434870508752175 16
0.07438282662845054 16
0.07441694816937933 16
0.07445106971030811 16
0.07458542327771522 16
0.07461314702971986 16
0.07464726857064866 16
0.07483706964206503 16
0.07487119118299382 16
0.07490531272392262 16
0.0749394342648514 16
0.07497355580578019 16
0.07511857235472753 16
0.07520814139966561 16
0.07523586515167024 16
0.07526998669259904 16
0.07575408605452623 16
0.07588630702562528 17
0.07592042856655407 17
0.07595455010748285 18
0.07598867164841164 19
0.07626164397584195 19
0.07629576551677074 19
0.07632348926877537 19
0.07694620739072576 19
0.0769739311427304 19
0.07700805268365919 19
0.07704217422458798 19
0.07707629576551676 19
0.07711041730644556 19
0.07724477087385266 19
0.07727249462585731 19
0.0773066161667861 19
0.07749641723820248 19
0.07753053877913127 19
0.07756466032006006 19
0.07759878186098884 19
0.07763290340191763 19
0.07777791995086498 19
0.07786748899580305 19
0.0778952127478077 19
0.07792933428873648 19
0.07841343365066367 19
0.07854565462176272 19
0.0785797761626915 19
0.07861389770362029 19
0.07864801924454909 19
0.07873758828948715 19
0.07892525676459548 20
0.07895937830552428 20
0.07899349984645307 20
0.07902762138738186 21
0.07922595284403043 21
0.07941788651175487 21
0.07944561026375951 21
0.0794797318046883 21
0.07951385334561709 21
0.07954797488654587 21
0.07958209642747466 21
0.07971644999488177 21
0.07974417374688642 21
0.0797782952878152 21
0.07996809635923158 21
0.08000221790016038 21
0.08003633944108916 21
0.08007046098201795 21
0.08010458252294674 21
0.08024959907189409 21
0.08033916811683216 21
0.08036689186883679 21
0.08040101340976559 21
0.08088511277169277 21
0.08097468181663084 21
0.08121993039205651 21
0.0812540519329853 21
0.08128177568498994 21
0.08131589722591873 21
0.08135001876684751 22
0.0823971235540997 22
0.08242484730610435 22
0.08245896884703313 22
0.08249309038796192 22
0.0825272119288907 22
0.0825613334698195 22
0.0826956870372266 22
0.08272341078923125 22
0.08275753233016003 22
0.08294733340157641 22
0.08298145494250521 22
0.083015576483434 22
0.08304969802436278 22
0.08308381956529157 22
0.08322883611423892 22
0.08331840515917699 22
0.08334612891118164 22
0.08338025045211042 22
0.0838643498140376 22
0.08395391885897567 22
0.08419916743440134 22
0.08423328897533013 22
0.08426101272733477 22
0.08429513426826356 22
0.08432925580919234 22
0.08441882485413041 22
0.0844529463950592 22
0.084487067935988 22
0.08457663698092606 22
0.08478776401542294 23
0.08498183027945543 24
0.08514604019517522 24
0.08517376394717985 24
0.08520788548810865 24
0.08524200702903743 24
0.08527612856996622 24
0.085310250110895 24
0.08544460367830212 24
0.08547232743030675 24
0.08550644897123554 24
0.08569625004265193 24
0.08573037158358071 24
0.0857644931245095 24
0.0857986146654383 24
0.08583273620636708 24
0.08597775275531443 24
0.0860673218002525 24
0.08609504555225714 24
0.08612916709318592 24
0.08661326645511311 24
0.08670283550005119 24
0.08694808407547684 24
0.08698220561640564 24
0.08700992936841027 24
0.08704405090933906 24
0.08707817245026786 24
0.08711229399119665 24
0.08867335448868871 24
0.08870107824069334 24
0.08873519978162214 24
0.08876932132255093 24
0.08880344286347971 24
0.0888375644044085 24
0.08897191797181561 24
0.08899964172382024 24
0.08903376326474903 24
0.08922356433616542 24
0.0892576858770942 24
0.08929180741802299 24
0.08932592895895179 24
0.08936005049988058 24
0.08950506704882792 24
0.089594636093766 24
0.08962235984577063 24
0.08965648138669942 24
0.0901405807486266 24
0.09023014979356468 24
0.09047539836899034 24
0.09050951990991914 24
0.09053724366192377 24
0.09057136520285256 24
0.09060548674378135 24
0.09063960828471014 24
0.0907291773296482 24
0.09076329887057699 24
0.09079742041150578 24
0.09083154195243458 24
0.09086566349336336 24
0.09089978503429215 24
0.09093390657522094 25
0.09122180707680759 26
0.09125592861773638 26
0.09134549766267444 26
0.09137961920360324 26
0.09156728767871157 26
0.09160140921964036 26
0.09163553076056914 26
0.09166965230149794 27
0.09170377384242673 28
0.09179334288736479 28
0.09198527655508923 28
0.09201300030709386 28
0.09204712184802266 28
0.09208124338895145 28
0.09211536492988023 28
0.09214948647080902 28
0.09228384003821613 28
0.09231156379022076 28
0.09234568533114955 28
0.09253548640256594 28
0.09256960794349472 28
0.09260372948442351 28
0.09263785102535231 28
0.0926719725662811 28
0.09281698911522844 28
0.09290655816016652 28
0.09293428191217115 28
0.09296840345309994 28
0.09345250281502712 28
0.0935420718599652 28
0.09378732043539086 28
0.09382144197631966 28
0.09384916572832429 28
0.09388328726925307 28
0.09391740881018187 28
0.09395153035111066 28
0.09398565189203945 28
0.09401977343296823 28
0.09405389497389702 28
0.0940880165148258 28
0.0941221380557546 28
0.09415625959668339 28
0.09419038113761218 28
0.09427995018255024 28
0.0957493090387962 28
0.09577703279080083 28
0.09581115433172963 28
0.09584527587265841 28
0.0958793974135872 28
0.09591351895451598 28
0.0960478725219231 28
0.09607559627392773 28
0.09610971781485651 28
0.0962995188862729 28
0.09633364042720169 28
0.09636776196813047 28
0.09640188350905927 28
0.09643600504998806 28
0.0965810215989354 28
0.09667059064387348 28
0.09669831439587812 28
0.0967324359368069 28
0.09721653529873409 28
0.09730610434367216 28
0.09755135291909782 28
0.09758547446002662 28
0.09761319821203125 28
0.09764731975296004 28
0.09768144129388884 28
0.09771556283481762 28
0.09774968437574641 28
0.0977838059166752 28
0.09781792745760398 28
0.09785204899853277 28
0.09788617053946157 28
0.09792029208039035 28
0.09795441362131914 28
0.0980439826662572 28
0.09884157368546763 28
0.09886929743747228 28
0.09890341897840106 28
0.09893754051932985 28
0.09897166206025865 28
0.09900578360118743 28
0.09914013716859453 28
0.09916786092059918 28
0.09920198246152796 28
0.09939178353294435 28
0.09942590507387314 28
0.09946002661480192 28
0.09949414815573071 28
0.0995282696966595 28
0.09967328624560685 28
0.09976285529054492 28
0.09979057904254957 28
0.09982470058347835 28
0.10030879994540554 28
0.1003983689903436 28
0.10048793803528168 28
0.10052205957621047 28
0.10076091036271198 29
0.10079503190364077 29
0.10082915344456955 29
0.10086327498549834 29
0.10089313133381103 29
0.10108506500153547 30
0.10117463404647353 30
0.10120875558740233 30
0.10124287712833112 30
0.1012769986692599 30
0.10131112021018869 30
0.10152864503360971 31
0.10156276657453851 31
0.1015968881154673 31
0.10202340737707714 32
0.10237528576790528 32
0.10240300951990992 32
0.10243713106083871 32
0.1024712526017675 32
0.10250537414269628 32
0.10253949568362507 32
0.10267384925103218 32
0.10270157300303681 32
0.10273569454396561 32
0.10292549561538199 32
0.10295961715631077 32
0.10299373869723957 32
0.10302786023816836 32
0.10306198177909714 32
0.10320699832804449 32
0.10329656737298257 32
0.1033242911249872 32
0.103358412665916 32
0.10365910874535093 32
0.10383398164261098 32
0.10416879926297472 32
0.10419652301497935 32
0.10423064455590815 32
0.10426476609683694 32
0.10429888763776572 32
0.10433300917869451 32
0.10446736274610162 32
0.10449508649810625 32
0.10452920803903504 32
0.10456332957996384 32
0.11589381376462961 32
0.11592153751663425 32
0.11595565905756304 32
0.11598978059849183 32
0.11602390213942061 32
0.1160580236803494 32
0.11624782475176579 32
0.11628194629269457 32
0.11631606783362336 32
0.11635018937455216 32
0.11638431091548095 32
0.11652932746442829 32
0.11656344900535708 33
0.11672552632476883 34
0.11675964786569762 34
0.11683642133278739 35
0.11687054287371618 35
0.11690466441464496 35
0.11693878595557375 35
0.11697290749650255 35
0.11704968096359232 36
0.1170838025045211 36
0.11711792404544989 36
0.11715204558637868 36
0.11724161463131676 36
0.11727573617224554 36
0.1175295151329034 37
0.11760628859999317 38
0.11764041014092197 38
0.11767453168185076 38
0.11770865322277954 38
0.11774277476370833 38
0.11777689630463711 38
0.11782594601972225 38
0.11791551506466032 38
0.1179496366055891 38
0.11803920565052718 39
0.11820981335517113 40
0.11824393489609991 40
0.11833350394103798 40
0.11836762548196676 40
0.11840174702289555 40
0.11849131606783363 40
0.11852543760876241 40
0.1185595591496912 40
0.11859368069061998 40
0.11881760330296516 41
0.11900313918176544 42
0.11909270822670352 42
0.11912682976763231 42
0.1191609513085611 42
0.11919507284948988 42
0.11922919439041867 42
0.11949150373630874 43
0.11952562527723752 43
0.11955974681816631 43
0.11959386835909509 43
0.11994574674992323 44
0.12012701743610742 44
0.12031468591121575 44
0.12066443170573583 44
0.12069855324666462 44
0.1207326747875934 44
0.12076679632852219 44
0.12080091786945099 44
0.12100777971133177 45
0.12104190125226055 45
0.12107602279318934 45
0.12111014433411812 45
0.12114426587504691 45
0.12117838741597571 45
0.1212125089569045 45
0.12130207800184256 45
0.12133619954277135 45
0.12137032108370013 45
0.12145989012863821 45
0.121494011669567 45
0.12152813321049578 45
0.12170940389667997 46
0.12174352543760876 46
0.12177764697853755 46
0.12181176851946635 46
0.12184589006039513 46
0.12188001160132392 47
0.1219141331422527 47
0.12228307230354522 48
0.12236624355955915 49
0.12240036510048793 49
0.12243448664141672 49
0.12246860818234552 49
0.1225027297232743 49
0.12253685126420309 49
0.12257097280513188 49
0.12260509434606066 49
0.12263921588698945 49
0.12267333742791825 49
0.12270745896884704 49
0.12274158050977582 49
0.12277570205070461 49
0.1228098235916334 49
0.1228439451325622 49
0.12287806667349098 49
0.12291218821441977 50
0.12300175725935783 50
0.12303587880028662 50
0.12307000034121542 50
0.1231041218821442 50
0.12348372402497697 51
0.12351784556590575 51
0.12355196710683454 51
0.12364153615177262 51
0.1236756576927014 51
0.12370977923363019 51
0.12399981233152489 52
0.12402966867983758 52
0.12411923772477565 52
0.12415335926570444 52
0.12424292831064251 52
0.12440500563005426 53
0.12459480670147063 54
0.12608762411710514 55
0.126601579827345 56
0.12700037533695022 57
0.12708994438188828 57
0.12712406592281708 57
0.12715818746374585 57
0.12719230900467465 57
0.12722643054560345 58
0.12755058518442694 59
0.127640154229365 59
0.12767427577029378 59
0.12770839731122258 59
0.12774251885215138 59
0.12777664039308015 59
0.12806667349097486 60
0.12823088340669464 60
0.1282586071586993 60
0.12829272869962807 60
0.12832685024055687 60
0.12836097178148564 60
0.12839509332241444 60
0.12858489439383083 60
0.1286190159347596 60
0.1286531374756884 60
0.12868725901661718 60
0.12872138055754598 60
0.12875550209847478 60
0.12878962363940355 60
0.12882374518033235 60
0.12904127000375337 60
0.12907539154468214 60
0.1291031152966868 60
0.12913723683761558 60
0.12917135837854438 60
0.12920547991947318 60
0.12923960146040195 60
0.12927372300133075 60
0.12930784454225952 60
0.12934196608318832 60
0.1293760876241171 60
0.1294102091650459 60
0.1294443307059747 60
0.12947845224690346 60
0.12951257378783226 60
0.12954669532876104 60
0.1299945405534514 61
0.13030376701811855 61
0.13033149077012318 61
0.13036561231105195 61
0.13039973385198075 61
0.13043385539290955 61
0.13046797693383833 61
0.13050209847476713 61
0.1305362200156959 61
0.1305618111713925 62
0.13630062783635308 62
0.13633474937728188 62
0.13636887091821068 62
0.13640299245913945 62
0.13643711400006825 62
0.13647123554099702 62
0.13650535708192582 62
0.13653947862285462 62
0.13717712491896134 62
0.13721124645989013 62
0.1372453680008189 62
0.1372794895417477 62
0.1373136110826765 62
0.13734773262360528 62
0.13738185416453408 62
0.13741597570546285 62
0.13744583205377556 62
0.13752900330978948 63
0.13756312485071825 63
0.13759724639164705 63
0.13763136793257583 63
0.13766548947350463 64
0.1376996110144334 64
0.1377891800593715 64
0.13782330160030026 64
0.1379064728563142 65
0.137940594397243 65
0.13797471593817176 65
0.13800883747910056 65
0.13804295902002933 65
0.13807708056095813 65
0.13811120210188693 65
0.138200771146825 65
0.13823489268775377 65
0.13826901422868257 65
0.13830313576961137 65
0.13839270481454943 65
0.1384268263554782 65
0.138460947896407 65
0.13849506943733578 65
0.13852919097826458 65
0.13856331251919338 65
0.13859743406012215 65
0.13863155560105095 65
0.13866567714197972 65
0.13869979868290852 65
0.13873392022383732 65
0.13882348926877539 65
0.13885761080970416 65
0.13889173235063296 65
0.13892585389156173 65
0.13895997543249053 65
0.1390495444774286 65
0.1390836660183574 65
0.13911778755928617 65
0.13915190910021497 65
0.13942274883133723 66
0.13969572115876752 67
0.13984073770771488 67
0.13987485924864368 67
0.13990898078957245 67
0.13994310233050125 67
0.13997722387143002 67
0.14001134541235882 67
0.14004546695328762 67
0.1400795884942164 67
0.1401137100351452 67
0.14014783157607397 67
0.14018195311700277 67
0.14021607465793154 67
0.14025019619886034 67
0.1403397652437984 67
0.1403738867847272 67
0.14040800832565598 67
0.14044212986658478 67
0.14047625140751357 67
0.14051037294844235 67
0.14054449448937115 67
0.14076415190910022 68
0.14085372095403828 68
0.14088784249496708 68
0.14092196403589585 68
0.14095608557682465 68
0.14099020711775342 68
0.14102432865868222 68
0.14105845019961102 68
0.1413314225270413 69
0.1413655440679701 69
0.1413996656088989 69
0.14284130071314022 70
0.142875422254069 70
0.1429095437949978 70
0.14294366533592656 70
0.1433168696898352 71
0.14340643873477327 71
0.14344056027570204 71
0.14347468181663084 71
0.14350880335755964 71
0.1435429248984884 71
0.14390759886716484 71
0.1439971679121029 71
0.1442040297539837 72
0.14423815129491246 72
0.14427227283584126 72
0.14430639437677006 72
0.14434051591769884 72
0.14437463745862764 72
0.1444087589995564 72
0.14492058211348824 72
0.14495470365441704 72
0.1449888251953458 72
0.1451956870372266 72
0.14640486914389053 73
0.1464944381888286 73
0.1465285597297574 73
0.1465626812706862 73
0.14659680281161497 73
0.14663092435254377 73
0.14666504589347254 73
0.14669916743440134 73
0.14673328897533014 73
0.1467674105162589 73
0.1468015320571877 73
0.14683565359811648 73
0.14686977513904528 73
0.1479531340635343 74
0.1479872556044631 74
0.14807682464940117 74
0.14811094619032997 74
0.14814506773125874 74
0.14817918927218754 74
0.1482133108131163 74
0.1482474323540451 74
0.14828155389497388 74
0.14831567543590268 74
0.14834979697683148 74
0.14838391851776025 74
0.14885948749445524 75
0.15026913365407582 76
0.15035870269901389 76
0.15039282423994269 76
0.15042694578087146 76
0.15046106732180026 76
0.15083427167570887 77
0.15113710035145186 77
0.15117122189238066 77
0.15120534343330944 77
0.15123946497423824 77
0.15127358651516704 77
0.1513077080560958 77
0.1513418295970246 77
0.15137595113795338 77
0.1514058074862661 77
0.15148897874228 77
0.15152310028320878 77
0.15155722182413758 77
0.15159134336506636 77
0.15162546490599516 77
0.15165958644692396 77
0.15174915549186202 77
0.1517832770327908 77
0.15186644828880472 77
0.15190056982973352 77
0.1519346913706623 77
0.1519688129115911 77
0.1520029344525199 77
0.15203705599344866 77
0.15207117753437746 77
0.15210529907530623 77
0.15213942061623503 77
0.15303511106561574 77
0.1530692326065445 77
0.1531033541474733 77
0.15313747568840208 77
0.15317159722933088 77
0.15320571877025965 77
0.15323984031118845 77
0.15327396185211725 77
0.15330381820042993 77
0.15338698945644386 77
0.15342111099737263 77
0.15345523253830143 77
0.15348935407923023 77
0.153523475620159 77
0.1535575971610878 77
0.15364716620602586 77
0.15368128774695466 77
0.15376445900296856 77
0.15379858054389736 77
0.15383270208482616 77
0.15386682362575493 77
0.15390094516668373 77
0.1539350667076125 77
0.1539691882485413 77
0.1540033097894701 77
0.15403743133039888 77
0.15493312177977958 77
0.15496724332070835 77
0.15500136486163715 77
0.15503548640256595 77
0.15506960794349472 77
0.15510372948442352 77
0.1551378510253523 77
0.1551719725662811 77
0.15520182891459378 77
0.1552850001706077 77
0.1553191217115365 77
0.15535324325246527 77
0.15538736479339407 77
0.15542148633432284 77
0.15545560787525164 77
0.1555451769201897 77
0.1555792984611185 77
0.15566246971713243 77
0.1556965912580612 77
0.15573071279899 77
0.15576483433991878 77
0.15579895588084758 77
0.15583307742177638 77
0.15586719896270515 77
0.15590132050363395 77
0.15593544204456272 77
0.15683113249394343 77
0.15686525403487223 77
0.156899375575801 77
0.1569334971167298 77
0.15696761865765857 77
0.15700174019858737 77
0.15703586173951617 77
0.15706998328044494 77
0.15709983962875765 77
0.15718301088477155 77
0.15721713242570035 77
0.15725125396662915 77
0.15728537550755792 77
0.15731949704848672 77
0.1573536185894155 77
0.15744318763435355 77
0.15747730917528235 77
0.15756048043129628 77
0.15759460197222508 77
0.15762872351315385 77
0.15766284505408265 77
0.15769696659501142 77
0.15773108813594022 77
0.157765209676869 77
0.1577993312177978 77
0.1578334527587266 77
0.15872914320810727 77
0.15876326474903607 77
0.15879738628996484 77
0.15883150783089364 77
0.15886562937182244 77
0.15889975091275121 77
0.15893387245368001 77
0.15896799399460879 77
0.1589978503429215 77
0.15908102159893542 77
0.1591151431398642 77
0.159149264680793 77
0.15918338622172176 77
0.15921750776265056 77
0.15925162930357936 77
0.15934119834851743 77
0.1593753198894462 77
0.15945849114546012 77
0.15949261268638892 77
0.1595267342273177 77
0.1595608557682465 77
0.1595949773091753 77
0.15962909885010407 77
0.15966322039103287 77
0.15969734193196164 77
0.15973146347289044 77
0.15976131982120312 77
0.15979544136213192 77
0.16093211519432218 78
0.16102168423926025 78
0.16105580578018902 78
0.16139062340055277 79
0.1624697171324257 80
0.16255928617736376 80
0.16259340771829256 80
0.16296447947589313 81
0.16299433582420583 81
0.1630839048691439 81
0.16311802641007267 81
0.16315214795100147 81
0.16318626949193027 81
0.16322039103285904 81
0.16325451257378784 81
0.1632886341147166 81
0.1633227556556454 81
0.16335687719657419 81
0.1638196505954209 82
0.1638537721363497 82
0.16513546251748729 83
0.16522503156242535 83
0.16525915310335415 83
0.16529327464428292 83
0.16532739618521172 83
0.16536151772614052 83
0.1653956392670693 83
0.1654297608079981 83
0.16551932985293616 83
0.16555345139386496 83
0.16558757293479373 83
0.1656771419797318 83
0.1657112635206606 83
0.16574538506158937 83
0.16577950660251817 83
0.16581362814344697 83
0.16584774968437574 83
0.16624228000136487 84
0.1673043129627734 85
0.16739388200771146 85
0.16742800354864026 85
0.16746212508956904 85
0.16749624663049784 85
0.1675303681714266 85
0.1675644897123554 85
0.1675986112532842 85
0.16763273279421298 85
0.16824052274200704 86
0.16827037909031972 86
0.1683045006312485 86
0.1696714948647081 87
0.16976106390964615 87
0.16979518545057495 87
0.16988475449551302 87
0.16991887603644182 87
0.1699529975773706 87
0.1699871191182994 87
0.17036245606851605 88
0.17045202511345411 88
0.17048614665438291 88
0.1705202681953117 88
0.17060983724024978 88
0.17064395878117855 88
0.17067808032210735 88
0.17071220186303612 88
0.17080177090797422 88
0.170835892448903 88
0.1708700139898318 88
0.17090413553076056 88
0.17093825707168936 88
0.17102782611662742 88
0.17106194765755622 88
0.171096069198485 88
0.17128800286620943 89
0.17132212440713823 89
0.1717145221278193 90
0.1717486436687481 90
0.17190432319923568 91
0.1723692291943904 92
0.17256969324734706 93
0.17265926229228512 93
0.17269338383321392 93
0.1727275053741427 93
0.17293436721602348 94
0.17296848875695225 94
0.17300261029788105 94
0.17303673183880985 94
0.17312630088374792 94
0.1731604224246767 94
0.1731945439656055 94
0.17322866550653426 94
0.1735720135121302 95
0.173606135053059 95
0.17369570409799706 95
0.17372982563892586 95
0.17376394717985463 95
0.17379806872078343 95
0.17383219026171223 95
0.173866311802641 95
0.17487289726004027 96
0.1756619578940185 97
0.17575152693895657 97
0.17578564847988534 97
0.17581977002081414 97
0.17610553792609274 98
0.17613965946702154 98
0.1762292285119596 98
0.1764894052615416 99
0.1782338690415259 100
0.17832343808646398 100
0.17846845463541133 100
0.1785580236803494 100
0.1787094380182209 101
0.1787435595591497 101
0.17877768110007847 101
0.17881180264100727 101
0.17884592418193607 101
0.17888004572286484 101
0.17891416726379364 101
0.1791722114170676 102
0.17920633295799637 102
0.17966697376053503 103
0.17985464223564337 104
0.17988876377657215 104
0.1799783328215102 104
0.180012454362439 104
0.18004657590336778 104
0.18008069744429658 104
0.18073966970348382 105
0.18139011157743884 106
0.1814796806223769 106
0.1815138021633057 106
0.18154792370423448 106
0.18163749274917254 106
0.18167161429010134 106
0.18170573583103014 106
0.1817398573719589 106
0.1817739789128877 106
0.1821727744224929 107
0.18250119425393252 108
0.18259076329887058 108
0.18262488483979936 108
0.18271445388473742 108
0.18274857542566622 108
0.18278269696659502 108
0.18287226601153309 108
0.18290638755246186 108
0.18294050909339066 108
0.1832028184392807 109
0.18329238748421878 109
0.18332650902514758 109
0.18336063056607638 109
0.18345019961101444 109
0.1834843211519432 109
0.183518442692872 109
0.18360801173781008 109
0.18364213327873888 109
0.1838425973316955 110
0.18410490667758556 111
0.18413902821851436 111
0.18458047565428054 112
0.1846700446992186 112
0.1847041662401474 112
0.1847382877810762 112
0.18477240932200498 112
0.18480653086293378 112
0.18519892858361484 113
0.18625456375609922 114
0.18664056368785614 115
0.18677918244787933 116
0.18681330398880813 116
0.18684742552973693 116
0.1868815470706657 116
0.1869156686115945 116
0.18694979015252328 116
0.18698391169345208 116
0.18701803323438088 116
0.18705215477530965 117
0.18708627631623845 117
0.18712039785716722 117
0.18715451939809602 117
0.18718864093902482 117
0.1872227624799536 117
0.1872568840208824 117
0.18729100556181116 117
0.18732512710273996 117
0.18735924864366874 117
0.18739337018459754 117
0.18742749172552634 117
0.1874616132664551 117
0.1874957348073839 117
0.18752985634831268 117
0.18756397788924148 117
0.18759383423755416 117
0.18786893916129252 117
0.18790306070222132 117
0.1879371822431501 117
0.1879713037840789 117
0.1880054253250077 117
0.18803954686593646 117
0.18807366840686526 117
0.18810778994779404 117
0.18813764629610674 117
0.18817176783703551 117
0.1882058893779643 117
0.18824001091889309 117
0.18827413245982189 117
0.18830825400075069 117
0.18834237554167946 117
0.18837649708260826 117
0.18851511584263145 117
0.18854923738356025 117
0.18858335892448902 117
0.18861748046541782 117
0.18865160200634662 117
0.1886857235472754 117
0.1887198450882042 117
0.18875396662913296 117
0.18878808817006176 117
0.18882220971099054 117
0.18885633125191933 117
0.18889045279284813 117
0.1889245743337769 117
0.1889586958747057 117
0.18899281741563448 117
0.18902693895656328 117
0.18906106049749208 117
0.18909518203842085 117
0.18912930357934965 117
0.18916342512027842 117
0.18919754666120722 117
0.18923166820213602 117
0.1892657897430648 117
0.1892999112839936 117
0.18932976763230627 117
0.1905432149315863 117
0.1905773364725151 117
0.1906114580134439 117
0.19064557955437267 117
0.19067970109530147 117
0.19071382263623024 117
0.19074794417715904 117
0.19078206571808784 117
0.19081192206640052 117
0.19084604360732932 117
0.1908801651482581 117
0.1909142866891869 117
0.19094840823011566 117
0.19098252977104446 117
0.19101665131197326 117
0.19105077285290203 117
0.19118939161292525 117
0.19122351315385402 117
0.19125763469478282 117
0.1912917562357116 117
0.1913258777766404 117
0.19135999931756917 117
0.19139412085849797 117
0.19142824239942677 117
0.19146236394035554 117
0.19149648548128434 117
0.1915306070222131 117
0.1915647285631419 117
0.1915988501040707 117
0.19163297164499948 117
0.19166709318592828 117
0.19170121472685706 117
0.19173533626778586 117
0.19176945780871466 117
0.19180357934964343 117
0.19183770089057223 117
0.191871822431501 117
0.1919059439724298 117
0.19194006551335857 117
0.19197418705428737 117
0.19200404340260005 117
0.1922215682260211 118
0.1927504521104173 118
0.1932430818575767 118
0.1932772033985055 118
0.19331132493943426 118
0.19334544648036306 118
0.19337956802129183 118
0.19341368956222063 118
0.19344781110314943 118
0.1934819326440782 118
0.1935117889923909 118
0.19354591053331968 118
0.19358003207424848 118
0.19361415361517725 118
0.19364827515610605 118
0.19368239669703483 118
0.19371651823796363 118
0.19375063977889243 118
0.19388925853891562 118
0.19392338007984442 118
0.1939575016207732 118
0.193991623161702 118
0.19402574470263076 118
0.19405986624355956 118
0.19409398778448836 118
0.19412810932541713 118
0.19416223086634593 118
0.1941963524072747 118
0.1942304739482035 118
0.1942645954891323 118
0.19429871703006107 118
0.19433283857098987 118
0.19436696011191865 118
0.19440108165284745 118
0.19443520319377622 118
0.19446932473470502 118
0.19450344627563382 118
0.1945375678165626 118
0.1945716893574914 118
0.19460581089842016 118
0.19463993243934896 118
0.19467405398027776 118
0.19470391032859044 118
0.19473803186951924 119
0.1965635343092094 120
0.1965976558501382 120
0.196631777391067 120
0.19666589893199576 120
0.1970007165523595 121
0.19703483809328828 122
0.19706895963421708 123
0.19715852867915515 123
0.19719265022008395 123
0.19722677176101272 123
0.19738031869519226 124
0.19746988774013036 124
0.19750400928105913 124
0.19753813082198793 124
0.197627699866926 124
0.19766182140785477 124
0.19769594294878357 124
0.1978964070017402 125
0.19798597604667828 125
0.1981352577882417 126
0.19849140137168594 127
0.19954703654417033 128
0.20793453782372812 128
0.20796865936465692 128
0.2080027809055857 128
0.2080369024465145 128
