0.061764254273723 1
0.10060096563960828 2
0.1053673183880984 2
0.10674071041048214 2
0.10810983724024976 2
0.1094533729143208 2
0.11082249974408845 3
0.1261558671989627 4
0.1928272255775071 5
0.28274601631009655 5
0.3121182652608592 5
0.3398931995768929 5
0.3676766642781588 5
0.3954686593646569 5
0.472082181731327 5
0.5000917016412462 5
0.5278666359572798 5
0.5556501006585457 5
0.5834420957450438 5
0.6600556181117139 5
0.688065138021633 5
0.7158400723376668 5
0.7436235370389327 5
0.7714155321254308 5
0.8467686900740438 5
0.8747782099839628 5
0.9025531442999966 5
0.9303366090012625 5
