0.42827012317876273 0
0.42885445456716825 0
0.43786254137236835 0
0.43837223188999214 0
0.44721824137578053 0
0.4477279318934043 0
0.4556441293888832 0
0.456153819906507 0
0.46440910021496573 0
0.46491879073258946 0
0.6161923772477566 0
0.616776708636162 0
0.6246587845907121 0
0.6251684751083358 0
0.6329908383662606 0
0.6335005288838844 0
0.6425427372300133 0
0.643052427747637 0
0.6523825365953526 0
0.6528922271129765 0
0.8040826423721296 0
0.804666973760535 0
0.813623878254342 0
0.8141335687719657 0
0.8219047497184973 0
0.8224144402361211 0
0.8303306377316 0
0.8308403282492237 0
0.8390956085576825 0
0.8396052990753062 0
0.9631060838707476 0
0.9636904152591531 0
0.9726665131197325 0
0.9731762036373562 0
0.9822184119834851 0
0.982728102501109 0
0.9920582113488245 0
0.9925679018664483 0
