0.10551660012966185 0
0.10559977138567578 0
0.10568081004538164 0
0.10581516361278875 0
0.10601349506943733 0
0.10688999215204559 0
0.10697316340805951 0
0.10705420206776538 0
0.10718855563517249 0
0.10738262189920497 0
0.10825911898181322 0
0.10834229023782714 0
0.10842332889753302 0
0.10855768246494012 0
0.1087517487289726 0
0.10960265465588426 0
0.10968582591189818 0
0.10976686457160405 0
0.10990121813901116 0
0.11009528440304364 0
0.11097178148565189 1
0.11105495274166581 2
0.11113599140137169 3
0.11127034496877879 3
0.11146441123281127 4
0.20704311256696353 4
0.2083717200668782 4
0.20854872556044632 4
0.21248976353772137 4
0.2126603712423653 4
0.24860528201453577 4
0.24922586754017811 4
0.2494028730337462 4
0.24957348073839014 4
0.2497227624799536 4
0.2499957348073839 4
0.253030419353738 4
0.25325220936977516 4
0.2760795202511345 4
0.28733323096871055 4
0.28804338553929093 4
0.2882139932439349 4
0.2989132289214181 4
0.29917127307469205 4
0.29934827856826013 4
0.2995188862729041 4
0.29966816801446755 4
0.29994114034189784 4
0.3161616678609206 4
0.31671827549732146 4
0.3168888832019654 4
0.3269483399870338 4
0.3272063841403078 4
0.32738338963387587 4
0.3275539973385198 4
0.32770327908008323 4
0.3279762514075136 4
0.3439408673695704 4
0.3444974750059713 4
0.3446680827106152 4
0.35472753949568364 4
0.3549855836489576 4
0.3551625891425257 4
0.35533319684716963 4
0.35548247858873305 4
0.3557554509161634 4
0.3717285972634524 4
0.3722852048998533 4
0.3724558126044972 4
0.38251526938956565 4
0.3827733135428396 4
0.3829503190364077 4
0.38312092674105164 4
0.38327020848261506 4
0.3835431808100454 4
0.3995248575425666 4
0.4000814651789675 4
0.4002520728836114 4
0.41031152966867984 4
0.4105695738219538 4
0.4107465793155219 4
0.41091718702016583 4
0.41106646876172925 4
0.4113394410891596 4
0.4761255843313884 4
0.47668219196778927 4
0.4768527996724332 4
0.48691225645750164 4
0.4871703006107756 4
0.4873473061043437 4
0.4875179138089876 4
0.48766719555055105 4
0.4879401678779814 4
0.5041351042413076 4
0.5046917118777084 4
0.5048623195823524 4
0.5149217763674208 4
0.5151798205206947 4
0.5153568260142628 4
0.5155274337189067 4
0.5156767154604702 4
0.5159496877879005 4
0.5319143037499573 4
0.5324709113863582 4
0.5326415190910021 4
0.5427009758760706 4
0.5429590200293445 4
0.5431360255229126 4
0.5433066332275566 4
0.54345591496912 4
0.5437288872965503 4
0.5597020336438393 4
0.5602586412802402 4
0.5604292489848841 4
0.5704887057699526 4
0.5707467499232265 4
0.5709237554167946 4
0.5710943631214386 4
0.571243644863002 4
0.5715166171904323 4
0.5874982939229536 4
0.5880549015593545 4
0.5882255092639984 4
0.5982849660490668 4
0.5985430102023407 4
0.5987200156959088 4
0.5988906234005528 4
0.5990399051421162 4
0.5993128774695465 4
0.6640990207117753 4
0.6646556283481762 4
0.6648262360528201 4
0.6748856928378886 4
0.6751437369911625 4
0.6753207424847306 4
0.6754913501893746 4
0.675640631930938 4
0.6759136042583683 4
0.6921085406216945 4
0.6926651482580953 4
0.6928357559627393 4
0.7028952127478076 4
0.7031532569010817 4
0.7033302623946498 4
0.7035008700992936 4
0.7036501518408571 4
0.7039231241682874 4
0.7198877401303443 4
0.7204443477667452 4
0.7206149554713891 4
0.7306744122564575 4
0.7309324564097315 4
0.7311094619032995 4
0.7312800696079435 4
0.7314293513495069 4
0.7317023236769372 4
0.7476754700242263 4
0.7482320776606272 4
0.7484026853652711 4
0.7584621421503395 4
0.7587201863036135 4
0.7588971917971815 4
0.7590677995018255 4
0.7592170812433889 4
0.7594900535708192 4
0.7754717303033405 4
0.7760283379397414 4
0.7761989456443853 4
0.7862584024294537 4
0.7865164465827277 4
0.7866934520762958 4
0.7868640597809398 4
0.7870133415225031 4
0.7872863138499334 4
0.8508120926741052 4
0.851368700310506 4
0.85153930801515 4
0.8615987648002184 4
0.8618568089534924 4
0.8620338144470604 4
0.8622044221517043 4
0.8623537038932678 4
0.8626266762206981 4
0.8788216125840242 4
0.8793782202204251 4
0.879548827925069 4
0.8896082847101375 4
0.8898663288634114 4
0.8900433343569796 4
0.8902139420616235 4
0.890363223803187 4
0.8906361961306173 4
0.9066008120926741 4
0.9071574197290749 4
0.9073280274337189 4
0.9173874842187874 4
0.9176455283720613 4
0.9178225338656294 4
0.9179931415702733 4
0.9181424233118367 4
0.9184153956392671 4
0.9343885419865561 4
0.9349451496229569 4
0.9351157573276009 4
0.9451752141126694 4
0.9454332582659433 4
0.9456102637595114 4
0.9457808714641553 4
0.9459301532057187 4
0.9462031255331491 4
