0.28013358583273623 0
0.3097553485515406 0
0.33772008393899067 0
0.3655035486402566 0
0.3932955437267547 0
0.4232734500290033 0
0.43303221073463677 0
0.4424561538199065 0
0.45072209710990546 0
0.4591330569488518 0
0.4694697512539666 0
0.4977287849319275 0
0.5256935203193777 0
0.5534769850206436 0
0.5812689801071417 0
0.6112468864093903 0
0.6198796362643737 0
0.6281775684989934 0
0.6375695226396424 0
0.6471064933292388 0
0.6574431876343536 0
0.6857022213123145 0
0.7136669566997645 0
0.7414504214010305 0
0.7692424164875286 0
0.7990859692223701 0
0.8088447299280036 0
0.8171426621626232 0
0.8254086054526223 0
0.8338195652915685 0
0.8441562595966834 0
0.8724152932746443 0
0.9003800286620944 0
0.9281634933633602 0
0.9581264714914526 0
0.9678532432524652 0
0.9772451973931142 0
0.9867821680827106 0
