0.22973180468829973 1
0.2850641484969461 1
0.28507054628587025 1
0.2850769440747944 1
0.31443213225509264 1
0.3144385300440168 1
0.3144449278329409 1
0.3422070665711264 1
0.3422134643600505 1
0.34221986214897465 1
0.3699905312723923 1
0.3699969290613164 1
0.37000332685024057 1
0.3977825263588904 1
0.3977889241478145 1
0.39779532193673867 1
0.47440031391817655 1
0.4744067117071007 1
0.47441310949602483 1
0.5024055686354796 1
0.5024119664244038 1
0.5024183642133279 1
0.5301805029515133 1
0.5301869007404374 1
0.5301932985293616 1
0.5579639676527792 1
0.5579703654417033 1
0.5579767632306275 1
0.5857559627392773 1
0.5857623605282014 1
0.5857687583171256 1
0.6623737502985635 1
0.6623801480874877 1
0.6623865458764118 1
0.6903790050158665 1
0.6903854028047907 1
0.6903918005937149 1
0.7181539393319002 1
0.7181603371208244 1
0.7181667349097485 1
0.7459374040331661 1
0.7459438018220903 1
0.7459501996110144 1
0.7737293991196642 1
0.7737357969085884 1
0.7737421946975125 1
0.8490868222608933 1
0.8490932200498175 1
0.8490996178387415 1
0.8770920769781964 1
0.8770984747671204 1
0.8771048725560446 1
0.9048670112942301 1
0.9048734090831542 1
0.9048798068720784 1
0.932650475995496 1
0.9326568737844201 1
0.9326632715733443 1
