0.27889667997406764 0
0.27942556385846384 0
0.308518442692872 0
0.30904732657726824 0
0.33648317808032213 0
0.33701206196471833 0
0.364266642781588 0
0.36479552666598425 0
0.39205863786808615 0
0.39258752175248235 0
0.468232845395298 0
0.4687617292796943 0
0.4964918790732589 0
0.4970207629576552 0
0.524456614460709 0
0.5249854983451052 0
0.5522400791619749 0
0.5527689630463711 0
0.580032074248473 0
0.5805609581328692 0
0.656206281775685 0
0.6567351656600812 0
0.6844653154536459 0
0.6849941993380421 0
0.712430050841096 0
0.7129589347254922 0
0.7402135155423619 0
0.7407423994267581 0
0.76800551062886 0
0.7685343945132562 0
0.8429193537380149 0
0.8434482376224111 0
0.8711783874159758 0
0.871707271300372 0
0.8991431228034258 0
0.899672006687822 0
0.9269265875046917 0
0.9274554713890879 0
