0.20106757771180947 1
0.22447068959634217 1
0.23057204763367115 1
0.23412495308288123 1
0.23739848841573685 1
0.23964411232811272 1
0.24209873067867746 1
0.24453842085508581 1
0.2475411164568192 1
0.28595130856109463 1
0.29226592622922853 1
0.2951214726857065 1
0.31482239737946566 1
0.3203202306616167 1
0.3231565837513222 1
0.3426015968881155 1
0.3480994301702665 1
0.35093578325997205 1
0.3703893267819975 1
0.3758871600641485 1
0.37872351315385405 1
0.3981855870611117 1
0.4036834203432627 1
0.40651977343296825 1
0.4747863138499335 1
0.4802841471320845 1
0.48312050022179004 1
0.5027958337598526 1
0.5082936670420036 1
0.5111300201317092 1
0.5305750332685024 1
0.5360728665506534 1
0.538909219640359 1
0.5583627631623844 1
0.5638605964445355 1
0.566696949534241 1
0.5861590234414986 1
0.5916568567236496 1
0.5944932098133552 1
0.6627597502303204 1
0.6682575835124714 1
0.671093936602177 1
0.6907692701402396 1
0.6962671034223905 1
0.699103456512096 1
0.7185484696488893 1
0.7240463029310403 1
0.7268826560207459 1
0.7463361995427713 1
0.7518340328249223 1
0.7546703859146279 1
0.7741324598218856 1
0.7796302931040365 1
0.7824666461937421 1
0.8494728221926502 1
0.8549706554748012 1
0.8578070085645068 1
0.8774823421025694 1
0.8829801753847204 1
0.8858165284744259 1
0.9052615416112192 1
0.9107593748933702 1
0.9135957279830758 1
0.9330492715051012 1
0.9385471047872522 1
0.9413834578769578 1
