0.22531519773432968 0
0.295963848227386 0
0.30020131709147985 0
0.32399895929300165 0
0.3282364281570956 0
0.3517781588016515 0
0.3560156276657454 0
0.3795658886955335 0
0.3838033575596274 0
0.4073621489746477 0
0.4115996178387416 0
0.48396287576346947 0
0.4882003446275634 0
0.5119723956733886 0
0.5162098645374825 0
0.5397515951820384 0
0.5439890640461323 0
0.5675393250759204 0
0.5717767939400143 0
0.5953355853550346 0
0.5995730542191285 0
0.6719363121438564 0
0.6761737810079503 0
0.6999458320537756 0
0.7041833009178694 0
0.7277250315624254 0
0.7319625004265192 0
0.7555127614563074 0
0.7597502303204012 0
0.7833090217354216 0
0.7875464905995154 0
0.8586493841061862 0
0.8628868529702801 0
0.8866589040161054 0
0.8908963728801993 0
0.9144381035247552 0
0.9186755723888491 0
0.9422258334186372 0
0.9464633022827311 0
