0.12503625413723685 0
0.12507250827447366 0
0.1415468147541543 0
0.14158520148769918 0
0.1454601289794247 0
0.1454771897498891 0
0.14550491350189373 0
0.14555183062067084 0
0.14558808475790766 0
0.1490045040434026 0
0.149021564813867 0
0.14904928856587163 0
0.14907701231787626 0
0.14910473606988092 0
0.14913245982188555 0
0.14917937694066263 0
0.14919643771112703 0
0.1492433548299041 0
0.14927960896714096 0
0.1599511208926195 0
0.1599681816630839 0
0.15999590541508854 0
0.16002362916709317 0
0.16005135291909783 0
0.16007907667110247 0
0.1601068004231071 0
0.16013452417511176 0
0.1601622479271164 0
0.16018997167912102 0
0.16021769543112566 0
0.16026461254990276 0
0.16151431398641963 0
0.16153137475688403 0
0.16155909850888867 0
0.1615868222608933 0
0.16161454601289793 0
0.1616422697649026 0
0.16166999351690722 0
0.16169771726891186 0
0.16172544102091652 0
0.16175316477292115 0
0.16178088852492578 0
0.1618086122769304 0
0.16183633602893507 0
0.16188325314771215 0
0.16399878868529702 0
0.16401584945576142 0
0.16404357320776605 0
0.1640712969597707 0
0.16409902071177535 0
0.16412674446377998 0
0.16415446821578464 0
0.16418219196778927 0
0.1642099157197939 0
0.16423763947179854 0
0.1642653632238032 0
0.16429308697580783 0
0.16432081072781246 0
0.16434853447981712 0
0.16437625823182175 0
0.16442317535059883 0
0.1663659705872317 0
0.1663830313576961 0
0.16641075510970074 0
0.1664384788617054 0
0.16646620261371003 0
0.16649392636571467 0
0.16652165011771933 0
0.16654937386972396 0
0.1665770976217286 0
0.16660482137373323 0
0.16663254512573789 0
0.16669225782236327 0
0.1684687105469683 0
0.1684857713174327 0
0.16851349506943733 0
0.16854121882144196 0
0.16856894257344662 0
0.16859666632545126 0
0.1686243900774559 0
0.16865211382946055 0
0.16867983758146518 0
0.1687075613334698 0
0.16873528508547447 0
0.1687630088374791 0
0.16879073258948374 0
0.16883764970826082 0
0.17399213498481592 0
0.17400919575528032 0
0.17403691950728495 0
0.17408383662606203 0
0.17410089739652643 0
0.1741478145153035 0
0.1750136486163715 0
0.1750307093868359 0
0.17505843313884056 0
0.17510535025761764 0
0.17663868700310506 0
0.17665574777356946 0
0.1766834715255741 0
0.17671119527757873 0
0.17675811239635583 0
0.1767751731668202 0
0.1768220902855973 0
0.17685834442283413 0
0.17766659842358482 0
0.17768365919404921 0
0.17771138294605385 0
0.17773910669805848 0
0.1777668304500631 0
0.17781374756884022 0
0.18021291841539563 0
0.18024917255263248 0
0.18087402327089092 0
0.18089108404135532 0
0.18091880779335995 0
0.18096572491213703 0
0.18533328215102193 0
0.18535034292148633 0
0.18537806667349097 0
0.18540579042549563 0
0.18543351417750026 0
0.18556360255229126 0
0.19488731361108266 0
0.19490437438154706 0
0.19493209813355172 0
0.19495982188555636 0
0.194987545637561 0
0.19501526938956562 0
0.19506218650834273 0
0.1950792472788071 0
0.1951261643975842 0
0.19863002013170916 0
0.19864708090217353 0
0.1986748046541782 0
0.19870252840618283 0
0.1987494455249599 0
0.1987665062954243 0
0.19881342341420138 0
