0.2132276418603064 0
0.21326389599754325 0
0.21529412768280615 0
0.2156289453031699 0
0.21645852526700105 0
0.21729450301975636 0
0.2181262155798956 0
0.22082608250588598 0
0.22085593885419866 0
0.2537384413280104 0
0.2571036783021121 0
0.2579588494216399 0
0.259263998362166 0
0.25970118060531616 0
0.26168662776811 0
0.28169677892653633 0
0.31087496161326644 0
0.33883969700071653 0
0.36662316170198245 0
0.39441515678848055 0
0.42439306309072916 0
0.43415182379636263 0
0.44357576688163236 0
0.45184171017163133 0
0.46073250417988876 0
0.47103294434776677 0
0.4988483979936534 0
0.5268131333811035 0
0.5545965980823694 0
0.5823885931688675 0
0.6123664994711161 0
0.6209992493260995 0
0.6292971815607192 0
0.6386891357013683 0
0.6487059405602758 0
0.6590063807281537 0
0.6868218343740403 0
0.7147865697614905 0
0.7425700344627564 0
0.7703620295492545 0
0.800205582284096 0
0.8099643429897294 0
0.8182622752243491 0
0.8265282185143481 0
0.8354190125226055 0
0.8457194526904835 0
0.8735349063363701 0
0.9014996417238202 0
0.9292831064250862 0
0.9592460845531784 0
0.9689728563141912 0
0.9783648104548401 0
0.9883816153137476 0
