0.2670351793086976 0
0.28256901081652847 0
0.3119412597672911 0
0.3397161940833248 0
0.36749965878459073 0
0.39529165387108883 0
0.4252119800730201 0
0.43497074077865355 0
0.4443946838639233 0
0.4528376326474904 0
0.4615514211621797 0
0.4719051762377589 0
0.49991469614767803 0
0.5276896304637118 0
0.5554730951649777 0
0.5832650902514758 0
0.6131854164534071 0
0.6218181663083905 0
0.6301160985430102 0
0.6396850581772273 0
0.6495248575425666 0
0.6598786126181458 0
0.687888132528065 0
0.7156630668440986 0
0.7434465315453646 0
0.7712385266318627 0
0.8010244992663869 0
0.8107832599720204 0
0.81908119220664 0
0.8275241409902071 0
0.8362379295048964 0
0.8465916845804756 0
0.8746012044903948 0
0.9023761388064285 0
0.9301596035076944 0
0.9600650015354694 0
0.969791773296482 0
0.9793607329306991 0
0.9892005322960384 0
