0.22953560582795918 0
0.2586967277442249 0
0.2590187497867404 0
0.2615842631453236 0
0.26261004196949533 0
0.2647405056812366 0
0.26638047224212646 0
0.2684746818166308 0
0.27026819531170027 0
0.27137927798819395 0
0.2724903606646876 0
0.27360784113010544 0
0.2753821612584024 0
0.28051318797556896 0
0.28119135360152864 0
0.28145579554372674 0
0.2821041048213737 0
0.2835308117514587 0
0.28417698843279765 0
0.28484449107721704 0
0.30332130549015596 0
0.30425325007677345 0
0.30531315044187396 0
0.30611713925000855 0
0.3070277578735456 0
0.30758863070256254 0
0.3128987955096052 0
0.3135449721909441 0
0.3142124748353636 0
0.33132869280376703 0
0.33226063739038453 0
0.33332053775548504 0
0.33412452656361963 0
0.33503514518715666 0
0.3406737298256389 0
0.34131990650697785 0
0.3419874091513973 0
0.35911215750503295 0
0.36004410209165044 0
0.36110400245675095 0
0.36190799126488554 0
0.36281860988842257 0
0.36845719452690484 0
0.36910337120824377 0
0.36977087385266316 0
0.38690415259153105 0
0.38783609717814854 0
0.38889599754324905 0
0.38969998635138364 0
0.39061060497492067 0
0.39624918961340294 0
0.39689536629474187 0
0.3975628689391613 0
0.41470467806326133 0
0.4156366226498789 0
0.41669652301497934 0
0.41750051182311393 0
0.41841113044665096 0
0.452562527723752 0
0.4599071894086737 0
0.4698493533967994 0
0.4705275190227591 0
0.4707919609649572 0
0.47144027024260415 0
0.4728669771726891 0
0.47351315385402803 0
0.4741806564984475 0
0.4912947418705429 0
0.4922266864571604 0
0.4932865868222609 0
0.4940905756303955 0
0.4950011942539325 0
0.4955620670829495 0
0.5008722318899922 0
0.5015184085713311 0
0.5021859112157505 0
0.519302129184154 0
0.5202340737707715 0
0.521293974135872 0
0.5220979629440066 0
0.5230085815675436 0
0.5286471662060258 0
0.5292933428873648 0
0.5299608455317842 0
0.5470855938854199 0
0.5480175384720374 0
0.5490774388371379 0
0.5498814276452725 0
0.5507920462688095 0
0.5564306309072917 0
0.5570768075886307 0
0.5577443102330502 0
0.574877588971918 0
0.5758095335585355 0
0.576869433923636 0
0.5776734227317706 0
0.5785840413553076 0
0.5842226259937899 0
0.5848688026751289 0
0.5855363053195483 0
0.6026781144436483 0
0.6036100590302658 0
0.6046699593953663 0
0.6054739482035009 0
0.6063845668270379 0
0.6394099532534889 0
0.6478806257890606 0
0.6578227897771863 0
0.658500955403146 0
0.6587653973453441 0
0.6594137066229911 0
0.6608404135530761 0
0.661486590234415 0
0.6621540928788344 0
0.6792681782509298 0
0.6802001228375474 0
0.6812600232026478 0
0.6820640120107824 0
0.6829746306343194 0
0.6835355034633364 0
0.6888456682703791 0
0.689491844951718 0
0.6901593475961374 0
0.7072755655645409 0
0.7082075101511585 0
0.709267410516259 0
0.7100713993243934 0
0.7109820179479305 0
0.7166206025864128 0
0.7172667792677517 0
0.7179342819121711 0
0.7350590302658068 0
0.7359909748524244 0
0.7370508752175248 0
0.7378548640256594 0
0.7387654826491964 0
0.7444040672876787 0
0.7450502439690176 0
0.745717746613437 0
0.7628510253523049 0
0.7637829699389225 0
0.764842870304023 0
0.7656468591121575 0
0.7665574777356945 0
0.7721960623741768 0
0.7728422390555157 0
0.7735097416999351 0
0.7906515508240353 0
0.7915834954106528 0
0.7926433957757533 0
0.7934473845838879 0
0.7943580032074249 0
0.8272490360664687 0
0.8345936977513905 0
0.8445358617395161 0
0.8452140273654758 0
0.8454784693076739 0
0.8461267785853209 0
0.8475534855154059 0
0.8481996621967448 0
0.8488671648411642 0
0.8659812502132597 0
0.8669131947998772 0
0.8679730951649777 0
0.8687770839731123 0
0.8696877025966493 0
0.8702485754256662 0
0.8755587402327089 0
0.8762049169140479 0
0.8768724195584673 0
0.8939886375268707 0
0.8949205821134882 0
0.8959804824785887 0
0.8967844712867233 0
0.8976950899102604 0
0.9033336745487426 0
0.9039798512300815 0
0.904647353874501 0
0.9217721022281367 0
0.9227040468147542 0
0.9237639471798547 0
0.9245679359879893 0
0.9254785546115263 0
0.9311171392500085 0
0.9317633159313474 0
0.9324308185757669 0
0.9495640973146348 0
0.9504960419012523 0
0.9515559422663528 0
0.9523599310744874 0
0.9532705496980244 0
0.9790856280069608 0
0.9875563005425325 0
