0.23764160439485446 0
0.2398978912887706 0
0.24047795748456 0
0.24234184665779507 0
0.24291978025727642 0
0.24478153683420342 0
0.24535947043368478 0
0.2526657453850616 0
0.301248421878732 0
0.3292728699628075 0
0.35705206947145735 0
0.38483979936533935 0
0.41263605964445355 0
0.48923678643327534 0
0.5172463063431945 0
0.5450255058518443 0
0.5728132357457263 0
0.6006094960248405 0
0.6772102228136623 0
0.7052197427235813 0
0.7329989422322312 0
0.7607866721261132 0
0.7885829324052274 0
0.8639232947759921 0
0.8919328146859112 0
0.9197120141945611 0
0.9474997440884431 0
