0.12508530385232197 0
0.12511516020063465 0
0.12513222097109905 0
0.1415979970655475 0
0.14162785341386017 0
0.14164491418432457 0
0.14560088033575597 0
0.1456371344729928 0
0.14565419524345719 0
0.14567125601392159 0
0.1469742723581397 0
0.14929240454498924 0
0.14933505647115022 0
0.14935211724161462 0
0.14936917801207902 0
0.1493990343603917 0
0.16027740812775104 0
0.16030726447606375 0
0.16032432524652812 0
0.16189604872556046 0
0.16192590507387314 0
0.16194296584433754 0
0.16443597092844714 0
0.16446582727675982 0
0.16448288804722422 0
0.1667157163817518 0
0.1667455727300645 0
0.1667626335005289 0
0.16885044528610912 0
0.1688803016344218 0
0.1688973624048862 0
0.1741606100931518 0
0.17419686423038863 0
0.17421392500085303 0
0.17424378134916574 0
0.17511814583546592 0
0.17514800218377863 0
0.175165062954243 0
0.17687114000068244 0
0.17691379192684342 0
0.17693085269730782 0
0.1769479134677722 0
0.1769777698160849 0
0.1778265431466885 0
0.1778563994950012 0
0.17787346026546558 0
0.18026196813048076 0
0.18029182447879347 0
0.18030888524925787 0
0.18097852048998533 0
0.181008376838298 0
0.1810254376087624 0
0.1855870611116798 0
0.18561691745999248 0
0.18563397823045688 0
0.18567236496400177 0
0.18569795611969836 0
0.18572354727539495 0
0.19513895997543249 0
0.19517521411266933 0
0.19519227488313373 0
0.1952221312314464 0
0.1988262189920497 0
0.1988624731292865 0
0.1988795338997509 0
0.1989093902480636 0
