0.20870227249462586 1
0.20870867028355 2
0.2090029685740608 3
0.20926527791995087 4
0.20952758726584092 5
0.20978989661173097 6
0.20982401815265977 7
0.2098517419046644 8
0.2098730678677449 9
0.20991785239021393 10
0.20995197393114273 10
0.2102484048179616 11
0.21027399597365817 12
0.21052137714539187 13
0.21057469205309312 14
0.2106088135940219 15
0.21064506773125874 16
0.21068132186849559 17
0.21105239362609615 18
0.211088647763333 19
0.21109504555225714 20
0.21142133278738867 21
0.21145545432831747 22
0.21149170846555432 23
0.21169217251851094 24
0.2117262940594397 25
0.2118947691677756 26
0.2119288907087044 27
0.21211442658750468 28
0.21214854812843348 29
0.21215494591735762 30
0.21229782986999693 31
0.28744412597672914 31
0.28747611492134983 31
0.28776614801924455 31
0.287872777834647 31
0.3162725628689392 31
0.3163045518135599 31
0.3164410379772751 31
0.3165476677926775 31
0.344051762377589 31
0.3440837513222097 31
0.34422023748592484 31
0.34432686730132733 31
0.371839492271471 31
0.3718714812160917 31
0.37200796737980685 31
0.37211459719520934 31
0.3996357525505852 31
0.3996677414952059 31
0.3998042276589211 31
0.39991085747432353 31
0.476236479339407 31
0.4762684682840277 31
0.47640495444774283 31
0.4765115842631453 31
0.5042459992493261 31
0.5042779881939469 31
0.504414474357662 31
0.5045211041730645 31
0.5320251987579759 31
0.5320571877025967 31
0.5321936738663118 31
0.5323003036817142 31
0.5598129286518579 31
0.5598449175964787 31
0.5599814037601938 31
0.5600880335755962 31
0.5876091889309721 31
0.5876411778755929 31
0.587777664039308 31
0.5878842938547105 31
0.6642099157197939 31
0.6642419046644147 31
0.6643783908281298 31
0.6644850206435322 31
0.692219435629713 31
0.6922514245743338 31
0.692387910738049 31
0.6924945405534514 31
0.7199986351383628 31
0.7200306240829836 31
0.7201671102466988 31
0.7202737400621012 31
0.7477863650322448 31
0.7478183539768656 31
0.7479548401405808 31
0.7480614699559832 31
0.775582625311359 31
0.7756146142559798 31
0.775751100419695 31
0.7758577302350974 31
0.8509229876821237 31
0.8509549766267445 31
0.8510914627904597 31
0.8511980926058621 31
0.8789325075920429 31
0.8789644965366636 31
0.8791009827003787 31
0.8792076125157812 31
0.9067117071006927 31
0.9067436960453134 31
0.9068801822090286 31
0.906986812024431 31
0.9344994369945747 31
0.9345314259391954 31
0.9346679121029106 31
0.934774541918313 31
