0.12504051932985294 0
0.12507677346708979 0
0.1415510799467704 0
0.14158946668031527 0
0.14546439417204082 0
0.14549211792404546 0
0.1455198416760501 0
0.14555609581328693 0
0.14559234995052375 0
0.1490087692360187 0
0.14903649298802335 0
0.14906421674002798 0
0.14909194049203262 0
0.14911966424403725 0
0.1491473879960419 0
0.14918364213327873 0
0.1492113658852834 0
0.1492476200225202 0
0.14928387415975705 0
0.1599553860852356 0
0.15998310983724026 0
0.1600108335892449 0
0.16003855734124953 0
0.16006628109325416 0
0.16009400484525882 0
0.16012172859726345 0
0.16014945234926808 0
0.16017717610127274 0
0.16020489985327738 0
0.160232623605282 0
0.16026887774251886 0
0.16151857917903573 0
0.16154630293104036 0
0.16157402668304502 0
0.16160175043504965 0
0.16162947418705428 0
0.16165719793905892 0
0.16168492169106358 0
0.1617126454430682 0
0.16174036919507284 0
0.1617680929470775 0
0.16179581669908213 0
0.16182354045108677 0
0.1618512642030914 0
0.16188751834032825 0
0.1640030538779131 0
0.16403077762991777 0
0.1640585013819224 0
0.16408622513392704 0
0.1641139488859317 0
0.16414167263793633 0
0.16416939638994096 0
0.16419712014194562 0
0.16422484389395026 0
0.1642525676459549 0
0.16428029139795952 0
0.16430801514996418 0
0.16433573890196881 0
0.16436346265397345 0
0.1643911864059781 0
0.16442744054321493 0
0.16637023577984783 0
0.16639795953185246 0
0.1664256832838571 0
0.16645340703586173 0
0.1664811307878664 0
0.16650885453987102 0
0.16653657829187565 0
0.1665643020438803 0
0.16659202579588495 0
0.16661974954788958 0
0.1666474732998942 0
0.16667946224451496 0
0.1667071859965196 0
0.1684729757395844 0
0.16850069949158905 0
0.16852842324359368 0
0.16855614699559832 0
0.16858387074760295 0
0.1686115944996076 0
0.16863931825161224 0
0.16866704200361687 0
0.16869476575562153 0
0.16872248950762617 0
0.1687502132596308 0
0.16877793701163543 0
0.1688056607636401 0
0.1688419149008769 0
0.173996400177432 0
0.17402412392943664 0
0.1740518476814413 0
0.17408810181867812 0
0.17411582557068278 0
0.1741520797079196 0
0.17501791380898762 0
0.17504563756099226 0
0.1750733613129969 0
0.17510961545023374 0
0.17664295219572115 0
0.17667067594772579 0
0.17669839969973045 0
0.17672612345173508 0
0.17676237758897193 0
0.17679010134097656 0
0.1768263554782134 0
0.17686260961545022 0
0.1776708636162009 0
0.17769858736820554 0
0.1777263111202102 0
0.17775403487221483 0
0.17778175862421947 0
0.1778180127614563 0
0.18021718360801173 0
0.18025343774524857 0
0.180878288463507 0
0.18090601221551164 0
0.1809337359675163 0
0.18096999010475312 0
0.18533754734363803 0
0.1853652710956427 0
0.18539299484764732 0
0.18542071859965195 0
0.1854484423516566 0
0.18548043129627734 0
0.18550388985566588 0
0.18552734841505442 0
0.18555080697444296 0
0.18557853072644762 0
0.19489157880369878 0
0.19491930255570342 0
0.19494702630770805 0
0.1949747500597127 0
0.19500247381171734 0
0.19503019756372197 0
0.19506645170095882 0
0.19509417545296345 0
0.1951304295902003 0
0.19863428532432525 0
0.1986620090763299 0
0.19868973282833452 0
0.19871745658033918 0
0.198753710717576 0
0.19878143446958066 0
0.19881768860681748 0
