0.25551276145630736 1
0.2564148496946122 2
0.27969213839697 2
0.3093139011157744 2
0.3372786365032245 2
0.3650621012044904 2
0.3928540962909885 2
0.4228362677858532 2
0.4325950284914867 2
0.4420189715767564 2
0.45028491486675537 2
0.4586958747057017 2
0.46902830381820043 2
0.49728733749616133 2
0.5252520728836114 2
0.5530355375848773 2
0.5808275326713754 2
0.6108097041662401 2
0.6194424540212236 2
0.6277403862558433 2
0.6371323403964924 2
0.6466693110860886 2
0.6570017401985874 2
0.6852607738765483 2
0.7132255092639984 2
0.7410089739652642 2
0.7688009690517624 2
0.7986487869792199 2
0.8084075476848535 2
0.8167054799194732 2
0.8249714232094721 2
0.8333823830484185 2
0.8437148121609171 2
0.871973845838878 2
0.8999385812263282 2
0.9277220459275941 2
0.9576892892483024 2
0.9674160610093152 2
0.9768080151499642 2
0.9863449858395605 2
