0.14207143344593443 1
0.14211621796840346 2
0.14527885829324053 3
0.14533643839355787 4
0.1721047872521923 5
0.17214957177466134 6
0.17219435629713037 7
0.1722391408195994 8
0.2535401098713618 9
0.2536318115126079 10
0.29022076636980926 10
0.29031246801105537 10
0.2907773740062101 10
0.2912422800013649 10
0.2917071859965196 10
0.2921720919916743 10
0.3005361347118436 10
0.30069821203125535 10
0.3182750708021974 10
0.3183667724434435 10
0.3188316784385983 10
0.31929658443375303 10
0.3197614904289078 10
0.32022639642406253 10
0.32857124577745933 10
0.32873332309687103 10
0.34605427031084723 10
0.34614597195209335 10
0.3466108779472481 10
0.34707578394240285 10
0.3475406899375576 10
0.3480055959327123 10
0.3563504452861091 10
0.35651252260552085 10
0.37384200020472924 10
0.37393370184597535 10
0.3743986078411301 10
0.37486351383628486 10
0.3753284198314396 10
0.3757933258265943 10
0.3841381751799911 10
0.38430025249940286 10
0.40163826048384343 10
0.40172996212508955 10
0.4021948681202443 10
0.40265977411539905 10
0.4031246801105538 10
0.40358958610570855 10
0.41193443545910535 10
0.41209651277851705 10
0.47823898727266523 10
0.47833068891391134 10
0.4787955949090661 10
0.47926050090422084 10
0.4797254068993756 10
0.4801903128945303 10
0.4885351622479271 10
0.48869723956733885 10
0.5062485071825844 10
0.5063402088238305 10
0.5068051148189853 10
0.50727002081414 10
0.5077349268092947 10
0.5081998328044495 10
0.5165446821578462 10
0.516706759477258 10
0.5340277066912342 10
0.5341194083324803 10
0.5345843143276351 10
0.5350492203227898 10
0.5355141263179445 10
0.5359790323130993 10
0.544323881666496 10
0.5444859589859078 10
0.5618154365851162 10
0.5619071382263623 10
0.5623720442215171 10
0.5628369502166718 10
0.5633018562118265 10
0.5637667622069813 10
0.572111611560378 10
0.5722736888797898 10
0.5896116968642304 10
0.5897033985054765 10
0.5901683045006313 10
0.590633210495786 10
0.5910981164909407 10
0.5915630224860955 10
0.5999078718394922 10
0.600069949158904 10
0.6662124236530522 10
0.6663041252942983 10
0.6667690312894531 10
0.6672339372846078 10
0.6676988432797625 10
0.6681637492749173 10
0.676508598628314 10
0.6766706759477258 10
0.6942219435629713 10
0.6943136452042175 10
0.6947785511993722 10
0.695243457194527 10
0.6957083631896817 10
0.6961732691848364 10
0.7045181185382332 10
0.704680195857645 10
0.7220011430716211 10
0.7220928447128673 10
0.722557750708022 10
0.7230226567031767 10
0.7234875626983315 10
0.7239524686934862 10
0.732297318046883 10
0.7324593953662948 10
0.7497888729655031 10
0.7498805746067493 10
0.750345480601904 10
0.7508103865970587 10
0.7512752925922135 10
0.7517401985873682 10
0.760085047940765 10
0.7602471252601768 10
0.7775851332446173 10
0.7776768348858635 10
0.7781417408810182 10
0.778606646876173 10
0.7790715528713277 10
0.7795364588664824 10
0.7878813082198792 10
0.788043385539291 10
0.852925495615382 10
0.8530171972566281 10
0.8534821032517829 10
0.8539470092469376 10
0.8544119152420924 10
0.8548768212372471 10
0.8632216705906439 10
0.8633837479100556 10
0.8809350155253011 10
0.8810267171665472 10
0.8814916231617019 10
0.8819565291568567 10
0.8824214351520114 10
0.8828863411471662 10
0.891231190500563 10
0.8913932678199747 10
0.9087142150339509 10
0.9088059166751971 10
0.9092708226703518 10
0.9097357286655066 10
0.9102006346606613 10
0.9106655406558161 10
0.9190103900092128 10
0.9191724673286246 10
0.9365019449278329 10
0.9365936465690791 10
0.9370585525642338 10
0.9375234585593886 10
0.9379883645545433 10
0.9384532705496981 10
0.9467981199030948 10
0.9469601972225066 10
