0.2005237656532569 0
0.20053442863479715 0
0.20065598662435596 0
0.2006709147985123 0
0.20068584297266864 0
0.200700771146825 0
0.20071143412836523 0
0.20075621865083426 0
0.2008180639437677 0
0.22337880028662094 0
0.2233937284607773 0
0.22340439144231752 0
0.22347476712048317 0
0.2234854301020234 0
0.22351741904664416 0
0.2235408776060327 0
0.22359845770635 0
0.22362191626573857 0
0.2236325792472788 0
0.2238095847408469 0
0.22386716484116423 0
0.22388209301532058 0
0.2238970211894769 0
0.22390768417101717 0
0.2239482035008701 0
0.22399298802333914 0
0.22993226874125636 0
0.2299941140341898 0
0.23000904220834614 0
0.23002397038250247 0
0.23003889855665882 0
0.23004956153819905 0
0.2300943460606681 0
0.23015192616098543 0
0.2336472515098782 0
0.23366217968403452 0
0.23367710785819087 0
0.23369203603234723 0
0.23370269901388746 0
0.2337474835363565 0
0.23382212440713823 0
0.23695277578735455 0
0.2369677039615109 0
0.23698263213566725 0
0.23699756030982358 0
0.23700822329136384 0
0.23705300781383287 0
0.23712764868461458 0
0.2853563141911489 0
0.2853669771726891 0
0.28540749650254205 0
0.28550772852902034 0
0.2855226567031767 0
0.28553758487733305 0
0.28555251305148943 0
0.28556317603302966 0
0.2856079605554987 0
0.2856698058484321 0
0.289256832838571 0
0.28930588255365614 0
0.28938478861705397 0
0.2894381035247552 0
0.2894530316989115 0
0.2894679598730679 0
0.2894828880472242 0
0.28949355102876445 0
0.2895383355512335 0
0.28960018084416694 0
