0.20899230559252055 1
0.20925461493841063 2
0.2095169242843007 3
0.20977923363019074 4
0.2099071894086737 5
0.21023774183642133 6
0.2105469683010885 7
0.21056402907155286 8
0.21102466987409152 9
0.21104173064455592 10
0.21139360903538404 11
0.21141066980584844 12
0.2116644487665063 13
0.21168150953697068 14
0.21186704541577098 15
0.21188410618623538 16
0.21206964206503565 17
0.21208670283550005 18
0.21210376360596445 19
0.2122871668884567 20
0.21231062544784524 21
0.2123276862183096 22
0.212344746988774 23
0.2877554850377043 23
0.28786211485310675 23
0.2878983689903436 23
0.3164303749957348 23
0.3165370048111373 23
0.3165732589483741 23
0.3442095745043846 23
0.3443162043197871 23
0.34435245845702395 23
0.3719973043982666 23
0.3721039342136691 23
0.37214018835090595 23
0.3997935646773808 23
0.3999001944927833 23
0.39993644863002015 23
0.4763942914662026 23
0.4765009212816051 23
0.47653717541884194 23
0.5044038113761218 23
0.5045104411915242 23
0.5045466953287611 23
0.5321830108847716 23
0.532289640700174 23
0.5323258948374109 23
0.5599707407786536 23
0.560077370594056 23
0.5601136247312929 23
0.5877670010577678 23
0.5878736308731702 23
0.5879098850104071 23
0.6643677278465896 23
0.664474357661992 23
0.6645106117992289 23
0.6923772477565087 23
0.6924838775719111 23
0.692520131709148 23
0.7201564472651585 23
0.7202630770805609 23
0.7202993312177978 23
0.7479441771590405 23
0.7480508069744429 23
0.7480870611116798 23
0.7757404374381547 23
0.7758470672535571 23
0.775883321390794 23
0.8510807998089194 23
0.8511874296243218 23
0.8512236837615587 23
0.8790903197188386 23
0.879196949534241 23
0.8792332036714778 23
0.9068695192274883 23
0.9069761490428908 23
0.9070124031801277 23
0.9346572491213703 23
0.9347638789367728 23
0.9348001330740097 23
