0.14206930084962638 1
0.1421140853720954 2
0.14527672569693248 3
0.1453343057972498 4
0.17210265465588426 5
0.1721474391783533 6
0.17219222370082232 7
0.17223700822329135 8
0.2535379772750537 9
0.25362967891629984 10
0.2902186337735012 10
0.2903103354147473 10
0.2907752414099021 10
0.2912401474050568 10
0.2917050534002116 10
0.2921699593953663 10
0.30053400211553555 10
0.3006960794349473 10
0.31827293820588937 10
0.3183646398471355 10
0.31882954584229023 10
0.319294451837445 10
0.31975935783259973 10
0.3202242638277545 10
0.3285691131811513 10
0.328731190500563 10
0.3460521377145392 10
0.3461438393557853 10
0.34660874535094005 10
0.3470736513460948 10
0.34753855734124955 10
0.34800346333640425 10
0.35634831268980105 10
0.3565103900092128 10
0.3738398676084212 10
0.3739315692496673 10
0.37439647524482206 10
0.3748613812399768 10
0.37532628723513156 10
0.37579119323028626 10
0.38413604258368306 10
0.3842981199030948 10
0.4016361278875354 10
0.4017278295287815 10
0.40219273552393625 10
0.402657641519091 10
0.40312254751424575 10
0.4035874535094005 10
0.4119323028627973 10
0.412094380182209 10
0.4782368546763572 10
0.4783285563176033 10
0.47879346231275804 10
0.4792583683079128 10
0.47972327430306755 10
0.48018818029822224 10
0.48853302965161904 10
0.4886951069710308 10
0.5062463745862763 10
0.5063380762275225 10
0.5068029822226772 10
0.5072678882178319 10
0.5077327942129867 10
0.5081977002081414 10
0.5165425495615382 10
0.51670462688095 10
0.5340255740949261 10
0.5341172757361723 10
0.534582181731327 10
0.5350470877264817 10
0.5355119937216365 10
0.5359768997167912 10
0.544321749070188 10
0.5444838263895998 10
0.5618133039888081 10
0.5619050056300543 10
0.562369911625209 10
0.5628348176203637 10
0.5632997236155185 10
0.5637646296106732 10
0.57210947896407 10
0.5722715562834818 10
0.5896095642679223 10
0.5897012659091685 10
0.5901661719043232 10
0.5906310778994779 10
0.5910959838946327 10
0.5915608898897874 10
0.5999057392431842 10
0.600067816562596 10
0.6662102910567441 10
0.6663019926979903 10
0.666766898693145 10
0.6672318046882997 10
0.6676967106834545 10
0.6681616166786092 10
0.676506466032006 10
0.6766685433514178 10
0.6942198109666633 10
0.6943115126079094 10
0.6947764186030642 10
0.6952413245982189 10
0.6957062305933736 10
0.6961711365885284 10
0.7045159859419251 10
0.7046780632613369 10
0.7219990104753131 10
0.7220907121165592 10
0.7225556181117139 10
0.7230205241068687 10
0.7234854301020234 10
0.7239503360971782 10
0.7322951854505749 10
0.7324572627699867 10
0.7497867403691951 10
0.7498784420104412 10
0.7503433480055959 10
0.7508082540007507 10
0.7512731599959054 10
0.7517380659910602 10
0.7600829153444569 10
0.7602449926638687 10
0.7775830006483093 10
0.7776747022895554 10
0.7781396082847102 10
0.7786045142798649 10
0.7790694202750196 10
0.7795343262701744 10
0.7878791756235711 10
0.7880412529429829 10
0.8529233630190739 10
0.8530150646603201 10
0.8534799706554748 10
0.8539448766506296 10
0.8544097826457843 10
0.8548746886409391 10
0.8632195379943358 10
0.8633816153137476 10
0.8809328829289931 10
0.8810245845702392 10
0.8814894905653939 10
0.8819543965605486 10
0.8824193025557034 10
0.8828842085508581 10
0.891229057904255 10
0.8913911352236668 10
0.9087120824376429 10
0.908803784078889 10
0.9092686900740438 10
0.9097335960691985 10
0.9101985020643533 10
0.910663408059508 10
0.9190082574129048 10
0.9191703347323165 10
0.9364998123315249 10
0.936591513972771 10
0.9370564199679258 10
0.9375213259630805 10
0.9379862319582353 10
0.93845113795339 10
0.9467959873067868 10
0.9469580646261985 10
