0.24870338144470605 0
0.24873963558194287 0
0.24877588971917972 0
0.24881214385641656 0
0.24884839799365338 0
0.24888465213089023 0
0.24892090626812707 0
0.24895716040536392 0
0.24899341454260074 0
0.24902966867983758 0
0.24906592281707443 0
0.24910217695431125 0
0.2531285187839083 0
0.29901132835158833 0
0.2990475824888252 0
0.32704643941720407 0
0.3270826935544409 0
0.3548256389258539 0
0.35486189306309074 0
0.3826133688197359 0
0.38264962295697275 0
0.4104096290988501 0
0.41044588323608694 0
0.4870103558876719 0
0.48704661002490873 0
0.515019875797591 0
0.5150561299348279 0
0.5427990753062408 0
0.5428353294434777 0
0.5705868052001228 0
0.5706230593373597 0
0.598383065479237 0
0.5984193196164739 0
0.6749837922680588 0
0.6750200464052957 0
0.702993312177978 0
0.7030295663152148 0
0.7307725116866277 0
0.7308087658238646 0
0.7585602415805098 0
0.7585964957177466 0
0.786356501859624 0
0.7863927559968609 0
0.8616968642303886 0
0.8617331183676255 0
0.8897063841403078 0
0.8897426382775446 0
0.9174855836489576 0
0.9175218377861944 0
0.9452733135428396 0
0.9453095676800765 0
