0.12524951376804178 1
0.14177073736649948 1
0.1458098747739448 2
0.14588451564472651 3
0.1496016310096564 4
0.1497189238065991 5
0.14981915583307742 6
0.1499791005561811 7
0.1605908997850343 8
0.16223086634592418 9
0.16481344047497185 10
0.16707185996519602 10
0.16927483195141094 11
0.17440799126488551 11
0.17452528406182824 12
0.17462125089569044 13
0.1753250076773467 13
0.17715477530965298 14
0.17727206810659568 15
0.1773680349404579 16
0.17744694100385575 17
0.17803767018118538 18
0.18045603439451324 18
0.18116832156140172 19
0.18593893950250792 20
0.19542472788071108 20
0.1955420206776538 21
0.195637987511516 22
0.1990863957416317 22
0.1992036885385744 23
0.19929965537243663 24
