0.2667195550551063 0
0.26683471525574093 0
0.42523117343979255 0
0.426203637356263 0
0.42723154877674274 0
0.4281634933633603 0
0.434989934145426 0
0.4359453372914321 0
0.43697324871191184 0
0.4377559115569659 0
0.44441387723069575 0
0.4453010372948442 0
0.44632894871532397 0
0.44711161156037804 0
0.4528568260142628 0
0.4537269253079469 0
0.45475483672842665 0
0.4555374995734807 0
0.46157061452895215 0
0.4624918961340294 0
0.46351980755450917 0
0.46430247039956324 0
0.6132046098201794 0
0.6141258914252568 0
0.6151538028457365 0
0.616085747432354 0
0.621837359675163 0
0.6227415805097758 0
0.6237694919302555 0
0.6245521547753097 0
0.6301352919097827 0
0.6310736342853244 0
0.6321015457058041 0
0.6328842085508581 0
0.6397042515439997 0
0.640625533149077 0
0.6416534445695568 0
0.6424361074146109 0
0.6495440509093391 0
0.6504653325144164 0
0.651493243934896 0
0.6522759067799502 0
0.8010436926331593 0
0.8020161565496298 0
0.8030440679701095 0
0.803976012556727 0
0.8108024533387928 0
0.8117066741734057 0
0.8127345855938855 0
0.8135172484389395 0
0.8191003855734125 0
0.819987545637561 0
0.8210154570580407 0
0.8217981199030948 0
0.8275433343569796 0
0.8284134336506637 0
0.8294413450711434 0
0.8302240079161975 0
0.8362571228716689 0
0.8371784044767462 0
0.8382063158972259 0
0.83898897874228 0
0.9600841949022418 0
0.9610395980482479 0
0.9620675094687277 0
0.9629994540553451 0
0.9698109666632545 0
0.9707493090387962 0
0.971777220459276 0
0.9725598833043301 0
0.9793799262974716 0
0.9803012079025489 0
0.9813291193230286 0
0.9821117821680827 0
0.9892197256628109 0
0.9901410072678882 0
0.991168918688368 0
0.991951581533422 0
