0.0030816016651311973 0
0.0032778005254717303 0
0.0039005186474221176 0
0.003928242399426758 0
0.003955966151431399 0
0.003983689903436039 0
0.004011413655440679 0
0.004167093185928276 0
0.004194816937932917 0
0.004295048964411232 0
0.004395280990889549 0
0.007833026239464974 0
0.008029225099805507 0
0.008651943221755894 0
0.008679666973760535 0
0.008707390725765176 0
0.008735114477769815 0
0.008762838229774457 0
0.008918517760262054 0
0.008946241512266693 0
0.00904647353874501 0
0.009146705565223326 0
0.009993346299518886 0
0.010189545159859419 0
0.010812263281809807 0
0.010839987033814447 0
0.010867710785819088 0
0.010895434537823729 0
0.010923158289828368 0
0.011078837820315966 0
0.011106561572320607 0
0.011206793598798922 0
0.011307025625277238 0
0.012535401098713619 0
0.01273159995905415 0
0.013354318081004539 0
0.013382041833009178 0
0.01340976558501382 0
0.01343748933701846 0
0.0134652130890231 0
0.013620892619510697 0
0.013648616371515338 0
0.013748848397993653 0
0.01384908042447197 0
0.014911113385880507 0
0.01510731224622104 0
0.015730030368171426 0
0.015757754120176066 0
0.01578547787218071 0
0.015813201624185348 0
0.015840925376189988 0
0.015996604906677585 0
0.016024328658682228 0
0.016124560685160542 0
0.016224792711638857 0
0.017340140580748627 0
0.01753633944108916 0
0.01815905756303955 0
0.018186781315044188 0
0.018214505067048827 0
0.01824222881905347 0
0.01826995257105811 0
0.018425632101545707 0
0.018453355853550346 0
0.01855358788002866 0
0.01865381990650698 0
0.020946360937659943 0
0.021142559798000476 0
0.021765277919950865 0
0.021793001671955504 0
0.021820725423960147 0
0.021848449175964787 0
0.021876172927969426 0
0.022031852458457023 0
0.022059576210461663 0
0.02221525574094926 0
0.022242979492953903 0
0.022343211519432218 0
0.024158050977582148 0
0.02435424983792268 0
0.02497696795987307 0
0.02500469171187771 0
0.025032415463882348 0
0.02506013921588699 0
0.02508786296789163 0
0.025243542498379228 0
0.025271266250383867 0
0.025426945780871464 0
0.025454669532876104 0
0.025554901559354422 0
0.027612856996621967 0
0.0278090558569625 0
0.02843177397891289 0
0.028459497730917528 0
0.028487221482922168 0
0.02851494523492681 0
0.02854266898693145 0
0.028698348517419047 0
0.028726072269423687 0
0.028881751799911284 0
0.028909475551915923 0
0.02900970757839424 0
0.02997150851332446 0
0.030167707373664993 0
0.030790425495615382 0
0.03081814924762002 0
0.030845872999624664 0
0.030873596751629304 0
0.030901320503633943 0
0.03105700003412154 0
0.031084723786126183 0
0.031240403316613777 0
0.031268127068618416 0
0.031368359095096734 0
0.03309149691200054 0
0.03328769577234108 0
0.03391041389429147 0
0.03393813764629611 0
0.033965861398300747 0
0.033993585150305386 0
0.034021308902310025 0
0.03417698843279762 0
0.03420471218480227 0
0.03436039171528986 0
0.034388115467294506 0
0.03448834749377282 0
0.03610485549527417 0
0.0363010543556147 0
0.036923772477565085 0
0.036951496229569725 0
0.03697921998157437 0
0.03700694373357901 0
0.03703466748558365 0
0.03719034701607125 0
0.03721807076807589 0
0.037373750298563484 0
0.03740147405056812 0
0.03750170607704644 0
0.03895187156651994 0
0.03914807042686048 0
0.039770788548810866 0
0.039798512300815506 0
0.039826236052820145 0
0.039853959804824785 0
0.039881683556829424 0
0.04003736308731702 0
0.04006508683932166 0
0.04022076636980926 0
0.040248490121813904 0
0.040348722148292215 0
0.0440487767427577 0
0.04424497560309824 0
0.044867693725048625 0
0.044895417477053265 0
0.044923141229057904 0
0.044950864981062544 0
0.04497858873306718 0
0.04513426826355478 0
0.04516199201555942 0
0.04531767154604702 0
0.04534539529805166 0
0.04630079844405773 0
0.04632852219606237 0
0.04662921827549732 0
0.046825417135837856 0
0.047448135257788245 0
0.047475859009792884 0
0.04750358276179752 0
0.04753130651380216 0
0.0475590302658068 0
0.0477147097962944 0
0.04774243354829904 0
0.047898113078786636 0
0.047925836830791275 0
0.04817748319514109 0
0.04820520694714573 0
0.049538079639676526 0
0.04973427850001706 0
0.05035699662196745 0
0.05038472037397209 0
0.05041244412597673 0
0.05044016787798137 0
0.05046789162998601 0
0.050623571160473606 0
0.050651294912478245 0
0.05080697444296584 0
0.05083469819497048 0
0.0510863445593203 0
0.05111406831132494 0
0.0522507421435152 0
0.05244694100385573 0
0.05306965912580612 0
0.05309738287781076 0
0.0531251066298154 0
0.053152830381820046 0
0.053180554133824685 0
0.05333623366431228 0
0.05336395741631692 0
0.05351963694680452 0
0.05354736069880916 0
0.053799007063158974 0
0.05382673081516361 0
0.055157470911386355 0
0.05535366977172689 0
0.05597638789367728 0
0.05600411164568192 0
0.05603183539768656 0
0.0560595591496912 0
0.05608728290169584 0
0.056242962432183435 0
0.056270686184188075 0
0.05642636571467567 0
0.05645408946668032 0
0.05670573583103013 0
0.05673345958303477 0
0.05803007813832873 0
0.05822627699866926 0
0.05884899512061965 0
0.05887671887262429 0
0.058904442624628926 0
0.058932166376633566 0
0.05895989012863821 0
0.05911556965912581 0
0.05914329341113045 0
0.059298972941618046 0
0.059326696693622685 0
0.0595783430579725 0
0.05960606680997714 0
0.06036527109564268 0
0.06056146995598321 0
0.0611841880779336 0
0.06121191182993824 0
0.06123963558194288 0
0.06126735933394752 0
0.06129508308595216 0
0.06145076261643976 0
0.0614784863684444 0
0.0619284641894428 0
0.06195618794144744 0
0.062256884020882385 0
0.062453082881222914 0
0.06307580100317331 0
0.06310352475517794 0
0.06313124850718259 0
0.06315897225918722 0
0.06318669601119187 0
0.06334237554167946 0
0.0633700992936841 0
0.0635599003651005 0
0.06358762411710513 0
0.06383927048145495 0
0.06386699423345958 0
0.06680571194595147 0
0.06700191080629202 0
0.0676246289282424 0
0.06765235268024704 0
0.06768007643225168 0
0.06770780018425632 0
0.06773552393626096 0
0.06789120346674855 0
0.0679189272187532 0
0.06816417579417887 0
0.0681918995461835 0
0.06821962329818815 0
0.06847126966253796 0
0.0684989934145426 0
0.07095147916879926 0
0.0711476780291398 0
0.07177039615109018 0
0.07179811990309483 0
0.07182584365509946 0
0.07185356740710411 0
0.07188129115910874 0
0.07203697068959634 0
0.07206469444160098 0
0.07230994301702665 0
0.07233766676903129 0
0.07236539052103592 0
0.07261703688538575 0
0.07264476063739038 0
0.07448519125123691 0
0.07468139011157744 0
0.07530410823352783 0
0.07533183198553246 0
0.07535955573753711 0
0.07538727948954174 0
0.07541500324154639 0
0.07557068277203398 0
0.07559840652403862 0
0.07602279318934044 0
0.07605051694134507 0
0.07607824069334972 0
0.07610596444535435 0
0.07635761080970417 0
0.0763853345617088 0
0.07714453884737435 0
0.07734073770771488 0
0.07796345582966527 0
0.07799117958166991 0
0.07801890333367455 0
0.0780466270856792 0
0.07807435083768383 0
0.07823003036817143 0
0.07825775412017606 0
0.07926007438495923 0
0.07928779813696386 0
0.07931552188896851 0
0.07961621796840346 0
0.07981241682874399 0
0.08043513495069438 0
0.08046285870269901 0
0.08049058245470365 0
0.0805183062067083 0
0.08054602995871293 0
0.08070170948920054 0
0.08072943324120517 0
0.08100880335755963 0
0.08103652710956427 0
0.0810642508615689 0
0.0813841403077763 0
0.08141186405978094 0
0.08259545501074829 0
0.08279165387108882 0
0.08341437199303921 0
0.08344209574504384 0
0.08346981949704849 0
0.08349754324905313 0
0.08352526700105777 0
0.08368094653154537 0
0.08370867028355 0
0.08398804039990446 0
0.0840157641519091 0
0.08404348790391374 0
0.08501595182038421 0
0.08504367557238884 0
0.08534437165182379 0
0.08554057051216434 0
0.08616328863411471 0
0.08619101238611936 0
0.086218736138124 0
0.08624645989012864 0
0.08627418364213328 0
0.08642986317262087 0
0.08645758692462552 0
0.08673695704097997 0
0.0867646807929846 0
0.08679240454498925 0
0.08714641553212543 0
0.08717413928413006 0
0.08887168594533729 0
0.08906788480567783 0
0.08969060292762822 0
0.08971832667963285 0
0.0897460504316375 0
0.08977377418364213 0
0.08980149793564678 0
0.08995717746613437 0
0.08998490121813901 0
0.09026427133449347 0
0.0902919950864981 0
0.09031971883850275 0
0.09182746442829358 0
0.09185518818029823 0
0.09188291193230286 0
0.0921836080117378 0
0.09237980687207835 0
0.09300252499402872 0
0.09303024874603337 0
0.09305797249803802 0
0.09308569625004265 0
0.0931134200020473 0
0.09326909953253489 0
0.09329682328453953 0
0.09357619340089399 0
0.09360391715289862 0
0.09363164090490327 0
0.09431407172347903 0
0.09434179547548367 0
0.09436951922748832 0
0.09594764049544477 0
0.09614383935578531 0
0.0967665574777357 0
0.09679428122974033 0
0.09682200498174498 0
0.09684972873374961 0
0.09687745248575426 0
0.09703313201624185 0
0.0970608557682465 0
0.09734022588460095 0
0.09736794963660558 0
0.09739567338861023 0
0.09807810420718599 0
0.09810582795919064 0
0.09813355171119528 0
0.09903990514211622 0
0.09923610400245675 0
0.09985882212440714 0
0.09988654587641178 0
0.09991426962841642 0
0.09994199338042106 0
0.0999697171324257 0
0.1001253966629133 0
0.10015312041491793 0
0.10257361722455387 0
0.1027698160848944 0
0.10339253420684479 0
0.10342025795884942 0
0.10344798171085406 0
0.1034757054628587 0
0.10350342921486334 0
0.1043671307196233 0
0.1160921452212782 0
0.12810079503190364 0
0.12812851878390827 0
0.12842921486334322 0
0.12885786672126112 0
0.12888559047326578 0
0.131881888286075 0
0.1365736001637834 0
0.13660132391578803 0
0.13670155594226635 0
0.15086839321663767 0
0.1508961169686423 0
0.15092384072064693 0
0.1509515644726516 0
0.15097928822465623 0
0.1521735421571638 0
0.15220126590916846 0
0.1522289896611731 0
0.15225671341317773 0
0.1522844371651824 0
0.1523846691916607 0
0.15407155287132768 0
0.1540992766233323 0
0.15412700037533694 0
0.1541547241273416 0
0.15418244787934623 0
0.15428267990582456 0
0.15596956358549152 0
0.15599728733749615 0
0.15602501108950081 0
0.15605273484150545 0
0.15608045859351008 0
0.1561806906199884 0
0.15786757429965537 0
0.15789529805166 0
0.15792302180366466 0
0.1579507455556693 0
0.15797846930767392 0
0.15807870133415225 0
0.18762795577848296 0
0.1876556795304876 0
0.18768340328249225 0
0.18771112703449688 0
0.18936388917323507 0
0.1893916129252397 0
0.18941933667724434 0
0.189447060429249 0
0.1895472924557273 0
0.19203816494352885 0
0.19206588869553348 0
0.19209361244753814 0
0.19212133619954277 0
