0.12503198894462073 0
0.12506824308185757 0
0.1415425495615382 0
0.1415809362950831 0
0.1454558637868086 0
0.145472924557273 0
0.14550064830927764 0
0.14554756542805472 0
0.14558381956529157 0
0.1490002388507865 0
0.1490172996212509 0
0.14904502337325554 0
0.14907274712526017 0
0.14910047087726483 0
0.14912819462926946 0
0.14917511174804654 0
0.14919217251851094 0
0.14923908963728802 0
0.14927534377452487 0
0.15994685570000342 0
0.15996391647046782 0
0.15999164022247245 0
0.16001936397447708 0
0.16004708772648174 0
0.16007481147848637 0
0.160102535230491 0
0.16013025898249564 0
0.1601579827345003 0
0.16018570648650493 0
0.16021343023850956 0
0.16026034735728664 0
0.16151004879380354 0
0.1615271095642679 0
0.16155483331627257 0
0.1615825570682772 0
0.16161028082028184 0
0.1616380045722865 0
0.16166572832429113 0
0.16169345207629576 0
0.1617211758283004 0
0.16174889958030506 0
0.1617766233323097 0
0.16180434708431432 0
0.16183207083631898 0
0.16187898795509606 0
0.16399452349268093 0
0.16401158426314533 0
0.16403930801514996 0
0.1640670317671546 0
0.16409475551915925 0
0.16412247927116388 0
0.16415020302316852 0
0.16417792677517318 0
0.1642056505271778 0
0.16423337427918244 0
0.16426109803118707 0
0.16428882178319174 0
0.16431654553519637 0
0.164344269287201 0
0.16437199303920566 0
0.16441891015798274 0
0.16636170539461562 0
0.16637876616508002 0
0.16640648991708465 0
0.1664342136690893 0
0.16646193742109394 0
0.16648966117309857 0
0.1665173849251032 0
0.16654510867710787 0
0.1665728324291125 0
0.16660055618111713 0
0.1666282799331218 0
0.16668799262974715 0
0.1684644453543522 0
0.1684815061248166 0
0.16850922987682124 0
0.16853695362882587 0
0.16856467738083053 0
0.16859240113283516 0
0.1686201248848398 0
0.16864784863684443 0
0.1686755723888491 0
0.16870329614085372 0
0.16873101989285835 0
0.168758743644863 0
0.16878646739686765 0
0.16883338451564472 0
0.17398786979219982 0
0.17400493056266422 0
0.17403265431466886 0
0.17407957143344593 0
0.17409663220391033 0
0.1741435493226874 0
0.1750093834237554 0
0.1750264441942198 0
0.17505416794622444 0
0.17510108506500155 0
0.17663442181048897 0
0.17665148258095337 0
0.176679206332958 0
0.17670693008496263 0
0.1767538472037397 0
0.1767709079742041 0
0.1768178250929812 0
0.17685407923021804 0
0.17766233323096872 0
0.1776793940014331 0
0.17770711775343775 0
0.1777348415054424 0
0.17776256525744702 0
0.1778094823762241 0
0.18020865322277954 0
0.1802449073600164 0
0.18086975807827482 0
0.18088681884873922 0
0.18091454260074386 0
0.18096145971952093 0
0.18532901695840584 0
0.18534607772887024 0
0.18537380148087487 0
0.1854015252328795 0
0.18542924898488417 0
0.18555933735967517 0
0.19488304841846657 0
0.19490010918893097 0
0.1949278329409356 0
0.19495555669294026 0
0.1949832804449449 0
0.19501100419694953 0
0.1950579213157266 0
0.195074982086191 0
0.19512189920496809 0
0.19862575493909304 0
0.19864281570955744 0
0.19867053946156207 0
0.19869826321356673 0
0.1987451803323438 0
0.1987622411028082 0
0.1988091582215853 0
