0.14273893609035385 0
0.21487400621012046 0
0.21499129900706315 0
0.2195507899136725 0
0.2201521820725424 0
0.2206362814344696 0
0.2223295629030607 0
0.22293308765823863 0
0.22744779404237894 0
0.22749257856484797 0
0.22753736308731703 0
0.22758214760978607 0
0.2276269321322551 0
0.22767171665472413 0
0.22771650117719316 0
0.2277612856996622 0
0.22780607022213123 0
0.22932661138977037 0
0.22968062237690653 0
0.23286245606851605 0
0.23346384822738595 0
0.23613599140137168 0
0.23673951615654962 0
0.2392709079742041 0
0.23938820077114684 0
0.24172552632476882 0
0.24184281912171154 0
0.2441652165011772 0
0.2442825092981199 0
0.24667528235575117 0
0.24727667451462107 0
0.25432917050534004 1
0.2546106732180025 2
0.25954123588221245 3
0.2609338212713686 4
0.2613240863957416 5
0.26214726857064863 6
0.2629896441123281 7
0.2631879755689767 8
0.26409432899989765 9
0.26448459412427067 10
0.26530564370286963 11
0.26616294741870544 12
0.26664491418432457 13
0.26712474835363564 14
0.2678306377316 15
0.268220902855973 16
0.26877111270344967 17
0.26962201863036134 18
0.27001228375473435 19
0.2706158085099123 20
0.271293974135872 21
0.27172689118640597 22
0.27240505681236565 23
0.2728443716518238 24
0.2735225372777835 25
0.2739618521172416 26
0.27473811717337154 27
0.27512838229774456 28
0.2756785921452213 29
0.283456170880677 29
0.2836779608967141 29
0.2840938171767837 29
0.2843475961374416 29
0.2847613198212031 29
0.28501296618555294 29
0.29793436721602345 29
0.2979791517384925 29
0.2980239362609615 29
0.2980687207834306 29
0.29811350530589964 29
0.29815828982836867 29
0.2982030743508377 29
0.29824785887330674 29
0.29829264339577577 29
0.3032466646193742 29
0.3035494932951172 29
0.30359854301020234 29
0.3041700788207595 29
0.3045048964411233 29
0.3045539461562084 29
0.3052385095710922 29
0.3055264100726789 29
0.3060339679939946 29
0.30643916129252396 29
0.30694458661753166 29
0.307437216364691 29
0.3128241546388235 29
0.31304594465486063 29
0.3134618009349302 29
0.31371557989558807 29
0.31412930357934965 29
0.3143809499436995 29
0.3259694782816392 29
0.3260142628041082 29
0.32605904732657726 29
0.3261038318490463 29
0.3261486163715153 29
0.32619340089398435 29
0.3262381854164534 29
0.3262829699389224 29
0.32632775446139145 29
0.3312540519329853 29
0.3315568806087283 29
0.3316059303238134 29
0.3321774661343706 29
0.33251228375473435 29
0.3325613334698195 29
0.3332458968847033 29
0.33353379738628997 29
0.3340413553076057 29
0.33444654860613504 29
0.33495197393114273 29
0.3354446036783021 29
0.3405990889548572 29
0.3408208789708943 29
0.34123673525096393 29
0.3414905142116218 29
0.3419042378953834 29
0.34215588425973315 29
0.353748677790289 29
0.35379346231275804 29
0.3538382468352271 29
0.3538830313576961 29
0.35392781588016514 29
0.3539726004026342 29
0.3540173849251032 29
0.35406216944757224 29
0.35410695397004127 29
0.3590375166342512 29
0.3593403453099942 29
0.35938939502507933 29
0.3599609308356365 29
0.36029574845600026 29
0.3603447981710854 29
0.3610293615859692 29
0.3613172620875559 29
0.3618248200088716 29
0.36223001330740096 29
0.36273543863240865 29
0.363228068379568 29
0.3683825536561231 29
0.3686043436721602 29
0.36902019995222984 29
0.3692739789128877 29
0.36968770259664924 29
0.36993934896099906 29
0.381536407684171 29
0.38158119220664005 29
0.3816259767291091 29
0.3816707612515781 29
0.38171554577404715 29
0.3817603302965162 29
0.3818051148189852 29
0.38184989934145425 29
0.3818946838639233 29
0.3868295117207493 29
0.3871323403964923 29
0.38718139011157743 29
0.3877529259221346 29
0.38808774354249836 29
0.3881367932575835 29
0.3888213566724673 29
0.389109257174054 29
0.3896168150953697 29
0.39002200839389906 29
0.39052743371890675 29
0.3910200634660661 29
0.3961745487426212 29
0.3963963387586583 29
0.39681219503872794 29
0.3970659739993858 29
0.3974796976831474 29
0.39773134404749716 29
0.4093326679632852 29
0.40937745248575425 29
0.4094222370082233 29
0.4094670215306923 29
0.40951180605316134 29
0.4095565905756304 29
0.4096013750980994 29
0.40964615962056844 29
0.40969094414303747 29
0.4146300371924796 29
0.4149328658682226 29
0.4149819155833077 29
0.41555345139386496 29
0.4158882690142287 29
0.41593731872931383 29
0.41662188214419765 29
0.41690978264578427 29
0.4174173405671 29
0.4178225338656294 29
0.41832795919063703 29
0.41882058893779645 29
0.47279233630190737 29
0.47301412631794454 29
0.4734299825980141 29
0.473683761558672 29
0.47409748524243356 29
0.4743491316067834 29
0.485933394752107 29
0.48597817927457604 29
0.48602296379704507 29
0.4860677483195141 29
0.48611253284198314 29
0.48615731736445217 29
0.4862021018869212 29
0.48624688640939023 29
0.48629167093185927 29
0.49122010099976116 29
0.49152292967550415 29
0.4915719793905893 29
0.49214351520114646 29
0.4924783328215102 29
0.49252738253659534 29
0.49321194595147916 29
0.4934998464530658 29
0.49400740437438156 29
0.4944125976729109 29
0.4949180229979186 29
0.49541065274507795 29
0.5007975910192104 29
0.5010193810352476 29
0.5014352373153171 29
0.5016890162759751 29
0.5021027399597365 29
0.5023543863240864 29
0.5139429146620261 29
0.5139876991844952 29
0.5140324837069642 29
0.5140772682294332 29
0.5141220527519023 29
0.5141668372743713 29
0.5142116217968403 29
0.5142564063193094 29
0.5143011908417784 29
0.5192274883133723 29
0.5195303169891152 29
0.5195793667042004 29
0.5201509025147576 29
0.5204857201351213 29
0.5205347698502064 29
0.5212193332650903 29
0.521507233766677 29
0.5220147916879926 29
0.522419984986522 29
0.5229254103115296 29
0.5234180400586891 29
0.5285725253352441 29
0.5287943153512813 29
0.5292101716313509 29
0.5294639505920087 29
0.5298776742757703 29
0.5301293206401201 29
0.541722114170676 29
0.541766898693145 29
0.541811683215614 29
0.541856467738083 29
0.5419012522605521 29
0.5419460367830211 29
0.5419908213054901 29
0.5420356058279592 29
0.5420803903504282 29
0.5470109530146381 29
0.5473137816903811 29
0.5473628314054663 29
0.5479343672160235 29
0.5482691848363872 29
0.5483182345514723 29
0.5490027979663562 29
0.5492906984679428 29
0.5497982563892585 29
0.5502034496877879 29
0.5507088750127955 29
0.551201504759955 29
0.55635599003651 29
0.5565777800525472 29
0.5569936363326168 29
0.5572474152932746 29
0.5576611389770362 29
0.557912785341386 29
0.569509844064558 29
0.569554628587027 29
0.569599413109496 29
0.569644197631965 29
0.5696889821544341 29
0.5697337666769031 29
0.5697785511993722 29
0.5698233357218412 29
0.5698681202443102 29
0.5748029481011363 29
0.5751057767768792 29
0.5751548264919644 29
0.5757263623025216 29
0.5760611799228853 29
0.5761102296379704 29
0.5767947930528543 29
0.577082693554441 29
0.5775902514757566 29
0.577995444774286 29
0.5785008700992936 29
0.5789934998464531 29
0.5841479851230081 29
0.5843697751390453 29
0.5847856314191149 29
0.5850394103797727 29
0.5854531340635343 29
0.5857047804278841 29
0.5973061043436722 29
0.5973508888661412 29
0.5973956733886102 29
0.5974404579110792 29
0.5974852424335483 29
0.5975300269560173 29
0.5975748114784863 29
0.5976195960009554 29
0.5976643805234244 29
0.6026034735728666 29
0.6029063022486095 29
0.6029553519636947 29
0.6035268877742519 29
0.6038617053946156 29
0.6039107551097007 29
0.6045953185245846 29
0.6048832190261713 29
0.605390776947487 29
0.6057959702460163 29
0.606301395571024 29
0.6067940253181834 29
0.6607657726822943 29
0.6609875626983315 29
0.661403418978401 29
0.661657197939059 29
0.6620709216228204 29
0.6623225679871703 29
0.6739068311324939 29
0.673951615654963 29
0.673996400177432 29
0.674041184699901 29
0.6740859692223701 29
0.6741307537448391 29
0.6741755382673081 29
0.6742203227897772 29
0.6742651073122462 29
0.6791935373801481 29
0.679496366055891 29
0.6795454157709763 29
0.6801169515815334 29
0.6804517692018972 29
0.6805008189169823 29
0.6811853823318661 29
0.6814732828334528 29
0.6819808407547685 29
0.6823860340532979 29
0.6828914593783055 29
0.6833840891254649 29
0.6887710273995974 29
0.6889928174156345 29
0.6894086736957041 29
0.689662452656362 29
0.6900761763401235 29
0.6903278227044733 29
0.7019163510424131 29
0.7019611355648822 29
0.7020059200873512 29
0.7020507046098202 29
0.7020954891322893 29
0.7021402736547583 29
0.7021850581772273 29
0.7022298426996963 29
0.7022746272221654 29
0.7072009246937592 29
0.7075037533695022 29
0.7075528030845873 29
0.7081243388951445 29
0.7084591565155083 29
0.7085082062305934 29
0.7091927696454772 29
0.7094806701470638 29
0.7099882280683796 29
0.710393421366909 29
0.7108988466919166 29
0.711391476439076 29
0.7165459617156311 29
0.7167677517316682 29
0.7171836080117379 29
0.7174373869723957 29
0.7178511106561573 29
0.7181027570205071 29
0.7296955505510628 29
0.729740335073532 29
0.729785119596001 29
0.72982990411847 29
0.7298746886409391 29
0.7299194731634081 29
0.7299642576858771 29
0.7300090422083462 29
0.7300538267308152 29
0.7349843893950251 29
0.735287218070768 29
0.7353362677858533 29
0.7359078035964104 29
0.7362426212167742 29
0.7362916709318593 29
0.7369762343467431 29
0.7372641348483298 29
0.7377716927696455 29
0.7381768860681749 29
0.7386823113931825 29
0.7391749411403419 29
0.744329426416897 29
0.7445512164329341 29
0.7449670727130037 29
0.7452208516736616 29
0.7456345753574232 29
0.745886221721773 29
0.7574832804449448 29
0.757528064967414 29
0.757572849489883 29
0.757617634012352 29
0.7576624185348211 29
0.7577072030572901 29
0.7577519875797591 29
0.7577967721022282 29
0.7578415566246972 29
0.7627763844815232 29
0.7630792131572662 29
0.7631282628723514 29
0.7636997986829085 29
0.7640346163032723 29
0.7640836660183574 29
0.7647682294332412 29
0.7650561299348279 29
0.7655636878561436 29
0.765968881154673 29
0.7664743064796806 29
0.76696693622684 29
0.7721214215033951 29
0.7723432115194322 29
0.7727590677995019 29
0.7730128467601597 29
0.7734265704439213 29
0.7736782168082711 29
0.7852795407240591 29
0.7853243252465282 29
0.7853691097689972 29
0.7854138942914662 29
0.7854586788139353 29
0.7855034633364043 29
0.7855482478588733 29
0.7855930323813424 29
0.7856378169038114 29
0.7905769099532535 29
0.7908797386289965 29
0.7909287883440816 29
0.7915003241546388 29
0.7918351417750026 29
0.7918841914900877 29
0.7925687549049715 29
0.7928566554065581 29
0.7933642133278739 29
0.7937694066264033 29
0.7942748319514109 29
0.7947674616985703 29
0.8474788446446242 29
0.8477006346606613 29
0.8481164909407309 29
0.8483702699013888 29
0.8487839935851503 29
0.8490356399495002 29
0.8606199030948237 29
0.8606646876172928 29
0.8607094721397618 29
0.8607542566622308 29
0.8607990411846999 29
0.8608438257071689 29
0.8608886102296379 29
0.860933394752107 29
0.8609781792745761 29
0.8659066093424779 29
0.8662094380182209 29
0.866258487733306 29
0.8668300235438633 29
0.867164841164227 29
0.8672138908793121 29
0.8678984542941959 29
0.8681863547957825 29
0.8686939127170983 29
0.8690991060156277 29
0.8696045313406353 29
0.8700971610877948 29
0.8754840993619272 29
0.8757058893779643 29
0.8761217456580339 29
0.8763755246186917 29
0.8767892483024533 29
0.8770408946668031 29
0.8886294230047429 29
0.8886742075272119 29
0.888718992049681 29
0.88876377657215 29
0.888808561094619 29
0.8888533456170881 29
0.8888981301395571 29
0.8889429146620261 29
0.8889876991844952 29
0.893913996656089 29
0.894216825331832 29
0.8942658750469171 29
0.8948374108574744 29
0.8951722284778381 29
0.8952212781929232 29
0.8959058416078071 29
0.8961937421093936 29
0.8967013000307094 29
0.8971064933292388 29
0.8976119186542464 29
0.8981045484014059 29
0.9032590336779609 29
0.9034808236939981 29
0.9038966799740676 29
0.9041504589347255 29
0.904564182618487 29
0.9048158289828369 29
0.9164086225133927 29
0.9164534070358618 29
0.9164981915583308 29
0.9165429760807998 29
0.9165877606032689 29
0.9166325451257379 29
0.9166773296482069 29
0.916722114170676 29
0.916766898693145 29
0.9216974613573549 29
0.9220002900330979 29
0.922049339748183 29
0.9226208755587403 29
0.922955693179104 29
0.9230047428941891 29
0.9236893063090729 29
0.9239772068106595 29
0.9244847647319753 29
0.9248899580305047 29
0.9253953833555123 29
0.9258880131026718 29
0.9310424983792268 29
0.931264288395264 29
0.9316801446753336 29
0.9319339236359914 29
0.932347647319753 29
0.9325992936841028 29
0.9441963524072747 29
0.9442411369297438 29
0.9442859214522128 29
0.9443307059746818 29
0.9443754904971509 29
0.9444202750196199 29
0.9444650595420889 29
0.944509844064558 29
0.944554628587027 29
0.949489456443853 29
0.949792285119596 29
0.9498413348346811 29
0.9504128706452384 29
0.9507476882656021 29
0.9507967379806872 29
0.9514813013955711 29
0.9517692018971576 29
0.9522767598184734 29
0.9526819531170028 29
0.9531873784420104 29
0.9536800081891699 29
