0.42959873067867743 1
0.4298183880984065 2
0.43903760193810354 2
0.4392572593578326 2
0.46562254751424575 2
0.4658422049339748 2
0.6341658989319958 2
0.6343855563517249 2
0.6437177977957484 2
0.6439374552154775 2
0.6535959838946327 2
0.6538156413143618 2
0.8054112498720443 2
0.8056309072917733 2
0.8403090558569625 2
0.8405287132766915 2
0.9644346913706623 2
0.9646543487903914 2
0.9738415736854676 2
0.9740612311051967 2
0.9833934725492203 2
0.9836131299689495 2
0.9932716586481045 2
0.9934913160678336 2
