0.2774123929436653 0
0.2810164807042686 0
0.28205292250998054 0
0.3079085201487699 0
0.3112311051967107 0
0.31173653052171835 0
0.3359116422697649 0
0.3391958405841608 0
0.3636951069710308 0
0.3669793052854267 0
0.3914871020575289 0
0.3947713003719248 0
0.41928762752925924 0
0.4214543453782373 0
0.42166547241273417 0
0.42474920667417343 0
0.42586028935066705 0
0.42975441020916505 0
0.4299740676288941 0
0.4310723547275395 0
0.43128348176203635 0
0.43149460879653323 0
0.43450796737980685 0
0.43560198928583616 0
0.4391932814685911 0
0.43941293888832017 0
0.44051122598696557 0
0.44072235302146245 0
0.44093348005595934 0
0.44393191046507663 0
0.4449576892892483 0
0.4492186167127307 0
0.4521978537550756 0
0.45269048350223495 0
0.45338357730235096 0
0.4576445047258334 0
0.46003514518715666 0
0.46108864776333297 0
0.4621485481284335 0
0.4657782270447333 0
0.46599788446446244 0
0.4671345582966527 0
0.47035264612549904 0
0.471389087931211 0
0.49588195652915684 0
0.49920454157709765 0
0.4997099669021053 0
0.5238850786501519 0
0.5271692769645477 0
0.5516685433514178 0
0.5549527416658137 0
0.5794605384379159 0
0.5827447367523118 0
0.6072610639096462 0
0.6094277817586242 0
0.6096389087931211 0
0.6127226430545604 0
0.6137825434196609 0
0.6183420343262702 0
0.6213553929095438 0
0.6223982325041799 0
0.6266591599276623 0
0.6296533251441635 0
0.6307302862797284 0
0.6343215784624834 0
0.6345412358822125 0
0.6356395229808578 0
0.6358506500153547 0
0.6360617770498516 0
0.6390452792848125 0
0.6395379090319718 0
0.6402821851434811 0
0.643873477326236 0
0.6440931347459651 0
0.6451914218446105 0
0.6454025488791074 0
0.6456136759136043 0
0.6480085815675436 0
0.6490620841437199 0
0.6501219845088204 0
0.6537516634251203 0
0.6539713208448493 0
0.6551079946770396 0
0.658326082505886 0
0.6593625243115979 0
0.6838553929095438 0
0.6871779779574846 0
0.6876834032824922 0
0.7118585150305388 0
0.7151427133449346 0
0.7396419797318047 0
0.7429261780462005 0
0.7674339748183028 0
0.7707181731326986 0
0.7952345002900331 0
0.797266864571604 0
0.7974779916061009 0
0.8005617258675402 0
0.8016728085440339 0
0.8055669294025318 0
0.8057865868222609 0
0.8068848739209062 0
0.8070960009554031 0
0.8073071279899 0
0.8103204865731737 0
0.8113633261678097 0
0.8156242535912922 0
0.8186184188077934 0
0.819644197631965 0
0.8239051250554476 0
0.8268843620977924 0
0.8273769918449517 0
0.8280700856450677 0
0.8323310130685502 0
0.8347216535298734 0
0.8357751561060498 0
0.8368350564711502 0
0.8404647353874501 0
0.8406843928071792 0
0.8418210666393694 0
0.8450391544682158 0
0.8460755962739277 0
0.8705684648718736 0
0.8738910499198144 0
0.874396475244822 0
0.8985715869928685 0
0.9018557853072645 0
0.9263550516941345 0
0.9296392500085304 0
0.9541470467806327 0
0.9563222950148429 0
0.9565334220493398 0
0.9596022281366227 0
0.9606962500426519 0
0.9645903709011499 0
0.9648100283208789 0
0.9659083154195244 0
0.9661194424540213 0
0.9663305694885181 0
0.9693289998976353 0
0.9704059610332002 0
0.9739972532159552 0
0.9742169106356843 0
0.9753151977343297 0
0.9755263247688266 0
0.9757374518033234 0
0.9787209540382844 0
0.9792135837854438 0
0.9799578598969529 0
0.983549152079708 0
0.983768809499437 0
0.9848670965980824 0
0.9850782236325792 0
0.9852893506670761 0
0.9876842563210154 0
0.9887377588971918 0
0.9897976592622922 0
0.9934273381785922 0
0.9936469955983213 0
