0.2003254341966083 1
0.221476524379841 2
0.282893165455352 2
0.2940338485686014 2
0.3122654144061146 2
0.32206895963421706 2
0.3400403487221483 2
0.3498481591428669 2
0.3678238134234142 2
0.3776358890367489 2
0.3956158085099123 2
0.4054321493158631 2
0.47222933087658236 2
0.48203287610468487 2
0.5002388507865015 2
0.510042396014604 2
0.5280137851025353 2
0.5378215955232538 2
0.5557972498038012 2
0.5656093254171358 2
0.5835892448902993 2
0.59340558569625 2
0.6602027672569694 2
0.6700063124850718 2
0.6882122871668884 2
0.698015832394991 2
0.7159872214829222 2
0.7257950319036408 2
0.7437706861841881 2
0.7535827617975228 2
0.7715626812706862 2
0.781379022076637 2
0.8469158392192991 2
0.8567193844474017 2
0.8749253591292183 2
0.8847289043573208 2
0.9027002934452519 2
0.9125081038659706 2
0.9304837581465178 2
0.9402958337598526 2
