0.2534931927525847 1
0.2901738492510322 1
0.290643020438803 1
0.2911079264339578 1
0.29157283242911247 1
0.2920377384242672 1
0.30056385846384825 1
0.31822815368342033 1
0.3186973248711912 1
0.31916223086634593 1
0.3196271368615007 1
0.3200920428566554 1
0.32859896952946394 1
0.34600735319207016 1
0.346476524379841 1
0.34694143037499575 1
0.3474063363701505 1
0.3478712423653052 1
0.35637816903811376 1
0.37379508308595216 1
0.374264254273723 1
0.37472916026887776 1
0.3751940662640325 1
0.3756589722591872 1
0.38416589893199576 1
0.40159134336506636 1
0.4020605145528372 1
0.40252542054799195 1
0.4029903265431467 1
0.40345523253830146 1
0.41196215921110996 1
0.47819207015388815 1
0.478661241341659 1
0.47912614733681375 1
0.4795910533319685 1
0.4800559593271232 1
0.48856288599993175 1
0.5062015900638073 1
0.5066707612515782 1
0.5071356672467329 1
0.5076005732418876 1
0.5080654792370424 1
0.5165724059098509 1
0.5339807895724571 1
0.5344499607602279 1
0.5349148667553827 1
0.5353797727505374 1
0.5358446787456922 1
0.5443516054185007 1
0.5617685194663391 1
0.5622376906541099 1
0.5627025966492647 1
0.5631675026444194 1
0.5636324086395742 1
0.5721393353123827 1
0.5895647797454533 1
0.5900339509332242 1
0.5904988569283789 1
0.5909637629235336 1
0.5914286689186884 1
0.5999355955914969 1
0.6661655065342751 1
0.6666346777220459 1
0.6670995837172007 1
0.6675644897123554 1
0.6680293957075102 1
0.6765363223803187 1
0.6941750264441943 1
0.694644197631965 1
0.6951091036271198 1
0.6955740096222746 1
0.6960389156174293 1
0.7045458422902379 1
0.721954225952844 1
0.7224233971406149 1
0.7228883031357696 1
0.7233532091309244 1
0.7238181151260791 1
0.7323250417988877 1
0.7497419558467261 1
0.7502111270344969 1
0.7506760330296516 1
0.7511409390248064 1
0.7516058450199611 1
0.7601127716927697 1
0.7775382161258403 1
0.7780073873136111 1
0.7784722933087658 1
0.7789371993039206 1
0.7794021052990753 1
0.7879090319718839 1
0.8528785784966049 1
0.8533477496843758 1
0.8538126556795305 1
0.8542775616746853 1
0.85474246766984 1
0.8632493943426485 1
0.880888098406524 1
0.8813572695942948 1
0.8818221755894496 1
0.8822870815846043 1
0.8827519875797591 1
0.8912589142525676 1
0.9086672979151739 1
0.9091364691029447 1
0.9096013750980995 1
0.9100662810932542 1
0.910531187088409 1
0.9190381137612175 1
0.9364550278090559 1
0.9369241989968267 1
0.9373891049919815 1
0.9378540109871362 1
0.938318916982291 1
0.9468258436550995 1
