0.2767150339509332 1
0.27672569693247345 2
0.27673635991401374 3
0.2776832326747876 3
0.27769389565632785 3
0.2779135530760569 4
0.27792421605759715 5
0.2779348790391374 6
0.27794554202067767 6
0.27798392875422256 6
0.27799245913945475 6
0.27800098952468694 6
0.2780095199099191 6
0.2780180502951513 6
0.27802658068038355 7
0.27803511106561574 8
0.27842111099737266 8
0.27842964138260484 8
0.27843817176783703 8
0.2784467021530692 8
0.27845523253830146 8
0.27846376292353364 8
0.27847229330876583 8
0.27896279045961714 8
0.2789713208448494 8
0.27897985123008157 8
0.27898838161531375 8
0.27899691200054594 8
0.2790054423857781 8
0.27901397277101037 8
0.30799169140478383 8
0.308000221790016 8
0.30800875217524826 8
0.30801728256048044 8
0.30802581294571263 8
0.3080343433309448 8
0.308042873716177 8
0.30858455317842154 8
0.3085930835636537 8
0.3086016139488859 8
0.30861014433411815 8
0.30861867471935034 8
0.3086272051045825 8
0.3086357354898147 8
0.3359948135257788 8
0.336003343911011 8
0.33601187429624324 8
0.3360204046814754 8
0.3360289350667076 8
0.3360374654519398 8
0.336045995837172 8
0.33654928856587163 8
0.3365578189511038 8
0.336566349336336 8
0.33657487972156824 8
0.33658341010680043 8
0.3365919404920326 8
0.3366004708772648 8
0.3637782782270447 8
0.3637868086122769 8
0.36379533899750915 8
0.36380386938274134 8
0.3638123997679735 8
0.3638209301532057 8
0.3638294605384379 8
0.36433275326713754 8
0.36434128365236973 8
0.3643498140376019 8
0.36435834442283416 8
0.36436687480806634 8
0.36437540519329853 8
0.3643839355785307 8
0.3915702733135428 8
0.391578803698775 8
0.39158733408400725 8
0.39159586446923944 8
0.3916043948544716 8
0.3916129252397038 8
0.391621455624936 8
0.39212474835363564 8
0.39213327873886783 8
0.39214180912410007 8
0.39215033950933226 8
0.39215886989456444 8
0.39216740027979663 8
0.3921759306650288 8
0.41937079878527317 8
0.41937932917050535 8
0.41938785955573754 8
0.4193963899409697 8
0.4194049203262019 8
0.41941345071143415 8
0.41942198109666634 8
0.4195243457194527 8
0.4195350087009929 8
0.4195456716825332 8
0.41955633466407344 8
0.4197674616985703 8
0.4199871191182994 8
0.4199977820998396 8
0.42000844508137986 9
0.42001910806292014 10
0.4200297710444604 10
0.4200404340260006 10
0.4202217047121848 10
0.4202323676937251 10
0.4202430306752653 10
0.42025369365680554 10
0.42026435663834577 10
0.42027501961988606 10
0.4202856826014263 10
0.4202963455829665 10
0.42030700856450676 10
0.42031767154604704 10
0.4204690858839185 10
0.42047974886545875 10
0.42049041184699903 10
0.42050107482853927 10
0.4205117378100795 10
0.42052240079161973 10
0.42053306377316 10
0.42054372675470025 10
0.4205543897362405 10
0.4205650527177807 10
0.4206077046439417 10
0.4206162350291739 10
0.42062476541440613 10
0.4206332957996383 10
0.4206418261848705 10
0.4206503565701027 10
0.4206588869553349 10
0.4206674173405671 10
0.4206759477257993 10
0.4206844781110315 10
0.4224907871839492 10
0.4224993175691814 10
0.4225078479544136 10
0.42251637833964584 10
0.422524908724878 10
0.4225334391101102 10
0.4225419694953424 10
0.4225504998805746 10
0.4225590302658068 10
0.422567560651039 10
0.43009136042583684 10
0.4301020234073771 10
0.4301126863889173 10
0.4301233493704576 10
0.43013401235199783 10
0.43014467533353806 10
0.4301553383150783 10
0.4301660012966185 10
0.4301766642781588 10
0.43018732725969905 10
0.43022997918586003 10
0.4302385095710922 10
0.4302470399563244 10
0.43025557034155665 10
0.43026410072678883 10
0.430272631112021 10
0.4302811614972532 10
0.4302896918824854 10
0.43029822226771763 10
0.4303067526529498 10
0.432264476063739 10
0.4322730064489712 10
0.43228153683420345 10
0.43229006721943564 10
0.4322985976046678 10
0.4323071279899 10
0.4323156583751322 10
0.43232418876036444 10
0.4323327191455966 10
0.4323412495308288 10
0.4395302316852629 10
0.43954089466680313 10
0.4395515576483434 10
0.43956222062988365 10
0.4395728836114239 10
0.4395835465929641 10
0.4395942095745044 10
0.43960487255604463 10
0.43961553553758487 10
0.4396261985191251 10
0.4396688504452861 10
0.4396773808305183 10
0.4396859112157505 10
0.4396944416009827 10
0.4397029719862149 10
0.43971150237144707 10
0.4397200327566793 10
0.4397285631419115 10
0.4397370935271437 10
0.43974562391237587 10
0.44170334732316513 10
0.4417118777083973 10
0.4417204080936295 10
0.4417289384788617 10
0.44173746886409393 10
0.4417459992493261 10
0.4417545296345583 10
0.4417630600197905 10
0.4417715904050227 10
0.4417801207902549 10
0.4482226942368717 10
0.448233357218412 10
0.44824402019995224 10
0.4482546831814925 10
0.4482653461630327 10
0.448276009144573 10
0.44828667212611323 10
0.44829733510765346 10
0.4483079980891937 10
0.448318661070734 10
0.44836131299689497 10
0.44836984338212715 10
0.44837837376735934 10
0.4483869041525915 10
0.4483954345378237 10
0.4484039649230559 10
0.44841249530828814 10
0.4484210256935203 10
0.4484295560787525 10
0.4484380864639847 10
0.4499842187873204 10
0.4499927491725526 10
0.45000127955778485 10
0.45000980994301704 10
0.4500183403282492 10
0.4500268707134814 10
0.4500354010987136 10
0.45004393148394584 10
0.450052461869178 10
0.4500609922544102 10
0.4566485822499744 10
0.45665924523151463 10
0.4566699082130549 10
0.45668057119459515 10
0.4566912341761354 10
0.4567018971576756 10
0.4567125601392159 10
0.45672322312075614 10
0.45673388610229637 10
0.4567445490838366 10
0.4567872010099976 10
0.45679573139522983 10
0.456804261780462 10
0.4568127921656942 10
0.4568213225509264 10
0.4568298529361586 10
0.4568383833213908 10
0.456846913706623 10
0.4568554440918552 10
0.4568639744770874 10
0.4584101068004231 10
0.4584186371856553 10
0.45842716757088753 10
0.4584356979561197 10
0.4584442283413519 10
0.4584527587265841 10
0.4584612891118163 10
0.4584698194970485 10
0.4584783498822807 10
0.4584868802675129 10
0.4661151772614051 10
0.46612584024294534 10
0.46613650322448563 10
0.46627725458081687 10
0.4664393319002286 10
0.46644999488176886 10
0.4664606578633091 10
0.466499044596854 10
0.46650757498208617 10
0.4665161053673184 10
0.4665246357525506 10
0.4665331661377828 10
0.46654169652301497 10
0.46655022690824716 10
0.46775727641860304 10
0.4677658068038353 10
0.46777433718906747 10
0.46778286757429965 10
0.46779139795953184 10
0.467799928344764 10
0.46780845872999627 10
0.4682989558808476 10
0.46830748626607976 10
0.46831601665131195 10
0.4683245470365442 10
0.4683330774217764 10
0.46834160780700856 10
0.46835013819224075 10
0.49596512778517077 10
0.49597365817040295 10
0.4959821885556352 10
0.4959907189408674 10
0.49599924932609957 10
0.49600777971133175 10
0.49601631009656394 10
0.4965579895588085 10
0.49656651994404066 10
0.49657505032927285 10
0.4965835807145051 10
0.4965921110997373 10
0.49660064148496946 10
0.49660917187020165 10
0.5239682499061658 10
0.5239767802913979 10
0.5239853106766301 10
0.5239938410618623 10
0.5240023714470946 10
0.5240109018323268 10
0.524019432217559 10
0.5245227249462586 10
0.5245312553314908 10
0.524539785716723 10
0.5245483161019552 10
0.5245568464871874 10
0.5245653768724196 10
0.5245739072576517 10
0.5517517146074317 10
0.5517602449926639 10
0.551768775377896 10
0.5517773057631282 10
0.5517858361483604 10
0.5517943665335927 10
0.5518028969188249 10
0.5523061896475245 10
0.5523147200327567 10
0.5523232504179889 10
0.5523317808032211 10
0.5523403111884533 10
0.5523488415736855 10
0.5523573719589177 10
0.5795437096939298 10
0.579552240079162 10
0.5795607704643941 10
0.5795693008496263 10
0.5795778312348586 10
0.5795863616200908 10
0.579594892005323 10
0.5800981847340226 10
0.5801067151192548 10
0.580115245504487 10
0.5801237758897192 10
0.5801323062749514 10
0.5801408366601836 10
0.5801493670454158 10
0.60734423516566 10
0.6073527655508922 10
0.6073612959361244 10
0.6073698263213567 10
0.6073783567065889 10
0.6073868870918211 10
0.6073954174770533 10
0.6074977820998396 10
0.6075084450813799 10
0.6075191080629201 10
0.6075297710444604 10
0.6077408980789573 10
0.6079605554986863 10
0.6079712184802266 10
0.6079818814617668 10
0.6079925444433071 10
0.6080032074248473 10
0.6080138704063875 10
0.6081951410925718 10
0.608205804074112 10
0.6082164670556522 10
0.6082271300371925 10
0.6082377930187327 10
0.608248456000273 10
0.6082591189818132 10
0.6082697819633535 10
0.6082804449448938 10
0.6082911079264339 10
0.6084425222643055 10
0.6084531852458457 10
0.608463848227386 10
0.6084745112089261 10
0.6084851741904664 10
0.6084958371720067 10
0.6085065001535469 10
0.6085171631350872 10
0.6085278261166275 10
0.6085384890981677 10
0.6085811410243287 10
0.6085896714095609 10
0.6085982017947931 10
0.6086067321800253 10
0.6086152625652574 10
0.6086237929504896 10
0.6086323233357218 10
0.608640853720954 10
0.6086493841061862 10
0.6086579144914185 10
0.6104642235643362 10
0.6104727539495683 10
0.6104812843348005 10
0.6104898147200327 10
0.6104983451052649 10
0.6105068754904972 10
0.6105154058757294 10
0.6105239362609616 10
0.6105324666461938 10
0.610540997031426 10
0.6173461118504112 10
0.6173567748319514 10
0.6173674378134917 10
0.6173781007950319 10
0.6173887637765721 10
0.6173994267581124 10
0.6174100897396526 10
0.6174207527211929 10
0.6174314157027332 10
0.6174420786842734 10
0.6174847306104344 10
0.6174932609956666 10
0.6175017913808988 10
0.617510321766131 10
0.6175188521513632 10
0.6175273825365953 10
0.6175359129218275 10
0.6175444433070597 10
0.6175529736922919 10
0.6175615040775242 10
0.619111901593476 10
0.6191204319787081 10
0.6191289623639403 10
0.6191374927491725 10
0.6191460231344047 10
0.619154553519637 10
0.6191630839048692 10
0.6191716142901014 10
0.6191801446753336 10
0.6191886750605657 10
0.6256632374518033 10
0.6256739004333436 10
0.6256845634148838 10
0.625695226396424 10
0.6257058893779643 10
0.6257165523595045 10
0.6257272153410448 10
0.6257378783225851 10
0.6257485413041253 10
0.6257592042856656 10
0.6258018562118265 10
0.6258103865970587 10
0.625818916982291 10
0.6258274473675232 10
0.6258359777527553 10
0.6258445081379875 10
0.6258530385232197 10
0.6258615689084519 10
0.6258700992936841 10
0.6258786296789163 10
0.6274247620022521 10
0.6274332923874842 10
0.6274418227727164 10
0.6274503531579486 10
0.6274588835431808 10
0.627467413928413 10
0.6274759443136452 10
0.6274844746988774 10
0.6274930050841095 10
0.6275015354693418 10
0.6346585286791552 10
0.6346691916606954 10
0.6346798546422356 10
0.6346905176237759 10
0.6347011806053161 10
0.6347118435868564 10
0.6347225065683967 10
0.6347331695499369 10
0.6347438325314771 10
0.6347544955130173 10
0.6347971474391784 10
0.6348056778244106 10
0.6348142082096427 10
0.6348227385948749 10
0.6348312689801071 10
0.6348397993653393 10
0.6348483297505715 10
0.6348568601358038 10
0.634865390521036 10
0.6348739209062682 10
0.6368316443170574 10
0.6368401747022896 10
0.6368487050875218 10
0.636857235472754 10
0.6368657658579862 10
0.6368742962432183 10
0.6368828266284505 10
0.6368913570136827 10
0.6368998873989149 10
0.6369084177841471 10
0.6442104275429078 10
0.6442210905244481 10
0.6442317535059884 10
0.6442424164875286 10
0.6442530794690688 10
0.644263742450609 10
0.6442744054321493 10
0.6442850684136896 10
0.6442957313952298 10
0.6443063943767701 10
0.644349046302931 10
0.6443575766881633 10
0.6443661070733955 10
0.6443746374586277 10
0.6443831678438598 10
0.644391698229092 10
0.6444002286143242 10
0.6444087589995564 10
0.6444172893847886 10
0.6444258197700208 10
0.64638354318081 10
0.6463920735660422 10
0.6464006039512744 10
0.6464091343365066 10
0.6464176647217388 10
0.6464261951069711 10
0.6464347254922033 10
0.6464432558774355 10
0.6464517862626676 10
0.6464603166478998 10
0.654088613641792 10
0.6540992766233323 10
0.6541099396048725 10
0.6542506909612038 10
0.6544127682806156 10
0.6544234312621559 10
0.654434094243696 10
0.654472480977241 10
0.6544810113624732 10
0.6544895417477054 10
0.6544980721329375 10
0.6545066025181697 10
0.6545151329034019 10
0.6545236632886341 10
0.65573071279899 10
0.6557392431842222 10
0.6557477735694544 10
0.6557563039546866 10
0.6557648343399188 10
0.655773364725151 10
0.6557818951103832 10
0.6562723922612346 10
0.6562809226464668 10
0.6562894530316989 10
0.6562979834169311 10
0.6563065138021633 10
0.6563150441873955 10
0.6563235745726277 10
0.6839385641655578 10
0.68394709455079 10
0.6839556249360221 10
0.6839641553212543 10
0.6839726857064865 10
0.6839812160917187 10
0.6839897464769509 10
0.6845314259391954 10
0.6845399563244277 10
0.6845484867096598 10
0.684557017094892 10
0.6845655474801242 10
0.6845740778653564 10
0.6845826082505886 10
0.7119416862865527 10
0.7119502166717849 10
0.7119587470570171 10
0.7119672774422493 10
0.7119758078274815 10
0.7119843382127137 10
0.7119928685979459 10
0.7124961613266455 10
0.7125046917118777 10
0.7125132220971099 10
0.7125217524823421 10
0.7125302828675742 10
0.7125388132528065 10
0.7125473436380387 10
0.7397251509878187 10
0.7397336813730508 10
0.739742211758283 10
0.7397507421435152 10
0.7397592725287474 10
0.7397678029139796 10
0.7397763332992118 10
0.7402796260279114 10
0.7402881564131436 10
0.7402966867983758 10
0.740305217183608 10
0.7403137475688402 10
0.7403222779540725 10
0.7403308083393046 10
0.7675171460743168 10
0.7675256764595489 10
0.7675342068447811 10
0.7675427372300133 10
0.7675512676152455 10
0.7675597980004777 10
0.7675683283857099 10
0.7680716211144095 10
0.7680801514996417 10
0.7680886818848739 10
0.7680972122701061 10
0.7681057426553383 10
0.7681142730405706 10
0.7681228034258027 10
0.795317671546047 10
0.7953262019312792 10
0.7953347323165114 10
0.7953432627017436 10
0.7953517930869758 10
0.795360323472208 10
0.7953688538574402 10
0.7955309311768519 10
0.7955415941583922 10
0.7955522571399324 10
0.7955629201214727 10
0.795573583103013 10
0.7955842460845531 10
0.7955949090660934 10
0.7957527211928891 10
0.7957633841744293 10
0.7957740471559696 10
0.7957847101375098 10
0.79579537311905 10
0.7958060361005903 10
0.7958166990821306 10
0.7958273620636708 10
0.7958380250452111 10
0.7958486880267512 10
0.7960342239055516 10
0.7960448868870919 10
0.796055549868632 10
0.7960662128501723 10
0.7960768758317126 10
0.7960875388132528 10
0.7960982017947931 10
0.7961088647763332 10
0.7961195277578735 10
0.7961301907394138 10
0.7962816050772853 10
0.7962922680588256 10
0.7963029310403658 10
0.796313594021906 10
0.7963242570034462 10
0.7963349199849865 10
0.7963455829665268 10
0.796356245948067 10
0.7963669089296073 10
0.7963775719111476 10
0.7964202238373085 10
0.7964287542225407 10
0.7964372846077729 10
0.796445814993005 10
0.7964543453782372 10
0.7964628757634695 10
0.7964714061487017 10
0.7964799365339339 10
0.7964884669191661 10
0.7964969973043983 10
0.798303306377316 10
0.7983118367625482 10
0.7983203671477804 10
0.7983288975330126 10
0.7983374279182448 10
0.798345958303477 10
0.7983544886887092 10
0.7983630190739414 10
0.7983715494591735 10
0.7983800798444057 10
0.8059038796192036 10
0.8059145426007438 10
0.8059252055822841 10
0.8059358685638244 10
0.8059465315453646 10
0.8059571945269048 10
0.8059678575084451 10
0.8059785204899853 10
0.8059891834715256 10
0.8059998464530658 10
0.8060424983792268 10
0.806051028764459 10
0.8060595591496912 10
0.8060680895349234 10
0.8060766199201556 10
0.8060851503053877 10
0.80609368069062 10
0.8061022110758522 10
0.8061107414610844 10
0.8061192718463166 10
0.8080769952571059 10
0.808085525642338 10
0.8080940560275702 10
0.8081025864128024 10
0.8081111167980346 10
0.8081196471832668 10
0.808128177568499 10
0.8081367079537312 10
0.8081452383389633 10
0.8081537687241955 10
0.8146283311154332 10
0.8146389940969734 10
0.8146496570785137 10
0.814660320060054 10
0.8146709830415941 10
0.8146816460231344 10
0.8146923090046746 10
0.8147029719862149 10
0.8147136349677552 10
0.8147242979492954 10
0.8147669498754564 10
0.8147754802606886 10
0.8147840106459208 10
0.814792541031153 10
0.8148010714163851 10
0.8148096018016173 10
0.8148181321868495 10
0.8148266625720818 10
0.814835192957314 10
0.8148437233425462 10
0.8163898556658818 10
0.816398386051114 10
0.8164069164363462 10
0.8164154468215785 10
0.8164239772068107 10
0.8164325075920429 10
0.8164410379772751 10
0.8164495683625073 10
0.8164580987477394 10
0.8164666291329716 10
0.8229092025795884 10
0.8229198655611287 10
0.822930528542669 10
0.8229411915242092 10
0.8229518545057495 10
0.8229625174872898 10
0.82297318046883 10
0.8229838434503702 10
0.8229945064319104 10
0.8230051694134507 10
0.8230478213396117 10
0.8230563517248439 10
0.8230648821100761 10
0.8230734124953083 10
0.8230819428805405 10
0.8230904732657727 10
0.8230990036510049 10
0.823107534036237 10
0.8231160644214692 10
0.8231245948067015 10
0.8246707271300372 10
0.8246792575152694 10
0.8246877879005016 10
0.8246963182857338 10
0.8247048486709659 10
0.8247133790561981 10
0.8247219094414304 10
0.8247304398266626 10
0.8247389702118948 10
0.824747500597127 10
0.8313350905926912 10
0.8313457535742315 10
0.8313564165557716 10
0.8313670795373119 10
0.8313777425188521 10
0.8313884055003924 10
0.8313990684819327 10
0.8314097314634729 10
0.8314203944450131 10
0.8314310574265534 10
0.8314737093527144 10
0.8314822397379465 10
0.8314907701231787 10
0.8314993005084109 10
0.8315078308936431 10
0.8315163612788754 10
0.8315248916641076 10
0.8315334220493398 10
0.831541952434572 10
0.8315504828198041 10
0.8330966151431398 10
0.8331051455283721 10
0.8331136759136043 10
0.8331222062988365 10
0.8331307366840687 10
0.8331392670693009 10
0.833147797454533 10
0.8331563278397652 10
0.8331648582249974 10
0.8331733886102296 10
0.8408016856041218 10
0.8408123485856621 10
0.8408230115672024 10
0.8409637629235336 10
0.8411258402429453 10
0.8411365032244856 10
0.8411471662060258 10
0.8411855529395708 10
0.8411940833248029 10
0.8412026137100351 10
0.8412111440952673 10
0.8412196744804995 10
0.8412282048657317 10
0.841236735250964 10
0.8424437847613199 10
0.842452315146552 10
0.8424608455317842 10
0.8424693759170164 10
0.8424779063022486 10
0.8424864366874808 10
0.842494967072713 10
0.8429854642235644 10
0.8429939946087965 10
0.8430025249940287 10
0.8430110553792609 10
0.8430195857644931 10
0.8430281161497253 10
0.8430366465349575 10
0.8706516361278875 10
0.8706601665131197 10
0.8706686968983519 10
0.8706772272835841 10
0.8706857576688163 10
0.8706942880540485 10
0.8707028184392808 10
0.8712444979015252 10
0.8712530282867574 10
0.8712615586719896 10
0.8712700890572218 10
0.871278619442454 10
0.8712871498276862 10
0.8712956802129184 10
0.8986547582488825 10
0.8986632886341147 10
0.8986718190193469 10
0.8986803494045791 10
0.8986888797898113 10
0.8986974101750435 10
0.8987059405602758 10
0.8992092332889753 10
0.8992177636742076 10
0.8992262940594398 10
0.899234824444672 10
0.8992433548299041 10
0.8992518852151363 10
0.8992604156003685 10
0.9264382229501484 10
0.9264467533353806 10
0.9264552837206128 10
0.926463814105845 10
0.9264723444910772 10
0.9264808748763094 10
0.9264894052615417 10
0.9269926979902412 10
0.9270012283754734 10
0.9270097587607057 10
0.9270182891459379 10
0.92702681953117 10
0.9270353499164022 10
0.9270438803016344 10
0.9542302180366465 10
0.9542387484218787 10
0.9542472788071109 10
0.9542558091923431 10
0.9542643395775753 10
0.9542728699628075 10
0.9542814003480398 10
0.9544093561265227 10
0.954420019108063 10
0.9544306820896031 10
0.9544413450711434 10
0.9544520080526837 10
0.9544626710342239 10
0.9544733340157642 10
0.9545991571979391 10
0.9546098201794793 10
0.9546204831610196 10
0.9546311461425598 10
0.9546418091241 10
0.9546524721056403 10
0.9548763947179855 10
0.9548870576995258 10
0.9548977206810659 10
0.9549083836626062 10
0.9550896543487903 10
0.9551003173303306 10
0.9551109803118709 10
0.9551216432934111 10
0.9551323062749514 10
0.9551429692564917 10
0.9551536322380318 10
0.9551642952195721 10
0.9551749582011123 10
0.9551856211826526 10
0.9553370355205241 10
0.9553476985020644 10
0.9553583614836046 10
0.9553690244651448 10
0.9553796874466851 10
0.9553903504282253 10
0.9554010134097656 10
0.9554116763913059 10
0.955422339372846 10
0.9554330023543863 10
0.9554756542805473 10
0.9554841846657796 10
0.9554927150510117 10
0.9555012454362439 10
0.9555097758214761 10
0.9555183062067083 10
0.9555268365919405 10
0.9555353669771727 10
0.9555438973624049 10
0.955552427747637 10
0.9573587368205548 10
0.957367267205787 10
0.9573757975910192 10
0.9573843279762514 10
0.9573928583614836 10
0.9574013887467158 10
0.957409919131948 10
0.9574184495171802 10
0.9574269799024124 10
0.9574355102876446 10
0.9649273211178216 10
0.9649379840993619 10
0.9649486470809022 10
0.9649593100624424 10
0.9649699730439827 10
0.9649806360255229 10
0.9649912990070632 10
0.9650019619886034 10
0.9650126249701436 10
0.9650232879516839 10
0.9650659398778448 10
0.9650744702630771 10
0.9650830006483093 10
0.9650915310335415 10
0.9651000614187737 10
0.9651085918040059 10
0.9651171221892381 10
0.9651256525744702 10
0.9651341829597024 10
0.9651427133449346 10
0.9671004367557239 10
0.9671089671409561 10
0.9671174975261883 10
0.9671260279114204 10
0.9671345582966526 10
0.9671430886818849 10
0.9671516190671171 10
0.9671601494523493 10
0.9671686798375815 10
0.9671772102228137 10
0.974334203432627 10
0.9743448664141673 10
0.9743555293957075 10
0.9743661923772478 10
0.974376855358788 10
0.9743875183403282 10
0.9743981813218685 10
0.9744088443034088 10
0.974419507284949 10
0.9744301702664893 10
0.9744728221926502 10
0.9744813525778824 10
0.9744898829631146 10
0.9744984133483469 10
0.974506943733579 10
0.9745154741188112 10
0.9745240045040434 10
0.9745325348892756 10
0.9745410652745078 10
0.97454959565974 10
0.9765073190705292 10
0.9765158494557614 10
0.9765243798409936 10
0.9765329102262258 10
0.976541440611458 10
0.9765499709966902 10
0.9765585013819225 10
0.9765670317671546 10
0.9765755621523868 10
0.976584092537619 10
0.9838861022963797 10
0.9838967652779199 10
0.9839074282594602 10
0.9839180912410005 10
0.9839287542225407 10
0.983939417204081 10
0.9839500801856211 10
0.9839607431671614 10
0.9839714061487017 10
0.9839820691302419 10
0.9840247210564029 10
0.9840332514416351 10
0.9840417818268673 10
0.9840503122120995 10
0.9840588425973317 10
0.9840673729825639 10
0.984075903367796 10
0.9840844337530282 10
0.9840929641382605 10
0.9841014945234927 10
0.9860592179342819 10
0.9860677483195142 10
0.9860762787047463 10
0.9860848090899785 10
0.9860933394752107 10
0.9861018698604429 10
0.9861104002456751 10
0.9861189306309073 10
0.9861274610161395 10
0.9861359914013716 10
0.993764288395264 10
0.9937749513768042 10
0.9937856143583444 10
0.9939263657146756 10
0.9940884430340874 10
0.9940991060156277 10
0.994109768997168 10
0.9942227966014945 10
0.9943422219947453 10
0.9943528849762855 10
0.9943635479578258 10
0.9943742109393661 10
0.9943848739209062 10
0.9944552495990719 11
0.9944659125806121 12
0.9944765755621524 12
0.9944872385436926 12
0.9945746749923227 12
0.994585337973863 12
0.9946685092298768 12
0.994677039615109 12
0.9946855700003412 12
0.994979868290852 12
0.9949905312723922 12
0.9951355478213396 12
0.9951462108028799 12
0.995242177636742 12
0.9954447742860068 13
0.995455437267547 13
0.995542873716177 13
0.9955535366977173 13
0.9955641996792575 13
0.9957006858429727 13
0.995711348824513 13
0.9957369399802095 13
0.9957454703654417 13
0.9957540007506739 13
0.9959011498959293 13
0.9959118128774695 13
0.9959374040331661 13
0.9959459344183983 13
0.9959544648036305 13
0.9959629951888628 13
0.995971525574095 13
0.9959992493260995 13
0.9960077797113318 13
0.996016310096564 13
0.9960568294264169 13
0.9960653598116491 13
0.9960738901968813 13
0.9962551608830654 13
0.9962636912682977 13
0.9962722216535299 13
0.9964193707987853 13
0.9964300337803256 13
0.9965260006141877 13
0.9967200668782202 13
0.9968160337120824 13
0.9970100999761149 13
0.9970890060395128 13
0.997099669021053 13
0.9971103320025932 13
0.9972148292216877 13
0.9972233596069199 13
0.997359845770635 13
0.9973683761558672 13
0.9975240556863548 13
0.997532586071587 13
0.9975603098235917 13
0.9975688402088239 13
0.997577370594056 13
0.9975859009792882 13
0.9975944313645204 13
0.9976925307946907 13
0.9978951274439554 13
0.9979057904254957 13
0.9980017572593578 13
0.9980124202408981 13
0.9981574367898455 13
0.9983429726686457 13
0.9984879892175931 14
0.9985839560514553 14
0.9987204422151704 14
0.9988569283788856 14
0.9988675913604258 14
0.9988782543419661 14
0.9989699559832123 14
0.9989806189647524 14
0.9989912819462927 14
0.9991405636878562 14
0.9991512266693964 14
0.9992557238884908 14
0.999266386870031 14
0.9992770498515713 14
0.9992877128331116 14
0.9992983758146518 14
0.9994071382263623 14
0.9994178012079026 14
0.9994284641894428 14
0.999439127170983 14
0.9994497901525233 14
0.9995585525642338 14
0.999569215545774 14
0.9995798785273143 14
0.9995905415088545 14
0.9996012044903948 14
0.9997099669021053 14
0.9997206298836455 14
0.9997312928651858 14
0.9997419558467261 14
0.9997526188282663 14
0.9998357900842803 14
0.9998464530658204 14
0.9998571160473607 14
0.9999936022110758 14
