0.00010449721909441431 1
0.004533899750912751 2
0.009285324325246529 3
0.01144564438530044 4
0.013987699184495172 5
0.01636341147166206 6
0.01879243866653018 7
0.022481830279455422 8
0.025693520319377623 9
0.029148326338417442 10
0.03150697785511994 11
0.03462696625379602 12
0.03764032483706964 13
0.04048734090831542 14
0.048343825707168935 15
0.05125268707134814 16
0.05396534957518682 17
0.05687207834305797 18
0.059744685570000344 19
0.06400561299348279 20
0.0686376121745658 21
0.07278337939741358 22
0.07652395332173201 23
0.08155048281980415 24
0.08731275804415327 25
0.09450813798751152 26
0.09827217047121849 27
0.19013802163305696 28
