0.20100786501518408 1
0.22416572832429113 2
0.2303459924250179 3
0.2340417818268673 4
0.23731744975603097 5
0.23956520626471492 6
0.24201982461527963 7
0.24445951479168798 8
0.24745794520080527 9
0.28584894393830823 9
0.2897814515303511 9
0.29482504179888763 9
0.3147200327566793 9
0.3178357559627393 9
0.32286015286450337 9
0.3424992322653291 9
0.3456149554713891 9
0.3506393523731532 9
0.3702869621592111 9
0.3734026853652711 9
0.3784270822670352 9
0.39808322243832533 9
0.4011989456443853 9
0.4062233425461494 9
0.4746839492271471 9
0.4777996724332071 9
0.4828240693349712 9
0.5026934691370663 9
0.5058091923431263 9
0.5108335892448903 9
0.5304726686457161 9
0.533588391851776 9
0.5386127887535401 9
0.5582603985395981 9
0.561376121745658 9
0.5664005186474221 9
0.5860566588187123 9
0.5891723820247723 9
0.5941967789265363 9
0.6626573856075341 9
0.665773108813594 9
0.6707975057153581 9
0.6906669055174531 9
0.6937826287235132 9
0.6988070256252772 9
0.718446105026103 9
0.721561828232163 9
0.726586225133927 9
0.746233834919985 9
0.749349558126045 9
0.754373955027809 9
0.7740300951990992 9
0.7771458184051592 9
0.7821702153069232 9
0.8493704575698638 9
0.8524861807759239 9
0.8575105776776879 9
0.877379977479783 9
0.8804957006858429 9
0.8855200975876071 9
0.9051591769884328 9
0.9082749001944928 9
0.9132992970962569 9
0.9329469068823149 9
0.9360626300883748 9
0.9410870269901389 9
