0.29008214760978607 0
0.2905513187975569 0
0.29101622479271166 0
0.29148113078786636 0
0.2919460367830211 0
0.3004636264373699 0
0.3181364520421742 0
0.31860562322994507 0
0.3190705292250998 0
0.31953543522025457 0
0.32000034121540927 0
0.32849873750298564 0
0.34591565155082404 0
0.3463848227385949 0
0.34684972873374964 0
0.34731463472890434 0
0.3477795407240591 0
0.35627793701163546 0
0.37370338144470605 0
0.3741725526324769 0
0.37463745862763165 0
0.37510236462278634 0
0.3755672706179411 0
0.38406566690551747 0
0.40149964172382024 0
0.4019688129115911 0
0.40243371890674584 0
0.4028986249019006 0
0.4033635308970553 0
0.41186192718463166 0
0.47810036851264204 0
0.4785695397004129 0
0.47903444569556763 0
0.47949935169072233 0
0.4799642576858771 0
0.48846265397345345 0
0.5061098884225612 0
0.506579059610332 0
0.5070439656054867 0
0.5075088716006415 0
0.5079737775957962 0
0.5164721738833725 0
0.5338890879312109 0
0.5343582591189818 0
0.5348231651141365 0
0.5352880711092913 0
0.535752977104446 0
0.5442513733920223 0
0.5616768178250929 0
0.5621459890128638 0
0.5626108950080185 0
0.5630758010031733 0
0.563540706998328 0
0.5720391032859043 0
0.5894730781042072 0
0.589942249291978 0
0.5904071552871327 0
0.5908720612822875 0
0.5913369672774422 0
0.5998353635650185 0
0.6660738048930289 0
0.6665429760807998 0
0.6670078820759545 0
0.6674727880711093 0
0.667937694066264 0
0.6764360903538403 0
0.6940833248029481 0
0.6945524959907189 0
0.6950174019858737 0
0.6954823079810284 0
0.6959472139761832 0
0.7044456102637595 0
0.7218625243115979 0
0.7223316954993687 0
0.7227966014945235 0
0.7232615074896782 0
0.723726413484833 0
0.7322248097724093 0
0.7496502542054799 0
0.7501194253932507 0
0.7505843313884055 0
0.7510492373835602 0
0.751514143378715 0
0.7600125396662913 0
0.7774465144845941 0
0.7779156856723649 0
0.7783805916675197 0
0.7788454976626744 0
0.7793104036578292 0
0.7878087999454055 0
0.8527868768553588 0
0.8532560480431296 0
0.8537209540382844 0
0.8541858600334391 0
0.8546507660285938 0
0.8631491623161702 0
0.8807963967652779 0
0.8812655679530488 0
0.8817304739482035 0
0.8821953799433583 0
0.882660285938513 0
0.8911586822260893 0
0.9085755962739277 0
0.9090447674616986 0
0.9095096734568533 0
0.9099745794520081 0
0.9104394854471628 0
0.9189378817347391 0
0.9363633261678097 0
0.9368324973555806 0
0.9372974033507353 0
0.9377623093458901 0
0.9382272153410448 0
0.9467256116286211 0
