0.0456716825331832 0
0.061702408980789575 0
0.06619792199815744 0
0.07035648479885352 0
0.07875038386733545 0
0.07904041696523015 0
0.08458943255877435 0
0.08480055959327124 0
0.09094670215306923 0
0.09139241478145153 0
0.10053485515405876 0
0.10090592691165932 0
0.10132391578803698 0
0.10160968369331559 0
0.10203620295492545 0
0.10367190432319924 0
0.10384677722045928 0
0.10457612515781213 0
0.11657624458320538 0
0.11728853175009384 0
0.11805200122837547 0
0.11860647626846828 0
0.11883039888081345 0
0.11924198996826697 0
0.11960666393694339 0
0.11995854232777152 0
0.12013981301395571 0
0.12032748148906404 0
0.12154092878834408 0
0.121926928720101 0
0.1231169174599925 0
0.12372257481147848 0
0.12425572388849081 0
0.12441780120790255 0
0.12460760227931894 0
0.12610041969495342 0
0.1266143754051933 0
0.12723922612345173 0
0.12778943597092846 0
0.12955949090660934 0
0.1300073361312997 0
0.1305746067492408 0
0.13916470467806327 0
0.1394355444091855 0
0.14055729006721943 0
0.1410712457774593 0
0.1414124611867472 0
0.14295646091377487 0
0.14355572047633672 0
0.14442155457740471 0
0.14500162077319412 0
0.1452084826150749 0
0.14688257071689356 0
0.14839671409560856 0
0.14887228307230355 0
0.15047386289964854 0
0.1598082369399802 0
0.16106860135803733 0
0.16140341897840108 0
0.16260620329614087 0
0.1633696727744225 0
0.16386656771419797 0
0.16586054526222405 0
0.16625507557921315 0
0.1676455283720613 0
0.1683172962090968 0
0.16999991469614767 0
0.1711088647763333 0
0.1713349199849865 0
0.17176143924659637 0
0.17191711877708396 0
0.1723820247722387 0
0.17324146108438257 0
0.1738791073804893 0
0.17488569283788855 0
0.17583256559866245 0
0.1762420240898079 0
0.17650220083938992 0
0.17892696284164192 0
0.17921912853584468 0
0.1796797693383833 0
0.1800934930221449 0
0.1807524652813321 0
0.181786774490736 0
0.18218557000034122 0
0.18295330467123896 0
0.18365492885658716 0
0.1838553929095438 0
0.18415182379636263 0
0.18481932644078206 0
0.18521172416146314 0
0.18626735933394753 0
0.19223436380386938 0
0.1927632476882656 0
0.19475082744736752 0
0.19667869450984407 0
0.19723956733886103 0
0.19770873852663187 0
0.19799877162452656 0
0.19814805336609 0
0.19850419694953425 0
0.19955983212201864 0
0.20804969802436277 0
