0.23180042310710752 0
0.25878842938547103 0
0.26270174361074144 0
0.268566383457877 0
0.272594857883782 0
0.27371233834919984 0
0.27547386289964854 0
0.2806176851946634 0
0.3017794383594363 0
0.30215690790596106 0
0.30235737195891765 0
0.3024362780223155 0
0.3043470843143276 0
0.3062109734875627 0
0.3071194595147917 0
0.3071962329818815 0
0.31023518272085165 0
0.3113825195345822 0
0.33016856041218823 0
0.3303668918688368 0
0.33044366533592656 0
0.33235447162793874 0
0.3342183608011738 0
0.33512684682840277 0
0.33520362029549255 0
0.33819991810830174 0
0.33934725492203227 0
0.35794775992083805 0
0.3581460913774866 0
0.3582228648445764 0
0.3601379363292046 0
0.3620018255024397 0
0.3629103115296687 0
0.36298708499675847 0
0.36598338280956766 0
0.3671307196232982 0
0.38573548981472006 0
0.3859338212713686 0
0.3860105947384584 0
0.38792993141570276 0
0.3897938205889378 0
0.3907023066161668 0
0.39077908008325657 0
0.39377537789606576 0
0.3949227147097963 0
0.41353175009383425 0
0.4137300815504828 0
0.4138068550175726 0
0.41573045688743304 0
0.4175943460606681 0
0.41850283208789707 0
0.41857960555498686 0
0.4237532841983144 0
0.4249006210120449 0
0.429622189238066 0
0.42984184665779507 0
0.43351204490394785 0
0.4346593817176784 0
0.43906106049749205 0
0.4392807179172211 0
0.44293598798921757 0
0.4440833248029481 0
0.4512019312792166 0
0.4603059849182789 0
0.46191182993824004 0
0.46564600607363427 0
0.46586566349336334 0
0.4699538506158938 0
0.48976567031767154 0
0.49013674207527214 0
0.4903350735319207 0
0.49041184699901047 0
0.49232052069471455 0
0.49418440986794965 0
0.49509289589517863 0
0.4951696693622684 0
0.4982086191012386 0
0.4993559559149691 0
0.5181419967925751 0
0.5183403282492237 0
0.5184171017163135 0
0.5203279080083256 0
0.5221917971815607 0
0.5231002832087898 0
0.5231770566758794 0
0.5261733544886887 0
0.5273206913024192 0
0.5459211963012249 0
0.5461195277578735 0
0.5461963012249633 0
0.5481113727095915 0
0.5499752618828266 0
0.5508837479100556 0
0.5509605213771454 0
0.5539568191899547 0
0.5551041560036851 0
0.5737089261951069 0
0.5739072576517555 0
0.5739840311188453 0
0.5759033677960896 0
0.5777672569693247 0
0.5786757429965538 0
0.5787525164636435 0
0.5817488142764528 0
0.5828961510901832 0
0.6015051864742211 0
0.6017035179308697 0
0.6017802913979595 0
0.6037038932678199 0
0.605567782441055 0
0.6064762684682841 0
0.6065530419353738 0
0.6117267205787014 0
0.6128740573924318 0
0.6203594704336848 0
0.6215068072474152 0
0.6286574026683045 0
0.629804739482035 0
0.6341893574913843 0
0.6344090149111133 0
0.6380493568089535 0
0.643741256355137 0
0.6439609137748661 0
0.6482794212986659 0
0.649885266318627 0
0.6536194424540213 0
0.6538390998737503 0
0.6579272869962808 0
0.6777391066980585 0
0.678110178455659 0
0.6783085099123076 0
0.6783852833793974 0
0.6802939570751015 0
0.6821578462483365 0
0.6830663322755656 0
0.6831431057426554 0
0.6861820554816256 0
0.6873293922953561 0
0.7061154331729621 0
0.7063137646296107 0
0.7063905380967005 0
0.7083013443887126 0
0.7101652335619476 0
0.7110737195891766 0
0.7111504930562664 0
0.7141467908690756 0
0.7152941276828062 0
0.7338946326816119 0
0.7340929641382605 0
0.7341697376053502 0
0.7360848090899785 0
0.7379486982632135 0
0.7388571842904426 0
0.7389339577575323 0
0.7419302555703415 0
0.7430775923840721 0
0.7616823625754939 0
0.7618806940321425 0
0.7619574674992322 0
0.7638768041764766 0
0.7657406933497116 0
0.7666491793769407 0
0.7667259528440304 0
0.7697222506568396 0
0.7708695874705702 0
0.7894786228546081 0
0.7896769543112567 0
0.7897537277783465 0
0.7916773296482069 0
0.793541218821442 0
0.794449704848671 0
0.7945264783157607 0
0.7995658033916812 0
0.8007131402054116 0
0.8054347084314327 0
0.8056543658511618 0
0.8093245640973147 0
0.8104719009110452 0
0.8176224963319344 0
0.8187698331456649 0
0.8258884396219334 0
0.8349924932609957 0
0.8365983382809568 0
0.840332514416351 0
0.8405521718360801 0
0.8446403589586106 0
0.8644521786603883 0
0.8648232504179889 0
0.8650215818746375 0
0.8650983553417272 0
0.8670070290374313 0
0.8688709182106664 0
0.8697794042378953 0
0.8698561777049851 0
0.8728951274439554 0
0.8740424642576858 0
0.8928285051352919 0
0.8930268365919405 0
0.8931036100590303 0
0.8950144163510424 0
0.8968783055242775 0
0.8977867915515064 0
0.8978635650185962 0
0.9008598628314055 0
0.902007199645136 0
0.9206077046439417 0
0.9208060361005903 0
0.9208828095676801 0
0.9227978810523083 0
0.9246617702255434 0
0.9255702562527723 0
0.9256470297198621 0
0.9286433275326714 0
0.9297906643464019 0
0.9483954345378237 0
0.9485937659944723 0
0.9486705394615621 0
0.9505898761388064 0
0.9524537653120415 0
0.9533622513392704 0
0.9534390248063602 0
0.9586063056607637 0
0.9597536424744941 0
0.9644581499300509 0
0.9646778073497799 0
0.9683330774217763 0
0.9694804142355069 0
0.9738650322448562 0
0.9740846896645853 0
0.9777250315624254 0
0.9834169311086088 0
0.9836365885283379 0
0.9879550960521377 0
0.9895609410720988 0
0.9932951172074931 0
0.9935147746272222 0
