0.12337922680588255 1
0.12389531511243047 2
0.12597033132016242 3
0.12641817654485277 4
0.1268788173473914 5
0.12744608796533252 6
0.13959335653598118 7
0.14066605247892994 8
0.14321877025966492 9
0.14629397413587197 10
0.1471640734295561 11
0.148761388064285 12
0.15017103422390554 13
0.1507233766676903 14
0.16082122018630363 15
0.1612925239703825 16
0.16237161770225544 17
0.16286638004572287 18
0.16503736308731703 19
0.1661441805711946 20
0.16720621353260312 21
0.16812536254137236 22
0.16954993687514927 23
0.17026648923465384 24
0.17119203603234723 25
0.17161215750503292 26
0.17247372641348482 27
0.17347391408195995 28
0.17477479782987 29
0.17556172586754018 30
0.17600743849592249 31
0.18064157027331354 32
0.18207467499232266 33
0.1831068516054185 34
0.18374663049783327 35
0.18400893984372335 36
0.1844823762241103 37
0.18510082915344456 38
0.18615646432592897 39
0.1959365509946429 40
0.19645690449380693 41
0.19690901491111337 42
0.19780470536049408 43
0.20812220629883646 43
0.2081499300508411 44
0.20817765380284572 45
0.20820537755485038 46
0.21345369706895964 47
0.21376292353362678 48
0.21844823762241103 49
0.22103294434776674 50
