0.27964308868188487 0
0.30926485140068927 0
0.33722958678813936 0
0.36501305148940527 0
0.39280504657590337 0
0.4227488313372232 0
0.43250759204285666 0
0.4419315351281264 0
0.45019747841812535 0
0.4586084382570717 0
0.4689792541031153 0
0.4972382877810762 0
0.5252030231685263 0
0.5529864878697922 0
0.5807784829562903 0
0.6107222677176102 0
0.6193550175725936 0
0.6276529498072133 0
0.6370449039478623 0
0.6465818746374586 0
0.6569526904835022 0
0.6852117241614631 0
0.7131764595489132 0
0.7409599242501791 0
0.7687519193366772 0
0.79856135053059 0
0.8083201112362234 0
0.8166180434708431 0
0.8248839867608421 0
0.8332949465997884 0
0.843665762445832 0
0.8719247961237929 0
0.8998895315112431 0
0.927672996212509 0
0.9576018527996725 0
0.9673286245606851 0
0.9767205787013341 0
0.9862575493909305 0
