0.1250341215409288 0
0.12507037567816562 0
0.14154468215784624 0
0.14158306889139113 0
0.14545799638311666 0
0.14547505715358106 0
0.1455027809055857 0
0.14554969802436277 0
0.1455859521615996 0
0.14900237144709455 0
0.14901943221755895 0
0.14904715596956358 0
0.14907487972156822 0
0.14910260347357288 0
0.1491303272255775 0
0.1491772443443546 0
0.149194305114819 0
0.14924122223359607 0
0.1492774763708329 0
0.15994898829631146 0
0.15996604906677586 0
0.1599937728187805 0
0.16002149657078513 0
0.1600492203227898 0
0.16007694407479442 0
0.16010466782679905 0
0.1601323915788037 0
0.16016011533080834 0
0.16018783908281298 0
0.1602155628348176 0
0.16026247995359472 0
0.1615121813901116 0
0.16152924216057596 0
0.16155696591258062 0
0.16158468966458525 0
0.16161241341658988 0
0.16164013716859454 0
0.16166786092059918 0
0.1616955846726038 0
0.16172330842460844 0
0.1617510321766131 0
0.16177875592861773 0
0.16180647968062237 0
0.16183420343262703 0
0.1618811205514041 0
0.16399665608898897 0
0.16401371685945337 0
0.164041440611458 0
0.16406916436346267 0
0.1640968881154673 0
0.16412461186747193 0
0.16415233561947656 0
0.16418005937148122 0
0.16420778312348586 0
0.1642355068754905 0
0.16426323062749515 0
0.16429095437949978 0
0.16431867813150441 0
0.16434640188350905 0
0.1643741256355137 0
0.16442104275429079 0
0.16636383799092366 0
0.16638089876138806 0
0.1664086225133927 0
0.16643634626539736 0
0.166464070017402 0
0.16649179376940662 0
0.16651951752141125 0
0.1665472412734159 0
0.16657496502542055 0
0.16660268877742518 0
0.16663041252942984 0
0.1666901252260552 0
0.16846657795066025 0
0.16848363872112465 0
0.16851136247312928 0
0.16853908622513392 0
0.16856680997713858 0
0.1685945337291432 0
0.16862225748114784 0
0.1686499812331525 0
0.16867770498515713 0
0.16870542873716177 0
0.1687331524891664 0
0.16876087624117106 0
0.1687885999931757 0
0.16883551711195277 0
0.17399000238850787 0
0.17400706315897227 0
0.1740347869109769 0
0.17408170402975398 0
0.17409876480021838 0
0.17414568191899546 0
0.17501151602006346 0
0.17502857679052786 0
0.1750563005425325 0
0.1751032176613096 0
0.17663655440679701 0
0.1766536151772614 0
0.17668133892926605 0
0.17670906268127068 0
0.17675597980004776 0
0.17677304057051216 0
0.17681995768928924 0
0.17685621182652608 0
0.17766446582727677 0
0.17768152659774114 0
0.1777092503497458 0
0.17773697410175043 0
0.17776469785375507 0
0.17781161497253217 0
0.1802107858190876 0
0.18024703995632443 0
0.18087189067458287 0
0.18088895144504727 0
0.1809166751970519 0
0.18096359231582898 0
0.1853311495547139 0
0.1853482103251783 0
0.18537593407718292 0
0.18540365782918758 0
0.1854313815811922 0
0.18556146995598322 0
0.19488518101477462 0
0.19490224178523902 0
0.19492996553724365 0
0.1949576892892483 0
0.19498541304125294 0
0.19501313679325757 0
0.19506005391203468 0
0.19507711468249905 0
0.19512403180127613 0
0.1986278875354011 0
0.1986449483058655 0
0.19867267205787012 0
0.19870039580987478 0
0.19874731292865186 0
0.19876437369911626 0
0.19881129081789334 0
