0.20184597536424745 1
0.20195473777595796 1
0.20205923499505238 1
0.20222984269969632 1
0.2024068481932644 1
0.2025881188794486 1
0.20296772102228136 1
0.20314899170846556 1
0.2033494557614222 1
0.20371412973009861 1
0.20393378714982768 1
0.20415984235848092 1
0.20439869314498244 1
0.20463754393148395 1
0.20481881461766813 1
0.20500008530385233 1
0.20524533387927799 1
0.2055225713993244 1
0.20570384208550857 1
0.20596188623878253 1
0.2062199303920565 1
0.2064971679121029 1
0.21307836011874295 2
0.214204370969393 3
0.21429820520694715 3
0.21437497867403693 3
0.21514271334493465 3
0.21522375200464053 3
0.2153175862421947 3
0.2154775309652984 3
0.21555856962500428 3
0.21565240386255843 3
0.2157974204115058 3
0.21595523253830143 3
0.21610024908724879 3
0.21630284573651345 3
0.21638388439621933 3
0.21648411642269766 3
0.216629132971645 3
0.2167890776947487 3
0.21693409424369606 3
0.21713882348926877 3
0.21721986214897465 3
0.21732009417545298 3
0.2174651107244003 3
0.21762505544750402 3
0.21777007199645135 3
0.2179748012420241 3
0.21805583990172997 3
0.21814967413928413 3
0.2188491657283243 4
0.21938871259426077 4
0.21957851366567716 4
0.2197149998293923 4
0.21994958542327772 4
0.22216748558364896 4
0.22235728665506535 4
0.2224937728187805 4
0.22272835841266592 4
0.22310156276657453 5
0.2242552973692292 5
0.2243683249735558 5
0.22474579452008053 5
0.22498038011396596 5
0.22565428054730952 5
0.22604454567168253 5
0.227968147541543 5
0.22811956187941448 5
0.2282155287132767 5
0.2292029208039035 5
0.22938205889377963 5
0.23044835704780428 6
0.2306445559081448 6
0.23075971610877946 6
0.23270037874910432 6
0.23289017982052068 6
0.23302666598423585 6
0.23326125157812128 6
0.23597391408195995 6
0.23616371515337634 6
0.23630020131709148 6
0.2365347869109769 6
0.23764800218377863 7
0.23990428907769476 7
0.24048435527348416 7
0.2423482444467192 7
0.24292617804620056 7
0.2447879346231276 7
0.24536586822260895 7
0.24651320503633944 7
0.24670300610775583 7
0.24683949227147098 7
0.2470740778653564 7
0.25011942539325077 7
0.2502857679052786 7
0.2504521104173065 7
0.25061845292933427 7
0.2507847954413621 7
0.25095113795338997 7
0.2511174804654178 7
0.25128382297744567 7
0.2514501654894735 7
0.25161650800150137 7
0.25178285051352917 7
0.251949193025557 7
0.25267214317398573 7
0.25337803255195007 7
0.25384720373972086 7
0.25444859589859076 7
0.2546383969700072 7
0.2547748831337223 7
0.2550116013239158 7
0.25518647422117585 7
0.2560629713037841 7
0.25694799877162455 7
0.2570290374313304 7
0.25712926945780873 7
0.25727428600675606 7
0.25743423072985977 7
0.2575792472788071 7
0.25780316989115226 7
0.25788420855085814 7
0.2579844405773365 7
0.25812092674105164 7
0.25828087146415535 7
0.2584173576278705 7
0.25910831883167845 7
0.25918935749138433 7
0.2592874569215546 7
0.25956469444160096 7
0.2597267717610127 7
0.25987178830996005 7
0.26003173303306376 7
0.26017674958201115 7
0.26077174395195685 7
0.26096154502337326 7
0.2610980311870884 7
0.26138379909236703 7
0.26171435152011463 7
0.2618188487392091 7
0.2620235779847818 7
0.2630195004606408 7
0.2632498208619101 7
0.2639322516804859 7
0.26412205275190226 7
0.2642585389156174 7
0.264544306820896 7
0.2654186713071962 7
0.2660392568328386 7
0.2662183949227147 7
0.26766856041218823 7
0.2678583614836046 7
0.26799484764731973 7
0.26828061555259836 7
0.2694599413109496 7
0.269649742382366 7
0.26978622854608114 7
0.27007199645135976 7
0.2745760398539598 7
0.2747658409253762 7
0.27490232708909135 7
0.27518809499436997 7
0.27577669157539153 7
0.2815453645886648 7
0.2816264032483707 7
0.28172023748592484 7
0.2860707339543454 8
0.28619655713652026 8
0.2863010543556147 8
0.2864993858122633 8
0.2867872863138499 8
0.2898944791346777 9
0.29036365032244854 9
0.2908285563176033 9
0.29129346231275804 9
0.2917583683079128 9
0.29348363872112465 9
0.2945542020677654 9
0.2948954174770533 9
0.29500844508137986 9
0.2953944450131368 9
0.2956290306070222 9
0.2961621796840345 9
0.2965417818268673 9
0.2984632511004197 9
0.2986146654382912 9
0.2987106322721534 9
0.3000648309277647 9
0.30027382536595354 9
0.30076432251680485 9
0.3012548196676562 9
0.30462432183437405 9
0.310723547275395 9
0.31080458593510085 9
0.310898420172655 9
0.31489917084655544 9
0.31502499402873035 9
0.31512949124782474 9
0.31532782270447335 9
0.31561572320605996 9
0.3179487835670659 9
0.31841795475483675 9
0.31888286074999145 9
0.3193477667451462 9
0.31981267274030095 9
0.3215187497867404 9
0.32258931313338113 9
0.32293052854266896 9
0.3230435561469956 9
0.3234295560787525 9
0.32366414167263796 9
0.32419729074965026 9
0.32457689289248304 9
0.3264983621660354 9
0.3266497765039069 9
0.3267457433377691 9
0.32809994199338044 9
0.3283089364315693 9
0.3287994335824206 9
0.32927926775173166 9
0.3326317091479851 9
0.33868828266284506 9
0.33876932132255094 9
0.3388631555601051 9
0.34267837035520526 9
0.3428041935373802 9
0.34290869075647457 9
0.34310702221312317 9
0.3433949227147098 9
0.3457279830757157 9
0.3461971542634865 9
0.34666206025864127 9
0.347126966253796 9
0.3475918722489508 9
0.34929794929539015 9
0.3503685126420309 9
0.3507097280513188 9
0.3508227556556454 9
0.35120875558740233 9
0.3514433411812877 9
0.3519764902583001 9
0.35235609240113286 9
0.3542775616746852 9
0.35442897601255674 9
0.35452494284641894 9
0.3558791415020302 9
0.35608813594021904 9
0.3565786330910704 9
0.3570584672603815 9
0.36041517384925104 9
0.366471747364111 9
0.36655278602381686 9
0.366646620261371 9
0.37046610024908727 9
0.3705919234312622 9
0.3706964206503566 9
0.3708947521070052 9
0.3711826526085918 9
0.3735157129695977 9
0.3739848841573685 9
0.3744497901525233 9
0.37491469614767803 9
0.3753796021428328 9
0.37708567918927216 9
0.3781562425359129 9
0.3784974579452008 9
0.3786104855495274 9
0.37899648548128434 9
0.37923107107516973 9
0.3797642201521821 9
0.38014382229501487 9
0.3820652915685672 9
0.38221670590643875 9
0.38231267274030095 9
0.3836668713959122 9
0.38387586583410105 9
0.3843663629849524 9
0.3848461971542635 9
0.38820716893574914 9
0.3942637424506091 9
0.39434478111031496 9
0.3944386153478691 9
0.39826236052820146 9
0.3983881837103764 9
0.39849268092947077 9
0.39869101238611937 9
0.398978912887706 9
0.40131197324871193 9
0.4017811444364828 9
0.40224605043163747 9
0.4027109564267922 9
0.403175862421947 9
0.4048819394683864 9
0.40595250281502715 9
0.40629371822431504 9
0.4064067458286416 9
0.40679274576039853 9
0.407027331354284 9
0.4075604804312963 9
0.40794008257412906 9
0.4098615518476814 9
0.41001296618555294 9
0.41010893301941514 9
0.41146313167502646 9
0.4116721261132153 9
0.4121626232640666 9
0.4126424574333777 9
0.4160076944074794 9
0.4242416487528577 9
0.42432268741256357 9
0.42441652165011773 9
0.42694364827515613 9
0.4277433718906746 9
0.42831704029753986 9
0.42892909543795 9
0.43400040945849117 9
0.43408144811819704 9
0.4341752823557512 9
0.4366853482103252 9
0.4373357900842802 9
0.4379094584911455 9
0.4384468727607739 9
0.4434243525437609 9
0.44350539120346677 9
0.44359922544102093 9
0.44604104821373736 9
0.4466914900876924 9
0.4472651584945576 9
0.44780257276418606 9
0.45169029583375986 9
0.45177133449346574 9
0.4518651687310199 9
0.45446693622684 9
0.45511737810079506 9
0.4556910465076603 9
0.4562284607772887 9
0.46057682464940114 9
0.460657863309107 9
0.4607559627392773 9
0.4632319070529225 9
0.4638823489268775 9
0.4644560173337428 9
0.4649934316033712 9
0.47088153000989524 9
0.4709625686696011 9
0.4710564029071553 9
0.47486308731702326 9
0.47498891049919817 9
0.47509340771829256 9
0.47529173917494116 9
0.4755796396765278 9
0.4779127000375337 9
0.4783818712253045 9
0.47884677722045926 9
0.479311683215614 9
0.47977658921076877 9
0.4814826662572082 9
0.4825532296038489 9
0.4828944450131368 9
0.4830074726174634 9
0.4833934725492203 9
0.4836280581431057 9
0.4841612072201181 9
0.48454080936295085 9
0.4864622786365032 9
0.48661369297437473 9
0.48670965980823694 9
0.48806385846384825 9
0.48827285290203704 9
0.4887633500528884 9
0.4892431842221995 9
0.492597758214761 9
0.4986969836557819 9
0.4987780223154878 9
0.49887185655304195 9
0.5028726072269424 9
0.5029984304091173 9
0.5031029276282117 9
0.5033012590848602 9
0.5035891595864469 9
0.5059222199474528 9
0.5063913911352237 9
0.5068562971303784 9
0.5073212031255332 9
0.5077861091206879 9
0.5094921861671273 9
0.510562749513768 9
0.5109039649230559 9
0.5110169925273825 9
0.5114029924591394 9
0.5116375780530249 9
0.5121707271300372 9
0.5125503292728699 9
0.5144717985464223 9
0.5146232128842938 9
0.5147191797181561 9
0.5160733783737673 9
0.5162823728119562 9
0.5167728699628075 9
0.5172527041321187 9
0.5206051455283721 9
0.526661719043232 9
0.5267427577029379 9
0.526836591940492 9
0.5306518067355922 9
0.5307776299177671 9
0.5308821271368614 9
0.53108045859351 9
0.5313683590950967 9
0.5337014194561026 9
0.5341705906438735 9
0.5346354966390282 9
0.535100402634183 9
0.5355653086293377 9
0.5372713856757771 9
0.5383419490224178 9
0.5386831644317057 9
0.5387961920360324 9
0.5391821919677893 9
0.5394167775616747 9
0.539949926638687 9
0.5403295287815197 9
0.5422509980550722 9
0.5424024123929436 9
0.5424983792268059 9
0.5438525778824171 9
0.544061572320606 9
0.5445520694714573 9
0.5450319036407684 9
0.5483886102296379 9
0.5544451837444979 9
0.5545262224042038 9
0.554620056641758 9
0.5584395366294742 9
0.5585653598116491 9
0.5586698570307435 9
0.5588681884873921 9
0.5591560889889787 9
0.5614891493499846 9
0.5619583205377555 9
0.5624232265329102 9
0.562888132528065 9
0.5633530385232197 9
0.5650591155696592 9
0.5661296789162998 9
0.5664708943255877 9
0.5665839219299144 9
0.5669699218616713 9
0.5672045074555567 9
0.567737656532569 9
0.5681172586754017 9
0.5700387279489542 9
0.5701901422868256 9
0.5702861091206879 9
0.5716403077762992 9
0.571849302214488 9
0.5723397993653393 9
0.5728196335346504 9
0.5761806053161361 9
0.582237178830996 9
0.5823182174907019 9
0.582412051728256 9
0.5862357969085884 9
0.5863616200907633 9
0.5864661173098578 9
0.5866644487665063 9
0.5869523492680929 9
0.5892854096290988 9
0.5897545808168697 9
0.5902194868120244 9
0.5906843928071792 9
0.5911492988023339 9
0.5928553758487733 9
0.593925939195414 9
0.5942671546047019 9
0.5943801822090286 9
0.5947661821407855 9
0.5950007677346709 9
0.5955339168116832 9
0.5959135189545159 9
0.5978349882280684 9
0.5979864025659398 9
0.5980823693998021 9
0.5994365680554133 9
0.5996455624936022 9
0.6001360596444535 9
0.6006158938137647 9
0.6039811307878664 9
0.6122150851332446 9
0.6122961237929505 9
0.6123899580305047 9
0.6148659023441498 9
0.6156656259596683 9
0.6162392943665336 9
0.6168513495069438 9
0.620847834988228 9
0.6209288736479339 9
0.6210227078854881 9
0.6234815914286689 9
0.6241320333026239 9
0.6247057017094892 9
0.6252431159791176 9
0.6291457672228478 9
0.6292268058825536 9
0.6293206401201078 9
0.6318136452042175 9
0.6324640870781725 9
0.6330377554850377 9
0.6335751697546661 9
0.6385377213634967 9
0.6386187600232026 9
0.6387125942607568 9
0.6413655440679701 9
0.6420159859419251 9
0.6425896543487903 9
0.6431270686184188 9
0.6485502610297881 9
0.648631299689494 9
0.6487293991196642 9
0.6512053434333095 9
0.6518557853072645 9
0.6524294537141297 9
0.6529668679837581 9
0.6588549663902822 9
0.6589360050499881 9
0.6590298392875422 9
0.6628365236974102 9
0.6629623468795851 9
0.6630668440986794 9
0.663265175555328 9
0.6635530760569147 9
0.6658861364179206 9
0.6663553076056915 9
0.6668202136008462 9
0.667285119596001 9
0.6677500255911557 9
0.6694561026375951 9
0.6705266659842358 9
0.6708678813935237 9
0.6709809089978503 9
0.6713669089296073 9
0.6716014945234927 9
0.672134643600505 9
0.6725142457433377 9
0.6744357150168901 9
0.6745871293547616 9
0.6746830961886239 9
0.6760372948442351 9
0.676246289282424 9
0.6767367864332753 9
0.6772166206025864 9
0.6805711945951479 9
0.6866704200361688 9
0.6867514586958747 9
0.6868452929334289 9
0.6908460436073293 9
0.6909718667895042 9
0.6910763640085986 9
0.6912746954652472 9
0.6915625959668339 9
0.6938956563278398 9
0.6943648275156106 9
0.6948297335107654 9
0.6952946395059201 9
0.6957595455010749 9
0.6974656225475142 9
0.698536185894155 9
0.6988774013034429 9
0.6989904289077695 9
0.6993764288395264 9
0.6996110144334118 9
0.7001441635104241 9
0.7005237656532569 9
0.7024452349268093 9
0.7025966492646808 9
0.702692616098543 9
0.7040468147541543 9
0.7042558091923431 9
0.7047463063431945 9
0.7052261405125055 9
0.708578581908759 9
0.7146351554236189 9
0.7147161940833248 9
0.7148100283208789 9
0.7186252431159791 9
0.718751066298154 9
0.7188555635172484 9
0.719053894973897 9
0.7193417954754837 9
0.7216748558364896 9
0.7221440270242604 9
0.7226089330194152 9
0.7230738390145699 9
0.7235387450097246 9
0.725244822056164 9
0.7263153854028048 9
0.7266566008120927 9
0.7267696284164192 9
0.7271556283481762 9
0.7273902139420616 9
0.7279233630190739 9
0.7283029651619067 9
0.7302244344354591 9
0.7303758487733306 9
0.7304718156071929 9
0.7318260142628041 9
0.7320350087009929 9
0.7325255058518443 9
0.7330053400211554 9
0.7363620466100249 9
0.7424186201248848 9
0.7424996587845907 9
0.7425934930221448 9
0.7464129730098611 9
0.746538796192036 9
0.7466432934111304 9
0.746841624867779 9
0.7471295253693657 9
0.7494625857303716 9
0.7499317569181424 9
0.7503966629132972 9
0.7508615689084519 9
0.7513264749036066 9
0.753032551950046 9
0.7541031152966868 9
0.7544443307059747 9
0.7545573583103012 9
0.7549433582420582 9
0.7551779438359436 9
0.7557110929129559 9
0.7560906950557887 9
0.7580121643293412 9
0.7581635786672126 9
0.7582595455010749 9
0.7596137441566861 9
0.7598227385948749 9
0.7603132357457263 9
0.7607930699150374 9
0.764154041696523 9
0.7702106152113829 9
0.7702916538710888 9
0.7703854881086429 9
0.7742092332889753 9
0.7743350564711502 9
0.7744395536902446 9
0.7746378851468932 9
0.7749257856484799 9
0.7772588460094858 9
0.7777280171972566 9
0.7781929231924114 9
0.7786578291875661 9
0.7791227351827209 9
0.7808288122291602 9
0.781899375575801 9
0.7822405909850889 9
0.7823536185894155 9
0.7827396185211725 9
0.7829742041150578 9
0.7835073531920701 9
0.7838869553349029 9
0.7858084246084553 9
0.7859598389463268 9
0.7860558057801891 9
0.7874100044358003 9
0.7876189988739891 9
0.7881094960248405 9
0.7885893301941516 9
0.7919545671682533 9
0.8000541679462244 9
0.8001352066059303 9
0.8002290408434845 9
0.8027561674685229 9
0.8035558910840414 9
0.8041295594909066 9
0.8047416146313168 9
0.8098129286518579 9
0.8098939673115638 9
0.809987801549118 9
0.8124466850922988 9
0.8130971269662538 9
0.813670795373119 9
0.8142082096427474 9
0.8181108608864777 9
0.8181918995461835 9
0.8182857337837377 9
0.8207275565564541 9
0.8213779984304092 9
0.8219516668372744 9
0.8224890811069028 9
0.8263768041764766 9
0.8264578428361825 9
0.8265516770737367 9
0.8291534445695568 9
0.8298038864435118 9
0.830377554850377 9
0.8309149691200055 9
0.835263332992118 9
0.8353443716518238 9
0.8354424710819941 9
0.8379184153956393 9
0.8385688572695943 9
0.8391425256764595 9
0.8396799399460879 9
0.845568038352612 9
0.8456490770123178 9
0.845742911249872 9
0.84954959565974 9
0.8496754188419149 9
0.8497799160610093 9
0.8499782475176579 9
0.8502661480192445 9
0.8525992083802505 9
0.8530683795680213 9
0.853533285563176 9
0.8539981915583308 9
0.8544630975534855 9
0.8561691745999249 9
0.8572397379465657 9
0.8575809533558536 9
0.8576939809601801 9
0.858079980891937 9
0.8583145664858225 9
0.8588477155628348 9
0.8592273177056676 9
0.8611487869792199 9
0.8613002013170915 9
0.8613961681509537 9
0.862750366806565 9
0.8629593612447538 9
0.8634498583956052 9
0.8639296925649163 9
0.8672842665574777 9
0.8733834919984986 9
0.8734645306582045 9
0.8735583648957587 9
0.8775591155696592 9
0.8776849387518341 9
0.8777894359709284 9
0.877987767427577 9
0.8782756679291637 9
0.8806087282901696 9
0.8810778994779405 9
0.8815428054730952 9
0.8820077114682499 9
0.8824726174634047 9
0.8841786945098441 9
0.8852492578564848 9
0.8855904732657727 9
0.8857035008700993 9
0.8860895008018562 9
0.8863240863957417 9
0.886857235472754 9
0.8872368376155867 9
0.8891583068891391 9
0.8893097212270106 9
0.8894056880608728 9
0.8907598867164841 9
0.890968881154673 9
0.8914593783055242 9
0.8919392124748353 9
0.8952916538710888 9
0.9013482273859488 9
0.9014292660456547 9
0.9015231002832088 9
0.905338315078309 9
0.9054641382604839 9
0.9055686354795782 9
0.9057669669362268 9
0.9060548674378135 9
0.9083879277988194 9
0.9088570989865903 9
0.909322004981745 9
0.9097869109768997 9
0.9102518169720545 9
0.9119578940184939 9
0.9130284573651346 9
0.9133696727744225 9
0.9134827003787491 9
0.913868700310506 9
0.9141032859043915 9
0.9146364349814038 9
0.9150160371242365 9
0.9169375063977889 9
0.9170889207356604 9
0.9171848875695227 9
0.9185390862251339 9
0.9187480806633228 9
0.9192385778141741 9
0.9197184119834851 9
0.9230751185723547 9
0.9291316920872147 9
0.9292127307469206 9
0.9293065649844747 9
0.933126044972191 9
0.9332518681543659 9
0.9333563653734602 9
0.9335546968301088 9
0.9338425973316955 9
0.9361756576927014 9
0.9366448288804723 9
0.937109734875627 9
0.9375746408707817 9
0.9380395468659365 9
0.9397456239123759 9
0.9408161872590166 9
0.9411574026683045 9
0.9412704302726311 9
0.941656430204388 9
0.9418910157982735 9
0.9424241648752858 9
0.9428037670181185 9
0.9447252362916709 9
0.9448766506295424 9
0.9449726174634047 9
0.9463268161190159 9
0.9465358105572048 9
0.9470263077080561 9
0.9475061418773671 9
0.9508671136588528 9
0.9590946702153069 9
0.9591757088750128 9
0.959269543112567 9
0.961779608967141 9
0.9625793325826595 9
0.9631530009895247 9
0.9637650561299348 9
0.9688214419763197 9
0.9689024806360256 9
0.9689963148735797 9
0.9714893199576893 9
0.9721397618316443 9
0.9727134302385095 9
0.973250844508138 9
0.9782133961169687 9
0.9782944347766745 9
0.9783882690142287 9
0.981041218821442 9
0.981691660695397 9
0.9822653291022623 9
0.9828027433718907 9
0.98822593578326 9
0.9883069744429659 9
0.9884050738731361 9
0.9908810181867813 9
0.9915314600607363 9
0.9921051284676016 9
0.99264254273723 9
