0   0.001   0 
1   0.002   0 
2   0.003   0 
3   0.004   0 
4   0.005   0 
5   0.006   0 
6   0.007   0 
7   0.008   0 
8   0.008   0.15384615384615385 
9   0.010000000000000002   0.15384615384615385 
10   0.010000000000000002   0.19230769230769232 
11   0.012000000000000004   0.19230769230769232 
12   0.012000000000000004   0.3076923076923077 
13   0.014000000000000005   0.3076923076923077 
14   0.015000000000000006   0.3076923076923077 
15   0.016000000000000007   0.3076923076923077 
16   0.017000000000000008   0.3076923076923077 
17   0.01800000000000001   0.3076923076923077 
18   0.01900000000000001   0.3076923076923077 
19   0.02000000000000001   0.3076923076923077 
20   0.02100000000000001   0.3076923076923077 
21   0.022000000000000013   0.3076923076923077 
22   0.023000000000000013   0.3076923076923077 
23   0.024000000000000014   0.3076923076923077 
24   0.025000000000000015   0.3076923076923077 
25   0.026000000000000016   0.3076923076923077 
26   0.027000000000000017   0.3076923076923077 
27   0.028000000000000018   0.3076923076923077 
28   0.02900000000000002   0.3076923076923077 
29   0.03000000000000002   0.3076923076923077 
30   0.03100000000000002   0.3076923076923077 
31   0.03200000000000002   0.3076923076923077 
32   0.03300000000000002   0.3076923076923077 
33   0.03400000000000002   0.3076923076923077 
34   0.035000000000000024   0.3076923076923077 
35   0.036000000000000025   0.3076923076923077 
36   0.037000000000000026   0.3076923076923077 
37   0.03800000000000003   0.3076923076923077 
38   0.03900000000000003   0.3076923076923077 
39   0.04000000000000003   0.3076923076923077 
40   0.04100000000000003   0.3076923076923077 
41   0.04200000000000003   0.3076923076923077 
42   0.04300000000000003   0.3076923076923077 
43   0.04400000000000003   0.3076923076923077 
44   0.04500000000000003   0.3076923076923077 
45   0.046000000000000034   0.3076923076923077 
46   0.047000000000000035   0.3076923076923077 
47   0.048000000000000036   0.3076923076923077 
48   0.04900000000000004   0.3076923076923077 
49   0.05000000000000004   0.3076923076923077 
50   0.05100000000000004   0.3076923076923077 
51   0.05200000000000004   0.3076923076923077 
52   0.05300000000000004   0.3076923076923077 
53   0.05400000000000004   0.3076923076923077 
54   0.05500000000000004   0.3076923076923077 
55   0.05600000000000004   0.3076923076923077 
56   0.057000000000000044   0.3076923076923077 
57   0.058000000000000045   0.3076923076923077 
58   0.059000000000000045   0.3076923076923077 
59   0.060000000000000046   0.3076923076923077 
60   0.06100000000000005   0.3076923076923077 
61   0.06200000000000005   0.3076923076923077 
62   0.06300000000000004   0.3076923076923077 
63   0.06400000000000004   0.3076923076923077 
64   0.06500000000000004   0.3076923076923077 
65   0.06600000000000004   0.3076923076923077 
66   0.06700000000000005   0.3076923076923077 
67   0.06800000000000005   0.3076923076923077 
68   0.06900000000000005   0.3076923076923077 
69   0.07000000000000005   0.3076923076923077 
70   0.07100000000000005   0.3076923076923077 
71   0.07200000000000005   0.3076923076923077 
72   0.07300000000000005   0.3076923076923077 
73   0.07400000000000005   0.3076923076923077 
74   0.07500000000000005   0.3076923076923077 
75   0.07600000000000005   0.3076923076923077 
76   0.07700000000000005   0.3076923076923077 
77   0.07800000000000006   0.3076923076923077 
78   0.07900000000000006   0.3076923076923077 
79   0.08000000000000006   0.3076923076923077 
80   0.08100000000000006   0.3076923076923077 
81   0.08200000000000006   0.3076923076923077 
82   0.08300000000000006   0.3076923076923077 
83   0.08400000000000006   0.3076923076923077 
84   0.08500000000000006   0.3076923076923077 
85   0.08600000000000006   0.3076923076923077 
86   0.08700000000000006   0.3076923076923077 
87   0.08800000000000006   0.3076923076923077 
88   0.08900000000000007   0.3076923076923077 
89   0.09000000000000007   0.3076923076923077 
90   0.09100000000000007   0.3076923076923077 
91   0.09200000000000007   0.3076923076923077 
92   0.09300000000000007   0.3076923076923077 
93   0.09400000000000007   0.3076923076923077 
94   0.09500000000000007   0.3076923076923077 
95   0.09600000000000007   0.3076923076923077 
96   0.09700000000000007   0.3076923076923077 
97   0.09800000000000007   0.3076923076923077 
98   0.09900000000000007   0.3076923076923077 
99   0.10000000000000007   0.3076923076923077 
100   0.10100000000000008   0.3076923076923077 
101   0.10200000000000008   0.3076923076923077 
102   0.10300000000000008   0.3076923076923077 
103   0.10400000000000008   0.3076923076923077 
104   0.10500000000000008   0.3076923076923077 
105   0.10600000000000008   0.3076923076923077 
106   0.10700000000000008   0.3076923076923077 
107   0.10800000000000008   0.3076923076923077 
108   0.10900000000000008   0.3076923076923077 
109   0.11000000000000008   0.3076923076923077 
110   0.11100000000000008   0.3076923076923077 
111   0.11200000000000009   0.3076923076923077 
112   0.11300000000000009   0.3076923076923077 
113   0.11400000000000009   0.3076923076923077 
114   0.11500000000000009   0.3076923076923077 
115   0.11600000000000009   0.3076923076923077 
116   0.11700000000000009   0.3076923076923077 
117   0.11800000000000009   0.3076923076923077 
118   0.11900000000000009   0.3076923076923077 
119   0.12000000000000009   0.3076923076923077 
120   0.1210000000000001   0.3076923076923077 
121   0.1220000000000001   0.3076923076923077 
122   0.1230000000000001   0.3076923076923077 
123   0.1240000000000001   0.3076923076923077 
124   0.12500000000000008   0.3076923076923077 
125   0.12600000000000008   0.3076923076923077 
126   0.12700000000000009   0.3076923076923077 
127   0.12800000000000009   0.3076923076923077 
128   0.1290000000000001   0.3076923076923077 
129   0.1300000000000001   0.3076923076923077 
130   0.1310000000000001   0.3076923076923077 
131   0.1320000000000001   0.3076923076923077 
132   0.1330000000000001   0.3076923076923077 
133   0.1340000000000001   0.3076923076923077 
134   0.1350000000000001   0.3076923076923077 
135   0.1360000000000001   0.3076923076923077 
136   0.1370000000000001   0.3076923076923077 
137   0.1380000000000001   0.3076923076923077 
138   0.1390000000000001   0.3076923076923077 
139   0.1400000000000001   0.3076923076923077 
140   0.1410000000000001   0.3076923076923077 
141   0.1420000000000001   0.3076923076923077 
142   0.1430000000000001   0.3076923076923077 
143   0.1440000000000001   0.3076923076923077 
144   0.1450000000000001   0.3076923076923077 
145   0.1460000000000001   0.3076923076923077 
146   0.1470000000000001   0.3076923076923077 
147   0.1480000000000001   0.3076923076923077 
148   0.1490000000000001   0.3076923076923077 
149   0.1500000000000001   0.3076923076923077 
150   0.1510000000000001   0.3076923076923077 
151   0.1520000000000001   0.3076923076923077 
152   0.1530000000000001   0.3076923076923077 
153   0.1540000000000001   0.3076923076923077 
154   0.1550000000000001   0.3076923076923077 
155   0.1560000000000001   0.3076923076923077 
156   0.1570000000000001   0.3076923076923077 
157   0.1580000000000001   0.3076923076923077 
158   0.1590000000000001   0.3076923076923077 
159   0.16000000000000011   0.3076923076923077 
160   0.16100000000000012   0.3076923076923077 
161   0.16200000000000012   0.3076923076923077 
162   0.16300000000000012   0.3076923076923077 
163   0.16400000000000012   0.3076923076923077 
164   0.16500000000000012   0.3076923076923077 
165   0.16600000000000012   0.3076923076923077 
166   0.16700000000000012   0.3076923076923077 
167   0.16800000000000012   0.3076923076923077 
168   0.16900000000000012   0.3076923076923077 
169   0.17000000000000012   0.3076923076923077 
170   0.17100000000000012   0.3076923076923077 
171   0.17200000000000013   0.3076923076923077 
172   0.17300000000000013   0.3076923076923077 
173   0.17400000000000013   0.3076923076923077 
174   0.17500000000000013   0.3076923076923077 
175   0.17600000000000013   0.3076923076923077 
176   0.17700000000000013   0.3076923076923077 
177   0.17800000000000013   0.3076923076923077 
178   0.17900000000000013   0.3076923076923077 
179   0.18000000000000013   0.3076923076923077 
180   0.18100000000000013   0.3076923076923077 
181   0.18200000000000013   0.3076923076923077 
182   0.18300000000000013   0.3076923076923077 
183   0.18400000000000014   0.3076923076923077 
184   0.18500000000000014   0.3076923076923077 
185   0.18600000000000014   0.3076923076923077 
186   0.18700000000000014   0.3076923076923077 
187   0.18800000000000014   0.3076923076923077 
188   0.18900000000000014   0.3076923076923077 
189   0.19000000000000014   0.3076923076923077 
190   0.19100000000000014   0.3076923076923077 
191   0.19200000000000014   0.3076923076923077 
192   0.19300000000000014   0.3076923076923077 
193   0.19400000000000014   0.3076923076923077 
194   0.19500000000000015   0.3076923076923077 
195   0.19600000000000015   0.3076923076923077 
196   0.19700000000000015   0.3076923076923077 
197   0.19800000000000015   0.3076923076923077 
198   0.19900000000000015   0.3076923076923077 
199   0.20000000000000015   0.3076923076923077 
200   0.20100000000000015   0.3076923076923077 
201   0.20200000000000015   0.3076923076923077 
202   0.20300000000000015   0.3076923076923077 
203   0.20400000000000015   0.3076923076923077 
204   0.20500000000000015   0.3076923076923077 
205   0.20600000000000016   0.3076923076923077 
206   0.20700000000000016   0.3076923076923077 
207   0.20800000000000016   0.3076923076923077 
208   0.20900000000000016   0.3076923076923077 
209   0.21000000000000016   0.3076923076923077 
210   0.21100000000000016   0.3076923076923077 
211   0.21200000000000016   0.3076923076923077 
212   0.21300000000000016   0.3076923076923077 
213   0.21400000000000016   0.3076923076923077 
214   0.21500000000000016   0.3076923076923077 
215   0.21600000000000016   0.3076923076923077 
216   0.21700000000000016   0.3076923076923077 
217   0.21800000000000017   0.3076923076923077 
218   0.21900000000000017   0.3076923076923077 
219   0.22000000000000017   0.3076923076923077 
220   0.22100000000000017   0.3076923076923077 
221   0.22200000000000017   0.3076923076923077 
222   0.22300000000000017   0.3076923076923077 
223   0.22400000000000017   0.3076923076923077 
224   0.22500000000000017   0.3076923076923077 
225   0.22600000000000017   0.3076923076923077 
226   0.22700000000000017   0.3076923076923077 
227   0.22800000000000017   0.3076923076923077 
228   0.22900000000000018   0.3076923076923077 
229   0.23000000000000018   0.3076923076923077 
230   0.23100000000000018   0.3076923076923077 
231   0.23200000000000018   0.3076923076923077 
232   0.23300000000000018   0.3076923076923077 
233   0.23400000000000018   0.3076923076923077 
234   0.23500000000000018   0.3076923076923077 
235   0.23600000000000018   0.3076923076923077 
236   0.23700000000000018   0.3076923076923077 
237   0.23800000000000018   0.3076923076923077 
238   0.23900000000000018   0.3076923076923077 
239   0.24000000000000019   0.3076923076923077 
240   0.2410000000000002   0.3076923076923077 
241   0.2420000000000002   0.3076923076923077 
242   0.2430000000000002   0.3076923076923077 
243   0.2440000000000002   0.3076923076923077 
244   0.2450000000000002   0.3076923076923077 
245   0.2460000000000002   0.3076923076923077 
246   0.2470000000000002   0.3076923076923077 
247   0.2480000000000002   0.3076923076923077 
248   0.2490000000000002   0.3076923076923077 
249   0.25000000000000017   0.3076923076923077 
250   0.25100000000000017   0.3076923076923077 
251   0.25200000000000017   0.3076923076923077 
252   0.25300000000000017   0.3076923076923077 
253   0.25400000000000017   0.3076923076923077 
254   0.25500000000000017   0.3076923076923077 
255   0.25600000000000017   0.3076923076923077 
256   0.2570000000000002   0.3076923076923077 
257   0.2580000000000002   0.3076923076923077 
258   0.2590000000000002   0.3076923076923077 
259   0.2600000000000002   0.3076923076923077 
260   0.2610000000000002   0.3076923076923077 
261   0.2620000000000002   0.3076923076923077 
262   0.2630000000000002   0.3076923076923077 
263   0.2640000000000002   0.3076923076923077 
264   0.2650000000000002   0.3076923076923077 
265   0.2660000000000002   0.3076923076923077 
266   0.2670000000000002   0.3076923076923077 
267   0.2680000000000002   0.3076923076923077 
268   0.2690000000000002   0.3076923076923077 
269   0.2700000000000002   0.3076923076923077 
270   0.2710000000000002   0.3076923076923077 
271   0.2720000000000002   0.3076923076923077 
272   0.2730000000000002   0.3076923076923077 
273   0.2740000000000002   0.3076923076923077 
274   0.2750000000000002   0.3076923076923077 
275   0.2760000000000002   0.3076923076923077 
276   0.2770000000000002   0.3076923076923077 
277   0.2780000000000002   0.3076923076923077 
278   0.2790000000000002   0.3076923076923077 
279   0.2800000000000002   0.3076923076923077 
280   0.2810000000000002   0.3076923076923077 
281   0.2820000000000002   0.3076923076923077 
282   0.2830000000000002   0.3076923076923077 
283   0.2840000000000002   0.3076923076923077 
284   0.2850000000000002   0.3076923076923077 
285   0.2860000000000002   0.3076923076923077 
286   0.2870000000000002   0.3076923076923077 
287   0.2880000000000002   0.3076923076923077 
288   0.2890000000000002   0.3076923076923077 
289   0.2900000000000002   0.3076923076923077 
290   0.2910000000000002   0.3076923076923077 
291   0.2920000000000002   0.3076923076923077 
292   0.2930000000000002   0.3076923076923077 
293   0.2940000000000002   0.3076923076923077 
294   0.2950000000000002   0.3076923076923077 
295   0.2960000000000002   0.3076923076923077 
296   0.2970000000000002   0.3076923076923077 
297   0.2980000000000002   0.3076923076923077 
298   0.2990000000000002   0.3076923076923077 
299   0.3000000000000002   0.3076923076923077 
300   0.3010000000000002   0.3076923076923077 
301   0.3020000000000002   0.3076923076923077 
302   0.3030000000000002   0.3076923076923077 
303   0.3040000000000002   0.3076923076923077 
304   0.3050000000000002   0.3076923076923077 
305   0.3060000000000002   0.3076923076923077 
306   0.3070000000000002   0.3076923076923077 
307   0.3080000000000002   0.3076923076923077 
308   0.3090000000000002   0.3076923076923077 
309   0.3100000000000002   0.3076923076923077 
310   0.3110000000000002   0.3076923076923077 
311   0.3120000000000002   0.3076923076923077 
312   0.3130000000000002   0.3076923076923077 
313   0.3140000000000002   0.3076923076923077 
314   0.3150000000000002   0.3076923076923077 
315   0.3160000000000002   0.3076923076923077 
316   0.3170000000000002   0.3076923076923077 
317   0.3180000000000002   0.3076923076923077 
318   0.31900000000000023   0.3076923076923077 
319   0.32000000000000023   0.3076923076923077 
320   0.32100000000000023   0.3076923076923077 
321   0.32200000000000023   0.3076923076923077 
322   0.32300000000000023   0.3076923076923077 
323   0.32400000000000023   0.3076923076923077 
324   0.32500000000000023   0.3076923076923077 
325   0.32600000000000023   0.3076923076923077 
326   0.32700000000000023   0.3076923076923077 
327   0.32800000000000024   0.3076923076923077 
328   0.32900000000000024   0.3076923076923077 
329   0.33000000000000024   0.3076923076923077 
330   0.33100000000000024   0.3076923076923077 
331   0.33200000000000024   0.3076923076923077 
332   0.33300000000000024   0.3076923076923077 
333   0.33400000000000024   0.3076923076923077 
334   0.33500000000000024   0.3076923076923077 
335   0.33600000000000024   0.3076923076923077 
336   0.33700000000000024   0.3076923076923077 
337   0.33800000000000024   0.3076923076923077 
338   0.33900000000000025   0.3076923076923077 
339   0.34000000000000025   0.3076923076923077 
340   0.34100000000000025   0.3076923076923077 
341   0.34200000000000025   0.3076923076923077 
342   0.34300000000000025   0.3076923076923077 
343   0.34400000000000025   0.3076923076923077 
344   0.34500000000000025   0.3076923076923077 
345   0.34600000000000025   0.3076923076923077 
346   0.34700000000000025   0.3076923076923077 
347   0.34800000000000025   0.3076923076923077 
348   0.34900000000000025   0.3076923076923077 
349   0.35000000000000026   0.3076923076923077 
350   0.35100000000000026   0.3076923076923077 
351   0.35200000000000026   0.3076923076923077 
352   0.35300000000000026   0.3076923076923077 
353   0.35400000000000026   0.3076923076923077 
354   0.35500000000000026   0.3076923076923077 
355   0.35600000000000026   0.3076923076923077 
356   0.35700000000000026   0.3076923076923077 
357   0.35800000000000026   0.3076923076923077 
358   0.35900000000000026   0.3076923076923077 
359   0.36000000000000026   0.3076923076923077 
360   0.36100000000000027   0.3076923076923077 
361   0.36200000000000027   0.3076923076923077 
362   0.36300000000000027   0.3076923076923077 
363   0.36400000000000027   0.3076923076923077 
364   0.36500000000000027   0.3076923076923077 
365   0.36600000000000027   0.3076923076923077 
366   0.36700000000000027   0.3076923076923077 
367   0.36800000000000027   0.3076923076923077 
368   0.36900000000000027   0.3076923076923077 
369   0.3700000000000003   0.3076923076923077 
370   0.3710000000000003   0.3076923076923077 
371   0.3720000000000003   0.3076923076923077 
372   0.3730000000000003   0.3076923076923077 
373   0.3740000000000003   0.3076923076923077 
374   0.3750000000000003   0.3076923076923077 
375   0.3760000000000003   0.3076923076923077 
376   0.3770000000000003   0.3076923076923077 
377   0.3780000000000003   0.3076923076923077 
378   0.3790000000000003   0.3076923076923077 
379   0.3800000000000003   0.3076923076923077 
380   0.3810000000000003   0.3076923076923077 
381   0.3820000000000003   0.3076923076923077 
382   0.3830000000000003   0.3076923076923077 
383   0.3840000000000003   0.3076923076923077 
384   0.3850000000000003   0.3076923076923077 
385   0.3860000000000003   0.3076923076923077 
386   0.3870000000000003   0.3076923076923077 
387   0.3880000000000003   0.3076923076923077 
388   0.3890000000000003   0.3076923076923077 
389   0.3900000000000003   0.3076923076923077 
390   0.3910000000000003   0.3076923076923077 
391   0.3920000000000003   0.3076923076923077 
392   0.3930000000000003   0.3076923076923077 
393   0.3940000000000003   0.3076923076923077 
394   0.3950000000000003   0.3076923076923077 
395   0.3960000000000003   0.3076923076923077 
396   0.3970000000000003   0.3076923076923077 
397   0.3980000000000003   0.3076923076923077 
398   0.3990000000000003   0.3076923076923077 
399   0.4000000000000003   0.3076923076923077 
400   0.4010000000000003   0.3076923076923077 
401   0.4020000000000003   0.3076923076923077 
402   0.4030000000000003   0.3076923076923077 
403   0.4040000000000003   0.3076923076923077 
404   0.4050000000000003   0.3076923076923077 
405   0.4060000000000003   0.3076923076923077 
406   0.4070000000000003   0.3076923076923077 
407   0.4080000000000003   0.3076923076923077 
408   0.4090000000000003   0.3076923076923077 
409   0.4100000000000003   0.3076923076923077 
410   0.4110000000000003   0.3076923076923077 
411   0.4120000000000003   0.3076923076923077 
412   0.4130000000000003   0.3076923076923077 
413   0.4140000000000003   0.3076923076923077 
414   0.4150000000000003   0.3076923076923077 
415   0.4160000000000003   0.3076923076923077 
416   0.4170000000000003   0.3076923076923077 
417   0.4180000000000003   0.3076923076923077 
418   0.4190000000000003   0.3076923076923077 
419   0.4200000000000003   0.3076923076923077 
420   0.4210000000000003   0.3076923076923077 
421   0.4220000000000003   0.3076923076923077 
422   0.4230000000000003   0.3076923076923077 
423   0.4240000000000003   0.3076923076923077 
424   0.4250000000000003   0.3076923076923077 
425   0.4260000000000003   0.3076923076923077 
426   0.4270000000000003   0.3076923076923077 
427   0.4280000000000003   0.3076923076923077 
428   0.4290000000000003   0.3076923076923077 
429   0.4300000000000003   0.3076923076923077 
430   0.4310000000000003   0.3076923076923077 
431   0.43200000000000033   0.3076923076923077 
432   0.43300000000000033   0.3076923076923077 
433   0.43400000000000033   0.3076923076923077 
434   0.43500000000000033   0.3076923076923077 
435   0.43600000000000033   0.3076923076923077 
436   0.43700000000000033   0.3076923076923077 
437   0.43800000000000033   0.3076923076923077 
438   0.43900000000000033   0.3076923076923077 
439   0.44000000000000034   0.3076923076923077 
440   0.44100000000000034   0.3076923076923077 
441   0.44200000000000034   0.3076923076923077 
442   0.44300000000000034   0.3076923076923077 
443   0.44400000000000034   0.3076923076923077 
444   0.44500000000000034   0.3076923076923077 
445   0.44600000000000034   0.3076923076923077 
446   0.44700000000000034   0.3076923076923077 
447   0.44800000000000034   0.3076923076923077 
448   0.44900000000000034   0.3076923076923077 
449   0.45000000000000034   0.3076923076923077 
450   0.45100000000000035   0.3076923076923077 
451   0.45200000000000035   0.3076923076923077 
452   0.45300000000000035   0.3076923076923077 
453   0.45400000000000035   0.3076923076923077 
454   0.45500000000000035   0.3076923076923077 
455   0.45600000000000035   0.3076923076923077 
456   0.45700000000000035   0.3076923076923077 
457   0.45800000000000035   0.3076923076923077 
458   0.45900000000000035   0.3076923076923077 
459   0.46000000000000035   0.3076923076923077 
460   0.46100000000000035   0.3076923076923077 
461   0.46200000000000035   0.3076923076923077 
462   0.46300000000000036   0.3076923076923077 
463   0.46400000000000036   0.3076923076923077 
464   0.46500000000000036   0.3076923076923077 
465   0.46600000000000036   0.3076923076923077 
466   0.46700000000000036   0.3076923076923077 
467   0.46800000000000036   0.3076923076923077 
468   0.46900000000000036   0.3076923076923077 
469   0.47000000000000036   0.3076923076923077 
470   0.47100000000000036   0.3076923076923077 
471   0.47200000000000036   0.3076923076923077 
472   0.47300000000000036   0.3076923076923077 
473   0.47400000000000037   0.3076923076923077 
474   0.47500000000000037   0.3076923076923077 
475   0.47600000000000037   0.3076923076923077 
476   0.47700000000000037   0.3076923076923077 
477   0.47800000000000037   0.3076923076923077 
478   0.47900000000000037   0.3076923076923077 
479   0.48000000000000037   0.3076923076923077 
480   0.48100000000000037   0.3076923076923077 
481   0.4820000000000004   0.3076923076923077 
482   0.4830000000000004   0.3076923076923077 
483   0.4840000000000004   0.3076923076923077 
484   0.4850000000000004   0.3076923076923077 
485   0.4860000000000004   0.3076923076923077 
486   0.4870000000000004   0.3076923076923077 
487   0.4880000000000004   0.3076923076923077 
488   0.4890000000000004   0.3076923076923077 
489   0.4900000000000004   0.3076923076923077 
490   0.4910000000000004   0.3076923076923077 
491   0.4920000000000004   0.3076923076923077 
492   0.4930000000000004   0.3076923076923077 
493   0.4940000000000004   0.3076923076923077 
494   0.4950000000000004   0.3076923076923077 
495   0.4960000000000004   0.3076923076923077 
496   0.4970000000000004   0.3076923076923077 
497   0.4980000000000004   0.3076923076923077 
498   0.4990000000000004   0.3076923076923077 
499   0.5000000000000003   0.3076923076923077 
500   0.5010000000000003   0.3076923076923077 
501   0.5020000000000003   0.3076923076923077 
502   0.5030000000000003   0.3076923076923077 
503   0.5040000000000003   0.3076923076923077 
504   0.5050000000000003   0.3076923076923077 
505   0.5060000000000003   0.3076923076923077 
506   0.5070000000000003   0.3076923076923077 
507   0.5080000000000003   0.3076923076923077 
508   0.5090000000000003   0.3076923076923077 
509   0.5100000000000003   0.3076923076923077 
510   0.5110000000000003   0.3076923076923077 
511   0.5120000000000003   0.3076923076923077 
512   0.5130000000000003   0.3076923076923077 
513   0.5140000000000003   0.3076923076923077 
514   0.5150000000000003   0.3076923076923077 
515   0.5160000000000003   0.3076923076923077 
516   0.5170000000000003   0.3076923076923077 
517   0.5180000000000003   0.3076923076923077 
518   0.5190000000000003   0.3076923076923077 
519   0.5200000000000004   0.3076923076923077 
520   0.5210000000000004   0.3076923076923077 
521   0.5220000000000004   0.3076923076923077 
522   0.5230000000000004   0.3076923076923077 
523   0.5240000000000004   0.3076923076923077 
524   0.5250000000000004   0.3076923076923077 
525   0.5260000000000004   0.3076923076923077 
526   0.5270000000000004   0.3076923076923077 
527   0.5280000000000004   0.3076923076923077 
528   0.5290000000000004   0.3076923076923077 
529   0.5300000000000004   0.3076923076923077 
530   0.5310000000000004   0.3076923076923077 
531   0.5320000000000004   0.3076923076923077 
532   0.5330000000000004   0.3076923076923077 
533   0.5340000000000004   0.3076923076923077 
534   0.5350000000000004   0.3076923076923077 
535   0.5360000000000004   0.3076923076923077 
536   0.5370000000000004   0.3076923076923077 
537   0.5380000000000004   0.3076923076923077 
538   0.5390000000000004   0.3076923076923077 
539   0.5400000000000004   0.3076923076923077 
540   0.5410000000000004   0.3076923076923077 
541   0.5420000000000004   0.3076923076923077 
542   0.5430000000000004   0.3076923076923077 
543   0.5440000000000004   0.3076923076923077 
544   0.5450000000000004   0.3076923076923077 
545   0.5460000000000004   0.3076923076923077 
546   0.5470000000000004   0.3076923076923077 
547   0.5480000000000004   0.3076923076923077 
548   0.5490000000000004   0.3076923076923077 
549   0.5500000000000004   0.3076923076923077 
550   0.5510000000000004   0.3076923076923077 
551   0.5520000000000004   0.3076923076923077 
552   0.5530000000000004   0.3076923076923077 
553   0.5540000000000004   0.3076923076923077 
554   0.5550000000000004   0.3076923076923077 
555   0.5560000000000004   0.3076923076923077 
556   0.5570000000000004   0.3076923076923077 
557   0.5580000000000004   0.3076923076923077 
558   0.5590000000000004   0.3076923076923077 
559   0.5600000000000004   0.3076923076923077 
560   0.5610000000000004   0.3076923076923077 
561   0.5620000000000004   0.3076923076923077 
562   0.5630000000000004   0.3076923076923077 
563   0.5640000000000004   0.3076923076923077 
564   0.5650000000000004   0.3076923076923077 
565   0.5660000000000004   0.3076923076923077 
566   0.5670000000000004   0.3076923076923077 
567   0.5680000000000004   0.3076923076923077 
568   0.5690000000000004   0.3076923076923077 
569   0.5700000000000004   0.3076923076923077 
570   0.5710000000000004   0.3076923076923077 
571   0.5720000000000004   0.3076923076923077 
572   0.5730000000000004   0.3076923076923077 
573   0.5740000000000004   0.3076923076923077 
574   0.5750000000000004   0.3076923076923077 
575   0.5760000000000004   0.3076923076923077 
576   0.5770000000000004   0.3076923076923077 
577   0.5780000000000004   0.3076923076923077 
578   0.5790000000000004   0.3076923076923077 
579   0.5800000000000004   0.3076923076923077 
580   0.5810000000000004   0.3076923076923077 
581   0.5820000000000004   0.3076923076923077 
582   0.5830000000000004   0.3076923076923077 
583   0.5840000000000004   0.3076923076923077 
584   0.5850000000000004   0.3076923076923077 
585   0.5860000000000004   0.3076923076923077 
586   0.5870000000000004   0.3076923076923077 
587   0.5880000000000004   0.3076923076923077 
588   0.5890000000000004   0.3076923076923077 
589   0.5900000000000004   0.3076923076923077 
590   0.5910000000000004   0.3076923076923077 
591   0.5920000000000004   0.3076923076923077 
592   0.5930000000000004   0.3076923076923077 
593   0.5940000000000004   0.3076923076923077 
594   0.5950000000000004   0.3076923076923077 
595   0.5960000000000004   0.3076923076923077 
596   0.5970000000000004   0.3076923076923077 
597   0.5980000000000004   0.3076923076923077 
598   0.5990000000000004   0.3076923076923077 
599   0.6000000000000004   0.3076923076923077 
600   0.6010000000000004   0.3076923076923077 
601   0.6020000000000004   0.3076923076923077 
602   0.6030000000000004   0.3076923076923077 
603   0.6040000000000004   0.3076923076923077 
604   0.6050000000000004   0.3076923076923077 
605   0.6060000000000004   0.3076923076923077 
606   0.6070000000000004   0.3076923076923077 
607   0.6080000000000004   0.3076923076923077 
608   0.6090000000000004   0.3076923076923077 
609   0.6100000000000004   0.3076923076923077 
610   0.6110000000000004   0.3076923076923077 
611   0.6120000000000004   0.3076923076923077 
612   0.6130000000000004   0.3076923076923077 
613   0.6140000000000004   0.3076923076923077 
614   0.6150000000000004   0.3076923076923077 
615   0.6160000000000004   0.3076923076923077 
616   0.6170000000000004   0.3076923076923077 
617   0.6180000000000004   0.3076923076923077 
618   0.6190000000000004   0.3076923076923077 
619   0.6200000000000004   0.3076923076923077 
620   0.6210000000000004   0.3076923076923077 
621   0.6220000000000004   0.3076923076923077 
622   0.6230000000000004   0.3076923076923077 
623   0.6240000000000004   0.3076923076923077 
624   0.6250000000000004   0.3076923076923077 
625   0.6260000000000004   0.3076923076923077 
626   0.6270000000000004   0.3076923076923077 
627   0.6280000000000004   0.3076923076923077 
628   0.6290000000000004   0.3076923076923077 
629   0.6300000000000004   0.3076923076923077 
630   0.6310000000000004   0.3076923076923077 
631   0.6320000000000005   0.3076923076923077 
632   0.6330000000000005   0.3076923076923077 
633   0.6340000000000005   0.3076923076923077 
634   0.6350000000000005   0.3076923076923077 
635   0.6360000000000005   0.3076923076923077 
636   0.6370000000000005   0.3076923076923077 
637   0.6380000000000005   0.3076923076923077 
638   0.6390000000000005   0.3076923076923077 
639   0.6400000000000005   0.3076923076923077 
640   0.6410000000000005   0.3076923076923077 
641   0.6420000000000005   0.3076923076923077 
642   0.6430000000000005   0.3076923076923077 
643   0.6440000000000005   0.3076923076923077 
644   0.6450000000000005   0.3076923076923077 
645   0.6460000000000005   0.3076923076923077 
646   0.6470000000000005   0.3076923076923077 
647   0.6480000000000005   0.3076923076923077 
648   0.6490000000000005   0.3076923076923077 
649   0.6500000000000005   0.3076923076923077 
650   0.6510000000000005   0.3076923076923077 
651   0.6520000000000005   0.3076923076923077 
652   0.6530000000000005   0.3076923076923077 
653   0.6540000000000005   0.3076923076923077 
654   0.6550000000000005   0.3076923076923077 
655   0.6560000000000005   0.3076923076923077 
656   0.6570000000000005   0.3076923076923077 
657   0.6580000000000005   0.3076923076923077 
658   0.6590000000000005   0.3076923076923077 
659   0.6600000000000005   0.3076923076923077 
660   0.6610000000000005   0.3076923076923077 
661   0.6620000000000005   0.3076923076923077 
662   0.6630000000000005   0.3076923076923077 
663   0.6640000000000005   0.3076923076923077 
664   0.6650000000000005   0.3076923076923077 
665   0.6660000000000005   0.3076923076923077 
666   0.6670000000000005   0.3076923076923077 
667   0.6680000000000005   0.3076923076923077 
668   0.6690000000000005   0.3076923076923077 
669   0.6700000000000005   0.3076923076923077 
670   0.6710000000000005   0.3076923076923077 
671   0.6720000000000005   0.3076923076923077 
672   0.6730000000000005   0.3076923076923077 
673   0.6740000000000005   0.3076923076923077 
674   0.6750000000000005   0.3076923076923077 
675   0.6760000000000005   0.3076923076923077 
676   0.6770000000000005   0.3076923076923077 
677   0.6780000000000005   0.3076923076923077 
678   0.6790000000000005   0.3076923076923077 
679   0.6800000000000005   0.3076923076923077 
680   0.6810000000000005   0.3076923076923077 
681   0.6820000000000005   0.3076923076923077 
682   0.6830000000000005   0.3076923076923077 
683   0.6840000000000005   0.3076923076923077 
684   0.6850000000000005   0.3076923076923077 
685   0.6860000000000005   0.3076923076923077 
686   0.6870000000000005   0.3076923076923077 
687   0.6880000000000005   0.3076923076923077 
688   0.6890000000000005   0.3076923076923077 
689   0.6900000000000005   0.3076923076923077 
690   0.6910000000000005   0.3076923076923077 
691   0.6920000000000005   0.3076923076923077 
692   0.6930000000000005   0.3076923076923077 
693   0.6940000000000005   0.3076923076923077 
694   0.6950000000000005   0.3076923076923077 
695   0.6960000000000005   0.3076923076923077 
696   0.6970000000000005   0.3076923076923077 
697   0.6980000000000005   0.3076923076923077 
698   0.6990000000000005   0.3076923076923077 
699   0.7000000000000005   0.3076923076923077 
700   0.7010000000000005   0.3076923076923077 
701   0.7020000000000005   0.3076923076923077 
702   0.7030000000000005   0.3076923076923077 
703   0.7040000000000005   0.3076923076923077 
704   0.7050000000000005   0.3076923076923077 
705   0.7060000000000005   0.3076923076923077 
706   0.7070000000000005   0.3076923076923077 
707   0.7080000000000005   0.3076923076923077 
708   0.7090000000000005   0.3076923076923077 
709   0.7100000000000005   0.3076923076923077 
710   0.7110000000000005   0.3076923076923077 
711   0.7120000000000005   0.3076923076923077 
712   0.7130000000000005   0.3076923076923077 
713   0.7140000000000005   0.3076923076923077 
714   0.7150000000000005   0.3076923076923077 
715   0.7160000000000005   0.3076923076923077 
716   0.7170000000000005   0.3076923076923077 
717   0.7180000000000005   0.3076923076923077 
718   0.7190000000000005   0.3076923076923077 
719   0.7200000000000005   0.3076923076923077 
720   0.7210000000000005   0.3076923076923077 
721   0.7220000000000005   0.3076923076923077 
722   0.7230000000000005   0.3076923076923077 
723   0.7240000000000005   0.3076923076923077 
724   0.7250000000000005   0.3076923076923077 
725   0.7260000000000005   0.3076923076923077 
726   0.7270000000000005   0.3076923076923077 
727   0.7280000000000005   0.3076923076923077 
728   0.7290000000000005   0.3076923076923077 
729   0.7300000000000005   0.3076923076923077 
730   0.7310000000000005   0.3076923076923077 
731   0.7320000000000005   0.3076923076923077 
732   0.7330000000000005   0.3076923076923077 
733   0.7340000000000005   0.3076923076923077 
734   0.7350000000000005   0.3076923076923077 
735   0.7360000000000005   0.3076923076923077 
736   0.7370000000000005   0.3076923076923077 
737   0.7380000000000005   0.3076923076923077 
738   0.7390000000000005   0.3076923076923077 
739   0.7400000000000005   0.3076923076923077 
740   0.7410000000000005   0.3076923076923077 
741   0.7420000000000005   0.3076923076923077 
742   0.7430000000000005   0.3076923076923077 
743   0.7440000000000005   0.3076923076923077 
744   0.7450000000000006   0.3076923076923077 
745   0.7460000000000006   0.3076923076923077 
746   0.7470000000000006   0.3076923076923077 
747   0.7480000000000006   0.3076923076923077 
748   0.7490000000000006   0.3076923076923077 
749   0.7500000000000006   0.3076923076923077 
750   0.7510000000000006   0.3076923076923077 
751   0.7520000000000006   0.3076923076923077 
752   0.7530000000000006   0.3076923076923077 
753   0.7540000000000006   0.3076923076923077 
754   0.7550000000000006   0.3076923076923077 
755   0.7560000000000006   0.3076923076923077 
756   0.7570000000000006   0.3076923076923077 
757   0.7580000000000006   0.3076923076923077 
758   0.7590000000000006   0.3076923076923077 
759   0.7600000000000006   0.3076923076923077 
760   0.7610000000000006   0.3076923076923077 
761   0.7620000000000006   0.3076923076923077 
762   0.7630000000000006   0.3076923076923077 
763   0.7640000000000006   0.3076923076923077 
764   0.7650000000000006   0.3076923076923077 
765   0.7660000000000006   0.3076923076923077 
766   0.7670000000000006   0.3076923076923077 
767   0.7680000000000006   0.3076923076923077 
768   0.7690000000000006   0.3076923076923077 
769   0.7700000000000006   0.3076923076923077 
770   0.7710000000000006   0.3076923076923077 
771   0.7720000000000006   0.3076923076923077 
772   0.7730000000000006   0.3076923076923077 
773   0.7740000000000006   0.3076923076923077 
774   0.7750000000000006   0.3076923076923077 
775   0.7760000000000006   0.3076923076923077 
776   0.7770000000000006   0.3076923076923077 
777   0.7780000000000006   0.3076923076923077 
778   0.7790000000000006   0.3076923076923077 
779   0.7800000000000006   0.3076923076923077 
780   0.7810000000000006   0.3076923076923077 
781   0.7820000000000006   0.3076923076923077 
782   0.7830000000000006   0.3076923076923077 
783   0.7840000000000006   0.3076923076923077 
784   0.7850000000000006   0.3076923076923077 
785   0.7860000000000006   0.3076923076923077 
786   0.7870000000000006   0.3076923076923077 
787   0.7880000000000006   0.3076923076923077 
788   0.7890000000000006   0.3076923076923077 
789   0.7900000000000006   0.3076923076923077 
790   0.7910000000000006   0.3076923076923077 
791   0.7920000000000006   0.3076923076923077 
792   0.7930000000000006   0.3076923076923077 
793   0.7940000000000006   0.3076923076923077 
794   0.7950000000000006   0.3076923076923077 
795   0.7960000000000006   0.3076923076923077 
796   0.7970000000000006   0.3076923076923077 
797   0.7980000000000006   0.3076923076923077 
798   0.7990000000000006   0.3076923076923077 
799   0.8000000000000006   0.3076923076923077 
800   0.8010000000000006   0.3076923076923077 
801   0.8010000000000006   0.34615384615384615 
802   0.8030000000000006   0.34615384615384615 
803   0.8040000000000006   0.34615384615384615 
804   0.8050000000000006   0.34615384615384615 
805   0.8050000000000006   0.3846153846153846 
806   0.8070000000000006   0.3846153846153846 
807   0.8080000000000006   0.3846153846153846 
808   0.8090000000000006   0.3846153846153846 
809   0.8100000000000006   0.3846153846153846 
810   0.8110000000000006   0.3846153846153846 
811   0.8120000000000006   0.3846153846153846 
812   0.8130000000000006   0.3846153846153846 
813   0.8140000000000006   0.3846153846153846 
814   0.8140000000000006   0.423076923076923 
815   0.8160000000000006   0.423076923076923 
816   0.8170000000000006   0.423076923076923 
817   0.8180000000000006   0.423076923076923 
818   0.8190000000000006   0.423076923076923 
819   0.8190000000000006   0.46153846153846145 
820   0.8200000000000006   0.4999999999999999 
821   0.8220000000000006   0.4999999999999999 
822   0.8220000000000006   0.5384615384615383 
823   0.8230000000000006   0.5769230769230768 
824   0.8250000000000006   0.5769230769230768 
825   0.8250000000000006   0.6153846153846152 
826   0.8260000000000006   0.6538461538461536 
827   0.8280000000000006   0.6538461538461536 
828   0.8290000000000006   0.6538461538461536 
829   0.8300000000000006   0.6538461538461536 
830   0.8310000000000006   0.6538461538461536 
831   0.8310000000000006   0.6923076923076921 
832   0.8330000000000006   0.6923076923076921 
833   0.8330000000000006   0.7307692307692305 
834   0.8350000000000006   0.7307692307692305 
835   0.8360000000000006   0.7307692307692305 
836   0.8360000000000006   0.7692307692307689 
837   0.8380000000000006   0.7692307692307689 
838   0.8380000000000006   0.8076923076923074 
839   0.8400000000000006   0.8076923076923074 
840   0.8400000000000006   0.8461538461538458 
841   0.8420000000000006   0.8461538461538458 
842   0.8430000000000006   0.8461538461538458 
843   0.8440000000000006   0.8461538461538458 
844   0.8450000000000006   0.8461538461538458 
845   0.8460000000000006   0.8461538461538458 
846   0.8470000000000006   0.8461538461538458 
847   0.8480000000000006   0.8461538461538458 
848   0.8490000000000006   0.8461538461538458 
849   0.8500000000000006   0.8461538461538458 
850   0.8500000000000006   0.8846153846153842 
851   0.8520000000000006   0.8846153846153842 
852   0.8530000000000006   0.8846153846153842 
853   0.8540000000000006   0.8846153846153842 
854   0.8540000000000006   0.9230769230769227 
855   0.8560000000000006   0.9230769230769227 
856   0.8570000000000007   0.9230769230769227 
857   0.8580000000000007   0.9230769230769227 
858   0.8590000000000007   0.9230769230769227 
859   0.8590000000000007   0.9615384615384611 
860   0.8610000000000007   0.9615384615384611 
861   0.8620000000000007   0.9615384615384611 
862   0.8630000000000007   0.9615384615384611 
863   0.8640000000000007   0.9615384615384611 
864   0.8650000000000007   0.9615384615384611 
865   0.8660000000000007   0.9615384615384611 
866   0.8670000000000007   0.9615384615384611 
867   0.8680000000000007   0.9615384615384611 
868   0.8690000000000007   0.9615384615384611 
869   0.8700000000000007   0.9615384615384611 
870   0.8710000000000007   0.9615384615384611 
871   0.8720000000000007   0.9615384615384611 
872   0.8730000000000007   0.9615384615384611 
873   0.8740000000000007   0.9615384615384611 
874   0.8750000000000007   0.9615384615384611 
875   0.8750000000000007   0.9999999999999996 
876   0.8770000000000007   0.9999999999999996 
877   0.8780000000000007   0.9999999999999996 
878   0.8790000000000007   0.9999999999999996 
879   0.8800000000000007   0.9999999999999996 
880   0.8810000000000007   0.9999999999999996 
881   0.8820000000000007   0.9999999999999996 
882   0.8830000000000007   0.9999999999999996 
883   0.8840000000000007   0.9999999999999996 
884   0.8850000000000007   0.9999999999999996 
885   0.8860000000000007   0.9999999999999996 
886   0.8870000000000007   0.9999999999999996 
887   0.8880000000000007   0.9999999999999996 
888   0.8890000000000007   0.9999999999999996 
889   0.8900000000000007   0.9999999999999996 
890   0.8910000000000007   0.9999999999999996 
891   0.8920000000000007   0.9999999999999996 
892   0.8930000000000007   0.9999999999999996 
893   0.8940000000000007   0.9999999999999996 
894   0.8950000000000007   0.9999999999999996 
895   0.8960000000000007   0.9999999999999996 
896   0.8970000000000007   0.9999999999999996 
897   0.8980000000000007   0.9999999999999996 
898   0.8990000000000007   0.9999999999999996 
899   0.9000000000000007   0.9999999999999996 
900   0.9010000000000007   0.9999999999999996 
901   0.9020000000000007   0.9999999999999996 
902   0.9030000000000007   0.9999999999999996 
903   0.9040000000000007   0.9999999999999996 
904   0.9050000000000007   0.9999999999999996 
905   0.9060000000000007   0.9999999999999996 
906   0.9070000000000007   0.9999999999999996 
907   0.9080000000000007   0.9999999999999996 
908   0.9090000000000007   0.9999999999999996 
909   0.9100000000000007   0.9999999999999996 
910   0.9110000000000007   0.9999999999999996 
911   0.9120000000000007   0.9999999999999996 
912   0.9130000000000007   0.9999999999999996 
913   0.9140000000000007   0.9999999999999996 
914   0.9150000000000007   0.9999999999999996 
915   0.9160000000000007   0.9999999999999996 
916   0.9170000000000007   0.9999999999999996 
917   0.9180000000000007   0.9999999999999996 
918   0.9190000000000007   0.9999999999999996 
919   0.9200000000000007   0.9999999999999996 
920   0.9210000000000007   0.9999999999999996 
921   0.9220000000000007   0.9999999999999996 
922   0.9230000000000007   0.9999999999999996 
923   0.9240000000000007   0.9999999999999996 
924   0.9250000000000007   0.9999999999999996 
925   0.9260000000000007   0.9999999999999996 
926   0.9270000000000007   0.9999999999999996 
927   0.9280000000000007   0.9999999999999996 
928   0.9290000000000007   0.9999999999999996 
929   0.9300000000000007   0.9999999999999996 
930   0.9310000000000007   0.9999999999999996 
931   0.9320000000000007   0.9999999999999996 
932   0.9330000000000007   0.9999999999999996 
933   0.9340000000000007   0.9999999999999996 
934   0.9350000000000007   0.9999999999999996 
935   0.9360000000000007   0.9999999999999996 
936   0.9370000000000007   0.9999999999999996 
937   0.9380000000000007   0.9999999999999996 
938   0.9390000000000007   0.9999999999999996 
939   0.9400000000000007   0.9999999999999996 
940   0.9410000000000007   0.9999999999999996 
941   0.9420000000000007   0.9999999999999996 
942   0.9430000000000007   0.9999999999999996 
943   0.9440000000000007   0.9999999999999996 
944   0.9450000000000007   0.9999999999999996 
945   0.9460000000000007   0.9999999999999996 
946   0.9470000000000007   0.9999999999999996 
947   0.9480000000000007   0.9999999999999996 
948   0.9490000000000007   0.9999999999999996 
949   0.9500000000000007   0.9999999999999996 
950   0.9510000000000007   0.9999999999999996 
951   0.9520000000000007   0.9999999999999996 
952   0.9530000000000007   0.9999999999999996 
953   0.9540000000000007   0.9999999999999996 
954   0.9550000000000007   0.9999999999999996 
955   0.9560000000000007   0.9999999999999996 
956   0.9570000000000007   0.9999999999999996 
957   0.9580000000000007   0.9999999999999996 
958   0.9590000000000007   0.9999999999999996 
959   0.9600000000000007   0.9999999999999996 
960   0.9610000000000007   0.9999999999999996 
961   0.9620000000000007   0.9999999999999996 
962   0.9630000000000007   0.9999999999999996 
963   0.9640000000000007   0.9999999999999996 
964   0.9650000000000007   0.9999999999999996 
965   0.9660000000000007   0.9999999999999996 
966   0.9670000000000007   0.9999999999999996 
967   0.9680000000000007   0.9999999999999996 
968   0.9690000000000007   0.9999999999999996 
969   0.9700000000000008   0.9999999999999996 
970   0.9710000000000008   0.9999999999999996 
971   0.9720000000000008   0.9999999999999996 
972   0.9730000000000008   0.9999999999999996 
973   0.9740000000000008   0.9999999999999996 
974   0.9750000000000008   0.9999999999999996 
975   0.9760000000000008   0.9999999999999996 
976   0.9770000000000008   0.9999999999999996 
977   0.9780000000000008   0.9999999999999996 
978   0.9790000000000008   0.9999999999999996 
979   0.9800000000000008   0.9999999999999996 
980   0.9810000000000008   0.9999999999999996 
981   0.9820000000000008   0.9999999999999996 
982   0.9830000000000008   0.9999999999999996 
983   0.9840000000000008   0.9999999999999996 
984   0.9850000000000008   0.9999999999999996 
985   0.9860000000000008   0.9999999999999996 
986   0.9870000000000008   0.9999999999999996 
987   0.9880000000000008   0.9999999999999996 
988   0.9890000000000008   0.9999999999999996 
989   0.9900000000000008   0.9999999999999996 
990   0.9910000000000008   0.9999999999999996 
991   0.9920000000000008   0.9999999999999996 
992   0.9930000000000008   0.9999999999999996 
993   0.9940000000000008   0.9999999999999996 
994   0.9950000000000008   0.9999999999999996 
995   0.9960000000000008   0.9999999999999996 
996   0.9970000000000008   0.9999999999999996 
997   0.9980000000000008   0.9999999999999996 
998   0.9990000000000008   0.9999999999999996 
999   1.0000000000000007   0.9999999999999996 
