0   0.001   0 
1   0.001   0.005917159763313609 
2   0.003   0.005917159763313609 
3   0.004   0.005917159763313609 
4   0.005   0.005917159763313609 
5   0.006   0.005917159763313609 
6   0.006   0.011834319526627219 
7   0.007   0.05325443786982249 
8   0.008   0.0591715976331361 
9   0.009000000000000001   0.0650887573964497 
10   0.011000000000000003   0.0650887573964497 
11   0.011000000000000003   0.08875739644970414 
12   0.012000000000000004   0.10059171597633136 
13   0.013000000000000005   0.10650887573964497 
14   0.014000000000000005   0.15976331360946747 
15   0.015000000000000006   0.1775147928994083 
16   0.017000000000000008   0.1775147928994083 
17   0.01800000000000001   0.1775147928994083 
18   0.01900000000000001   0.1775147928994083 
19   0.02000000000000001   0.1775147928994083 
20   0.02100000000000001   0.1775147928994083 
21   0.022000000000000013   0.1775147928994083 
22   0.023000000000000013   0.1775147928994083 
23   0.024000000000000014   0.1775147928994083 
24   0.025000000000000015   0.1775147928994083 
25   0.026000000000000016   0.1775147928994083 
26   0.027000000000000017   0.1775147928994083 
27   0.028000000000000018   0.1775147928994083 
28   0.02900000000000002   0.1775147928994083 
29   0.03000000000000002   0.1775147928994083 
30   0.03100000000000002   0.1775147928994083 
31   0.03200000000000002   0.1775147928994083 
32   0.03300000000000002   0.1775147928994083 
33   0.03400000000000002   0.1775147928994083 
34   0.035000000000000024   0.1775147928994083 
35   0.036000000000000025   0.1775147928994083 
36   0.037000000000000026   0.1775147928994083 
37   0.03800000000000003   0.1775147928994083 
38   0.03900000000000003   0.1775147928994083 
39   0.04000000000000003   0.1775147928994083 
40   0.04100000000000003   0.1775147928994083 
41   0.04200000000000003   0.1775147928994083 
42   0.04300000000000003   0.1775147928994083 
43   0.04400000000000003   0.1775147928994083 
44   0.04500000000000003   0.1775147928994083 
45   0.046000000000000034   0.1775147928994083 
46   0.046000000000000034   0.18934911242603553 
47   0.048000000000000036   0.18934911242603553 
48   0.04900000000000004   0.18934911242603553 
49   0.04900000000000004   0.19526627218934914 
50   0.05100000000000004   0.19526627218934914 
51   0.05200000000000004   0.19526627218934914 
52   0.05300000000000004   0.19526627218934914 
53   0.05400000000000004   0.19526627218934914 
54   0.05400000000000004   0.23076923076923078 
55   0.05600000000000004   0.23076923076923078 
56   0.057000000000000044   0.23076923076923078 
57   0.058000000000000045   0.23076923076923078 
58   0.058000000000000045   0.2366863905325444 
59   0.060000000000000046   0.2366863905325444 
60   0.060000000000000046   0.242603550295858 
61   0.06200000000000005   0.242603550295858 
62   0.06300000000000004   0.242603550295858 
63   0.06400000000000004   0.242603550295858 
64   0.06500000000000004   0.242603550295858 
65   0.06600000000000004   0.242603550295858 
66   0.06700000000000005   0.242603550295858 
67   0.06800000000000005   0.242603550295858 
68   0.06900000000000005   0.242603550295858 
69   0.07000000000000005   0.242603550295858 
70   0.07100000000000005   0.242603550295858 
71   0.07200000000000005   0.242603550295858 
72   0.07300000000000005   0.242603550295858 
73   0.07300000000000005   0.27218934911242604 
74   0.07500000000000005   0.27218934911242604 
75   0.07600000000000005   0.27218934911242604 
76   0.07700000000000005   0.27218934911242604 
77   0.07800000000000006   0.27218934911242604 
78   0.07900000000000006   0.27218934911242604 
79   0.08000000000000006   0.27218934911242604 
80   0.08100000000000006   0.27218934911242604 
81   0.08200000000000006   0.27218934911242604 
82   0.08300000000000006   0.27218934911242604 
83   0.08400000000000006   0.27218934911242604 
84   0.08500000000000006   0.27218934911242604 
85   0.08600000000000006   0.27218934911242604 
86   0.08700000000000006   0.27218934911242604 
87   0.08800000000000006   0.27218934911242604 
88   0.08900000000000007   0.27218934911242604 
89   0.09000000000000007   0.27218934911242604 
90   0.09100000000000007   0.27218934911242604 
91   0.09200000000000007   0.27218934911242604 
92   0.09300000000000007   0.27218934911242604 
93   0.09400000000000007   0.27218934911242604 
94   0.09500000000000007   0.27218934911242604 
95   0.09600000000000007   0.27218934911242604 
96   0.09700000000000007   0.27218934911242604 
97   0.09800000000000007   0.27218934911242604 
98   0.09900000000000007   0.27218934911242604 
99   0.10000000000000007   0.27218934911242604 
100   0.10100000000000008   0.27218934911242604 
101   0.10200000000000008   0.27218934911242604 
102   0.10300000000000008   0.27218934911242604 
103   0.10400000000000008   0.27218934911242604 
104   0.10500000000000008   0.27218934911242604 
105   0.10600000000000008   0.27218934911242604 
106   0.10700000000000008   0.27218934911242604 
107   0.10800000000000008   0.27218934911242604 
108   0.10900000000000008   0.27218934911242604 
109   0.11000000000000008   0.27218934911242604 
110   0.11100000000000008   0.27218934911242604 
111   0.11200000000000009   0.27218934911242604 
112   0.11300000000000009   0.27218934911242604 
113   0.11400000000000009   0.27218934911242604 
114   0.11500000000000009   0.27218934911242604 
115   0.11600000000000009   0.27218934911242604 
116   0.11700000000000009   0.27218934911242604 
117   0.11800000000000009   0.27218934911242604 
118   0.11900000000000009   0.27218934911242604 
119   0.12000000000000009   0.27218934911242604 
120   0.1210000000000001   0.27218934911242604 
121   0.1220000000000001   0.27218934911242604 
122   0.1230000000000001   0.27218934911242604 
123   0.1240000000000001   0.27218934911242604 
124   0.12500000000000008   0.27218934911242604 
125   0.12600000000000008   0.27218934911242604 
126   0.12700000000000009   0.27218934911242604 
127   0.12800000000000009   0.27218934911242604 
128   0.1290000000000001   0.27218934911242604 
129   0.1300000000000001   0.27218934911242604 
130   0.1310000000000001   0.27218934911242604 
131   0.1320000000000001   0.27218934911242604 
132   0.1330000000000001   0.27218934911242604 
133   0.1340000000000001   0.27218934911242604 
134   0.1350000000000001   0.27218934911242604 
135   0.1360000000000001   0.27218934911242604 
136   0.1370000000000001   0.27218934911242604 
137   0.1380000000000001   0.27218934911242604 
138   0.1390000000000001   0.27218934911242604 
139   0.1400000000000001   0.27218934911242604 
140   0.1410000000000001   0.27218934911242604 
141   0.1420000000000001   0.27218934911242604 
142   0.1430000000000001   0.27218934911242604 
143   0.1440000000000001   0.27218934911242604 
144   0.1450000000000001   0.27218934911242604 
145   0.1460000000000001   0.27218934911242604 
146   0.1470000000000001   0.27218934911242604 
147   0.1480000000000001   0.27218934911242604 
148   0.1490000000000001   0.27218934911242604 
149   0.1500000000000001   0.27218934911242604 
150   0.1510000000000001   0.27218934911242604 
151   0.1520000000000001   0.27218934911242604 
152   0.1530000000000001   0.27218934911242604 
153   0.1540000000000001   0.27218934911242604 
154   0.1550000000000001   0.27218934911242604 
155   0.1560000000000001   0.27218934911242604 
156   0.1570000000000001   0.27218934911242604 
157   0.1580000000000001   0.27218934911242604 
158   0.1590000000000001   0.27218934911242604 
159   0.16000000000000011   0.27218934911242604 
160   0.16100000000000012   0.27218934911242604 
161   0.16200000000000012   0.27218934911242604 
162   0.16300000000000012   0.27218934911242604 
163   0.16400000000000012   0.27218934911242604 
164   0.16500000000000012   0.27218934911242604 
165   0.16600000000000012   0.27218934911242604 
166   0.16700000000000012   0.27218934911242604 
167   0.16800000000000012   0.27218934911242604 
168   0.16900000000000012   0.27218934911242604 
169   0.17000000000000012   0.27218934911242604 
170   0.17100000000000012   0.27218934911242604 
171   0.17200000000000013   0.27218934911242604 
172   0.17300000000000013   0.27218934911242604 
173   0.17400000000000013   0.27218934911242604 
174   0.17500000000000013   0.27218934911242604 
175   0.17600000000000013   0.27218934911242604 
176   0.17700000000000013   0.27218934911242604 
177   0.17800000000000013   0.27218934911242604 
178   0.17900000000000013   0.27218934911242604 
179   0.18000000000000013   0.27218934911242604 
180   0.18100000000000013   0.27218934911242604 
181   0.18200000000000013   0.27218934911242604 
182   0.18300000000000013   0.27218934911242604 
183   0.18400000000000014   0.27218934911242604 
184   0.18500000000000014   0.27218934911242604 
185   0.18600000000000014   0.27218934911242604 
186   0.18700000000000014   0.27218934911242604 
187   0.18800000000000014   0.27218934911242604 
188   0.18900000000000014   0.27218934911242604 
189   0.19000000000000014   0.27218934911242604 
190   0.19100000000000014   0.27218934911242604 
191   0.19200000000000014   0.27218934911242604 
192   0.19300000000000014   0.27218934911242604 
193   0.19400000000000014   0.27218934911242604 
194   0.19500000000000015   0.27218934911242604 
195   0.19600000000000015   0.27218934911242604 
196   0.19700000000000015   0.27218934911242604 
197   0.19800000000000015   0.27218934911242604 
198   0.19900000000000015   0.27218934911242604 
199   0.20000000000000015   0.27218934911242604 
200   0.20100000000000015   0.27218934911242604 
201   0.20200000000000015   0.27218934911242604 
202   0.20300000000000015   0.27218934911242604 
203   0.20400000000000015   0.27218934911242604 
204   0.20500000000000015   0.27218934911242604 
205   0.20600000000000016   0.27218934911242604 
206   0.20700000000000016   0.27218934911242604 
207   0.20800000000000016   0.27218934911242604 
208   0.20900000000000016   0.27218934911242604 
209   0.21000000000000016   0.27218934911242604 
210   0.21100000000000016   0.27218934911242604 
211   0.21200000000000016   0.27218934911242604 
212   0.21300000000000016   0.27218934911242604 
213   0.21400000000000016   0.27218934911242604 
214   0.21500000000000016   0.27218934911242604 
215   0.21600000000000016   0.27218934911242604 
216   0.21700000000000016   0.27218934911242604 
217   0.21800000000000017   0.27218934911242604 
218   0.21900000000000017   0.27218934911242604 
219   0.22000000000000017   0.27218934911242604 
220   0.22100000000000017   0.27218934911242604 
221   0.22200000000000017   0.27218934911242604 
222   0.22300000000000017   0.27218934911242604 
223   0.22400000000000017   0.27218934911242604 
224   0.22500000000000017   0.27218934911242604 
225   0.22600000000000017   0.27218934911242604 
226   0.22700000000000017   0.27218934911242604 
227   0.22800000000000017   0.27218934911242604 
228   0.22900000000000018   0.27218934911242604 
229   0.23000000000000018   0.27218934911242604 
230   0.23100000000000018   0.27218934911242604 
231   0.23200000000000018   0.27218934911242604 
232   0.23300000000000018   0.27218934911242604 
233   0.23400000000000018   0.27218934911242604 
234   0.23500000000000018   0.27218934911242604 
235   0.23600000000000018   0.27218934911242604 
236   0.23700000000000018   0.27218934911242604 
237   0.23800000000000018   0.27218934911242604 
238   0.23900000000000018   0.27218934911242604 
239   0.24000000000000019   0.27218934911242604 
240   0.2410000000000002   0.27218934911242604 
241   0.2420000000000002   0.27218934911242604 
242   0.2430000000000002   0.27218934911242604 
243   0.2440000000000002   0.27218934911242604 
244   0.2450000000000002   0.27218934911242604 
245   0.2460000000000002   0.27218934911242604 
246   0.2470000000000002   0.27218934911242604 
247   0.2480000000000002   0.27218934911242604 
248   0.2490000000000002   0.27218934911242604 
249   0.25000000000000017   0.27218934911242604 
250   0.25100000000000017   0.27218934911242604 
251   0.25200000000000017   0.27218934911242604 
252   0.25300000000000017   0.27218934911242604 
253   0.25400000000000017   0.27218934911242604 
254   0.25500000000000017   0.27218934911242604 
255   0.25600000000000017   0.27218934911242604 
256   0.2570000000000002   0.27218934911242604 
257   0.2580000000000002   0.27218934911242604 
258   0.2590000000000002   0.27218934911242604 
259   0.2600000000000002   0.27218934911242604 
260   0.2610000000000002   0.27218934911242604 
261   0.2620000000000002   0.27218934911242604 
262   0.2630000000000002   0.27218934911242604 
263   0.2640000000000002   0.27218934911242604 
264   0.2650000000000002   0.27218934911242604 
265   0.2660000000000002   0.27218934911242604 
266   0.2670000000000002   0.27218934911242604 
267   0.2680000000000002   0.27218934911242604 
268   0.2690000000000002   0.27218934911242604 
269   0.2700000000000002   0.27218934911242604 
270   0.2710000000000002   0.27218934911242604 
271   0.2720000000000002   0.27218934911242604 
272   0.2730000000000002   0.27218934911242604 
273   0.2740000000000002   0.27218934911242604 
274   0.2750000000000002   0.27218934911242604 
275   0.2760000000000002   0.27218934911242604 
276   0.2770000000000002   0.27218934911242604 
277   0.2780000000000002   0.27218934911242604 
278   0.2790000000000002   0.27218934911242604 
279   0.2800000000000002   0.27218934911242604 
280   0.2810000000000002   0.27218934911242604 
281   0.2820000000000002   0.27218934911242604 
282   0.2830000000000002   0.27218934911242604 
283   0.2840000000000002   0.27218934911242604 
284   0.2850000000000002   0.27218934911242604 
285   0.2860000000000002   0.27218934911242604 
286   0.2870000000000002   0.27218934911242604 
287   0.2880000000000002   0.27218934911242604 
288   0.2890000000000002   0.27218934911242604 
289   0.2900000000000002   0.27218934911242604 
290   0.2910000000000002   0.27218934911242604 
291   0.2920000000000002   0.27218934911242604 
292   0.2930000000000002   0.27218934911242604 
293   0.2940000000000002   0.27218934911242604 
294   0.2950000000000002   0.27218934911242604 
295   0.2960000000000002   0.27218934911242604 
296   0.2970000000000002   0.27218934911242604 
297   0.2980000000000002   0.27218934911242604 
298   0.2990000000000002   0.27218934911242604 
299   0.3000000000000002   0.27218934911242604 
300   0.3010000000000002   0.27218934911242604 
301   0.3020000000000002   0.27218934911242604 
302   0.3030000000000002   0.27218934911242604 
303   0.3040000000000002   0.27218934911242604 
304   0.3050000000000002   0.27218934911242604 
305   0.3060000000000002   0.27218934911242604 
306   0.3070000000000002   0.27218934911242604 
307   0.3080000000000002   0.27218934911242604 
308   0.3090000000000002   0.27218934911242604 
309   0.3100000000000002   0.27218934911242604 
310   0.3110000000000002   0.27218934911242604 
311   0.3120000000000002   0.27218934911242604 
312   0.3130000000000002   0.27218934911242604 
313   0.3140000000000002   0.27218934911242604 
314   0.3150000000000002   0.27218934911242604 
315   0.3160000000000002   0.27218934911242604 
316   0.3170000000000002   0.27218934911242604 
317   0.3180000000000002   0.27218934911242604 
318   0.31900000000000023   0.27218934911242604 
319   0.32000000000000023   0.27218934911242604 
320   0.32100000000000023   0.27218934911242604 
321   0.32200000000000023   0.27218934911242604 
322   0.32300000000000023   0.27218934911242604 
323   0.32400000000000023   0.27218934911242604 
324   0.32500000000000023   0.27218934911242604 
325   0.32600000000000023   0.27218934911242604 
326   0.32700000000000023   0.27218934911242604 
327   0.32800000000000024   0.27218934911242604 
328   0.32900000000000024   0.27218934911242604 
329   0.33000000000000024   0.27218934911242604 
330   0.33100000000000024   0.27218934911242604 
331   0.33200000000000024   0.27218934911242604 
332   0.33300000000000024   0.27218934911242604 
333   0.33400000000000024   0.27218934911242604 
334   0.33500000000000024   0.27218934911242604 
335   0.33600000000000024   0.27218934911242604 
336   0.33700000000000024   0.27218934911242604 
337   0.33800000000000024   0.27218934911242604 
338   0.33900000000000025   0.27218934911242604 
339   0.34000000000000025   0.27218934911242604 
340   0.34100000000000025   0.27218934911242604 
341   0.34200000000000025   0.27218934911242604 
342   0.34300000000000025   0.27218934911242604 
343   0.34400000000000025   0.27218934911242604 
344   0.34500000000000025   0.27218934911242604 
345   0.34600000000000025   0.27218934911242604 
346   0.34700000000000025   0.27218934911242604 
347   0.34800000000000025   0.27218934911242604 
348   0.34900000000000025   0.27218934911242604 
349   0.35000000000000026   0.27218934911242604 
350   0.35100000000000026   0.27218934911242604 
351   0.35200000000000026   0.27218934911242604 
352   0.35300000000000026   0.27218934911242604 
353   0.35400000000000026   0.27218934911242604 
354   0.35500000000000026   0.27218934911242604 
355   0.35600000000000026   0.27218934911242604 
356   0.35700000000000026   0.27218934911242604 
357   0.35800000000000026   0.27218934911242604 
358   0.35900000000000026   0.27218934911242604 
359   0.36000000000000026   0.27218934911242604 
360   0.36100000000000027   0.27218934911242604 
361   0.36200000000000027   0.27218934911242604 
362   0.36300000000000027   0.27218934911242604 
363   0.36400000000000027   0.27218934911242604 
364   0.36500000000000027   0.27218934911242604 
365   0.36600000000000027   0.27218934911242604 
366   0.36700000000000027   0.27218934911242604 
367   0.36800000000000027   0.27218934911242604 
368   0.36900000000000027   0.27218934911242604 
369   0.3700000000000003   0.27218934911242604 
370   0.3710000000000003   0.27218934911242604 
371   0.3720000000000003   0.27218934911242604 
372   0.3730000000000003   0.27218934911242604 
373   0.3740000000000003   0.27218934911242604 
374   0.3750000000000003   0.27218934911242604 
375   0.3760000000000003   0.27218934911242604 
376   0.3770000000000003   0.27218934911242604 
377   0.3780000000000003   0.27218934911242604 
378   0.3790000000000003   0.27218934911242604 
379   0.3800000000000003   0.27218934911242604 
380   0.3810000000000003   0.27218934911242604 
381   0.3820000000000003   0.27218934911242604 
382   0.3830000000000003   0.27218934911242604 
383   0.3840000000000003   0.27218934911242604 
384   0.3850000000000003   0.27218934911242604 
385   0.3860000000000003   0.27218934911242604 
386   0.3870000000000003   0.27218934911242604 
387   0.3880000000000003   0.27218934911242604 
388   0.3890000000000003   0.27218934911242604 
389   0.3900000000000003   0.27218934911242604 
390   0.3910000000000003   0.27218934911242604 
391   0.3920000000000003   0.27218934911242604 
392   0.3930000000000003   0.27218934911242604 
393   0.3940000000000003   0.27218934911242604 
394   0.3950000000000003   0.27218934911242604 
395   0.3960000000000003   0.27218934911242604 
396   0.3970000000000003   0.27218934911242604 
397   0.3980000000000003   0.27218934911242604 
398   0.3990000000000003   0.27218934911242604 
399   0.4000000000000003   0.27218934911242604 
400   0.4010000000000003   0.27218934911242604 
401   0.4020000000000003   0.27218934911242604 
402   0.4030000000000003   0.27218934911242604 
403   0.4040000000000003   0.27218934911242604 
404   0.4050000000000003   0.27218934911242604 
405   0.4060000000000003   0.27218934911242604 
406   0.4070000000000003   0.27218934911242604 
407   0.4080000000000003   0.27218934911242604 
408   0.4090000000000003   0.27218934911242604 
409   0.4100000000000003   0.27218934911242604 
410   0.4110000000000003   0.27218934911242604 
411   0.4120000000000003   0.27218934911242604 
412   0.4130000000000003   0.27218934911242604 
413   0.4140000000000003   0.27218934911242604 
414   0.4150000000000003   0.27218934911242604 
415   0.4160000000000003   0.27218934911242604 
416   0.4170000000000003   0.27218934911242604 
417   0.4180000000000003   0.27218934911242604 
418   0.4190000000000003   0.27218934911242604 
419   0.4200000000000003   0.27218934911242604 
420   0.4210000000000003   0.27218934911242604 
421   0.4220000000000003   0.27218934911242604 
422   0.4230000000000003   0.27218934911242604 
423   0.4240000000000003   0.27218934911242604 
424   0.4250000000000003   0.27218934911242604 
425   0.4260000000000003   0.27218934911242604 
426   0.4270000000000003   0.27218934911242604 
427   0.4280000000000003   0.27218934911242604 
428   0.4290000000000003   0.27218934911242604 
429   0.4300000000000003   0.27218934911242604 
430   0.4310000000000003   0.27218934911242604 
431   0.43200000000000033   0.27218934911242604 
432   0.43300000000000033   0.27218934911242604 
433   0.43400000000000033   0.27218934911242604 
434   0.43500000000000033   0.27218934911242604 
435   0.43600000000000033   0.27218934911242604 
436   0.43700000000000033   0.27218934911242604 
437   0.43800000000000033   0.27218934911242604 
438   0.43900000000000033   0.27218934911242604 
439   0.44000000000000034   0.27218934911242604 
440   0.44100000000000034   0.27218934911242604 
441   0.44200000000000034   0.27218934911242604 
442   0.44300000000000034   0.27218934911242604 
443   0.44400000000000034   0.27218934911242604 
444   0.44500000000000034   0.27218934911242604 
445   0.44600000000000034   0.27218934911242604 
446   0.44700000000000034   0.27218934911242604 
447   0.44800000000000034   0.27218934911242604 
448   0.44900000000000034   0.27218934911242604 
449   0.45000000000000034   0.27218934911242604 
450   0.45100000000000035   0.27218934911242604 
451   0.45200000000000035   0.27218934911242604 
452   0.45300000000000035   0.27218934911242604 
453   0.45400000000000035   0.27218934911242604 
454   0.45500000000000035   0.27218934911242604 
455   0.45600000000000035   0.27218934911242604 
456   0.45700000000000035   0.27218934911242604 
457   0.45800000000000035   0.27218934911242604 
458   0.45900000000000035   0.27218934911242604 
459   0.46000000000000035   0.27218934911242604 
460   0.46100000000000035   0.27218934911242604 
461   0.46200000000000035   0.27218934911242604 
462   0.46300000000000036   0.27218934911242604 
463   0.46400000000000036   0.27218934911242604 
464   0.46500000000000036   0.27218934911242604 
465   0.46600000000000036   0.27218934911242604 
466   0.46700000000000036   0.27218934911242604 
467   0.46800000000000036   0.27218934911242604 
468   0.46900000000000036   0.27218934911242604 
469   0.47000000000000036   0.27218934911242604 
470   0.47100000000000036   0.27218934911242604 
471   0.47200000000000036   0.27218934911242604 
472   0.47300000000000036   0.27218934911242604 
473   0.47400000000000037   0.27218934911242604 
474   0.47500000000000037   0.27218934911242604 
475   0.47600000000000037   0.27218934911242604 
476   0.47700000000000037   0.27218934911242604 
477   0.47800000000000037   0.27218934911242604 
478   0.47900000000000037   0.27218934911242604 
479   0.48000000000000037   0.27218934911242604 
480   0.48100000000000037   0.27218934911242604 
481   0.4820000000000004   0.27218934911242604 
482   0.4830000000000004   0.27218934911242604 
483   0.4840000000000004   0.27218934911242604 
484   0.4850000000000004   0.27218934911242604 
485   0.4860000000000004   0.27218934911242604 
486   0.4870000000000004   0.27218934911242604 
487   0.4880000000000004   0.27218934911242604 
488   0.4890000000000004   0.27218934911242604 
489   0.4900000000000004   0.27218934911242604 
490   0.4910000000000004   0.27218934911242604 
491   0.4920000000000004   0.27218934911242604 
492   0.4930000000000004   0.27218934911242604 
493   0.4940000000000004   0.27218934911242604 
494   0.4950000000000004   0.27218934911242604 
495   0.4960000000000004   0.27218934911242604 
496   0.4970000000000004   0.27218934911242604 
497   0.4980000000000004   0.27218934911242604 
498   0.4990000000000004   0.27218934911242604 
499   0.5000000000000003   0.27218934911242604 
500   0.5010000000000003   0.27218934911242604 
501   0.5020000000000003   0.27218934911242604 
502   0.5030000000000003   0.27218934911242604 
503   0.5040000000000003   0.27218934911242604 
504   0.5050000000000003   0.27218934911242604 
505   0.5060000000000003   0.27218934911242604 
506   0.5070000000000003   0.27218934911242604 
507   0.5080000000000003   0.27218934911242604 
508   0.5090000000000003   0.27218934911242604 
509   0.5100000000000003   0.27218934911242604 
510   0.5110000000000003   0.27218934911242604 
511   0.5120000000000003   0.27218934911242604 
512   0.5130000000000003   0.27218934911242604 
513   0.5140000000000003   0.27218934911242604 
514   0.5150000000000003   0.27218934911242604 
515   0.5160000000000003   0.27218934911242604 
516   0.5170000000000003   0.27218934911242604 
517   0.5180000000000003   0.27218934911242604 
518   0.5190000000000003   0.27218934911242604 
519   0.5200000000000004   0.27218934911242604 
520   0.5210000000000004   0.27218934911242604 
521   0.5220000000000004   0.27218934911242604 
522   0.5230000000000004   0.27218934911242604 
523   0.5240000000000004   0.27218934911242604 
524   0.5250000000000004   0.27218934911242604 
525   0.5260000000000004   0.27218934911242604 
526   0.5270000000000004   0.27218934911242604 
527   0.5280000000000004   0.27218934911242604 
528   0.5290000000000004   0.27218934911242604 
529   0.5300000000000004   0.27218934911242604 
530   0.5310000000000004   0.27218934911242604 
531   0.5320000000000004   0.27218934911242604 
532   0.5330000000000004   0.27218934911242604 
533   0.5340000000000004   0.27218934911242604 
534   0.5350000000000004   0.27218934911242604 
535   0.5360000000000004   0.27218934911242604 
536   0.5370000000000004   0.27218934911242604 
537   0.5380000000000004   0.27218934911242604 
538   0.5390000000000004   0.27218934911242604 
539   0.5400000000000004   0.27218934911242604 
540   0.5410000000000004   0.27218934911242604 
541   0.5420000000000004   0.27218934911242604 
542   0.5430000000000004   0.27218934911242604 
543   0.5440000000000004   0.27218934911242604 
544   0.5450000000000004   0.27218934911242604 
545   0.5460000000000004   0.27218934911242604 
546   0.5470000000000004   0.27218934911242604 
547   0.5480000000000004   0.27218934911242604 
548   0.5490000000000004   0.27218934911242604 
549   0.5500000000000004   0.27218934911242604 
550   0.5510000000000004   0.27218934911242604 
551   0.5520000000000004   0.27218934911242604 
552   0.5530000000000004   0.27218934911242604 
553   0.5540000000000004   0.27218934911242604 
554   0.5550000000000004   0.27218934911242604 
555   0.5560000000000004   0.27218934911242604 
556   0.5570000000000004   0.27218934911242604 
557   0.5580000000000004   0.27218934911242604 
558   0.5590000000000004   0.27218934911242604 
559   0.5600000000000004   0.27218934911242604 
560   0.5610000000000004   0.27218934911242604 
561   0.5620000000000004   0.27218934911242604 
562   0.5630000000000004   0.27218934911242604 
563   0.5640000000000004   0.27218934911242604 
564   0.5650000000000004   0.27218934911242604 
565   0.5660000000000004   0.27218934911242604 
566   0.5670000000000004   0.27218934911242604 
567   0.5680000000000004   0.27218934911242604 
568   0.5690000000000004   0.27218934911242604 
569   0.5700000000000004   0.27218934911242604 
570   0.5710000000000004   0.27218934911242604 
571   0.5720000000000004   0.27218934911242604 
572   0.5730000000000004   0.27218934911242604 
573   0.5740000000000004   0.27218934911242604 
574   0.5750000000000004   0.27218934911242604 
575   0.5760000000000004   0.27218934911242604 
576   0.5770000000000004   0.27218934911242604 
577   0.5780000000000004   0.27218934911242604 
578   0.5790000000000004   0.27218934911242604 
579   0.5800000000000004   0.27218934911242604 
580   0.5810000000000004   0.27218934911242604 
581   0.5820000000000004   0.27218934911242604 
582   0.5830000000000004   0.27218934911242604 
583   0.5840000000000004   0.27218934911242604 
584   0.5850000000000004   0.27218934911242604 
585   0.5860000000000004   0.27218934911242604 
586   0.5870000000000004   0.27218934911242604 
587   0.5880000000000004   0.27218934911242604 
588   0.5890000000000004   0.27218934911242604 
589   0.5900000000000004   0.27218934911242604 
590   0.5910000000000004   0.27218934911242604 
591   0.5920000000000004   0.27218934911242604 
592   0.5930000000000004   0.27218934911242604 
593   0.5940000000000004   0.27218934911242604 
594   0.5950000000000004   0.27218934911242604 
595   0.5960000000000004   0.27218934911242604 
596   0.5970000000000004   0.27218934911242604 
597   0.5980000000000004   0.27218934911242604 
598   0.5990000000000004   0.27218934911242604 
599   0.6000000000000004   0.27218934911242604 
600   0.6010000000000004   0.27218934911242604 
601   0.6020000000000004   0.27218934911242604 
602   0.6030000000000004   0.27218934911242604 
603   0.6040000000000004   0.27218934911242604 
604   0.6050000000000004   0.27218934911242604 
605   0.6060000000000004   0.27218934911242604 
606   0.6070000000000004   0.27218934911242604 
607   0.6080000000000004   0.27218934911242604 
608   0.6090000000000004   0.27218934911242604 
609   0.6100000000000004   0.27218934911242604 
610   0.6110000000000004   0.27218934911242604 
611   0.6120000000000004   0.27218934911242604 
612   0.6130000000000004   0.27218934911242604 
613   0.6140000000000004   0.27218934911242604 
614   0.6150000000000004   0.27218934911242604 
615   0.6160000000000004   0.27218934911242604 
616   0.6170000000000004   0.27218934911242604 
617   0.6180000000000004   0.27218934911242604 
618   0.6190000000000004   0.27218934911242604 
619   0.6200000000000004   0.27218934911242604 
620   0.6210000000000004   0.27218934911242604 
621   0.6220000000000004   0.27218934911242604 
622   0.6230000000000004   0.27218934911242604 
623   0.6240000000000004   0.27218934911242604 
624   0.6250000000000004   0.27218934911242604 
625   0.6260000000000004   0.27218934911242604 
626   0.6270000000000004   0.27218934911242604 
627   0.6280000000000004   0.27218934911242604 
628   0.6290000000000004   0.27218934911242604 
629   0.6300000000000004   0.27218934911242604 
630   0.6310000000000004   0.27218934911242604 
631   0.6320000000000005   0.27218934911242604 
632   0.6330000000000005   0.27218934911242604 
633   0.6340000000000005   0.27218934911242604 
634   0.6350000000000005   0.27218934911242604 
635   0.6360000000000005   0.27218934911242604 
636   0.6370000000000005   0.27218934911242604 
637   0.6380000000000005   0.27218934911242604 
638   0.6390000000000005   0.27218934911242604 
639   0.6400000000000005   0.27218934911242604 
640   0.6410000000000005   0.27218934911242604 
641   0.6420000000000005   0.27218934911242604 
642   0.6430000000000005   0.27218934911242604 
643   0.6440000000000005   0.27218934911242604 
644   0.6450000000000005   0.27218934911242604 
645   0.6460000000000005   0.27218934911242604 
646   0.6470000000000005   0.27218934911242604 
647   0.6480000000000005   0.27218934911242604 
648   0.6490000000000005   0.27218934911242604 
649   0.6500000000000005   0.27218934911242604 
650   0.6510000000000005   0.27218934911242604 
651   0.6520000000000005   0.27218934911242604 
652   0.6530000000000005   0.27218934911242604 
653   0.6540000000000005   0.27218934911242604 
654   0.6550000000000005   0.27218934911242604 
655   0.6560000000000005   0.27218934911242604 
656   0.6570000000000005   0.27218934911242604 
657   0.6580000000000005   0.27218934911242604 
658   0.6590000000000005   0.27218934911242604 
659   0.6600000000000005   0.27218934911242604 
660   0.6610000000000005   0.27218934911242604 
661   0.6620000000000005   0.27218934911242604 
662   0.6630000000000005   0.27218934911242604 
663   0.6640000000000005   0.27218934911242604 
664   0.6650000000000005   0.27218934911242604 
665   0.6660000000000005   0.27218934911242604 
666   0.6670000000000005   0.27218934911242604 
667   0.6680000000000005   0.27218934911242604 
668   0.6690000000000005   0.27218934911242604 
669   0.6700000000000005   0.27218934911242604 
670   0.6710000000000005   0.27218934911242604 
671   0.6720000000000005   0.27218934911242604 
672   0.6730000000000005   0.27218934911242604 
673   0.6740000000000005   0.27218934911242604 
674   0.6750000000000005   0.27218934911242604 
675   0.6760000000000005   0.27218934911242604 
676   0.6770000000000005   0.27218934911242604 
677   0.6780000000000005   0.27218934911242604 
678   0.6790000000000005   0.27218934911242604 
679   0.6800000000000005   0.27218934911242604 
680   0.6810000000000005   0.27218934911242604 
681   0.6820000000000005   0.27218934911242604 
682   0.6830000000000005   0.27218934911242604 
683   0.6840000000000005   0.27218934911242604 
684   0.6850000000000005   0.27218934911242604 
685   0.6860000000000005   0.27218934911242604 
686   0.6870000000000005   0.27218934911242604 
687   0.6880000000000005   0.27218934911242604 
688   0.6890000000000005   0.27218934911242604 
689   0.6900000000000005   0.27218934911242604 
690   0.6910000000000005   0.27218934911242604 
691   0.6920000000000005   0.27218934911242604 
692   0.6930000000000005   0.27218934911242604 
693   0.6940000000000005   0.27218934911242604 
694   0.6950000000000005   0.27218934911242604 
695   0.6960000000000005   0.27218934911242604 
696   0.6970000000000005   0.27218934911242604 
697   0.6980000000000005   0.27218934911242604 
698   0.6990000000000005   0.27218934911242604 
699   0.7000000000000005   0.27218934911242604 
700   0.7010000000000005   0.27218934911242604 
701   0.7020000000000005   0.27218934911242604 
702   0.7030000000000005   0.27218934911242604 
703   0.7040000000000005   0.27218934911242604 
704   0.7050000000000005   0.27218934911242604 
705   0.7060000000000005   0.27218934911242604 
706   0.7070000000000005   0.27218934911242604 
707   0.7080000000000005   0.27218934911242604 
708   0.7090000000000005   0.27218934911242604 
709   0.7100000000000005   0.27218934911242604 
710   0.7110000000000005   0.27218934911242604 
711   0.7120000000000005   0.27218934911242604 
712   0.7130000000000005   0.27218934911242604 
713   0.7140000000000005   0.27218934911242604 
714   0.7150000000000005   0.27218934911242604 
715   0.7160000000000005   0.27218934911242604 
716   0.7170000000000005   0.27218934911242604 
717   0.7180000000000005   0.27218934911242604 
718   0.7190000000000005   0.27218934911242604 
719   0.7200000000000005   0.27218934911242604 
720   0.7210000000000005   0.27218934911242604 
721   0.7220000000000005   0.27218934911242604 
722   0.7230000000000005   0.27218934911242604 
723   0.7240000000000005   0.27218934911242604 
724   0.7250000000000005   0.27218934911242604 
725   0.7250000000000005   0.2781065088757396 
726   0.7260000000000005   0.2840236686390532 
727   0.7270000000000005   0.2899408284023668 
728   0.7280000000000005   0.301775147928994 
729   0.7290000000000005   0.31360946745562124 
730   0.7300000000000005   0.3195266272189348 
731   0.7310000000000005   0.3254437869822484 
732   0.7320000000000005   0.331360946745562 
733   0.7330000000000005   0.3372781065088756 
734   0.7340000000000005   0.34319526627218916 
735   0.7350000000000005   0.34911242603550274 
736   0.7370000000000005   0.34911242603550274 
737   0.7370000000000005   0.36094674556212997 
738   0.7380000000000005   0.36686390532544355 
739   0.7400000000000005   0.36686390532544355 
740   0.7400000000000005   0.37278106508875714 
741   0.7420000000000005   0.37278106508875714 
742   0.7430000000000005   0.37278106508875714 
743   0.7440000000000005   0.37278106508875714 
744   0.7440000000000005   0.5088757396449701 
745   0.7450000000000006   0.5680473372781062 
746   0.7470000000000006   0.5680473372781062 
747   0.7470000000000006   0.5798816568047334 
748   0.7490000000000006   0.5798816568047334 
749   0.7500000000000006   0.5798816568047334 
750   0.7510000000000006   0.5798816568047334 
751   0.7520000000000006   0.5798816568047334 
752   0.7530000000000006   0.5798816568047334 
753   0.7540000000000006   0.5798816568047334 
754   0.7550000000000006   0.5798816568047334 
755   0.7560000000000006   0.5798816568047334 
756   0.7570000000000006   0.5798816568047334 
757   0.7580000000000006   0.5798816568047334 
758   0.7590000000000006   0.5798816568047334 
759   0.7600000000000006   0.5798816568047334 
760   0.7610000000000006   0.5798816568047334 
761   0.7620000000000006   0.5798816568047334 
762   0.7630000000000006   0.5798816568047334 
763   0.7640000000000006   0.5798816568047334 
764   0.7650000000000006   0.5798816568047334 
765   0.7660000000000006   0.5798816568047334 
766   0.7670000000000006   0.5798816568047334 
767   0.7680000000000006   0.5798816568047334 
768   0.7690000000000006   0.5798816568047334 
769   0.7700000000000006   0.5798816568047334 
770   0.7710000000000006   0.5798816568047334 
771   0.7720000000000006   0.5798816568047334 
772   0.7730000000000006   0.5798816568047334 
773   0.7730000000000006   0.585798816568047 
774   0.7750000000000006   0.585798816568047 
775   0.7760000000000006   0.585798816568047 
776   0.7770000000000006   0.585798816568047 
777   0.7780000000000006   0.585798816568047 
778   0.7790000000000006   0.585798816568047 
779   0.7800000000000006   0.585798816568047 
780   0.7810000000000006   0.585798816568047 
781   0.7820000000000006   0.585798816568047 
782   0.7830000000000006   0.585798816568047 
783   0.7840000000000006   0.585798816568047 
784   0.7850000000000006   0.585798816568047 
785   0.7860000000000006   0.585798816568047 
786   0.7870000000000006   0.585798816568047 
787   0.7880000000000006   0.585798816568047 
788   0.7890000000000006   0.585798816568047 
789   0.7900000000000006   0.585798816568047 
790   0.7910000000000006   0.585798816568047 
791   0.7920000000000006   0.585798816568047 
792   0.7930000000000006   0.585798816568047 
793   0.7940000000000006   0.585798816568047 
794   0.7950000000000006   0.585798816568047 
795   0.7960000000000006   0.585798816568047 
796   0.7970000000000006   0.585798816568047 
797   0.7970000000000006   0.5917159763313606 
798   0.7990000000000006   0.5917159763313606 
799   0.8000000000000006   0.5917159763313606 
800   0.8010000000000006   0.5917159763313606 
801   0.8020000000000006   0.5917159763313606 
802   0.8030000000000006   0.5917159763313606 
803   0.8040000000000006   0.5917159763313606 
804   0.8050000000000006   0.5917159763313606 
805   0.8060000000000006   0.5917159763313606 
806   0.8070000000000006   0.5917159763313606 
807   0.8080000000000006   0.5917159763313606 
808   0.8080000000000006   0.5976331360946743 
809   0.8100000000000006   0.5976331360946743 
810   0.8110000000000006   0.5976331360946743 
811   0.8120000000000006   0.5976331360946743 
812   0.8130000000000006   0.5976331360946743 
813   0.8140000000000006   0.5976331360946743 
814   0.8150000000000006   0.5976331360946743 
815   0.8160000000000006   0.5976331360946743 
816   0.8170000000000006   0.5976331360946743 
817   0.8170000000000006   0.6213017751479287 
818   0.8190000000000006   0.6213017751479287 
819   0.8200000000000006   0.6213017751479287 
820   0.8210000000000006   0.6213017751479287 
821   0.8220000000000006   0.6213017751479287 
822   0.8230000000000006   0.6213017751479287 
823   0.8240000000000006   0.6213017751479287 
824   0.8250000000000006   0.6213017751479287 
825   0.8260000000000006   0.6213017751479287 
826   0.8270000000000006   0.6213017751479287 
827   0.8280000000000006   0.6213017751479287 
828   0.8280000000000006   0.6449704142011832 
829   0.8300000000000006   0.6449704142011832 
830   0.8310000000000006   0.6449704142011832 
831   0.8320000000000006   0.6449704142011832 
832   0.8330000000000006   0.6449704142011832 
833   0.8340000000000006   0.6449704142011832 
834   0.8350000000000006   0.6449704142011832 
835   0.8360000000000006   0.6449704142011832 
836   0.8370000000000006   0.6449704142011832 
837   0.8370000000000006   0.7573964497041418 
838   0.8390000000000006   0.7573964497041418 
839   0.8400000000000006   0.7573964497041418 
840   0.8410000000000006   0.7573964497041418 
841   0.8420000000000006   0.7573964497041418 
842   0.8430000000000006   0.7573964497041418 
843   0.8440000000000006   0.7573964497041418 
844   0.8450000000000006   0.7573964497041418 
845   0.8460000000000006   0.7573964497041418 
846   0.8470000000000006   0.7573964497041418 
847   0.8480000000000006   0.7573964497041418 
848   0.8490000000000006   0.7573964497041418 
849   0.8500000000000006   0.7573964497041418 
850   0.8510000000000006   0.7573964497041418 
851   0.8520000000000006   0.7573964497041418 
852   0.8530000000000006   0.7573964497041418 
853   0.8540000000000006   0.7573964497041418 
854   0.8550000000000006   0.7573964497041418 
855   0.8560000000000006   0.7573964497041418 
856   0.8570000000000007   0.7573964497041418 
857   0.8570000000000007   0.7810650887573962 
858   0.8590000000000007   0.7810650887573962 
859   0.8590000000000007   0.8106508875739643 
860   0.8610000000000007   0.8106508875739643 
861   0.8620000000000007   0.8106508875739643 
862   0.8630000000000007   0.8106508875739643 
863   0.8640000000000007   0.8106508875739643 
864   0.8650000000000007   0.8106508875739643 
865   0.8660000000000007   0.8106508875739643 
866   0.8670000000000007   0.8106508875739643 
867   0.8680000000000007   0.8106508875739643 
868   0.8690000000000007   0.8106508875739643 
869   0.8690000000000007   0.816568047337278 
870   0.8700000000000007   0.8284023668639051 
871   0.8710000000000007   0.9408284023668637 
872   0.8730000000000007   0.9408284023668637 
873   0.8740000000000007   0.9408284023668637 
874   0.8740000000000007   0.9526627218934909 
875   0.8760000000000007   0.9526627218934909 
876   0.8770000000000007   0.9526627218934909 
877   0.8780000000000007   0.9526627218934909 
878   0.8790000000000007   0.9526627218934909 
879   0.8800000000000007   0.9526627218934909 
880   0.8810000000000007   0.9526627218934909 
881   0.8810000000000007   0.982248520710059 
882   0.8830000000000007   0.982248520710059 
883   0.8840000000000007   0.982248520710059 
884   0.8850000000000007   0.982248520710059 
885   0.8860000000000007   0.982248520710059 
886   0.8870000000000007   0.982248520710059 
887   0.8880000000000007   0.982248520710059 
888   0.8890000000000007   0.982248520710059 
889   0.8900000000000007   0.982248520710059 
890   0.8910000000000007   0.982248520710059 
891   0.8920000000000007   0.982248520710059 
892   0.8930000000000007   0.982248520710059 
893   0.8940000000000007   0.982248520710059 
894   0.8950000000000007   0.982248520710059 
895   0.8960000000000007   0.982248520710059 
896   0.8970000000000007   0.982248520710059 
897   0.8980000000000007   0.982248520710059 
898   0.8990000000000007   0.982248520710059 
899   0.9000000000000007   0.982248520710059 
900   0.9010000000000007   0.982248520710059 
901   0.9020000000000007   0.982248520710059 
902   0.9030000000000007   0.982248520710059 
903   0.9040000000000007   0.982248520710059 
904   0.9050000000000007   0.982248520710059 
905   0.9060000000000007   0.982248520710059 
906   0.9070000000000007   0.982248520710059 
907   0.9080000000000007   0.982248520710059 
908   0.9090000000000007   0.982248520710059 
909   0.9090000000000007   0.9999999999999998 
910   0.9110000000000007   0.9999999999999998 
911   0.9120000000000007   0.9999999999999998 
912   0.9130000000000007   0.9999999999999998 
913   0.9140000000000007   0.9999999999999998 
914   0.9150000000000007   0.9999999999999998 
915   0.9160000000000007   0.9999999999999998 
916   0.9170000000000007   0.9999999999999998 
917   0.9180000000000007   0.9999999999999998 
918   0.9190000000000007   0.9999999999999998 
919   0.9200000000000007   0.9999999999999998 
920   0.9210000000000007   0.9999999999999998 
921   0.9220000000000007   0.9999999999999998 
922   0.9230000000000007   0.9999999999999998 
923   0.9240000000000007   0.9999999999999998 
924   0.9250000000000007   0.9999999999999998 
925   0.9260000000000007   0.9999999999999998 
926   0.9270000000000007   0.9999999999999998 
927   0.9280000000000007   0.9999999999999998 
928   0.9290000000000007   0.9999999999999998 
929   0.9300000000000007   0.9999999999999998 
930   0.9310000000000007   0.9999999999999998 
931   0.9320000000000007   0.9999999999999998 
932   0.9330000000000007   0.9999999999999998 
933   0.9340000000000007   0.9999999999999998 
934   0.9350000000000007   0.9999999999999998 
935   0.9360000000000007   0.9999999999999998 
936   0.9370000000000007   0.9999999999999998 
937   0.9380000000000007   0.9999999999999998 
938   0.9390000000000007   0.9999999999999998 
939   0.9400000000000007   0.9999999999999998 
940   0.9410000000000007   0.9999999999999998 
941   0.9420000000000007   0.9999999999999998 
942   0.9430000000000007   0.9999999999999998 
943   0.9440000000000007   0.9999999999999998 
944   0.9450000000000007   0.9999999999999998 
945   0.9460000000000007   0.9999999999999998 
946   0.9470000000000007   0.9999999999999998 
947   0.9480000000000007   0.9999999999999998 
948   0.9490000000000007   0.9999999999999998 
949   0.9500000000000007   0.9999999999999998 
950   0.9510000000000007   0.9999999999999998 
951   0.9520000000000007   0.9999999999999998 
952   0.9530000000000007   0.9999999999999998 
953   0.9540000000000007   0.9999999999999998 
954   0.9550000000000007   0.9999999999999998 
955   0.9560000000000007   0.9999999999999998 
956   0.9570000000000007   0.9999999999999998 
957   0.9580000000000007   0.9999999999999998 
958   0.9590000000000007   0.9999999999999998 
959   0.9600000000000007   0.9999999999999998 
960   0.9610000000000007   0.9999999999999998 
961   0.9620000000000007   0.9999999999999998 
962   0.9630000000000007   0.9999999999999998 
963   0.9640000000000007   0.9999999999999998 
964   0.9650000000000007   0.9999999999999998 
965   0.9660000000000007   0.9999999999999998 
966   0.9670000000000007   0.9999999999999998 
967   0.9680000000000007   0.9999999999999998 
968   0.9690000000000007   0.9999999999999998 
969   0.9700000000000008   0.9999999999999998 
970   0.9710000000000008   0.9999999999999998 
971   0.9720000000000008   0.9999999999999998 
972   0.9730000000000008   0.9999999999999998 
973   0.9740000000000008   0.9999999999999998 
974   0.9750000000000008   0.9999999999999998 
975   0.9760000000000008   0.9999999999999998 
976   0.9770000000000008   0.9999999999999998 
977   0.9780000000000008   0.9999999999999998 
978   0.9790000000000008   0.9999999999999998 
979   0.9800000000000008   0.9999999999999998 
980   0.9810000000000008   0.9999999999999998 
981   0.9820000000000008   0.9999999999999998 
982   0.9830000000000008   0.9999999999999998 
983   0.9840000000000008   0.9999999999999998 
984   0.9850000000000008   0.9999999999999998 
985   0.9860000000000008   0.9999999999999998 
986   0.9870000000000008   0.9999999999999998 
987   0.9880000000000008   0.9999999999999998 
988   0.9890000000000008   0.9999999999999998 
989   0.9900000000000008   0.9999999999999998 
990   0.9910000000000008   0.9999999999999998 
991   0.9920000000000008   0.9999999999999998 
992   0.9930000000000008   0.9999999999999998 
993   0.9940000000000008   0.9999999999999998 
994   0.9950000000000008   0.9999999999999998 
995   0.9960000000000008   0.9999999999999998 
996   0.9970000000000008   0.9999999999999998 
997   0.9980000000000008   0.9999999999999998 
998   0.9990000000000008   0.9999999999999998 
999   1.0000000000000007   0.9999999999999998 
