0   0.001   0 
1   0.001   0.007751937984496124 
2   0.003   0.007751937984496124 
3   0.003   0.06976744186046512 
4   0.005   0.06976744186046512 
5   0.006   0.06976744186046512 
6   0.007   0.06976744186046512 
7   0.007   0.09302325581395349 
8   0.008   0.2558139534883721 
9   0.010000000000000002   0.2558139534883721 
10   0.010000000000000002   0.2713178294573644 
11   0.012000000000000004   0.2713178294573644 
12   0.012000000000000004   0.3178294573643411 
13   0.013000000000000005   0.33333333333333337 
14   0.014000000000000005   0.34883720930232565 
15   0.015000000000000006   0.3565891472868218 
16   0.017000000000000008   0.3565891472868218 
17   0.01800000000000001   0.3565891472868218 
18   0.01900000000000001   0.3565891472868218 
19   0.02000000000000001   0.3565891472868218 
20   0.02100000000000001   0.3565891472868218 
21   0.022000000000000013   0.3565891472868218 
22   0.023000000000000013   0.3565891472868218 
23   0.024000000000000014   0.3565891472868218 
24   0.025000000000000015   0.3565891472868218 
25   0.026000000000000016   0.3565891472868218 
26   0.027000000000000017   0.3565891472868218 
27   0.028000000000000018   0.3565891472868218 
28   0.02900000000000002   0.3565891472868218 
29   0.03000000000000002   0.3565891472868218 
30   0.03100000000000002   0.3565891472868218 
31   0.03200000000000002   0.3565891472868218 
32   0.03300000000000002   0.3565891472868218 
33   0.03400000000000002   0.3565891472868218 
34   0.035000000000000024   0.3565891472868218 
35   0.036000000000000025   0.3565891472868218 
36   0.037000000000000026   0.3565891472868218 
37   0.03800000000000003   0.3565891472868218 
38   0.03900000000000003   0.3565891472868218 
39   0.04000000000000003   0.3565891472868218 
40   0.04100000000000003   0.3565891472868218 
41   0.04200000000000003   0.3565891472868218 
42   0.04300000000000003   0.3565891472868218 
43   0.04400000000000003   0.3565891472868218 
44   0.04500000000000003   0.3565891472868218 
45   0.046000000000000034   0.3565891472868218 
46   0.047000000000000035   0.3565891472868218 
47   0.047000000000000035   0.3643410852713179 
48   0.048000000000000036   0.37209302325581406 
49   0.05000000000000004   0.37209302325581406 
50   0.05100000000000004   0.37209302325581406 
51   0.05200000000000004   0.37209302325581406 
52   0.05300000000000004   0.37209302325581406 
53   0.05400000000000004   0.37209302325581406 
54   0.05400000000000004   0.40310077519379856 
55   0.05600000000000004   0.40310077519379856 
56   0.057000000000000044   0.40310077519379856 
57   0.058000000000000045   0.40310077519379856 
58   0.058000000000000045   0.4108527131782947 
59   0.059000000000000045   0.4263565891472869 
60   0.060000000000000046   0.43410852713178305 
61   0.06100000000000005   0.4418604651162792 
62   0.06300000000000004   0.4418604651162792 
63   0.06400000000000004   0.4418604651162792 
64   0.06500000000000004   0.4418604651162792 
65   0.06600000000000004   0.4418604651162792 
66   0.06600000000000004   0.45736434108527146 
67   0.06800000000000005   0.45736434108527146 
68   0.06900000000000005   0.45736434108527146 
69   0.07000000000000005   0.45736434108527146 
70   0.07100000000000005   0.45736434108527146 
71   0.07200000000000005   0.45736434108527146 
72   0.07300000000000005   0.45736434108527146 
73   0.07400000000000005   0.45736434108527146 
74   0.07500000000000005   0.45736434108527146 
75   0.07600000000000005   0.45736434108527146 
76   0.07700000000000005   0.45736434108527146 
77   0.07800000000000006   0.45736434108527146 
78   0.07900000000000006   0.45736434108527146 
79   0.08000000000000006   0.45736434108527146 
80   0.08100000000000006   0.45736434108527146 
81   0.08200000000000006   0.45736434108527146 
82   0.08300000000000006   0.45736434108527146 
83   0.08400000000000006   0.45736434108527146 
84   0.08500000000000006   0.45736434108527146 
85   0.08600000000000006   0.45736434108527146 
86   0.08700000000000006   0.45736434108527146 
87   0.08800000000000006   0.45736434108527146 
88   0.08900000000000007   0.45736434108527146 
89   0.09000000000000007   0.45736434108527146 
90   0.09100000000000007   0.45736434108527146 
91   0.09200000000000007   0.45736434108527146 
92   0.09300000000000007   0.45736434108527146 
93   0.09400000000000007   0.45736434108527146 
94   0.09500000000000007   0.45736434108527146 
95   0.09600000000000007   0.45736434108527146 
96   0.09700000000000007   0.45736434108527146 
97   0.09800000000000007   0.45736434108527146 
98   0.09900000000000007   0.45736434108527146 
99   0.10000000000000007   0.45736434108527146 
100   0.10100000000000008   0.45736434108527146 
101   0.10200000000000008   0.45736434108527146 
102   0.10300000000000008   0.45736434108527146 
103   0.10400000000000008   0.45736434108527146 
104   0.10500000000000008   0.45736434108527146 
105   0.10600000000000008   0.45736434108527146 
106   0.10700000000000008   0.45736434108527146 
107   0.10800000000000008   0.45736434108527146 
108   0.10900000000000008   0.45736434108527146 
109   0.11000000000000008   0.45736434108527146 
110   0.11100000000000008   0.45736434108527146 
111   0.11200000000000009   0.45736434108527146 
112   0.11300000000000009   0.45736434108527146 
113   0.11400000000000009   0.45736434108527146 
114   0.11500000000000009   0.45736434108527146 
115   0.11600000000000009   0.45736434108527146 
116   0.11700000000000009   0.45736434108527146 
117   0.11800000000000009   0.45736434108527146 
118   0.11900000000000009   0.45736434108527146 
119   0.12000000000000009   0.45736434108527146 
120   0.1210000000000001   0.45736434108527146 
121   0.1220000000000001   0.45736434108527146 
122   0.1230000000000001   0.45736434108527146 
123   0.1240000000000001   0.45736434108527146 
124   0.12500000000000008   0.45736434108527146 
125   0.12600000000000008   0.45736434108527146 
126   0.12700000000000009   0.45736434108527146 
127   0.12800000000000009   0.45736434108527146 
128   0.1290000000000001   0.45736434108527146 
129   0.1300000000000001   0.45736434108527146 
130   0.1310000000000001   0.45736434108527146 
131   0.1320000000000001   0.45736434108527146 
132   0.1330000000000001   0.45736434108527146 
133   0.1340000000000001   0.45736434108527146 
134   0.1350000000000001   0.45736434108527146 
135   0.1360000000000001   0.45736434108527146 
136   0.1370000000000001   0.45736434108527146 
137   0.1380000000000001   0.45736434108527146 
138   0.1390000000000001   0.45736434108527146 
139   0.1400000000000001   0.45736434108527146 
140   0.1410000000000001   0.45736434108527146 
141   0.1420000000000001   0.45736434108527146 
142   0.1430000000000001   0.45736434108527146 
143   0.1440000000000001   0.45736434108527146 
144   0.1450000000000001   0.45736434108527146 
145   0.1460000000000001   0.45736434108527146 
146   0.1470000000000001   0.45736434108527146 
147   0.1480000000000001   0.45736434108527146 
148   0.1490000000000001   0.45736434108527146 
149   0.1500000000000001   0.45736434108527146 
150   0.1510000000000001   0.45736434108527146 
151   0.1520000000000001   0.45736434108527146 
152   0.1530000000000001   0.45736434108527146 
153   0.1540000000000001   0.45736434108527146 
154   0.1550000000000001   0.45736434108527146 
155   0.1560000000000001   0.45736434108527146 
156   0.1570000000000001   0.45736434108527146 
157   0.1580000000000001   0.45736434108527146 
158   0.1590000000000001   0.45736434108527146 
159   0.16000000000000011   0.45736434108527146 
160   0.16100000000000012   0.45736434108527146 
161   0.16200000000000012   0.45736434108527146 
162   0.16300000000000012   0.45736434108527146 
163   0.16400000000000012   0.45736434108527146 
164   0.16500000000000012   0.45736434108527146 
165   0.16600000000000012   0.45736434108527146 
166   0.16700000000000012   0.45736434108527146 
167   0.16800000000000012   0.45736434108527146 
168   0.16900000000000012   0.45736434108527146 
169   0.17000000000000012   0.45736434108527146 
170   0.17100000000000012   0.45736434108527146 
171   0.17200000000000013   0.45736434108527146 
172   0.17300000000000013   0.45736434108527146 
173   0.17400000000000013   0.45736434108527146 
174   0.17500000000000013   0.45736434108527146 
175   0.17600000000000013   0.45736434108527146 
176   0.17700000000000013   0.45736434108527146 
177   0.17800000000000013   0.45736434108527146 
178   0.17900000000000013   0.45736434108527146 
179   0.18000000000000013   0.45736434108527146 
180   0.18100000000000013   0.45736434108527146 
181   0.18200000000000013   0.45736434108527146 
182   0.18300000000000013   0.45736434108527146 
183   0.18400000000000014   0.45736434108527146 
184   0.18500000000000014   0.45736434108527146 
185   0.18600000000000014   0.45736434108527146 
186   0.18700000000000014   0.45736434108527146 
187   0.18800000000000014   0.45736434108527146 
188   0.18900000000000014   0.45736434108527146 
189   0.19000000000000014   0.45736434108527146 
190   0.19100000000000014   0.45736434108527146 
191   0.19200000000000014   0.45736434108527146 
192   0.19300000000000014   0.45736434108527146 
193   0.19400000000000014   0.45736434108527146 
194   0.19500000000000015   0.45736434108527146 
195   0.19600000000000015   0.45736434108527146 
196   0.19700000000000015   0.45736434108527146 
197   0.19800000000000015   0.45736434108527146 
198   0.19900000000000015   0.45736434108527146 
199   0.20000000000000015   0.45736434108527146 
200   0.20100000000000015   0.45736434108527146 
201   0.20200000000000015   0.45736434108527146 
202   0.20300000000000015   0.45736434108527146 
203   0.20400000000000015   0.45736434108527146 
204   0.20500000000000015   0.45736434108527146 
205   0.20600000000000016   0.45736434108527146 
206   0.20700000000000016   0.45736434108527146 
207   0.20800000000000016   0.45736434108527146 
208   0.20900000000000016   0.45736434108527146 
209   0.21000000000000016   0.45736434108527146 
210   0.21100000000000016   0.45736434108527146 
211   0.21200000000000016   0.45736434108527146 
212   0.21300000000000016   0.45736434108527146 
213   0.21400000000000016   0.45736434108527146 
214   0.21500000000000016   0.45736434108527146 
215   0.21600000000000016   0.45736434108527146 
216   0.21700000000000016   0.45736434108527146 
217   0.21800000000000017   0.45736434108527146 
218   0.21900000000000017   0.45736434108527146 
219   0.22000000000000017   0.45736434108527146 
220   0.22100000000000017   0.45736434108527146 
221   0.22200000000000017   0.45736434108527146 
222   0.22300000000000017   0.45736434108527146 
223   0.22400000000000017   0.45736434108527146 
224   0.22500000000000017   0.45736434108527146 
225   0.22600000000000017   0.45736434108527146 
226   0.22700000000000017   0.45736434108527146 
227   0.22800000000000017   0.45736434108527146 
228   0.22900000000000018   0.45736434108527146 
229   0.23000000000000018   0.45736434108527146 
230   0.23100000000000018   0.45736434108527146 
231   0.23200000000000018   0.45736434108527146 
232   0.23300000000000018   0.45736434108527146 
233   0.23400000000000018   0.45736434108527146 
234   0.23500000000000018   0.45736434108527146 
235   0.23600000000000018   0.45736434108527146 
236   0.23700000000000018   0.45736434108527146 
237   0.23800000000000018   0.45736434108527146 
238   0.23900000000000018   0.45736434108527146 
239   0.24000000000000019   0.45736434108527146 
240   0.2410000000000002   0.45736434108527146 
241   0.2420000000000002   0.45736434108527146 
242   0.2430000000000002   0.45736434108527146 
243   0.2440000000000002   0.45736434108527146 
244   0.2450000000000002   0.45736434108527146 
245   0.2460000000000002   0.45736434108527146 
246   0.2470000000000002   0.45736434108527146 
247   0.2480000000000002   0.45736434108527146 
248   0.2490000000000002   0.45736434108527146 
249   0.25000000000000017   0.45736434108527146 
250   0.25100000000000017   0.45736434108527146 
251   0.25200000000000017   0.45736434108527146 
252   0.25300000000000017   0.45736434108527146 
253   0.25400000000000017   0.45736434108527146 
254   0.25500000000000017   0.45736434108527146 
255   0.25600000000000017   0.45736434108527146 
256   0.2570000000000002   0.45736434108527146 
257   0.2580000000000002   0.45736434108527146 
258   0.2590000000000002   0.45736434108527146 
259   0.2600000000000002   0.45736434108527146 
260   0.2610000000000002   0.45736434108527146 
261   0.2620000000000002   0.45736434108527146 
262   0.2630000000000002   0.45736434108527146 
263   0.2640000000000002   0.45736434108527146 
264   0.2650000000000002   0.45736434108527146 
265   0.2660000000000002   0.45736434108527146 
266   0.2670000000000002   0.45736434108527146 
267   0.2680000000000002   0.45736434108527146 
268   0.2690000000000002   0.45736434108527146 
269   0.2700000000000002   0.45736434108527146 
270   0.2710000000000002   0.45736434108527146 
271   0.2720000000000002   0.45736434108527146 
272   0.2730000000000002   0.45736434108527146 
273   0.2740000000000002   0.45736434108527146 
274   0.2750000000000002   0.45736434108527146 
275   0.2760000000000002   0.45736434108527146 
276   0.2770000000000002   0.45736434108527146 
277   0.2780000000000002   0.45736434108527146 
278   0.2790000000000002   0.45736434108527146 
279   0.2800000000000002   0.45736434108527146 
280   0.2810000000000002   0.45736434108527146 
281   0.2820000000000002   0.45736434108527146 
282   0.2830000000000002   0.45736434108527146 
283   0.2840000000000002   0.45736434108527146 
284   0.2850000000000002   0.45736434108527146 
285   0.2860000000000002   0.45736434108527146 
286   0.2870000000000002   0.45736434108527146 
287   0.2880000000000002   0.45736434108527146 
288   0.2890000000000002   0.45736434108527146 
289   0.2900000000000002   0.45736434108527146 
290   0.2910000000000002   0.45736434108527146 
291   0.2920000000000002   0.45736434108527146 
292   0.2930000000000002   0.45736434108527146 
293   0.2940000000000002   0.45736434108527146 
294   0.2950000000000002   0.45736434108527146 
295   0.2960000000000002   0.45736434108527146 
296   0.2970000000000002   0.45736434108527146 
297   0.2980000000000002   0.45736434108527146 
298   0.2990000000000002   0.45736434108527146 
299   0.3000000000000002   0.45736434108527146 
300   0.3010000000000002   0.45736434108527146 
301   0.3020000000000002   0.45736434108527146 
302   0.3030000000000002   0.45736434108527146 
303   0.3040000000000002   0.45736434108527146 
304   0.3050000000000002   0.45736434108527146 
305   0.3060000000000002   0.45736434108527146 
306   0.3070000000000002   0.45736434108527146 
307   0.3080000000000002   0.45736434108527146 
308   0.3090000000000002   0.45736434108527146 
309   0.3100000000000002   0.45736434108527146 
310   0.3110000000000002   0.45736434108527146 
311   0.3120000000000002   0.45736434108527146 
312   0.3130000000000002   0.45736434108527146 
313   0.3140000000000002   0.45736434108527146 
314   0.3150000000000002   0.45736434108527146 
315   0.3160000000000002   0.45736434108527146 
316   0.3170000000000002   0.45736434108527146 
317   0.3180000000000002   0.45736434108527146 
318   0.31900000000000023   0.45736434108527146 
319   0.32000000000000023   0.45736434108527146 
320   0.32100000000000023   0.45736434108527146 
321   0.32200000000000023   0.45736434108527146 
322   0.32300000000000023   0.45736434108527146 
323   0.32400000000000023   0.45736434108527146 
324   0.32500000000000023   0.45736434108527146 
325   0.32600000000000023   0.45736434108527146 
326   0.32700000000000023   0.45736434108527146 
327   0.32800000000000024   0.45736434108527146 
328   0.32900000000000024   0.45736434108527146 
329   0.33000000000000024   0.45736434108527146 
330   0.33100000000000024   0.45736434108527146 
331   0.33200000000000024   0.45736434108527146 
332   0.33300000000000024   0.45736434108527146 
333   0.33400000000000024   0.45736434108527146 
334   0.33500000000000024   0.45736434108527146 
335   0.33600000000000024   0.45736434108527146 
336   0.33700000000000024   0.45736434108527146 
337   0.33800000000000024   0.45736434108527146 
338   0.33900000000000025   0.45736434108527146 
339   0.34000000000000025   0.45736434108527146 
340   0.34100000000000025   0.45736434108527146 
341   0.34200000000000025   0.45736434108527146 
342   0.34300000000000025   0.45736434108527146 
343   0.34400000000000025   0.45736434108527146 
344   0.34500000000000025   0.45736434108527146 
345   0.34600000000000025   0.45736434108527146 
346   0.34700000000000025   0.45736434108527146 
347   0.34800000000000025   0.45736434108527146 
348   0.34900000000000025   0.45736434108527146 
349   0.35000000000000026   0.45736434108527146 
350   0.35100000000000026   0.45736434108527146 
351   0.35200000000000026   0.45736434108527146 
352   0.35300000000000026   0.45736434108527146 
353   0.35400000000000026   0.45736434108527146 
354   0.35500000000000026   0.45736434108527146 
355   0.35600000000000026   0.45736434108527146 
356   0.35700000000000026   0.45736434108527146 
357   0.35800000000000026   0.45736434108527146 
358   0.35900000000000026   0.45736434108527146 
359   0.36000000000000026   0.45736434108527146 
360   0.36100000000000027   0.45736434108527146 
361   0.36200000000000027   0.45736434108527146 
362   0.36300000000000027   0.45736434108527146 
363   0.36400000000000027   0.45736434108527146 
364   0.36500000000000027   0.45736434108527146 
365   0.36600000000000027   0.45736434108527146 
366   0.36700000000000027   0.45736434108527146 
367   0.36800000000000027   0.45736434108527146 
368   0.36900000000000027   0.45736434108527146 
369   0.3700000000000003   0.45736434108527146 
370   0.3710000000000003   0.45736434108527146 
371   0.3720000000000003   0.45736434108527146 
372   0.3730000000000003   0.45736434108527146 
373   0.3740000000000003   0.45736434108527146 
374   0.3750000000000003   0.45736434108527146 
375   0.3760000000000003   0.45736434108527146 
376   0.3770000000000003   0.45736434108527146 
377   0.3780000000000003   0.45736434108527146 
378   0.3790000000000003   0.45736434108527146 
379   0.3800000000000003   0.45736434108527146 
380   0.3810000000000003   0.45736434108527146 
381   0.3820000000000003   0.45736434108527146 
382   0.3830000000000003   0.45736434108527146 
383   0.3840000000000003   0.45736434108527146 
384   0.3850000000000003   0.45736434108527146 
385   0.3860000000000003   0.45736434108527146 
386   0.3870000000000003   0.45736434108527146 
387   0.3880000000000003   0.45736434108527146 
388   0.3890000000000003   0.45736434108527146 
389   0.3900000000000003   0.45736434108527146 
390   0.3910000000000003   0.45736434108527146 
391   0.3920000000000003   0.45736434108527146 
392   0.3930000000000003   0.45736434108527146 
393   0.3940000000000003   0.45736434108527146 
394   0.3950000000000003   0.45736434108527146 
395   0.3960000000000003   0.45736434108527146 
396   0.3970000000000003   0.45736434108527146 
397   0.3980000000000003   0.45736434108527146 
398   0.3990000000000003   0.45736434108527146 
399   0.4000000000000003   0.45736434108527146 
400   0.4010000000000003   0.45736434108527146 
401   0.4020000000000003   0.45736434108527146 
402   0.4030000000000003   0.45736434108527146 
403   0.4040000000000003   0.45736434108527146 
404   0.4050000000000003   0.45736434108527146 
405   0.4060000000000003   0.45736434108527146 
406   0.4070000000000003   0.45736434108527146 
407   0.4080000000000003   0.45736434108527146 
408   0.4090000000000003   0.45736434108527146 
409   0.4100000000000003   0.45736434108527146 
410   0.4110000000000003   0.45736434108527146 
411   0.4120000000000003   0.45736434108527146 
412   0.4130000000000003   0.45736434108527146 
413   0.4140000000000003   0.45736434108527146 
414   0.4150000000000003   0.45736434108527146 
415   0.4160000000000003   0.45736434108527146 
416   0.4170000000000003   0.45736434108527146 
417   0.4180000000000003   0.45736434108527146 
418   0.4190000000000003   0.45736434108527146 
419   0.4200000000000003   0.45736434108527146 
420   0.4210000000000003   0.45736434108527146 
421   0.4220000000000003   0.45736434108527146 
422   0.4230000000000003   0.45736434108527146 
423   0.4240000000000003   0.45736434108527146 
424   0.4250000000000003   0.45736434108527146 
425   0.4260000000000003   0.45736434108527146 
426   0.4270000000000003   0.45736434108527146 
427   0.4280000000000003   0.45736434108527146 
428   0.4290000000000003   0.45736434108527146 
429   0.4300000000000003   0.45736434108527146 
430   0.4310000000000003   0.45736434108527146 
431   0.43200000000000033   0.45736434108527146 
432   0.43300000000000033   0.45736434108527146 
433   0.43400000000000033   0.45736434108527146 
434   0.43500000000000033   0.45736434108527146 
435   0.43600000000000033   0.45736434108527146 
436   0.43700000000000033   0.45736434108527146 
437   0.43800000000000033   0.45736434108527146 
438   0.43900000000000033   0.45736434108527146 
439   0.44000000000000034   0.45736434108527146 
440   0.44100000000000034   0.45736434108527146 
441   0.44200000000000034   0.45736434108527146 
442   0.44300000000000034   0.45736434108527146 
443   0.44400000000000034   0.45736434108527146 
444   0.44500000000000034   0.45736434108527146 
445   0.44600000000000034   0.45736434108527146 
446   0.44700000000000034   0.45736434108527146 
447   0.44800000000000034   0.45736434108527146 
448   0.44900000000000034   0.45736434108527146 
449   0.45000000000000034   0.45736434108527146 
450   0.45100000000000035   0.45736434108527146 
451   0.45200000000000035   0.45736434108527146 
452   0.45300000000000035   0.45736434108527146 
453   0.45400000000000035   0.45736434108527146 
454   0.45500000000000035   0.45736434108527146 
455   0.45600000000000035   0.45736434108527146 
456   0.45700000000000035   0.45736434108527146 
457   0.45800000000000035   0.45736434108527146 
458   0.45900000000000035   0.45736434108527146 
459   0.46000000000000035   0.45736434108527146 
460   0.46100000000000035   0.45736434108527146 
461   0.46200000000000035   0.45736434108527146 
462   0.46300000000000036   0.45736434108527146 
463   0.46400000000000036   0.45736434108527146 
464   0.46500000000000036   0.45736434108527146 
465   0.46600000000000036   0.45736434108527146 
466   0.46700000000000036   0.45736434108527146 
467   0.46800000000000036   0.45736434108527146 
468   0.46900000000000036   0.45736434108527146 
469   0.47000000000000036   0.45736434108527146 
470   0.47100000000000036   0.45736434108527146 
471   0.47200000000000036   0.45736434108527146 
472   0.47300000000000036   0.45736434108527146 
473   0.47400000000000037   0.45736434108527146 
474   0.47500000000000037   0.45736434108527146 
475   0.47600000000000037   0.45736434108527146 
476   0.47700000000000037   0.45736434108527146 
477   0.47800000000000037   0.45736434108527146 
478   0.47900000000000037   0.45736434108527146 
479   0.48000000000000037   0.45736434108527146 
480   0.48100000000000037   0.45736434108527146 
481   0.4820000000000004   0.45736434108527146 
482   0.4830000000000004   0.45736434108527146 
483   0.4840000000000004   0.45736434108527146 
484   0.4850000000000004   0.45736434108527146 
485   0.4860000000000004   0.45736434108527146 
486   0.4870000000000004   0.45736434108527146 
487   0.4880000000000004   0.45736434108527146 
488   0.4890000000000004   0.45736434108527146 
489   0.4900000000000004   0.45736434108527146 
490   0.4910000000000004   0.45736434108527146 
491   0.4920000000000004   0.45736434108527146 
492   0.4930000000000004   0.45736434108527146 
493   0.4940000000000004   0.45736434108527146 
494   0.4950000000000004   0.45736434108527146 
495   0.4960000000000004   0.45736434108527146 
496   0.4970000000000004   0.45736434108527146 
497   0.4980000000000004   0.45736434108527146 
498   0.4990000000000004   0.45736434108527146 
499   0.5000000000000003   0.45736434108527146 
500   0.5010000000000003   0.45736434108527146 
501   0.5020000000000003   0.45736434108527146 
502   0.5030000000000003   0.45736434108527146 
503   0.5040000000000003   0.45736434108527146 
504   0.5050000000000003   0.45736434108527146 
505   0.5060000000000003   0.45736434108527146 
506   0.5070000000000003   0.45736434108527146 
507   0.5080000000000003   0.45736434108527146 
508   0.5090000000000003   0.45736434108527146 
509   0.5100000000000003   0.45736434108527146 
510   0.5110000000000003   0.45736434108527146 
511   0.5120000000000003   0.45736434108527146 
512   0.5130000000000003   0.45736434108527146 
513   0.5140000000000003   0.45736434108527146 
514   0.5150000000000003   0.45736434108527146 
515   0.5160000000000003   0.45736434108527146 
516   0.5170000000000003   0.45736434108527146 
517   0.5180000000000003   0.45736434108527146 
518   0.5190000000000003   0.45736434108527146 
519   0.5200000000000004   0.45736434108527146 
520   0.5210000000000004   0.45736434108527146 
521   0.5220000000000004   0.45736434108527146 
522   0.5230000000000004   0.45736434108527146 
523   0.5240000000000004   0.45736434108527146 
524   0.5250000000000004   0.45736434108527146 
525   0.5260000000000004   0.45736434108527146 
526   0.5270000000000004   0.45736434108527146 
527   0.5280000000000004   0.45736434108527146 
528   0.5290000000000004   0.45736434108527146 
529   0.5300000000000004   0.45736434108527146 
530   0.5310000000000004   0.45736434108527146 
531   0.5320000000000004   0.45736434108527146 
532   0.5330000000000004   0.45736434108527146 
533   0.5340000000000004   0.45736434108527146 
534   0.5350000000000004   0.45736434108527146 
535   0.5360000000000004   0.45736434108527146 
536   0.5370000000000004   0.45736434108527146 
537   0.5380000000000004   0.45736434108527146 
538   0.5390000000000004   0.45736434108527146 
539   0.5400000000000004   0.45736434108527146 
540   0.5410000000000004   0.45736434108527146 
541   0.5420000000000004   0.45736434108527146 
542   0.5430000000000004   0.45736434108527146 
543   0.5440000000000004   0.45736434108527146 
544   0.5450000000000004   0.45736434108527146 
545   0.5460000000000004   0.45736434108527146 
546   0.5470000000000004   0.45736434108527146 
547   0.5480000000000004   0.45736434108527146 
548   0.5490000000000004   0.45736434108527146 
549   0.5500000000000004   0.45736434108527146 
550   0.5510000000000004   0.45736434108527146 
551   0.5520000000000004   0.45736434108527146 
552   0.5530000000000004   0.45736434108527146 
553   0.5540000000000004   0.45736434108527146 
554   0.5550000000000004   0.45736434108527146 
555   0.5560000000000004   0.45736434108527146 
556   0.5570000000000004   0.45736434108527146 
557   0.5580000000000004   0.45736434108527146 
558   0.5590000000000004   0.45736434108527146 
559   0.5600000000000004   0.45736434108527146 
560   0.5610000000000004   0.45736434108527146 
561   0.5620000000000004   0.45736434108527146 
562   0.5630000000000004   0.45736434108527146 
563   0.5640000000000004   0.45736434108527146 
564   0.5650000000000004   0.45736434108527146 
565   0.5660000000000004   0.45736434108527146 
566   0.5670000000000004   0.45736434108527146 
567   0.5680000000000004   0.45736434108527146 
568   0.5690000000000004   0.45736434108527146 
569   0.5700000000000004   0.45736434108527146 
570   0.5710000000000004   0.45736434108527146 
571   0.5720000000000004   0.45736434108527146 
572   0.5730000000000004   0.45736434108527146 
573   0.5740000000000004   0.45736434108527146 
574   0.5750000000000004   0.45736434108527146 
575   0.5760000000000004   0.45736434108527146 
576   0.5770000000000004   0.45736434108527146 
577   0.5780000000000004   0.45736434108527146 
578   0.5790000000000004   0.45736434108527146 
579   0.5800000000000004   0.45736434108527146 
580   0.5810000000000004   0.45736434108527146 
581   0.5820000000000004   0.45736434108527146 
582   0.5830000000000004   0.45736434108527146 
583   0.5840000000000004   0.45736434108527146 
584   0.5850000000000004   0.45736434108527146 
585   0.5860000000000004   0.45736434108527146 
586   0.5870000000000004   0.45736434108527146 
587   0.5880000000000004   0.45736434108527146 
588   0.5890000000000004   0.45736434108527146 
589   0.5900000000000004   0.45736434108527146 
590   0.5910000000000004   0.45736434108527146 
591   0.5920000000000004   0.45736434108527146 
592   0.5930000000000004   0.45736434108527146 
593   0.5940000000000004   0.45736434108527146 
594   0.5950000000000004   0.45736434108527146 
595   0.5960000000000004   0.45736434108527146 
596   0.5970000000000004   0.45736434108527146 
597   0.5980000000000004   0.45736434108527146 
598   0.5990000000000004   0.45736434108527146 
599   0.6000000000000004   0.45736434108527146 
600   0.6010000000000004   0.45736434108527146 
601   0.6020000000000004   0.45736434108527146 
602   0.6030000000000004   0.45736434108527146 
603   0.6040000000000004   0.45736434108527146 
604   0.6050000000000004   0.45736434108527146 
605   0.6060000000000004   0.45736434108527146 
606   0.6070000000000004   0.45736434108527146 
607   0.6080000000000004   0.45736434108527146 
608   0.6090000000000004   0.45736434108527146 
609   0.6100000000000004   0.45736434108527146 
610   0.6110000000000004   0.45736434108527146 
611   0.6120000000000004   0.45736434108527146 
612   0.6130000000000004   0.45736434108527146 
613   0.6140000000000004   0.45736434108527146 
614   0.6150000000000004   0.45736434108527146 
615   0.6160000000000004   0.45736434108527146 
616   0.6170000000000004   0.45736434108527146 
617   0.6180000000000004   0.45736434108527146 
618   0.6190000000000004   0.45736434108527146 
619   0.6200000000000004   0.45736434108527146 
620   0.6210000000000004   0.45736434108527146 
621   0.6220000000000004   0.45736434108527146 
622   0.6230000000000004   0.45736434108527146 
623   0.6240000000000004   0.45736434108527146 
624   0.6250000000000004   0.45736434108527146 
625   0.6260000000000004   0.45736434108527146 
626   0.6270000000000004   0.45736434108527146 
627   0.6280000000000004   0.45736434108527146 
628   0.6290000000000004   0.45736434108527146 
629   0.6300000000000004   0.45736434108527146 
630   0.6310000000000004   0.45736434108527146 
631   0.6320000000000005   0.45736434108527146 
632   0.6330000000000005   0.45736434108527146 
633   0.6340000000000005   0.45736434108527146 
634   0.6350000000000005   0.45736434108527146 
635   0.6360000000000005   0.45736434108527146 
636   0.6370000000000005   0.45736434108527146 
637   0.6380000000000005   0.45736434108527146 
638   0.6390000000000005   0.45736434108527146 
639   0.6400000000000005   0.45736434108527146 
640   0.6410000000000005   0.45736434108527146 
641   0.6420000000000005   0.45736434108527146 
642   0.6430000000000005   0.45736434108527146 
643   0.6440000000000005   0.45736434108527146 
644   0.6450000000000005   0.45736434108527146 
645   0.6460000000000005   0.45736434108527146 
646   0.6470000000000005   0.45736434108527146 
647   0.6480000000000005   0.45736434108527146 
648   0.6490000000000005   0.45736434108527146 
649   0.6500000000000005   0.45736434108527146 
650   0.6510000000000005   0.45736434108527146 
651   0.6520000000000005   0.45736434108527146 
652   0.6530000000000005   0.45736434108527146 
653   0.6540000000000005   0.45736434108527146 
654   0.6550000000000005   0.45736434108527146 
655   0.6560000000000005   0.45736434108527146 
656   0.6570000000000005   0.45736434108527146 
657   0.6580000000000005   0.45736434108527146 
658   0.6590000000000005   0.45736434108527146 
659   0.6600000000000005   0.45736434108527146 
660   0.6610000000000005   0.45736434108527146 
661   0.6620000000000005   0.45736434108527146 
662   0.6630000000000005   0.45736434108527146 
663   0.6640000000000005   0.45736434108527146 
664   0.6650000000000005   0.45736434108527146 
665   0.6660000000000005   0.45736434108527146 
666   0.6670000000000005   0.45736434108527146 
667   0.6680000000000005   0.45736434108527146 
668   0.6690000000000005   0.45736434108527146 
669   0.6700000000000005   0.45736434108527146 
670   0.6710000000000005   0.45736434108527146 
671   0.6720000000000005   0.45736434108527146 
672   0.6730000000000005   0.45736434108527146 
673   0.6740000000000005   0.45736434108527146 
674   0.6750000000000005   0.45736434108527146 
675   0.6760000000000005   0.45736434108527146 
676   0.6770000000000005   0.45736434108527146 
677   0.6780000000000005   0.45736434108527146 
678   0.6790000000000005   0.45736434108527146 
679   0.6800000000000005   0.45736434108527146 
680   0.6810000000000005   0.45736434108527146 
681   0.6820000000000005   0.45736434108527146 
682   0.6830000000000005   0.45736434108527146 
683   0.6840000000000005   0.45736434108527146 
684   0.6850000000000005   0.45736434108527146 
685   0.6860000000000005   0.45736434108527146 
686   0.6870000000000005   0.45736434108527146 
687   0.6880000000000005   0.45736434108527146 
688   0.6890000000000005   0.45736434108527146 
689   0.6900000000000005   0.45736434108527146 
690   0.6910000000000005   0.45736434108527146 
691   0.6920000000000005   0.45736434108527146 
692   0.6930000000000005   0.45736434108527146 
693   0.6940000000000005   0.45736434108527146 
694   0.6950000000000005   0.45736434108527146 
695   0.6960000000000005   0.45736434108527146 
696   0.6970000000000005   0.45736434108527146 
697   0.6980000000000005   0.45736434108527146 
698   0.6990000000000005   0.45736434108527146 
699   0.7000000000000005   0.45736434108527146 
700   0.7010000000000005   0.45736434108527146 
701   0.7020000000000005   0.45736434108527146 
702   0.7030000000000005   0.45736434108527146 
703   0.7040000000000005   0.45736434108527146 
704   0.7050000000000005   0.45736434108527146 
705   0.7060000000000005   0.45736434108527146 
706   0.7070000000000005   0.45736434108527146 
707   0.7080000000000005   0.45736434108527146 
708   0.7090000000000005   0.45736434108527146 
709   0.7100000000000005   0.45736434108527146 
710   0.7110000000000005   0.45736434108527146 
711   0.7120000000000005   0.45736434108527146 
712   0.7130000000000005   0.45736434108527146 
713   0.7140000000000005   0.45736434108527146 
714   0.7150000000000005   0.45736434108527146 
715   0.7160000000000005   0.45736434108527146 
716   0.7170000000000005   0.45736434108527146 
717   0.7180000000000005   0.45736434108527146 
718   0.7190000000000005   0.45736434108527146 
719   0.7200000000000005   0.45736434108527146 
720   0.7210000000000005   0.45736434108527146 
721   0.7220000000000005   0.45736434108527146 
722   0.7230000000000005   0.45736434108527146 
723   0.7240000000000005   0.45736434108527146 
724   0.7240000000000005   0.4651162790697676 
725   0.7250000000000005   0.48837209302325596 
726   0.7270000000000005   0.48837209302325596 
727   0.7270000000000005   0.4961240310077521 
728   0.7290000000000005   0.4961240310077521 
729   0.7300000000000005   0.4961240310077521 
730   0.7310000000000005   0.4961240310077521 
731   0.7310000000000005   0.5038759689922482 
732   0.7330000000000005   0.5038759689922482 
733   0.7340000000000005   0.5038759689922482 
734   0.7340000000000005   0.5116279069767443 
735   0.7350000000000005   0.5426356589147288 
736   0.7370000000000005   0.5426356589147288 
737   0.7380000000000005   0.5426356589147288 
738   0.7390000000000005   0.5426356589147288 
739   0.7400000000000005   0.5426356589147288 
740   0.7410000000000005   0.5426356589147288 
741   0.7420000000000005   0.5426356589147288 
742   0.7430000000000005   0.5426356589147288 
743   0.7440000000000005   0.5426356589147288 
744   0.7440000000000005   0.5658914728682172 
745   0.7460000000000006   0.5658914728682172 
746   0.7470000000000006   0.5658914728682172 
747   0.7470000000000006   0.5891472868217056 
748   0.7490000000000006   0.5891472868217056 
749   0.7500000000000006   0.5891472868217056 
750   0.7510000000000006   0.5891472868217056 
751   0.7520000000000006   0.5891472868217056 
752   0.7530000000000006   0.5891472868217056 
753   0.7540000000000006   0.5891472868217056 
754   0.7550000000000006   0.5891472868217056 
755   0.7560000000000006   0.5891472868217056 
756   0.7570000000000006   0.5891472868217056 
757   0.7580000000000006   0.5891472868217056 
758   0.7590000000000006   0.5891472868217056 
759   0.7600000000000006   0.5891472868217056 
760   0.7610000000000006   0.5891472868217056 
761   0.7620000000000006   0.5891472868217056 
762   0.7630000000000006   0.5891472868217056 
763   0.7640000000000006   0.5891472868217056 
764   0.7650000000000006   0.5891472868217056 
765   0.7660000000000006   0.5891472868217056 
766   0.7670000000000006   0.5891472868217056 
767   0.7680000000000006   0.5891472868217056 
768   0.7690000000000006   0.5891472868217056 
769   0.7700000000000006   0.5891472868217056 
770   0.7710000000000006   0.5891472868217056 
771   0.7720000000000006   0.5891472868217056 
772   0.7730000000000006   0.5891472868217056 
773   0.7740000000000006   0.5891472868217056 
774   0.7750000000000006   0.5891472868217056 
775   0.7750000000000006   0.5968992248062017 
776   0.7770000000000006   0.5968992248062017 
777   0.7780000000000006   0.5968992248062017 
778   0.7790000000000006   0.5968992248062017 
779   0.7800000000000006   0.5968992248062017 
780   0.7810000000000006   0.5968992248062017 
781   0.7820000000000006   0.5968992248062017 
782   0.7830000000000006   0.5968992248062017 
783   0.7840000000000006   0.5968992248062017 
784   0.7850000000000006   0.5968992248062017 
785   0.7860000000000006   0.5968992248062017 
786   0.7870000000000006   0.5968992248062017 
787   0.7870000000000006   0.612403100775194 
788   0.7890000000000006   0.612403100775194 
789   0.7900000000000006   0.612403100775194 
790   0.7910000000000006   0.612403100775194 
791   0.7920000000000006   0.612403100775194 
792   0.7920000000000006   0.6279069767441863 
793   0.7940000000000006   0.6279069767441863 
794   0.7950000000000006   0.6279069767441863 
795   0.7960000000000006   0.6279069767441863 
796   0.7970000000000006   0.6279069767441863 
797   0.7980000000000006   0.6279069767441863 
798   0.7990000000000006   0.6279069767441863 
799   0.8000000000000006   0.6279069767441863 
800   0.8010000000000006   0.6279069767441863 
801   0.8010000000000006   0.6356589147286824 
802   0.8020000000000006   0.6434108527131785 
803   0.8030000000000006   0.6511627906976747 
804   0.8040000000000006   0.6589147286821708 
805   0.8050000000000006   0.666666666666667 
806   0.8060000000000006   0.6976744186046515 
807   0.8080000000000006   0.6976744186046515 
808   0.8080000000000006   0.7054263565891477 
809   0.8100000000000006   0.7054263565891477 
810   0.8100000000000006   0.7209302325581399 
811   0.8120000000000006   0.7209302325581399 
812   0.8130000000000006   0.7209302325581399 
813   0.8140000000000006   0.7209302325581399 
814   0.8150000000000006   0.7209302325581399 
815   0.8160000000000006   0.7209302325581399 
816   0.8170000000000006   0.7209302325581399 
817   0.8180000000000006   0.7209302325581399 
818   0.8190000000000006   0.7209302325581399 
819   0.8200000000000006   0.7209302325581399 
820   0.8210000000000006   0.7209302325581399 
821   0.8210000000000006   0.7286821705426361 
822   0.8220000000000006   0.7364341085271322 
823   0.8240000000000006   0.7364341085271322 
824   0.8250000000000006   0.7364341085271322 
825   0.8260000000000006   0.7364341085271322 
826   0.8260000000000006   0.7441860465116283 
827   0.8280000000000006   0.7441860465116283 
828   0.8280000000000006   0.7596899224806206 
829   0.8290000000000006   0.7674418604651168 
830   0.8310000000000006   0.7674418604651168 
831   0.8310000000000006   0.7751937984496129 
832   0.8320000000000006   0.782945736434109 
833   0.8340000000000006   0.782945736434109 
834   0.8350000000000006   0.782945736434109 
835   0.8360000000000006   0.782945736434109 
836   0.8370000000000006   0.782945736434109 
837   0.8380000000000006   0.782945736434109 
838   0.8390000000000006   0.782945736434109 
839   0.8400000000000006   0.782945736434109 
840   0.8410000000000006   0.782945736434109 
841   0.8410000000000006   0.8062015503875974 
842   0.8420000000000006   0.8217054263565897 
843   0.8440000000000006   0.8217054263565897 
844   0.8450000000000006   0.8217054263565897 
845   0.8460000000000006   0.8217054263565897 
846   0.8470000000000006   0.8217054263565897 
847   0.8480000000000006   0.8217054263565897 
848   0.8490000000000006   0.8217054263565897 
849   0.8500000000000006   0.8217054263565897 
850   0.8510000000000006   0.8217054263565897 
851   0.8520000000000006   0.8217054263565897 
852   0.8520000000000006   0.8294573643410859 
853   0.8530000000000006   0.837209302325582 
854   0.8550000000000006   0.837209302325582 
855   0.8560000000000006   0.837209302325582 
856   0.8560000000000006   0.8449612403100781 
857   0.8580000000000007   0.8449612403100781 
858   0.8580000000000007   0.8527131782945743 
859   0.8600000000000007   0.8527131782945743 
860   0.8610000000000007   0.8527131782945743 
861   0.8620000000000007   0.8527131782945743 
862   0.8630000000000007   0.8527131782945743 
863   0.8640000000000007   0.8527131782945743 
864   0.8650000000000007   0.8527131782945743 
865   0.8660000000000007   0.8527131782945743 
866   0.8670000000000007   0.8527131782945743 
867   0.8680000000000007   0.8527131782945743 
868   0.8690000000000007   0.8527131782945743 
869   0.8700000000000007   0.8527131782945743 
870   0.8700000000000007   0.8837209302325588 
871   0.8710000000000007   0.9224806201550394 
872   0.8730000000000007   0.9224806201550394 
873   0.8740000000000007   0.9224806201550394 
874   0.8750000000000007   0.9224806201550394 
875   0.8760000000000007   0.9224806201550394 
876   0.8760000000000007   0.9302325581395355 
877   0.8780000000000007   0.9302325581395355 
878   0.8790000000000007   0.9302325581395355 
879   0.8800000000000007   0.9302325581395355 
880   0.8810000000000007   0.9302325581395355 
881   0.8810000000000007   0.9379844961240317 
882   0.8830000000000007   0.9379844961240317 
883   0.8840000000000007   0.9379844961240317 
884   0.8840000000000007   0.953488372093024 
885   0.8860000000000007   0.953488372093024 
886   0.8870000000000007   0.953488372093024 
887   0.8880000000000007   0.953488372093024 
888   0.8890000000000007   0.953488372093024 
889   0.8900000000000007   0.953488372093024 
890   0.8910000000000007   0.953488372093024 
891   0.8920000000000007   0.953488372093024 
892   0.8930000000000007   0.953488372093024 
893   0.8940000000000007   0.953488372093024 
894   0.8950000000000007   0.953488372093024 
895   0.8960000000000007   0.953488372093024 
896   0.8960000000000007   0.9612403100775201 
897   0.8980000000000007   0.9612403100775201 
898   0.8990000000000007   0.9612403100775201 
899   0.8990000000000007   0.9689922480620162 
900   0.9000000000000007   1.0000000000000007 
901   0.9020000000000007   1.0000000000000007 
902   0.9030000000000007   1.0000000000000007 
903   0.9040000000000007   1.0000000000000007 
904   0.9050000000000007   1.0000000000000007 
905   0.9060000000000007   1.0000000000000007 
906   0.9070000000000007   1.0000000000000007 
907   0.9080000000000007   1.0000000000000007 
908   0.9090000000000007   1.0000000000000007 
909   0.9100000000000007   1.0000000000000007 
910   0.9110000000000007   1.0000000000000007 
911   0.9120000000000007   1.0000000000000007 
912   0.9130000000000007   1.0000000000000007 
913   0.9140000000000007   1.0000000000000007 
914   0.9150000000000007   1.0000000000000007 
915   0.9160000000000007   1.0000000000000007 
916   0.9170000000000007   1.0000000000000007 
917   0.9180000000000007   1.0000000000000007 
918   0.9190000000000007   1.0000000000000007 
919   0.9200000000000007   1.0000000000000007 
920   0.9210000000000007   1.0000000000000007 
921   0.9220000000000007   1.0000000000000007 
922   0.9230000000000007   1.0000000000000007 
923   0.9240000000000007   1.0000000000000007 
924   0.9250000000000007   1.0000000000000007 
925   0.9260000000000007   1.0000000000000007 
926   0.9270000000000007   1.0000000000000007 
927   0.9280000000000007   1.0000000000000007 
928   0.9290000000000007   1.0000000000000007 
929   0.9300000000000007   1.0000000000000007 
930   0.9310000000000007   1.0000000000000007 
931   0.9320000000000007   1.0000000000000007 
932   0.9330000000000007   1.0000000000000007 
933   0.9340000000000007   1.0000000000000007 
934   0.9350000000000007   1.0000000000000007 
935   0.9360000000000007   1.0000000000000007 
936   0.9370000000000007   1.0000000000000007 
937   0.9380000000000007   1.0000000000000007 
938   0.9390000000000007   1.0000000000000007 
939   0.9400000000000007   1.0000000000000007 
940   0.9410000000000007   1.0000000000000007 
941   0.9420000000000007   1.0000000000000007 
942   0.9430000000000007   1.0000000000000007 
943   0.9440000000000007   1.0000000000000007 
944   0.9450000000000007   1.0000000000000007 
945   0.9460000000000007   1.0000000000000007 
946   0.9470000000000007   1.0000000000000007 
947   0.9480000000000007   1.0000000000000007 
948   0.9490000000000007   1.0000000000000007 
949   0.9500000000000007   1.0000000000000007 
950   0.9510000000000007   1.0000000000000007 
951   0.9520000000000007   1.0000000000000007 
952   0.9530000000000007   1.0000000000000007 
953   0.9540000000000007   1.0000000000000007 
954   0.9550000000000007   1.0000000000000007 
955   0.9560000000000007   1.0000000000000007 
956   0.9570000000000007   1.0000000000000007 
957   0.9580000000000007   1.0000000000000007 
958   0.9590000000000007   1.0000000000000007 
959   0.9600000000000007   1.0000000000000007 
960   0.9610000000000007   1.0000000000000007 
961   0.9620000000000007   1.0000000000000007 
962   0.9630000000000007   1.0000000000000007 
963   0.9640000000000007   1.0000000000000007 
964   0.9650000000000007   1.0000000000000007 
965   0.9660000000000007   1.0000000000000007 
966   0.9670000000000007   1.0000000000000007 
967   0.9680000000000007   1.0000000000000007 
968   0.9690000000000007   1.0000000000000007 
969   0.9700000000000008   1.0000000000000007 
970   0.9710000000000008   1.0000000000000007 
971   0.9720000000000008   1.0000000000000007 
972   0.9730000000000008   1.0000000000000007 
973   0.9740000000000008   1.0000000000000007 
974   0.9750000000000008   1.0000000000000007 
975   0.9760000000000008   1.0000000000000007 
976   0.9770000000000008   1.0000000000000007 
977   0.9780000000000008   1.0000000000000007 
978   0.9790000000000008   1.0000000000000007 
979   0.9800000000000008   1.0000000000000007 
980   0.9810000000000008   1.0000000000000007 
981   0.9820000000000008   1.0000000000000007 
982   0.9830000000000008   1.0000000000000007 
983   0.9840000000000008   1.0000000000000007 
984   0.9850000000000008   1.0000000000000007 
985   0.9860000000000008   1.0000000000000007 
986   0.9870000000000008   1.0000000000000007 
987   0.9880000000000008   1.0000000000000007 
988   0.9890000000000008   1.0000000000000007 
989   0.9900000000000008   1.0000000000000007 
990   0.9910000000000008   1.0000000000000007 
991   0.9920000000000008   1.0000000000000007 
992   0.9930000000000008   1.0000000000000007 
993   0.9940000000000008   1.0000000000000007 
994   0.9950000000000008   1.0000000000000007 
995   0.9960000000000008   1.0000000000000007 
996   0.9970000000000008   1.0000000000000007 
997   0.9980000000000008   1.0000000000000007 
998   0.9990000000000008   1.0000000000000007 
999   1.0000000000000007   1.0000000000000007 
