0   0.001   0 
1   0.002   0 
2   0.003   0 
3   0.004   0 
4   0.005   0 
5   0.006   0 
6   0.007   0 
7   0.008   0 
8   0.009000000000000001   0 
9   0.010000000000000002   0 
10   0.011000000000000003   0 
11   0.012000000000000004   0 
12   0.013000000000000005   0 
13   0.014000000000000005   0 
14   0.015000000000000006   0 
15   0.016000000000000007   0 
16   0.017000000000000008   0 
17   0.01800000000000001   0 
18   0.01900000000000001   0 
19   0.02000000000000001   0 
20   0.02100000000000001   0 
21   0.022000000000000013   0 
22   0.023000000000000013   0 
23   0.024000000000000014   0 
24   0.025000000000000015   0 
25   0.026000000000000016   0 
26   0.027000000000000017   0 
27   0.028000000000000018   0 
28   0.02900000000000002   0 
29   0.03000000000000002   0 
30   0.03100000000000002   0 
31   0.03200000000000002   0 
32   0.03300000000000002   0 
33   0.03400000000000002   0 
34   0.035000000000000024   0 
35   0.036000000000000025   0 
36   0.037000000000000026   0 
37   0.03800000000000003   0 
38   0.03900000000000003   0 
39   0.04000000000000003   0 
40   0.04100000000000003   0 
41   0.04200000000000003   0 
42   0.04300000000000003   0 
43   0.04400000000000003   0 
44   0.04500000000000003   0 
45   0.046000000000000034   0 
46   0.047000000000000035   0 
47   0.047000000000000035   0.16666666666666666 
48   0.04900000000000004   0.16666666666666666 
49   0.05000000000000004   0.16666666666666666 
50   0.05100000000000004   0.16666666666666666 
51   0.05200000000000004   0.16666666666666666 
52   0.05300000000000004   0.16666666666666666 
53   0.05400000000000004   0.16666666666666666 
54   0.05500000000000004   0.16666666666666666 
55   0.05600000000000004   0.16666666666666666 
56   0.057000000000000044   0.16666666666666666 
57   0.058000000000000045   0.16666666666666666 
58   0.059000000000000045   0.16666666666666666 
59   0.060000000000000046   0.16666666666666666 
60   0.06100000000000005   0.16666666666666666 
61   0.06200000000000005   0.16666666666666666 
62   0.06300000000000004   0.16666666666666666 
63   0.06400000000000004   0.16666666666666666 
64   0.06500000000000004   0.16666666666666666 
65   0.06600000000000004   0.16666666666666666 
66   0.06700000000000005   0.16666666666666666 
67   0.06800000000000005   0.16666666666666666 
68   0.06900000000000005   0.16666666666666666 
69   0.07000000000000005   0.16666666666666666 
70   0.07100000000000005   0.16666666666666666 
71   0.07200000000000005   0.16666666666666666 
72   0.07300000000000005   0.16666666666666666 
73   0.07400000000000005   0.16666666666666666 
74   0.07500000000000005   0.16666666666666666 
75   0.07600000000000005   0.16666666666666666 
76   0.07700000000000005   0.16666666666666666 
77   0.07800000000000006   0.16666666666666666 
78   0.07900000000000006   0.16666666666666666 
79   0.08000000000000006   0.16666666666666666 
80   0.08100000000000006   0.16666666666666666 
81   0.08200000000000006   0.16666666666666666 
82   0.08300000000000006   0.16666666666666666 
83   0.08400000000000006   0.16666666666666666 
84   0.08500000000000006   0.16666666666666666 
85   0.08600000000000006   0.16666666666666666 
86   0.08700000000000006   0.16666666666666666 
87   0.08800000000000006   0.16666666666666666 
88   0.08900000000000007   0.16666666666666666 
89   0.09000000000000007   0.16666666666666666 
90   0.09100000000000007   0.16666666666666666 
91   0.09200000000000007   0.16666666666666666 
92   0.09300000000000007   0.16666666666666666 
93   0.09400000000000007   0.16666666666666666 
94   0.09500000000000007   0.16666666666666666 
95   0.09600000000000007   0.16666666666666666 
96   0.09700000000000007   0.16666666666666666 
97   0.09800000000000007   0.16666666666666666 
98   0.09900000000000007   0.16666666666666666 
99   0.10000000000000007   0.16666666666666666 
100   0.10100000000000008   0.16666666666666666 
101   0.10200000000000008   0.16666666666666666 
102   0.10300000000000008   0.16666666666666666 
103   0.10400000000000008   0.16666666666666666 
104   0.10500000000000008   0.16666666666666666 
105   0.10600000000000008   0.16666666666666666 
106   0.10700000000000008   0.16666666666666666 
107   0.10800000000000008   0.16666666666666666 
108   0.10900000000000008   0.16666666666666666 
109   0.11000000000000008   0.16666666666666666 
110   0.11100000000000008   0.16666666666666666 
111   0.11200000000000009   0.16666666666666666 
112   0.11300000000000009   0.16666666666666666 
113   0.11400000000000009   0.16666666666666666 
114   0.11500000000000009   0.16666666666666666 
115   0.11600000000000009   0.16666666666666666 
116   0.11700000000000009   0.16666666666666666 
117   0.11800000000000009   0.16666666666666666 
118   0.11900000000000009   0.16666666666666666 
119   0.12000000000000009   0.16666666666666666 
120   0.1210000000000001   0.16666666666666666 
121   0.1220000000000001   0.16666666666666666 
122   0.1230000000000001   0.16666666666666666 
123   0.1240000000000001   0.16666666666666666 
124   0.12500000000000008   0.16666666666666666 
125   0.12600000000000008   0.16666666666666666 
126   0.12700000000000009   0.16666666666666666 
127   0.12800000000000009   0.16666666666666666 
128   0.1290000000000001   0.16666666666666666 
129   0.1300000000000001   0.16666666666666666 
130   0.1310000000000001   0.16666666666666666 
131   0.1320000000000001   0.16666666666666666 
132   0.1330000000000001   0.16666666666666666 
133   0.1340000000000001   0.16666666666666666 
134   0.1350000000000001   0.16666666666666666 
135   0.1360000000000001   0.16666666666666666 
136   0.1370000000000001   0.16666666666666666 
137   0.1380000000000001   0.16666666666666666 
138   0.1390000000000001   0.16666666666666666 
139   0.1400000000000001   0.16666666666666666 
140   0.1410000000000001   0.16666666666666666 
141   0.1420000000000001   0.16666666666666666 
142   0.1430000000000001   0.16666666666666666 
143   0.1440000000000001   0.16666666666666666 
144   0.1450000000000001   0.16666666666666666 
145   0.1460000000000001   0.16666666666666666 
146   0.1470000000000001   0.16666666666666666 
147   0.1480000000000001   0.16666666666666666 
148   0.1490000000000001   0.16666666666666666 
149   0.1500000000000001   0.16666666666666666 
150   0.1510000000000001   0.16666666666666666 
151   0.1520000000000001   0.16666666666666666 
152   0.1530000000000001   0.16666666666666666 
153   0.1540000000000001   0.16666666666666666 
154   0.1550000000000001   0.16666666666666666 
155   0.1560000000000001   0.16666666666666666 
156   0.1570000000000001   0.16666666666666666 
157   0.1580000000000001   0.16666666666666666 
158   0.1590000000000001   0.16666666666666666 
159   0.16000000000000011   0.16666666666666666 
160   0.16100000000000012   0.16666666666666666 
161   0.16200000000000012   0.16666666666666666 
162   0.16300000000000012   0.16666666666666666 
163   0.16400000000000012   0.16666666666666666 
164   0.16500000000000012   0.16666666666666666 
165   0.16600000000000012   0.16666666666666666 
166   0.16700000000000012   0.16666666666666666 
167   0.16800000000000012   0.16666666666666666 
168   0.16900000000000012   0.16666666666666666 
169   0.17000000000000012   0.16666666666666666 
170   0.17100000000000012   0.16666666666666666 
171   0.17200000000000013   0.16666666666666666 
172   0.17300000000000013   0.16666666666666666 
173   0.17400000000000013   0.16666666666666666 
174   0.17500000000000013   0.16666666666666666 
175   0.17600000000000013   0.16666666666666666 
176   0.17700000000000013   0.16666666666666666 
177   0.17800000000000013   0.16666666666666666 
178   0.17900000000000013   0.16666666666666666 
179   0.18000000000000013   0.16666666666666666 
180   0.18100000000000013   0.16666666666666666 
181   0.18200000000000013   0.16666666666666666 
182   0.18300000000000013   0.16666666666666666 
183   0.18400000000000014   0.16666666666666666 
184   0.18500000000000014   0.16666666666666666 
185   0.18600000000000014   0.16666666666666666 
186   0.18700000000000014   0.16666666666666666 
187   0.18800000000000014   0.16666666666666666 
188   0.18900000000000014   0.16666666666666666 
189   0.19000000000000014   0.16666666666666666 
190   0.19100000000000014   0.16666666666666666 
191   0.19200000000000014   0.16666666666666666 
192   0.19300000000000014   0.16666666666666666 
193   0.19400000000000014   0.16666666666666666 
194   0.19500000000000015   0.16666666666666666 
195   0.19600000000000015   0.16666666666666666 
196   0.19700000000000015   0.16666666666666666 
197   0.19800000000000015   0.16666666666666666 
198   0.19900000000000015   0.16666666666666666 
199   0.20000000000000015   0.16666666666666666 
200   0.20100000000000015   0.16666666666666666 
201   0.20200000000000015   0.16666666666666666 
202   0.20300000000000015   0.16666666666666666 
203   0.20400000000000015   0.16666666666666666 
204   0.20500000000000015   0.16666666666666666 
205   0.20600000000000016   0.16666666666666666 
206   0.20700000000000016   0.16666666666666666 
207   0.20800000000000016   0.16666666666666666 
208   0.20900000000000016   0.16666666666666666 
209   0.21000000000000016   0.16666666666666666 
210   0.21100000000000016   0.16666666666666666 
211   0.21200000000000016   0.16666666666666666 
212   0.21300000000000016   0.16666666666666666 
213   0.21400000000000016   0.16666666666666666 
214   0.21500000000000016   0.16666666666666666 
215   0.21600000000000016   0.16666666666666666 
216   0.21700000000000016   0.16666666666666666 
217   0.21800000000000017   0.16666666666666666 
218   0.21900000000000017   0.16666666666666666 
219   0.22000000000000017   0.16666666666666666 
220   0.22100000000000017   0.16666666666666666 
221   0.22200000000000017   0.16666666666666666 
222   0.22300000000000017   0.16666666666666666 
223   0.22400000000000017   0.16666666666666666 
224   0.22500000000000017   0.16666666666666666 
225   0.22600000000000017   0.16666666666666666 
226   0.22700000000000017   0.16666666666666666 
227   0.22800000000000017   0.16666666666666666 
228   0.22900000000000018   0.16666666666666666 
229   0.23000000000000018   0.16666666666666666 
230   0.23100000000000018   0.16666666666666666 
231   0.23200000000000018   0.16666666666666666 
232   0.23300000000000018   0.16666666666666666 
233   0.23400000000000018   0.16666666666666666 
234   0.23500000000000018   0.16666666666666666 
235   0.23600000000000018   0.16666666666666666 
236   0.23700000000000018   0.16666666666666666 
237   0.23800000000000018   0.16666666666666666 
238   0.23900000000000018   0.16666666666666666 
239   0.24000000000000019   0.16666666666666666 
240   0.2410000000000002   0.16666666666666666 
241   0.2420000000000002   0.16666666666666666 
242   0.2430000000000002   0.16666666666666666 
243   0.2440000000000002   0.16666666666666666 
244   0.2450000000000002   0.16666666666666666 
245   0.2460000000000002   0.16666666666666666 
246   0.2470000000000002   0.16666666666666666 
247   0.2480000000000002   0.16666666666666666 
248   0.2490000000000002   0.16666666666666666 
249   0.25000000000000017   0.16666666666666666 
250   0.25100000000000017   0.16666666666666666 
251   0.25200000000000017   0.16666666666666666 
252   0.25300000000000017   0.16666666666666666 
253   0.25400000000000017   0.16666666666666666 
254   0.25500000000000017   0.16666666666666666 
255   0.25600000000000017   0.16666666666666666 
256   0.2570000000000002   0.16666666666666666 
257   0.2580000000000002   0.16666666666666666 
258   0.2590000000000002   0.16666666666666666 
259   0.2600000000000002   0.16666666666666666 
260   0.2610000000000002   0.16666666666666666 
261   0.2620000000000002   0.16666666666666666 
262   0.2630000000000002   0.16666666666666666 
263   0.2640000000000002   0.16666666666666666 
264   0.2650000000000002   0.16666666666666666 
265   0.2660000000000002   0.16666666666666666 
266   0.2670000000000002   0.16666666666666666 
267   0.2680000000000002   0.16666666666666666 
268   0.2690000000000002   0.16666666666666666 
269   0.2700000000000002   0.16666666666666666 
270   0.2710000000000002   0.16666666666666666 
271   0.2720000000000002   0.16666666666666666 
272   0.2730000000000002   0.16666666666666666 
273   0.2740000000000002   0.16666666666666666 
274   0.2750000000000002   0.16666666666666666 
275   0.2760000000000002   0.16666666666666666 
276   0.2770000000000002   0.16666666666666666 
277   0.2780000000000002   0.16666666666666666 
278   0.2790000000000002   0.16666666666666666 
279   0.2800000000000002   0.16666666666666666 
280   0.2810000000000002   0.16666666666666666 
281   0.2820000000000002   0.16666666666666666 
282   0.2830000000000002   0.16666666666666666 
283   0.2840000000000002   0.16666666666666666 
284   0.2850000000000002   0.16666666666666666 
285   0.2860000000000002   0.16666666666666666 
286   0.2870000000000002   0.16666666666666666 
287   0.2880000000000002   0.16666666666666666 
288   0.2890000000000002   0.16666666666666666 
289   0.2900000000000002   0.16666666666666666 
290   0.2910000000000002   0.16666666666666666 
291   0.2920000000000002   0.16666666666666666 
292   0.2930000000000002   0.16666666666666666 
293   0.2940000000000002   0.16666666666666666 
294   0.2950000000000002   0.16666666666666666 
295   0.2960000000000002   0.16666666666666666 
296   0.2970000000000002   0.16666666666666666 
297   0.2980000000000002   0.16666666666666666 
298   0.2990000000000002   0.16666666666666666 
299   0.3000000000000002   0.16666666666666666 
300   0.3010000000000002   0.16666666666666666 
301   0.3020000000000002   0.16666666666666666 
302   0.3030000000000002   0.16666666666666666 
303   0.3040000000000002   0.16666666666666666 
304   0.3050000000000002   0.16666666666666666 
305   0.3060000000000002   0.16666666666666666 
306   0.3070000000000002   0.16666666666666666 
307   0.3080000000000002   0.16666666666666666 
308   0.3090000000000002   0.16666666666666666 
309   0.3100000000000002   0.16666666666666666 
310   0.3110000000000002   0.16666666666666666 
311   0.3120000000000002   0.16666666666666666 
312   0.3130000000000002   0.16666666666666666 
313   0.3140000000000002   0.16666666666666666 
314   0.3150000000000002   0.16666666666666666 
315   0.3160000000000002   0.16666666666666666 
316   0.3170000000000002   0.16666666666666666 
317   0.3180000000000002   0.16666666666666666 
318   0.31900000000000023   0.16666666666666666 
319   0.32000000000000023   0.16666666666666666 
320   0.32100000000000023   0.16666666666666666 
321   0.32200000000000023   0.16666666666666666 
322   0.32300000000000023   0.16666666666666666 
323   0.32400000000000023   0.16666666666666666 
324   0.32500000000000023   0.16666666666666666 
325   0.32600000000000023   0.16666666666666666 
326   0.32700000000000023   0.16666666666666666 
327   0.32800000000000024   0.16666666666666666 
328   0.32900000000000024   0.16666666666666666 
329   0.33000000000000024   0.16666666666666666 
330   0.33100000000000024   0.16666666666666666 
331   0.33200000000000024   0.16666666666666666 
332   0.33300000000000024   0.16666666666666666 
333   0.33400000000000024   0.16666666666666666 
334   0.33500000000000024   0.16666666666666666 
335   0.33600000000000024   0.16666666666666666 
336   0.33700000000000024   0.16666666666666666 
337   0.33800000000000024   0.16666666666666666 
338   0.33900000000000025   0.16666666666666666 
339   0.34000000000000025   0.16666666666666666 
340   0.34100000000000025   0.16666666666666666 
341   0.34200000000000025   0.16666666666666666 
342   0.34300000000000025   0.16666666666666666 
343   0.34400000000000025   0.16666666666666666 
344   0.34500000000000025   0.16666666666666666 
345   0.34600000000000025   0.16666666666666666 
346   0.34700000000000025   0.16666666666666666 
347   0.34800000000000025   0.16666666666666666 
348   0.34900000000000025   0.16666666666666666 
349   0.35000000000000026   0.16666666666666666 
350   0.35100000000000026   0.16666666666666666 
351   0.35200000000000026   0.16666666666666666 
352   0.35300000000000026   0.16666666666666666 
353   0.35400000000000026   0.16666666666666666 
354   0.35500000000000026   0.16666666666666666 
355   0.35600000000000026   0.16666666666666666 
356   0.35700000000000026   0.16666666666666666 
357   0.35800000000000026   0.16666666666666666 
358   0.35900000000000026   0.16666666666666666 
359   0.36000000000000026   0.16666666666666666 
360   0.36100000000000027   0.16666666666666666 
361   0.36200000000000027   0.16666666666666666 
362   0.36300000000000027   0.16666666666666666 
363   0.36400000000000027   0.16666666666666666 
364   0.36500000000000027   0.16666666666666666 
365   0.36600000000000027   0.16666666666666666 
366   0.36700000000000027   0.16666666666666666 
367   0.36800000000000027   0.16666666666666666 
368   0.36900000000000027   0.16666666666666666 
369   0.3700000000000003   0.16666666666666666 
370   0.3710000000000003   0.16666666666666666 
371   0.3720000000000003   0.16666666666666666 
372   0.3730000000000003   0.16666666666666666 
373   0.3740000000000003   0.16666666666666666 
374   0.3750000000000003   0.16666666666666666 
375   0.3760000000000003   0.16666666666666666 
376   0.3770000000000003   0.16666666666666666 
377   0.3780000000000003   0.16666666666666666 
378   0.3790000000000003   0.16666666666666666 
379   0.3800000000000003   0.16666666666666666 
380   0.3810000000000003   0.16666666666666666 
381   0.3820000000000003   0.16666666666666666 
382   0.3830000000000003   0.16666666666666666 
383   0.3840000000000003   0.16666666666666666 
384   0.3850000000000003   0.16666666666666666 
385   0.3860000000000003   0.16666666666666666 
386   0.3870000000000003   0.16666666666666666 
387   0.3880000000000003   0.16666666666666666 
388   0.3890000000000003   0.16666666666666666 
389   0.3900000000000003   0.16666666666666666 
390   0.3910000000000003   0.16666666666666666 
391   0.3920000000000003   0.16666666666666666 
392   0.3930000000000003   0.16666666666666666 
393   0.3940000000000003   0.16666666666666666 
394   0.3950000000000003   0.16666666666666666 
395   0.3960000000000003   0.16666666666666666 
396   0.3970000000000003   0.16666666666666666 
397   0.3980000000000003   0.16666666666666666 
398   0.3990000000000003   0.16666666666666666 
399   0.4000000000000003   0.16666666666666666 
400   0.4010000000000003   0.16666666666666666 
401   0.4020000000000003   0.16666666666666666 
402   0.4030000000000003   0.16666666666666666 
403   0.4040000000000003   0.16666666666666666 
404   0.4050000000000003   0.16666666666666666 
405   0.4060000000000003   0.16666666666666666 
406   0.4070000000000003   0.16666666666666666 
407   0.4080000000000003   0.16666666666666666 
408   0.4090000000000003   0.16666666666666666 
409   0.4100000000000003   0.16666666666666666 
410   0.4110000000000003   0.16666666666666666 
411   0.4120000000000003   0.16666666666666666 
412   0.4130000000000003   0.16666666666666666 
413   0.4140000000000003   0.16666666666666666 
414   0.4150000000000003   0.16666666666666666 
415   0.4160000000000003   0.16666666666666666 
416   0.4170000000000003   0.16666666666666666 
417   0.4180000000000003   0.16666666666666666 
418   0.4190000000000003   0.16666666666666666 
419   0.4200000000000003   0.16666666666666666 
420   0.4210000000000003   0.16666666666666666 
421   0.4220000000000003   0.16666666666666666 
422   0.4230000000000003   0.16666666666666666 
423   0.4240000000000003   0.16666666666666666 
424   0.4250000000000003   0.16666666666666666 
425   0.4260000000000003   0.16666666666666666 
426   0.4270000000000003   0.16666666666666666 
427   0.4280000000000003   0.16666666666666666 
428   0.4290000000000003   0.16666666666666666 
429   0.4300000000000003   0.16666666666666666 
430   0.4310000000000003   0.16666666666666666 
431   0.43200000000000033   0.16666666666666666 
432   0.43300000000000033   0.16666666666666666 
433   0.43400000000000033   0.16666666666666666 
434   0.43500000000000033   0.16666666666666666 
435   0.43600000000000033   0.16666666666666666 
436   0.43700000000000033   0.16666666666666666 
437   0.43800000000000033   0.16666666666666666 
438   0.43900000000000033   0.16666666666666666 
439   0.44000000000000034   0.16666666666666666 
440   0.44100000000000034   0.16666666666666666 
441   0.44200000000000034   0.16666666666666666 
442   0.44300000000000034   0.16666666666666666 
443   0.44400000000000034   0.16666666666666666 
444   0.44500000000000034   0.16666666666666666 
445   0.44600000000000034   0.16666666666666666 
446   0.44700000000000034   0.16666666666666666 
447   0.44800000000000034   0.16666666666666666 
448   0.44900000000000034   0.16666666666666666 
449   0.45000000000000034   0.16666666666666666 
450   0.45100000000000035   0.16666666666666666 
451   0.45200000000000035   0.16666666666666666 
452   0.45300000000000035   0.16666666666666666 
453   0.45400000000000035   0.16666666666666666 
454   0.45500000000000035   0.16666666666666666 
455   0.45600000000000035   0.16666666666666666 
456   0.45700000000000035   0.16666666666666666 
457   0.45800000000000035   0.16666666666666666 
458   0.45900000000000035   0.16666666666666666 
459   0.46000000000000035   0.16666666666666666 
460   0.46100000000000035   0.16666666666666666 
461   0.46200000000000035   0.16666666666666666 
462   0.46300000000000036   0.16666666666666666 
463   0.46400000000000036   0.16666666666666666 
464   0.46500000000000036   0.16666666666666666 
465   0.46600000000000036   0.16666666666666666 
466   0.46700000000000036   0.16666666666666666 
467   0.46800000000000036   0.16666666666666666 
468   0.46900000000000036   0.16666666666666666 
469   0.47000000000000036   0.16666666666666666 
470   0.47100000000000036   0.16666666666666666 
471   0.47200000000000036   0.16666666666666666 
472   0.47300000000000036   0.16666666666666666 
473   0.47400000000000037   0.16666666666666666 
474   0.47500000000000037   0.16666666666666666 
475   0.47600000000000037   0.16666666666666666 
476   0.47700000000000037   0.16666666666666666 
477   0.47800000000000037   0.16666666666666666 
478   0.47900000000000037   0.16666666666666666 
479   0.48000000000000037   0.16666666666666666 
480   0.48100000000000037   0.16666666666666666 
481   0.4820000000000004   0.16666666666666666 
482   0.4830000000000004   0.16666666666666666 
483   0.4840000000000004   0.16666666666666666 
484   0.4850000000000004   0.16666666666666666 
485   0.4860000000000004   0.16666666666666666 
486   0.4870000000000004   0.16666666666666666 
487   0.4880000000000004   0.16666666666666666 
488   0.4890000000000004   0.16666666666666666 
489   0.4900000000000004   0.16666666666666666 
490   0.4910000000000004   0.16666666666666666 
491   0.4920000000000004   0.16666666666666666 
492   0.4930000000000004   0.16666666666666666 
493   0.4940000000000004   0.16666666666666666 
494   0.4950000000000004   0.16666666666666666 
495   0.4960000000000004   0.16666666666666666 
496   0.4970000000000004   0.16666666666666666 
497   0.4980000000000004   0.16666666666666666 
498   0.4990000000000004   0.16666666666666666 
499   0.5000000000000003   0.16666666666666666 
500   0.5010000000000003   0.16666666666666666 
501   0.5020000000000003   0.16666666666666666 
502   0.5030000000000003   0.16666666666666666 
503   0.5040000000000003   0.16666666666666666 
504   0.5050000000000003   0.16666666666666666 
505   0.5060000000000003   0.16666666666666666 
506   0.5070000000000003   0.16666666666666666 
507   0.5080000000000003   0.16666666666666666 
508   0.5090000000000003   0.16666666666666666 
509   0.5100000000000003   0.16666666666666666 
510   0.5110000000000003   0.16666666666666666 
511   0.5120000000000003   0.16666666666666666 
512   0.5130000000000003   0.16666666666666666 
513   0.5140000000000003   0.16666666666666666 
514   0.5150000000000003   0.16666666666666666 
515   0.5160000000000003   0.16666666666666666 
516   0.5170000000000003   0.16666666666666666 
517   0.5180000000000003   0.16666666666666666 
518   0.5190000000000003   0.16666666666666666 
519   0.5200000000000004   0.16666666666666666 
520   0.5210000000000004   0.16666666666666666 
521   0.5220000000000004   0.16666666666666666 
522   0.5230000000000004   0.16666666666666666 
523   0.5240000000000004   0.16666666666666666 
524   0.5250000000000004   0.16666666666666666 
525   0.5260000000000004   0.16666666666666666 
526   0.5270000000000004   0.16666666666666666 
527   0.5280000000000004   0.16666666666666666 
528   0.5290000000000004   0.16666666666666666 
529   0.5300000000000004   0.16666666666666666 
530   0.5310000000000004   0.16666666666666666 
531   0.5320000000000004   0.16666666666666666 
532   0.5330000000000004   0.16666666666666666 
533   0.5340000000000004   0.16666666666666666 
534   0.5350000000000004   0.16666666666666666 
535   0.5360000000000004   0.16666666666666666 
536   0.5370000000000004   0.16666666666666666 
537   0.5380000000000004   0.16666666666666666 
538   0.5390000000000004   0.16666666666666666 
539   0.5400000000000004   0.16666666666666666 
540   0.5410000000000004   0.16666666666666666 
541   0.5420000000000004   0.16666666666666666 
542   0.5430000000000004   0.16666666666666666 
543   0.5440000000000004   0.16666666666666666 
544   0.5450000000000004   0.16666666666666666 
545   0.5460000000000004   0.16666666666666666 
546   0.5470000000000004   0.16666666666666666 
547   0.5480000000000004   0.16666666666666666 
548   0.5490000000000004   0.16666666666666666 
549   0.5500000000000004   0.16666666666666666 
550   0.5510000000000004   0.16666666666666666 
551   0.5520000000000004   0.16666666666666666 
552   0.5530000000000004   0.16666666666666666 
553   0.5540000000000004   0.16666666666666666 
554   0.5550000000000004   0.16666666666666666 
555   0.5560000000000004   0.16666666666666666 
556   0.5570000000000004   0.16666666666666666 
557   0.5580000000000004   0.16666666666666666 
558   0.5590000000000004   0.16666666666666666 
559   0.5600000000000004   0.16666666666666666 
560   0.5610000000000004   0.16666666666666666 
561   0.5620000000000004   0.16666666666666666 
562   0.5630000000000004   0.16666666666666666 
563   0.5640000000000004   0.16666666666666666 
564   0.5650000000000004   0.16666666666666666 
565   0.5660000000000004   0.16666666666666666 
566   0.5670000000000004   0.16666666666666666 
567   0.5680000000000004   0.16666666666666666 
568   0.5690000000000004   0.16666666666666666 
569   0.5700000000000004   0.16666666666666666 
570   0.5710000000000004   0.16666666666666666 
571   0.5720000000000004   0.16666666666666666 
572   0.5730000000000004   0.16666666666666666 
573   0.5740000000000004   0.16666666666666666 
574   0.5750000000000004   0.16666666666666666 
575   0.5760000000000004   0.16666666666666666 
576   0.5770000000000004   0.16666666666666666 
577   0.5780000000000004   0.16666666666666666 
578   0.5790000000000004   0.16666666666666666 
579   0.5800000000000004   0.16666666666666666 
580   0.5810000000000004   0.16666666666666666 
581   0.5820000000000004   0.16666666666666666 
582   0.5830000000000004   0.16666666666666666 
583   0.5840000000000004   0.16666666666666666 
584   0.5850000000000004   0.16666666666666666 
585   0.5860000000000004   0.16666666666666666 
586   0.5870000000000004   0.16666666666666666 
587   0.5880000000000004   0.16666666666666666 
588   0.5890000000000004   0.16666666666666666 
589   0.5900000000000004   0.16666666666666666 
590   0.5910000000000004   0.16666666666666666 
591   0.5920000000000004   0.16666666666666666 
592   0.5930000000000004   0.16666666666666666 
593   0.5940000000000004   0.16666666666666666 
594   0.5950000000000004   0.16666666666666666 
595   0.5960000000000004   0.16666666666666666 
596   0.5970000000000004   0.16666666666666666 
597   0.5980000000000004   0.16666666666666666 
598   0.5990000000000004   0.16666666666666666 
599   0.6000000000000004   0.16666666666666666 
600   0.6010000000000004   0.16666666666666666 
601   0.6020000000000004   0.16666666666666666 
602   0.6030000000000004   0.16666666666666666 
603   0.6040000000000004   0.16666666666666666 
604   0.6050000000000004   0.16666666666666666 
605   0.6060000000000004   0.16666666666666666 
606   0.6070000000000004   0.16666666666666666 
607   0.6080000000000004   0.16666666666666666 
608   0.6090000000000004   0.16666666666666666 
609   0.6100000000000004   0.16666666666666666 
610   0.6110000000000004   0.16666666666666666 
611   0.6120000000000004   0.16666666666666666 
612   0.6130000000000004   0.16666666666666666 
613   0.6140000000000004   0.16666666666666666 
614   0.6150000000000004   0.16666666666666666 
615   0.6160000000000004   0.16666666666666666 
616   0.6170000000000004   0.16666666666666666 
617   0.6180000000000004   0.16666666666666666 
618   0.6190000000000004   0.16666666666666666 
619   0.6200000000000004   0.16666666666666666 
620   0.6210000000000004   0.16666666666666666 
621   0.6220000000000004   0.16666666666666666 
622   0.6230000000000004   0.16666666666666666 
623   0.6240000000000004   0.16666666666666666 
624   0.6250000000000004   0.16666666666666666 
625   0.6260000000000004   0.16666666666666666 
626   0.6270000000000004   0.16666666666666666 
627   0.6280000000000004   0.16666666666666666 
628   0.6290000000000004   0.16666666666666666 
629   0.6300000000000004   0.16666666666666666 
630   0.6310000000000004   0.16666666666666666 
631   0.6320000000000005   0.16666666666666666 
632   0.6330000000000005   0.16666666666666666 
633   0.6340000000000005   0.16666666666666666 
634   0.6350000000000005   0.16666666666666666 
635   0.6360000000000005   0.16666666666666666 
636   0.6370000000000005   0.16666666666666666 
637   0.6380000000000005   0.16666666666666666 
638   0.6390000000000005   0.16666666666666666 
639   0.6400000000000005   0.16666666666666666 
640   0.6410000000000005   0.16666666666666666 
641   0.6420000000000005   0.16666666666666666 
642   0.6430000000000005   0.16666666666666666 
643   0.6440000000000005   0.16666666666666666 
644   0.6450000000000005   0.16666666666666666 
645   0.6460000000000005   0.16666666666666666 
646   0.6470000000000005   0.16666666666666666 
647   0.6480000000000005   0.16666666666666666 
648   0.6490000000000005   0.16666666666666666 
649   0.6500000000000005   0.16666666666666666 
650   0.6510000000000005   0.16666666666666666 
651   0.6520000000000005   0.16666666666666666 
652   0.6530000000000005   0.16666666666666666 
653   0.6540000000000005   0.16666666666666666 
654   0.6550000000000005   0.16666666666666666 
655   0.6560000000000005   0.16666666666666666 
656   0.6570000000000005   0.16666666666666666 
657   0.6580000000000005   0.16666666666666666 
658   0.6590000000000005   0.16666666666666666 
659   0.6600000000000005   0.16666666666666666 
660   0.6610000000000005   0.16666666666666666 
661   0.6620000000000005   0.16666666666666666 
662   0.6630000000000005   0.16666666666666666 
663   0.6640000000000005   0.16666666666666666 
664   0.6650000000000005   0.16666666666666666 
665   0.6660000000000005   0.16666666666666666 
666   0.6670000000000005   0.16666666666666666 
667   0.6680000000000005   0.16666666666666666 
668   0.6690000000000005   0.16666666666666666 
669   0.6700000000000005   0.16666666666666666 
670   0.6710000000000005   0.16666666666666666 
671   0.6720000000000005   0.16666666666666666 
672   0.6730000000000005   0.16666666666666666 
673   0.6740000000000005   0.16666666666666666 
674   0.6750000000000005   0.16666666666666666 
675   0.6760000000000005   0.16666666666666666 
676   0.6770000000000005   0.16666666666666666 
677   0.6780000000000005   0.16666666666666666 
678   0.6790000000000005   0.16666666666666666 
679   0.6800000000000005   0.16666666666666666 
680   0.6810000000000005   0.16666666666666666 
681   0.6820000000000005   0.16666666666666666 
682   0.6830000000000005   0.16666666666666666 
683   0.6840000000000005   0.16666666666666666 
684   0.6850000000000005   0.16666666666666666 
685   0.6860000000000005   0.16666666666666666 
686   0.6870000000000005   0.16666666666666666 
687   0.6880000000000005   0.16666666666666666 
688   0.6890000000000005   0.16666666666666666 
689   0.6900000000000005   0.16666666666666666 
690   0.6910000000000005   0.16666666666666666 
691   0.6920000000000005   0.16666666666666666 
692   0.6930000000000005   0.16666666666666666 
693   0.6940000000000005   0.16666666666666666 
694   0.6950000000000005   0.16666666666666666 
695   0.6960000000000005   0.16666666666666666 
696   0.6970000000000005   0.16666666666666666 
697   0.6980000000000005   0.16666666666666666 
698   0.6990000000000005   0.16666666666666666 
699   0.7000000000000005   0.16666666666666666 
700   0.7010000000000005   0.16666666666666666 
701   0.7020000000000005   0.16666666666666666 
702   0.7030000000000005   0.16666666666666666 
703   0.7040000000000005   0.16666666666666666 
704   0.7050000000000005   0.16666666666666666 
705   0.7060000000000005   0.16666666666666666 
706   0.7070000000000005   0.16666666666666666 
707   0.7080000000000005   0.16666666666666666 
708   0.7090000000000005   0.16666666666666666 
709   0.7100000000000005   0.16666666666666666 
710   0.7110000000000005   0.16666666666666666 
711   0.7120000000000005   0.16666666666666666 
712   0.7130000000000005   0.16666666666666666 
713   0.7140000000000005   0.16666666666666666 
714   0.7150000000000005   0.16666666666666666 
715   0.7160000000000005   0.16666666666666666 
716   0.7170000000000005   0.16666666666666666 
717   0.7180000000000005   0.16666666666666666 
718   0.7190000000000005   0.16666666666666666 
719   0.7200000000000005   0.16666666666666666 
720   0.7210000000000005   0.16666666666666666 
721   0.7220000000000005   0.16666666666666666 
722   0.7230000000000005   0.16666666666666666 
723   0.7240000000000005   0.16666666666666666 
724   0.7250000000000005   0.16666666666666666 
725   0.7260000000000005   0.16666666666666666 
726   0.7270000000000005   0.16666666666666666 
727   0.7280000000000005   0.16666666666666666 
728   0.7290000000000005   0.16666666666666666 
729   0.7300000000000005   0.16666666666666666 
730   0.7310000000000005   0.16666666666666666 
731   0.7320000000000005   0.16666666666666666 
732   0.7330000000000005   0.16666666666666666 
733   0.7340000000000005   0.16666666666666666 
734   0.7350000000000005   0.16666666666666666 
735   0.7360000000000005   0.16666666666666666 
736   0.7370000000000005   0.16666666666666666 
737   0.7380000000000005   0.16666666666666666 
738   0.7390000000000005   0.16666666666666666 
739   0.7400000000000005   0.16666666666666666 
740   0.7410000000000005   0.16666666666666666 
741   0.7420000000000005   0.16666666666666666 
742   0.7430000000000005   0.16666666666666666 
743   0.7440000000000005   0.16666666666666666 
744   0.7450000000000006   0.16666666666666666 
745   0.7460000000000006   0.16666666666666666 
746   0.7470000000000006   0.16666666666666666 
747   0.7480000000000006   0.16666666666666666 
748   0.7490000000000006   0.16666666666666666 
749   0.7500000000000006   0.16666666666666666 
750   0.7510000000000006   0.16666666666666666 
751   0.7520000000000006   0.16666666666666666 
752   0.7530000000000006   0.16666666666666666 
753   0.7540000000000006   0.16666666666666666 
754   0.7550000000000006   0.16666666666666666 
755   0.7560000000000006   0.16666666666666666 
756   0.7570000000000006   0.16666666666666666 
757   0.7580000000000006   0.16666666666666666 
758   0.7590000000000006   0.16666666666666666 
759   0.7600000000000006   0.16666666666666666 
760   0.7610000000000006   0.16666666666666666 
761   0.7620000000000006   0.16666666666666666 
762   0.7630000000000006   0.16666666666666666 
763   0.7640000000000006   0.16666666666666666 
764   0.7650000000000006   0.16666666666666666 
765   0.7660000000000006   0.16666666666666666 
766   0.7670000000000006   0.16666666666666666 
767   0.7680000000000006   0.16666666666666666 
768   0.7690000000000006   0.16666666666666666 
769   0.7700000000000006   0.16666666666666666 
770   0.7710000000000006   0.16666666666666666 
771   0.7720000000000006   0.16666666666666666 
772   0.7730000000000006   0.16666666666666666 
773   0.7740000000000006   0.16666666666666666 
774   0.7750000000000006   0.16666666666666666 
775   0.7760000000000006   0.16666666666666666 
776   0.7770000000000006   0.16666666666666666 
777   0.7780000000000006   0.16666666666666666 
778   0.7790000000000006   0.16666666666666666 
779   0.7800000000000006   0.16666666666666666 
780   0.7810000000000006   0.16666666666666666 
781   0.7820000000000006   0.16666666666666666 
782   0.7830000000000006   0.16666666666666666 
783   0.7840000000000006   0.16666666666666666 
784   0.7850000000000006   0.16666666666666666 
785   0.7860000000000006   0.16666666666666666 
786   0.7870000000000006   0.16666666666666666 
787   0.7880000000000006   0.16666666666666666 
788   0.7890000000000006   0.16666666666666666 
789   0.7900000000000006   0.16666666666666666 
790   0.7910000000000006   0.16666666666666666 
791   0.7920000000000006   0.16666666666666666 
792   0.7930000000000006   0.16666666666666666 
793   0.7940000000000006   0.16666666666666666 
794   0.7950000000000006   0.16666666666666666 
795   0.7960000000000006   0.16666666666666666 
796   0.7970000000000006   0.16666666666666666 
797   0.7980000000000006   0.16666666666666666 
798   0.7990000000000006   0.16666666666666666 
799   0.8000000000000006   0.16666666666666666 
800   0.8010000000000006   0.16666666666666666 
801   0.8020000000000006   0.16666666666666666 
802   0.8030000000000006   0.16666666666666666 
803   0.8030000000000006   0.5 
804   0.8040000000000006   0.8333333333333333 
805   0.8060000000000006   0.8333333333333333 
806   0.8070000000000006   0.8333333333333333 
807   0.8080000000000006   0.8333333333333333 
808   0.8090000000000006   0.8333333333333333 
809   0.8100000000000006   0.8333333333333333 
810   0.8110000000000006   0.8333333333333333 
811   0.8120000000000006   0.8333333333333333 
812   0.8130000000000006   0.8333333333333333 
813   0.8140000000000006   0.8333333333333333 
814   0.8150000000000006   0.8333333333333333 
815   0.8160000000000006   0.8333333333333333 
816   0.8170000000000006   0.8333333333333333 
817   0.8180000000000006   0.8333333333333333 
818   0.8190000000000006   0.8333333333333333 
819   0.8200000000000006   0.8333333333333333 
820   0.8210000000000006   0.8333333333333333 
821   0.8220000000000006   0.8333333333333333 
822   0.8230000000000006   0.8333333333333333 
823   0.8240000000000006   0.8333333333333333 
824   0.8250000000000006   0.8333333333333333 
825   0.8260000000000006   0.8333333333333333 
826   0.8270000000000006   0.8333333333333333 
827   0.8280000000000006   0.8333333333333333 
828   0.8290000000000006   0.8333333333333333 
829   0.8300000000000006   0.8333333333333333 
830   0.8310000000000006   0.8333333333333333 
831   0.8310000000000006   0.9999999999999999 
832   0.8330000000000006   0.9999999999999999 
833   0.8340000000000006   0.9999999999999999 
834   0.8350000000000006   0.9999999999999999 
835   0.8360000000000006   0.9999999999999999 
836   0.8370000000000006   0.9999999999999999 
837   0.8380000000000006   0.9999999999999999 
838   0.8390000000000006   0.9999999999999999 
839   0.8400000000000006   0.9999999999999999 
840   0.8410000000000006   0.9999999999999999 
841   0.8420000000000006   0.9999999999999999 
842   0.8430000000000006   0.9999999999999999 
843   0.8440000000000006   0.9999999999999999 
844   0.8450000000000006   0.9999999999999999 
845   0.8460000000000006   0.9999999999999999 
846   0.8470000000000006   0.9999999999999999 
847   0.8480000000000006   0.9999999999999999 
848   0.8490000000000006   0.9999999999999999 
849   0.8500000000000006   0.9999999999999999 
850   0.8510000000000006   0.9999999999999999 
851   0.8520000000000006   0.9999999999999999 
852   0.8530000000000006   0.9999999999999999 
853   0.8540000000000006   0.9999999999999999 
854   0.8550000000000006   0.9999999999999999 
855   0.8560000000000006   0.9999999999999999 
856   0.8570000000000007   0.9999999999999999 
857   0.8580000000000007   0.9999999999999999 
858   0.8590000000000007   0.9999999999999999 
859   0.8600000000000007   0.9999999999999999 
860   0.8610000000000007   0.9999999999999999 
861   0.8620000000000007   0.9999999999999999 
862   0.8630000000000007   0.9999999999999999 
863   0.8640000000000007   0.9999999999999999 
864   0.8650000000000007   0.9999999999999999 
865   0.8660000000000007   0.9999999999999999 
866   0.8670000000000007   0.9999999999999999 
867   0.8680000000000007   0.9999999999999999 
868   0.8690000000000007   0.9999999999999999 
869   0.8700000000000007   0.9999999999999999 
870   0.8710000000000007   0.9999999999999999 
871   0.8720000000000007   0.9999999999999999 
872   0.8730000000000007   0.9999999999999999 
873   0.8740000000000007   0.9999999999999999 
874   0.8750000000000007   0.9999999999999999 
875   0.8760000000000007   0.9999999999999999 
876   0.8770000000000007   0.9999999999999999 
877   0.8780000000000007   0.9999999999999999 
878   0.8790000000000007   0.9999999999999999 
879   0.8800000000000007   0.9999999999999999 
880   0.8810000000000007   0.9999999999999999 
881   0.8820000000000007   0.9999999999999999 
882   0.8830000000000007   0.9999999999999999 
883   0.8840000000000007   0.9999999999999999 
884   0.8850000000000007   0.9999999999999999 
885   0.8860000000000007   0.9999999999999999 
886   0.8870000000000007   0.9999999999999999 
887   0.8880000000000007   0.9999999999999999 
888   0.8890000000000007   0.9999999999999999 
889   0.8900000000000007   0.9999999999999999 
890   0.8910000000000007   0.9999999999999999 
891   0.8920000000000007   0.9999999999999999 
892   0.8930000000000007   0.9999999999999999 
893   0.8940000000000007   0.9999999999999999 
894   0.8950000000000007   0.9999999999999999 
895   0.8960000000000007   0.9999999999999999 
896   0.8970000000000007   0.9999999999999999 
897   0.8980000000000007   0.9999999999999999 
898   0.8990000000000007   0.9999999999999999 
899   0.9000000000000007   0.9999999999999999 
900   0.9010000000000007   0.9999999999999999 
901   0.9020000000000007   0.9999999999999999 
902   0.9030000000000007   0.9999999999999999 
903   0.9040000000000007   0.9999999999999999 
904   0.9050000000000007   0.9999999999999999 
905   0.9060000000000007   0.9999999999999999 
906   0.9070000000000007   0.9999999999999999 
907   0.9080000000000007   0.9999999999999999 
908   0.9090000000000007   0.9999999999999999 
909   0.9100000000000007   0.9999999999999999 
910   0.9110000000000007   0.9999999999999999 
911   0.9120000000000007   0.9999999999999999 
912   0.9130000000000007   0.9999999999999999 
913   0.9140000000000007   0.9999999999999999 
914   0.9150000000000007   0.9999999999999999 
915   0.9160000000000007   0.9999999999999999 
916   0.9170000000000007   0.9999999999999999 
917   0.9180000000000007   0.9999999999999999 
918   0.9190000000000007   0.9999999999999999 
919   0.9200000000000007   0.9999999999999999 
920   0.9210000000000007   0.9999999999999999 
921   0.9220000000000007   0.9999999999999999 
922   0.9230000000000007   0.9999999999999999 
923   0.9240000000000007   0.9999999999999999 
924   0.9250000000000007   0.9999999999999999 
925   0.9260000000000007   0.9999999999999999 
926   0.9270000000000007   0.9999999999999999 
927   0.9280000000000007   0.9999999999999999 
928   0.9290000000000007   0.9999999999999999 
929   0.9300000000000007   0.9999999999999999 
930   0.9310000000000007   0.9999999999999999 
931   0.9320000000000007   0.9999999999999999 
932   0.9330000000000007   0.9999999999999999 
933   0.9340000000000007   0.9999999999999999 
934   0.9350000000000007   0.9999999999999999 
935   0.9360000000000007   0.9999999999999999 
936   0.9370000000000007   0.9999999999999999 
937   0.9380000000000007   0.9999999999999999 
938   0.9390000000000007   0.9999999999999999 
939   0.9400000000000007   0.9999999999999999 
940   0.9410000000000007   0.9999999999999999 
941   0.9420000000000007   0.9999999999999999 
942   0.9430000000000007   0.9999999999999999 
943   0.9440000000000007   0.9999999999999999 
944   0.9450000000000007   0.9999999999999999 
945   0.9460000000000007   0.9999999999999999 
946   0.9470000000000007   0.9999999999999999 
947   0.9480000000000007   0.9999999999999999 
948   0.9490000000000007   0.9999999999999999 
949   0.9500000000000007   0.9999999999999999 
950   0.9510000000000007   0.9999999999999999 
951   0.9520000000000007   0.9999999999999999 
952   0.9530000000000007   0.9999999999999999 
953   0.9540000000000007   0.9999999999999999 
954   0.9550000000000007   0.9999999999999999 
955   0.9560000000000007   0.9999999999999999 
956   0.9570000000000007   0.9999999999999999 
957   0.9580000000000007   0.9999999999999999 
958   0.9590000000000007   0.9999999999999999 
959   0.9600000000000007   0.9999999999999999 
960   0.9610000000000007   0.9999999999999999 
961   0.9620000000000007   0.9999999999999999 
962   0.9630000000000007   0.9999999999999999 
963   0.9640000000000007   0.9999999999999999 
964   0.9650000000000007   0.9999999999999999 
965   0.9660000000000007   0.9999999999999999 
966   0.9670000000000007   0.9999999999999999 
967   0.9680000000000007   0.9999999999999999 
968   0.9690000000000007   0.9999999999999999 
969   0.9700000000000008   0.9999999999999999 
970   0.9710000000000008   0.9999999999999999 
971   0.9720000000000008   0.9999999999999999 
972   0.9730000000000008   0.9999999999999999 
973   0.9740000000000008   0.9999999999999999 
974   0.9750000000000008   0.9999999999999999 
975   0.9760000000000008   0.9999999999999999 
976   0.9770000000000008   0.9999999999999999 
977   0.9780000000000008   0.9999999999999999 
978   0.9790000000000008   0.9999999999999999 
979   0.9800000000000008   0.9999999999999999 
980   0.9810000000000008   0.9999999999999999 
981   0.9820000000000008   0.9999999999999999 
982   0.9830000000000008   0.9999999999999999 
983   0.9840000000000008   0.9999999999999999 
984   0.9850000000000008   0.9999999999999999 
985   0.9860000000000008   0.9999999999999999 
986   0.9870000000000008   0.9999999999999999 
987   0.9880000000000008   0.9999999999999999 
988   0.9890000000000008   0.9999999999999999 
989   0.9900000000000008   0.9999999999999999 
990   0.9910000000000008   0.9999999999999999 
991   0.9920000000000008   0.9999999999999999 
992   0.9930000000000008   0.9999999999999999 
993   0.9940000000000008   0.9999999999999999 
994   0.9950000000000008   0.9999999999999999 
995   0.9960000000000008   0.9999999999999999 
996   0.9970000000000008   0.9999999999999999 
997   0.9980000000000008   0.9999999999999999 
998   0.9990000000000008   0.9999999999999999 
999   1.0000000000000007   0.9999999999999999 
