0   0.001   0 
1   0.002   0 
2   0.003   0 
3   0.004   0 
4   0.005   0 
5   0.006   0 
6   0.007   0 
7   0.008   0 
8   0.008   0.5517241379310345 
9   0.010000000000000002   0.5517241379310345 
10   0.011000000000000003   0.5517241379310345 
11   0.012000000000000004   0.5517241379310345 
12   0.012000000000000004   0.6551724137931034 
13   0.014000000000000005   0.6551724137931034 
14   0.014000000000000005   0.689655172413793 
15   0.016000000000000007   0.689655172413793 
16   0.017000000000000008   0.689655172413793 
17   0.01800000000000001   0.689655172413793 
18   0.01900000000000001   0.689655172413793 
19   0.02000000000000001   0.689655172413793 
20   0.02100000000000001   0.689655172413793 
21   0.022000000000000013   0.689655172413793 
22   0.023000000000000013   0.689655172413793 
23   0.024000000000000014   0.689655172413793 
24   0.025000000000000015   0.689655172413793 
25   0.026000000000000016   0.689655172413793 
26   0.027000000000000017   0.689655172413793 
27   0.028000000000000018   0.689655172413793 
28   0.02900000000000002   0.689655172413793 
29   0.03000000000000002   0.689655172413793 
30   0.03100000000000002   0.689655172413793 
31   0.03200000000000002   0.689655172413793 
32   0.03300000000000002   0.689655172413793 
33   0.03400000000000002   0.689655172413793 
34   0.035000000000000024   0.689655172413793 
35   0.036000000000000025   0.689655172413793 
36   0.037000000000000026   0.689655172413793 
37   0.03800000000000003   0.689655172413793 
38   0.03900000000000003   0.689655172413793 
39   0.04000000000000003   0.689655172413793 
40   0.04100000000000003   0.689655172413793 
41   0.04200000000000003   0.689655172413793 
42   0.04300000000000003   0.689655172413793 
43   0.04400000000000003   0.689655172413793 
44   0.04500000000000003   0.689655172413793 
45   0.046000000000000034   0.689655172413793 
46   0.047000000000000035   0.689655172413793 
47   0.048000000000000036   0.689655172413793 
48   0.04900000000000004   0.689655172413793 
49   0.05000000000000004   0.689655172413793 
50   0.05100000000000004   0.689655172413793 
51   0.05200000000000004   0.689655172413793 
52   0.05300000000000004   0.689655172413793 
53   0.05400000000000004   0.689655172413793 
54   0.05500000000000004   0.689655172413793 
55   0.05600000000000004   0.689655172413793 
56   0.057000000000000044   0.689655172413793 
57   0.058000000000000045   0.689655172413793 
58   0.059000000000000045   0.689655172413793 
59   0.060000000000000046   0.689655172413793 
60   0.060000000000000046   0.7241379310344827 
61   0.06200000000000005   0.7241379310344827 
62   0.06300000000000004   0.7241379310344827 
63   0.06400000000000004   0.7241379310344827 
64   0.06500000000000004   0.7241379310344827 
65   0.06600000000000004   0.7241379310344827 
66   0.06700000000000005   0.7241379310344827 
67   0.06800000000000005   0.7241379310344827 
68   0.06900000000000005   0.7241379310344827 
69   0.07000000000000005   0.7241379310344827 
70   0.07100000000000005   0.7241379310344827 
71   0.07200000000000005   0.7241379310344827 
72   0.07300000000000005   0.7241379310344827 
73   0.07400000000000005   0.7241379310344827 
74   0.07500000000000005   0.7241379310344827 
75   0.07600000000000005   0.7241379310344827 
76   0.07700000000000005   0.7241379310344827 
77   0.07800000000000006   0.7241379310344827 
78   0.07900000000000006   0.7241379310344827 
79   0.08000000000000006   0.7241379310344827 
80   0.08100000000000006   0.7241379310344827 
81   0.08200000000000006   0.7241379310344827 
82   0.08300000000000006   0.7241379310344827 
83   0.08400000000000006   0.7241379310344827 
84   0.08500000000000006   0.7241379310344827 
85   0.08600000000000006   0.7241379310344827 
86   0.08700000000000006   0.7241379310344827 
87   0.08800000000000006   0.7241379310344827 
88   0.08900000000000007   0.7241379310344827 
89   0.09000000000000007   0.7241379310344827 
90   0.09100000000000007   0.7241379310344827 
91   0.09200000000000007   0.7241379310344827 
92   0.09300000000000007   0.7241379310344827 
93   0.09400000000000007   0.7241379310344827 
94   0.09500000000000007   0.7241379310344827 
95   0.09600000000000007   0.7241379310344827 
96   0.09700000000000007   0.7241379310344827 
97   0.09800000000000007   0.7241379310344827 
98   0.09900000000000007   0.7241379310344827 
99   0.10000000000000007   0.7241379310344827 
100   0.10100000000000008   0.7241379310344827 
101   0.10200000000000008   0.7241379310344827 
102   0.10300000000000008   0.7241379310344827 
103   0.10400000000000008   0.7241379310344827 
104   0.10500000000000008   0.7241379310344827 
105   0.10600000000000008   0.7241379310344827 
106   0.10700000000000008   0.7241379310344827 
107   0.10800000000000008   0.7241379310344827 
108   0.10900000000000008   0.7241379310344827 
109   0.11000000000000008   0.7241379310344827 
110   0.11100000000000008   0.7241379310344827 
111   0.11200000000000009   0.7241379310344827 
112   0.11300000000000009   0.7241379310344827 
113   0.11400000000000009   0.7241379310344827 
114   0.11500000000000009   0.7241379310344827 
115   0.11600000000000009   0.7241379310344827 
116   0.11700000000000009   0.7241379310344827 
117   0.11800000000000009   0.7241379310344827 
118   0.11900000000000009   0.7241379310344827 
119   0.12000000000000009   0.7241379310344827 
120   0.1210000000000001   0.7241379310344827 
121   0.1220000000000001   0.7241379310344827 
122   0.1230000000000001   0.7241379310344827 
123   0.1240000000000001   0.7241379310344827 
124   0.12500000000000008   0.7241379310344827 
125   0.12600000000000008   0.7241379310344827 
126   0.12700000000000009   0.7241379310344827 
127   0.12800000000000009   0.7241379310344827 
128   0.1290000000000001   0.7241379310344827 
129   0.1300000000000001   0.7241379310344827 
130   0.1310000000000001   0.7241379310344827 
131   0.1320000000000001   0.7241379310344827 
132   0.1330000000000001   0.7241379310344827 
133   0.1340000000000001   0.7241379310344827 
134   0.1350000000000001   0.7241379310344827 
135   0.1360000000000001   0.7241379310344827 
136   0.1370000000000001   0.7241379310344827 
137   0.1380000000000001   0.7241379310344827 
138   0.1390000000000001   0.7241379310344827 
139   0.1400000000000001   0.7241379310344827 
140   0.1410000000000001   0.7241379310344827 
141   0.1420000000000001   0.7241379310344827 
142   0.1430000000000001   0.7241379310344827 
143   0.1440000000000001   0.7241379310344827 
144   0.1450000000000001   0.7241379310344827 
145   0.1460000000000001   0.7241379310344827 
146   0.1470000000000001   0.7241379310344827 
147   0.1480000000000001   0.7241379310344827 
148   0.1490000000000001   0.7241379310344827 
149   0.1500000000000001   0.7241379310344827 
150   0.1510000000000001   0.7241379310344827 
151   0.1520000000000001   0.7241379310344827 
152   0.1530000000000001   0.7241379310344827 
153   0.1540000000000001   0.7241379310344827 
154   0.1550000000000001   0.7241379310344827 
155   0.1560000000000001   0.7241379310344827 
156   0.1570000000000001   0.7241379310344827 
157   0.1580000000000001   0.7241379310344827 
158   0.1590000000000001   0.7241379310344827 
159   0.16000000000000011   0.7241379310344827 
160   0.16100000000000012   0.7241379310344827 
161   0.16200000000000012   0.7241379310344827 
162   0.16300000000000012   0.7241379310344827 
163   0.16400000000000012   0.7241379310344827 
164   0.16500000000000012   0.7241379310344827 
165   0.16600000000000012   0.7241379310344827 
166   0.16700000000000012   0.7241379310344827 
167   0.16800000000000012   0.7241379310344827 
168   0.16900000000000012   0.7241379310344827 
169   0.17000000000000012   0.7241379310344827 
170   0.17100000000000012   0.7241379310344827 
171   0.17200000000000013   0.7241379310344827 
172   0.17300000000000013   0.7241379310344827 
173   0.17400000000000013   0.7241379310344827 
174   0.17500000000000013   0.7241379310344827 
175   0.17600000000000013   0.7241379310344827 
176   0.17700000000000013   0.7241379310344827 
177   0.17800000000000013   0.7241379310344827 
178   0.17900000000000013   0.7241379310344827 
179   0.18000000000000013   0.7241379310344827 
180   0.18100000000000013   0.7241379310344827 
181   0.18200000000000013   0.7241379310344827 
182   0.18300000000000013   0.7241379310344827 
183   0.18400000000000014   0.7241379310344827 
184   0.18500000000000014   0.7241379310344827 
185   0.18600000000000014   0.7241379310344827 
186   0.18700000000000014   0.7241379310344827 
187   0.18800000000000014   0.7241379310344827 
188   0.18900000000000014   0.7241379310344827 
189   0.19000000000000014   0.7241379310344827 
190   0.19100000000000014   0.7241379310344827 
191   0.19200000000000014   0.7241379310344827 
192   0.19300000000000014   0.7241379310344827 
193   0.19400000000000014   0.7241379310344827 
194   0.19500000000000015   0.7241379310344827 
195   0.19600000000000015   0.7241379310344827 
196   0.19700000000000015   0.7241379310344827 
197   0.19800000000000015   0.7241379310344827 
198   0.19900000000000015   0.7241379310344827 
199   0.20000000000000015   0.7241379310344827 
200   0.20100000000000015   0.7241379310344827 
201   0.20200000000000015   0.7241379310344827 
202   0.20300000000000015   0.7241379310344827 
203   0.20400000000000015   0.7241379310344827 
204   0.20500000000000015   0.7241379310344827 
205   0.20600000000000016   0.7241379310344827 
206   0.20700000000000016   0.7241379310344827 
207   0.20800000000000016   0.7241379310344827 
208   0.20900000000000016   0.7241379310344827 
209   0.21000000000000016   0.7241379310344827 
210   0.21100000000000016   0.7241379310344827 
211   0.21200000000000016   0.7241379310344827 
212   0.21300000000000016   0.7241379310344827 
213   0.21400000000000016   0.7241379310344827 
214   0.21500000000000016   0.7241379310344827 
215   0.21600000000000016   0.7241379310344827 
216   0.21700000000000016   0.7241379310344827 
217   0.21800000000000017   0.7241379310344827 
218   0.21900000000000017   0.7241379310344827 
219   0.22000000000000017   0.7241379310344827 
220   0.22100000000000017   0.7241379310344827 
221   0.22200000000000017   0.7241379310344827 
222   0.22300000000000017   0.7241379310344827 
223   0.22400000000000017   0.7241379310344827 
224   0.22500000000000017   0.7241379310344827 
225   0.22600000000000017   0.7241379310344827 
226   0.22700000000000017   0.7241379310344827 
227   0.22800000000000017   0.7241379310344827 
228   0.22900000000000018   0.7241379310344827 
229   0.23000000000000018   0.7241379310344827 
230   0.23100000000000018   0.7241379310344827 
231   0.23200000000000018   0.7241379310344827 
232   0.23300000000000018   0.7241379310344827 
233   0.23400000000000018   0.7241379310344827 
234   0.23500000000000018   0.7241379310344827 
235   0.23600000000000018   0.7241379310344827 
236   0.23700000000000018   0.7241379310344827 
237   0.23800000000000018   0.7241379310344827 
238   0.23900000000000018   0.7241379310344827 
239   0.24000000000000019   0.7241379310344827 
240   0.2410000000000002   0.7241379310344827 
241   0.2420000000000002   0.7241379310344827 
242   0.2430000000000002   0.7241379310344827 
243   0.2440000000000002   0.7241379310344827 
244   0.2450000000000002   0.7241379310344827 
245   0.2460000000000002   0.7241379310344827 
246   0.2470000000000002   0.7241379310344827 
247   0.2480000000000002   0.7241379310344827 
248   0.2490000000000002   0.7241379310344827 
249   0.25000000000000017   0.7241379310344827 
250   0.25100000000000017   0.7241379310344827 
251   0.25200000000000017   0.7241379310344827 
252   0.25300000000000017   0.7241379310344827 
253   0.25400000000000017   0.7241379310344827 
254   0.25500000000000017   0.7241379310344827 
255   0.25600000000000017   0.7241379310344827 
256   0.2570000000000002   0.7241379310344827 
257   0.2580000000000002   0.7241379310344827 
258   0.2590000000000002   0.7241379310344827 
259   0.2600000000000002   0.7241379310344827 
260   0.2610000000000002   0.7241379310344827 
261   0.2620000000000002   0.7241379310344827 
262   0.2630000000000002   0.7241379310344827 
263   0.2640000000000002   0.7241379310344827 
264   0.2650000000000002   0.7241379310344827 
265   0.2660000000000002   0.7241379310344827 
266   0.2670000000000002   0.7241379310344827 
267   0.2680000000000002   0.7241379310344827 
268   0.2690000000000002   0.7241379310344827 
269   0.2700000000000002   0.7241379310344827 
270   0.2710000000000002   0.7241379310344827 
271   0.2720000000000002   0.7241379310344827 
272   0.2730000000000002   0.7241379310344827 
273   0.2740000000000002   0.7241379310344827 
274   0.2750000000000002   0.7241379310344827 
275   0.2760000000000002   0.7241379310344827 
276   0.2770000000000002   0.7241379310344827 
277   0.2780000000000002   0.7241379310344827 
278   0.2790000000000002   0.7241379310344827 
279   0.2800000000000002   0.7241379310344827 
280   0.2810000000000002   0.7241379310344827 
281   0.2820000000000002   0.7241379310344827 
282   0.2830000000000002   0.7241379310344827 
283   0.2840000000000002   0.7241379310344827 
284   0.2850000000000002   0.7241379310344827 
285   0.2860000000000002   0.7241379310344827 
286   0.2870000000000002   0.7241379310344827 
287   0.2880000000000002   0.7241379310344827 
288   0.2890000000000002   0.7241379310344827 
289   0.2900000000000002   0.7241379310344827 
290   0.2910000000000002   0.7241379310344827 
291   0.2920000000000002   0.7241379310344827 
292   0.2930000000000002   0.7241379310344827 
293   0.2940000000000002   0.7241379310344827 
294   0.2950000000000002   0.7241379310344827 
295   0.2960000000000002   0.7241379310344827 
296   0.2970000000000002   0.7241379310344827 
297   0.2980000000000002   0.7241379310344827 
298   0.2990000000000002   0.7241379310344827 
299   0.3000000000000002   0.7241379310344827 
300   0.3010000000000002   0.7241379310344827 
301   0.3020000000000002   0.7241379310344827 
302   0.3030000000000002   0.7241379310344827 
303   0.3040000000000002   0.7241379310344827 
304   0.3050000000000002   0.7241379310344827 
305   0.3060000000000002   0.7241379310344827 
306   0.3070000000000002   0.7241379310344827 
307   0.3080000000000002   0.7241379310344827 
308   0.3090000000000002   0.7241379310344827 
309   0.3100000000000002   0.7241379310344827 
310   0.3110000000000002   0.7241379310344827 
311   0.3120000000000002   0.7241379310344827 
312   0.3130000000000002   0.7241379310344827 
313   0.3140000000000002   0.7241379310344827 
314   0.3150000000000002   0.7241379310344827 
315   0.3160000000000002   0.7241379310344827 
316   0.3170000000000002   0.7241379310344827 
317   0.3180000000000002   0.7241379310344827 
318   0.31900000000000023   0.7241379310344827 
319   0.32000000000000023   0.7241379310344827 
320   0.32100000000000023   0.7241379310344827 
321   0.32200000000000023   0.7241379310344827 
322   0.32300000000000023   0.7241379310344827 
323   0.32400000000000023   0.7241379310344827 
324   0.32500000000000023   0.7241379310344827 
325   0.32600000000000023   0.7241379310344827 
326   0.32700000000000023   0.7241379310344827 
327   0.32800000000000024   0.7241379310344827 
328   0.32900000000000024   0.7241379310344827 
329   0.33000000000000024   0.7241379310344827 
330   0.33100000000000024   0.7241379310344827 
331   0.33200000000000024   0.7241379310344827 
332   0.33300000000000024   0.7241379310344827 
333   0.33400000000000024   0.7241379310344827 
334   0.33500000000000024   0.7241379310344827 
335   0.33600000000000024   0.7241379310344827 
336   0.33700000000000024   0.7241379310344827 
337   0.33800000000000024   0.7241379310344827 
338   0.33900000000000025   0.7241379310344827 
339   0.34000000000000025   0.7241379310344827 
340   0.34100000000000025   0.7241379310344827 
341   0.34200000000000025   0.7241379310344827 
342   0.34300000000000025   0.7241379310344827 
343   0.34400000000000025   0.7241379310344827 
344   0.34500000000000025   0.7241379310344827 
345   0.34600000000000025   0.7241379310344827 
346   0.34700000000000025   0.7241379310344827 
347   0.34800000000000025   0.7241379310344827 
348   0.34900000000000025   0.7241379310344827 
349   0.35000000000000026   0.7241379310344827 
350   0.35100000000000026   0.7241379310344827 
351   0.35200000000000026   0.7241379310344827 
352   0.35300000000000026   0.7241379310344827 
353   0.35400000000000026   0.7241379310344827 
354   0.35500000000000026   0.7241379310344827 
355   0.35600000000000026   0.7241379310344827 
356   0.35700000000000026   0.7241379310344827 
357   0.35800000000000026   0.7241379310344827 
358   0.35900000000000026   0.7241379310344827 
359   0.36000000000000026   0.7241379310344827 
360   0.36100000000000027   0.7241379310344827 
361   0.36200000000000027   0.7241379310344827 
362   0.36300000000000027   0.7241379310344827 
363   0.36400000000000027   0.7241379310344827 
364   0.36500000000000027   0.7241379310344827 
365   0.36600000000000027   0.7241379310344827 
366   0.36700000000000027   0.7241379310344827 
367   0.36800000000000027   0.7241379310344827 
368   0.36900000000000027   0.7241379310344827 
369   0.3700000000000003   0.7241379310344827 
370   0.3710000000000003   0.7241379310344827 
371   0.3720000000000003   0.7241379310344827 
372   0.3730000000000003   0.7241379310344827 
373   0.3740000000000003   0.7241379310344827 
374   0.3750000000000003   0.7241379310344827 
375   0.3760000000000003   0.7241379310344827 
376   0.3770000000000003   0.7241379310344827 
377   0.3780000000000003   0.7241379310344827 
378   0.3790000000000003   0.7241379310344827 
379   0.3800000000000003   0.7241379310344827 
380   0.3810000000000003   0.7241379310344827 
381   0.3820000000000003   0.7241379310344827 
382   0.3830000000000003   0.7241379310344827 
383   0.3840000000000003   0.7241379310344827 
384   0.3850000000000003   0.7241379310344827 
385   0.3860000000000003   0.7241379310344827 
386   0.3870000000000003   0.7241379310344827 
387   0.3880000000000003   0.7241379310344827 
388   0.3890000000000003   0.7241379310344827 
389   0.3900000000000003   0.7241379310344827 
390   0.3910000000000003   0.7241379310344827 
391   0.3920000000000003   0.7241379310344827 
392   0.3930000000000003   0.7241379310344827 
393   0.3940000000000003   0.7241379310344827 
394   0.3950000000000003   0.7241379310344827 
395   0.3960000000000003   0.7241379310344827 
396   0.3970000000000003   0.7241379310344827 
397   0.3980000000000003   0.7241379310344827 
398   0.3990000000000003   0.7241379310344827 
399   0.4000000000000003   0.7241379310344827 
400   0.4010000000000003   0.7241379310344827 
401   0.4020000000000003   0.7241379310344827 
402   0.4030000000000003   0.7241379310344827 
403   0.4040000000000003   0.7241379310344827 
404   0.4050000000000003   0.7241379310344827 
405   0.4060000000000003   0.7241379310344827 
406   0.4070000000000003   0.7241379310344827 
407   0.4080000000000003   0.7241379310344827 
408   0.4090000000000003   0.7241379310344827 
409   0.4100000000000003   0.7241379310344827 
410   0.4110000000000003   0.7241379310344827 
411   0.4120000000000003   0.7241379310344827 
412   0.4130000000000003   0.7241379310344827 
413   0.4140000000000003   0.7241379310344827 
414   0.4150000000000003   0.7241379310344827 
415   0.4160000000000003   0.7241379310344827 
416   0.4170000000000003   0.7241379310344827 
417   0.4180000000000003   0.7241379310344827 
418   0.4190000000000003   0.7241379310344827 
419   0.4200000000000003   0.7241379310344827 
420   0.4210000000000003   0.7241379310344827 
421   0.4220000000000003   0.7241379310344827 
422   0.4230000000000003   0.7241379310344827 
423   0.4240000000000003   0.7241379310344827 
424   0.4250000000000003   0.7241379310344827 
425   0.4260000000000003   0.7241379310344827 
426   0.4270000000000003   0.7241379310344827 
427   0.4280000000000003   0.7241379310344827 
428   0.4290000000000003   0.7241379310344827 
429   0.4300000000000003   0.7241379310344827 
430   0.4310000000000003   0.7241379310344827 
431   0.43200000000000033   0.7241379310344827 
432   0.43300000000000033   0.7241379310344827 
433   0.43400000000000033   0.7241379310344827 
434   0.43500000000000033   0.7241379310344827 
435   0.43600000000000033   0.7241379310344827 
436   0.43700000000000033   0.7241379310344827 
437   0.43800000000000033   0.7241379310344827 
438   0.43900000000000033   0.7241379310344827 
439   0.44000000000000034   0.7241379310344827 
440   0.44100000000000034   0.7241379310344827 
441   0.44200000000000034   0.7241379310344827 
442   0.44300000000000034   0.7241379310344827 
443   0.44400000000000034   0.7241379310344827 
444   0.44500000000000034   0.7241379310344827 
445   0.44600000000000034   0.7241379310344827 
446   0.44700000000000034   0.7241379310344827 
447   0.44800000000000034   0.7241379310344827 
448   0.44900000000000034   0.7241379310344827 
449   0.45000000000000034   0.7241379310344827 
450   0.45100000000000035   0.7241379310344827 
451   0.45200000000000035   0.7241379310344827 
452   0.45300000000000035   0.7241379310344827 
453   0.45400000000000035   0.7241379310344827 
454   0.45500000000000035   0.7241379310344827 
455   0.45600000000000035   0.7241379310344827 
456   0.45700000000000035   0.7241379310344827 
457   0.45800000000000035   0.7241379310344827 
458   0.45900000000000035   0.7241379310344827 
459   0.46000000000000035   0.7241379310344827 
460   0.46100000000000035   0.7241379310344827 
461   0.46200000000000035   0.7241379310344827 
462   0.46300000000000036   0.7241379310344827 
463   0.46400000000000036   0.7241379310344827 
464   0.46500000000000036   0.7241379310344827 
465   0.46600000000000036   0.7241379310344827 
466   0.46700000000000036   0.7241379310344827 
467   0.46800000000000036   0.7241379310344827 
468   0.46900000000000036   0.7241379310344827 
469   0.47000000000000036   0.7241379310344827 
470   0.47100000000000036   0.7241379310344827 
471   0.47200000000000036   0.7241379310344827 
472   0.47300000000000036   0.7241379310344827 
473   0.47400000000000037   0.7241379310344827 
474   0.47500000000000037   0.7241379310344827 
475   0.47600000000000037   0.7241379310344827 
476   0.47700000000000037   0.7241379310344827 
477   0.47800000000000037   0.7241379310344827 
478   0.47900000000000037   0.7241379310344827 
479   0.48000000000000037   0.7241379310344827 
480   0.48100000000000037   0.7241379310344827 
481   0.4820000000000004   0.7241379310344827 
482   0.4830000000000004   0.7241379310344827 
483   0.4840000000000004   0.7241379310344827 
484   0.4850000000000004   0.7241379310344827 
485   0.4860000000000004   0.7241379310344827 
486   0.4870000000000004   0.7241379310344827 
487   0.4880000000000004   0.7241379310344827 
488   0.4890000000000004   0.7241379310344827 
489   0.4900000000000004   0.7241379310344827 
490   0.4910000000000004   0.7241379310344827 
491   0.4920000000000004   0.7241379310344827 
492   0.4930000000000004   0.7241379310344827 
493   0.4940000000000004   0.7241379310344827 
494   0.4950000000000004   0.7241379310344827 
495   0.4960000000000004   0.7241379310344827 
496   0.4970000000000004   0.7241379310344827 
497   0.4980000000000004   0.7241379310344827 
498   0.4990000000000004   0.7241379310344827 
499   0.5000000000000003   0.7241379310344827 
500   0.5010000000000003   0.7241379310344827 
501   0.5020000000000003   0.7241379310344827 
502   0.5030000000000003   0.7241379310344827 
503   0.5040000000000003   0.7241379310344827 
504   0.5050000000000003   0.7241379310344827 
505   0.5060000000000003   0.7241379310344827 
506   0.5070000000000003   0.7241379310344827 
507   0.5080000000000003   0.7241379310344827 
508   0.5090000000000003   0.7241379310344827 
509   0.5100000000000003   0.7241379310344827 
510   0.5110000000000003   0.7241379310344827 
511   0.5120000000000003   0.7241379310344827 
512   0.5130000000000003   0.7241379310344827 
513   0.5140000000000003   0.7241379310344827 
514   0.5150000000000003   0.7241379310344827 
515   0.5160000000000003   0.7241379310344827 
516   0.5170000000000003   0.7241379310344827 
517   0.5180000000000003   0.7241379310344827 
518   0.5190000000000003   0.7241379310344827 
519   0.5200000000000004   0.7241379310344827 
520   0.5210000000000004   0.7241379310344827 
521   0.5220000000000004   0.7241379310344827 
522   0.5230000000000004   0.7241379310344827 
523   0.5240000000000004   0.7241379310344827 
524   0.5250000000000004   0.7241379310344827 
525   0.5260000000000004   0.7241379310344827 
526   0.5270000000000004   0.7241379310344827 
527   0.5280000000000004   0.7241379310344827 
528   0.5290000000000004   0.7241379310344827 
529   0.5300000000000004   0.7241379310344827 
530   0.5310000000000004   0.7241379310344827 
531   0.5320000000000004   0.7241379310344827 
532   0.5330000000000004   0.7241379310344827 
533   0.5340000000000004   0.7241379310344827 
534   0.5350000000000004   0.7241379310344827 
535   0.5360000000000004   0.7241379310344827 
536   0.5370000000000004   0.7241379310344827 
537   0.5380000000000004   0.7241379310344827 
538   0.5390000000000004   0.7241379310344827 
539   0.5400000000000004   0.7241379310344827 
540   0.5410000000000004   0.7241379310344827 
541   0.5420000000000004   0.7241379310344827 
542   0.5430000000000004   0.7241379310344827 
543   0.5440000000000004   0.7241379310344827 
544   0.5450000000000004   0.7241379310344827 
545   0.5460000000000004   0.7241379310344827 
546   0.5470000000000004   0.7241379310344827 
547   0.5480000000000004   0.7241379310344827 
548   0.5490000000000004   0.7241379310344827 
549   0.5500000000000004   0.7241379310344827 
550   0.5510000000000004   0.7241379310344827 
551   0.5520000000000004   0.7241379310344827 
552   0.5530000000000004   0.7241379310344827 
553   0.5540000000000004   0.7241379310344827 
554   0.5550000000000004   0.7241379310344827 
555   0.5560000000000004   0.7241379310344827 
556   0.5570000000000004   0.7241379310344827 
557   0.5580000000000004   0.7241379310344827 
558   0.5590000000000004   0.7241379310344827 
559   0.5600000000000004   0.7241379310344827 
560   0.5610000000000004   0.7241379310344827 
561   0.5620000000000004   0.7241379310344827 
562   0.5630000000000004   0.7241379310344827 
563   0.5640000000000004   0.7241379310344827 
564   0.5650000000000004   0.7241379310344827 
565   0.5660000000000004   0.7241379310344827 
566   0.5670000000000004   0.7241379310344827 
567   0.5680000000000004   0.7241379310344827 
568   0.5690000000000004   0.7241379310344827 
569   0.5700000000000004   0.7241379310344827 
570   0.5710000000000004   0.7241379310344827 
571   0.5720000000000004   0.7241379310344827 
572   0.5730000000000004   0.7241379310344827 
573   0.5740000000000004   0.7241379310344827 
574   0.5750000000000004   0.7241379310344827 
575   0.5760000000000004   0.7241379310344827 
576   0.5770000000000004   0.7241379310344827 
577   0.5780000000000004   0.7241379310344827 
578   0.5790000000000004   0.7241379310344827 
579   0.5800000000000004   0.7241379310344827 
580   0.5810000000000004   0.7241379310344827 
581   0.5820000000000004   0.7241379310344827 
582   0.5830000000000004   0.7241379310344827 
583   0.5840000000000004   0.7241379310344827 
584   0.5850000000000004   0.7241379310344827 
585   0.5860000000000004   0.7241379310344827 
586   0.5870000000000004   0.7241379310344827 
587   0.5880000000000004   0.7241379310344827 
588   0.5890000000000004   0.7241379310344827 
589   0.5900000000000004   0.7241379310344827 
590   0.5910000000000004   0.7241379310344827 
591   0.5920000000000004   0.7241379310344827 
592   0.5930000000000004   0.7241379310344827 
593   0.5940000000000004   0.7241379310344827 
594   0.5950000000000004   0.7241379310344827 
595   0.5960000000000004   0.7241379310344827 
596   0.5970000000000004   0.7241379310344827 
597   0.5980000000000004   0.7241379310344827 
598   0.5990000000000004   0.7241379310344827 
599   0.6000000000000004   0.7241379310344827 
600   0.6010000000000004   0.7241379310344827 
601   0.6020000000000004   0.7241379310344827 
602   0.6030000000000004   0.7241379310344827 
603   0.6040000000000004   0.7241379310344827 
604   0.6050000000000004   0.7241379310344827 
605   0.6060000000000004   0.7241379310344827 
606   0.6070000000000004   0.7241379310344827 
607   0.6080000000000004   0.7241379310344827 
608   0.6090000000000004   0.7241379310344827 
609   0.6100000000000004   0.7241379310344827 
610   0.6110000000000004   0.7241379310344827 
611   0.6120000000000004   0.7241379310344827 
612   0.6130000000000004   0.7241379310344827 
613   0.6140000000000004   0.7241379310344827 
614   0.6150000000000004   0.7241379310344827 
615   0.6160000000000004   0.7241379310344827 
616   0.6170000000000004   0.7241379310344827 
617   0.6180000000000004   0.7241379310344827 
618   0.6190000000000004   0.7241379310344827 
619   0.6200000000000004   0.7241379310344827 
620   0.6210000000000004   0.7241379310344827 
621   0.6220000000000004   0.7241379310344827 
622   0.6230000000000004   0.7241379310344827 
623   0.6240000000000004   0.7241379310344827 
624   0.6250000000000004   0.7241379310344827 
625   0.6260000000000004   0.7241379310344827 
626   0.6270000000000004   0.7241379310344827 
627   0.6280000000000004   0.7241379310344827 
628   0.6290000000000004   0.7241379310344827 
629   0.6300000000000004   0.7241379310344827 
630   0.6310000000000004   0.7241379310344827 
631   0.6320000000000005   0.7241379310344827 
632   0.6330000000000005   0.7241379310344827 
633   0.6340000000000005   0.7241379310344827 
634   0.6350000000000005   0.7241379310344827 
635   0.6360000000000005   0.7241379310344827 
636   0.6370000000000005   0.7241379310344827 
637   0.6380000000000005   0.7241379310344827 
638   0.6390000000000005   0.7241379310344827 
639   0.6400000000000005   0.7241379310344827 
640   0.6410000000000005   0.7241379310344827 
641   0.6420000000000005   0.7241379310344827 
642   0.6430000000000005   0.7241379310344827 
643   0.6440000000000005   0.7241379310344827 
644   0.6450000000000005   0.7241379310344827 
645   0.6460000000000005   0.7241379310344827 
646   0.6470000000000005   0.7241379310344827 
647   0.6480000000000005   0.7241379310344827 
648   0.6490000000000005   0.7241379310344827 
649   0.6500000000000005   0.7241379310344827 
650   0.6510000000000005   0.7241379310344827 
651   0.6520000000000005   0.7241379310344827 
652   0.6530000000000005   0.7241379310344827 
653   0.6540000000000005   0.7241379310344827 
654   0.6550000000000005   0.7241379310344827 
655   0.6560000000000005   0.7241379310344827 
656   0.6570000000000005   0.7241379310344827 
657   0.6580000000000005   0.7241379310344827 
658   0.6590000000000005   0.7241379310344827 
659   0.6600000000000005   0.7241379310344827 
660   0.6610000000000005   0.7241379310344827 
661   0.6620000000000005   0.7241379310344827 
662   0.6630000000000005   0.7241379310344827 
663   0.6640000000000005   0.7241379310344827 
664   0.6650000000000005   0.7241379310344827 
665   0.6660000000000005   0.7241379310344827 
666   0.6670000000000005   0.7241379310344827 
667   0.6680000000000005   0.7241379310344827 
668   0.6690000000000005   0.7241379310344827 
669   0.6700000000000005   0.7241379310344827 
670   0.6710000000000005   0.7241379310344827 
671   0.6720000000000005   0.7241379310344827 
672   0.6730000000000005   0.7241379310344827 
673   0.6740000000000005   0.7241379310344827 
674   0.6750000000000005   0.7241379310344827 
675   0.6760000000000005   0.7241379310344827 
676   0.6770000000000005   0.7241379310344827 
677   0.6780000000000005   0.7241379310344827 
678   0.6790000000000005   0.7241379310344827 
679   0.6800000000000005   0.7241379310344827 
680   0.6810000000000005   0.7241379310344827 
681   0.6820000000000005   0.7241379310344827 
682   0.6830000000000005   0.7241379310344827 
683   0.6840000000000005   0.7241379310344827 
684   0.6850000000000005   0.7241379310344827 
685   0.6860000000000005   0.7241379310344827 
686   0.6870000000000005   0.7241379310344827 
687   0.6880000000000005   0.7241379310344827 
688   0.6890000000000005   0.7241379310344827 
689   0.6900000000000005   0.7241379310344827 
690   0.6910000000000005   0.7241379310344827 
691   0.6920000000000005   0.7241379310344827 
692   0.6930000000000005   0.7241379310344827 
693   0.6940000000000005   0.7241379310344827 
694   0.6950000000000005   0.7241379310344827 
695   0.6960000000000005   0.7241379310344827 
696   0.6970000000000005   0.7241379310344827 
697   0.6980000000000005   0.7241379310344827 
698   0.6990000000000005   0.7241379310344827 
699   0.7000000000000005   0.7241379310344827 
700   0.7010000000000005   0.7241379310344827 
701   0.7020000000000005   0.7241379310344827 
702   0.7030000000000005   0.7241379310344827 
703   0.7040000000000005   0.7241379310344827 
704   0.7050000000000005   0.7241379310344827 
705   0.7060000000000005   0.7241379310344827 
706   0.7070000000000005   0.7241379310344827 
707   0.7080000000000005   0.7241379310344827 
708   0.7090000000000005   0.7241379310344827 
709   0.7100000000000005   0.7241379310344827 
710   0.7110000000000005   0.7241379310344827 
711   0.7120000000000005   0.7241379310344827 
712   0.7130000000000005   0.7241379310344827 
713   0.7140000000000005   0.7241379310344827 
714   0.7150000000000005   0.7241379310344827 
715   0.7160000000000005   0.7241379310344827 
716   0.7170000000000005   0.7241379310344827 
717   0.7180000000000005   0.7241379310344827 
718   0.7190000000000005   0.7241379310344827 
719   0.7200000000000005   0.7241379310344827 
720   0.7210000000000005   0.7241379310344827 
721   0.7220000000000005   0.7241379310344827 
722   0.7230000000000005   0.7241379310344827 
723   0.7240000000000005   0.7241379310344827 
724   0.7250000000000005   0.7241379310344827 
725   0.7250000000000005   0.7586206896551723 
726   0.7270000000000005   0.7586206896551723 
727   0.7280000000000005   0.7586206896551723 
728   0.7290000000000005   0.7586206896551723 
729   0.7300000000000005   0.7586206896551723 
730   0.7310000000000005   0.7586206896551723 
731   0.7320000000000005   0.7586206896551723 
732   0.7330000000000005   0.7586206896551723 
733   0.7340000000000005   0.7586206896551723 
734   0.7350000000000005   0.7586206896551723 
735   0.7350000000000005   0.8620689655172412 
736   0.7370000000000005   0.8620689655172412 
737   0.7380000000000005   0.8620689655172412 
738   0.7390000000000005   0.8620689655172412 
739   0.7400000000000005   0.8620689655172412 
740   0.7410000000000005   0.8620689655172412 
741   0.7420000000000005   0.8620689655172412 
742   0.7430000000000005   0.8620689655172412 
743   0.7440000000000005   0.8620689655172412 
744   0.7450000000000006   0.8620689655172412 
745   0.7460000000000006   0.8620689655172412 
746   0.7470000000000006   0.8620689655172412 
747   0.7480000000000006   0.8620689655172412 
748   0.7490000000000006   0.8620689655172412 
749   0.7500000000000006   0.8620689655172412 
750   0.7510000000000006   0.8620689655172412 
751   0.7520000000000006   0.8620689655172412 
752   0.7530000000000006   0.8620689655172412 
753   0.7540000000000006   0.8620689655172412 
754   0.7550000000000006   0.8620689655172412 
755   0.7560000000000006   0.8620689655172412 
756   0.7570000000000006   0.8620689655172412 
757   0.7580000000000006   0.8620689655172412 
758   0.7590000000000006   0.8620689655172412 
759   0.7600000000000006   0.8620689655172412 
760   0.7610000000000006   0.8620689655172412 
761   0.7620000000000006   0.8620689655172412 
762   0.7630000000000006   0.8620689655172412 
763   0.7640000000000006   0.8620689655172412 
764   0.7650000000000006   0.8620689655172412 
765   0.7660000000000006   0.8620689655172412 
766   0.7670000000000006   0.8620689655172412 
767   0.7680000000000006   0.8620689655172412 
768   0.7690000000000006   0.8620689655172412 
769   0.7700000000000006   0.8620689655172412 
770   0.7710000000000006   0.8620689655172412 
771   0.7720000000000006   0.8620689655172412 
772   0.7730000000000006   0.8620689655172412 
773   0.7740000000000006   0.8620689655172412 
774   0.7750000000000006   0.8620689655172412 
775   0.7760000000000006   0.8620689655172412 
776   0.7770000000000006   0.8620689655172412 
777   0.7780000000000006   0.8620689655172412 
778   0.7790000000000006   0.8620689655172412 
779   0.7800000000000006   0.8620689655172412 
780   0.7810000000000006   0.8620689655172412 
781   0.7820000000000006   0.8620689655172412 
782   0.7830000000000006   0.8620689655172412 
783   0.7840000000000006   0.8620689655172412 
784   0.7850000000000006   0.8620689655172412 
785   0.7860000000000006   0.8620689655172412 
786   0.7870000000000006   0.8620689655172412 
787   0.7880000000000006   0.8620689655172412 
788   0.7890000000000006   0.8620689655172412 
789   0.7900000000000006   0.8620689655172412 
790   0.7910000000000006   0.8620689655172412 
791   0.7920000000000006   0.8620689655172412 
792   0.7930000000000006   0.8620689655172412 
793   0.7940000000000006   0.8620689655172412 
794   0.7950000000000006   0.8620689655172412 
795   0.7960000000000006   0.8620689655172412 
796   0.7970000000000006   0.8620689655172412 
797   0.7980000000000006   0.8620689655172412 
798   0.7990000000000006   0.8620689655172412 
799   0.8000000000000006   0.8620689655172412 
800   0.8010000000000006   0.8620689655172412 
801   0.8020000000000006   0.8620689655172412 
802   0.8030000000000006   0.8620689655172412 
803   0.8040000000000006   0.8620689655172412 
804   0.8050000000000006   0.8620689655172412 
805   0.8060000000000006   0.8620689655172412 
806   0.8060000000000006   0.8965517241379308 
807   0.8080000000000006   0.8965517241379308 
808   0.8090000000000006   0.8965517241379308 
809   0.8100000000000006   0.8965517241379308 
810   0.8110000000000006   0.8965517241379308 
811   0.8120000000000006   0.8965517241379308 
812   0.8130000000000006   0.8965517241379308 
813   0.8140000000000006   0.8965517241379308 
814   0.8150000000000006   0.8965517241379308 
815   0.8160000000000006   0.8965517241379308 
816   0.8170000000000006   0.8965517241379308 
817   0.8180000000000006   0.8965517241379308 
818   0.8190000000000006   0.8965517241379308 
819   0.8200000000000006   0.8965517241379308 
820   0.8210000000000006   0.8965517241379308 
821   0.8220000000000006   0.8965517241379308 
822   0.8230000000000006   0.8965517241379308 
823   0.8240000000000006   0.8965517241379308 
824   0.8250000000000006   0.8965517241379308 
825   0.8260000000000006   0.8965517241379308 
826   0.8270000000000006   0.8965517241379308 
827   0.8280000000000006   0.8965517241379308 
828   0.8290000000000006   0.8965517241379308 
829   0.8300000000000006   0.8965517241379308 
830   0.8310000000000006   0.8965517241379308 
831   0.8310000000000006   0.9310344827586204 
832   0.8320000000000006   0.96551724137931 
833   0.8340000000000006   0.96551724137931 
834   0.8350000000000006   0.96551724137931 
835   0.8360000000000006   0.96551724137931 
836   0.8370000000000006   0.96551724137931 
837   0.8380000000000006   0.96551724137931 
838   0.8390000000000006   0.96551724137931 
839   0.8400000000000006   0.96551724137931 
840   0.8410000000000006   0.96551724137931 
841   0.8420000000000006   0.96551724137931 
842   0.8430000000000006   0.96551724137931 
843   0.8440000000000006   0.96551724137931 
844   0.8450000000000006   0.96551724137931 
845   0.8460000000000006   0.96551724137931 
846   0.8470000000000006   0.96551724137931 
847   0.8480000000000006   0.96551724137931 
848   0.8490000000000006   0.96551724137931 
849   0.8500000000000006   0.96551724137931 
850   0.8510000000000006   0.96551724137931 
851   0.8520000000000006   0.96551724137931 
852   0.8530000000000006   0.96551724137931 
853   0.8540000000000006   0.96551724137931 
854   0.8550000000000006   0.96551724137931 
855   0.8560000000000006   0.96551724137931 
856   0.8570000000000007   0.96551724137931 
857   0.8580000000000007   0.96551724137931 
858   0.8580000000000007   0.9999999999999997 
859   0.8600000000000007   0.9999999999999997 
860   0.8610000000000007   0.9999999999999997 
861   0.8620000000000007   0.9999999999999997 
862   0.8630000000000007   0.9999999999999997 
863   0.8640000000000007   0.9999999999999997 
864   0.8650000000000007   0.9999999999999997 
865   0.8660000000000007   0.9999999999999997 
866   0.8670000000000007   0.9999999999999997 
867   0.8680000000000007   0.9999999999999997 
868   0.8690000000000007   0.9999999999999997 
869   0.8700000000000007   0.9999999999999997 
870   0.8710000000000007   0.9999999999999997 
871   0.8720000000000007   0.9999999999999997 
872   0.8730000000000007   0.9999999999999997 
873   0.8740000000000007   0.9999999999999997 
874   0.8750000000000007   0.9999999999999997 
875   0.8760000000000007   0.9999999999999997 
876   0.8770000000000007   0.9999999999999997 
877   0.8780000000000007   0.9999999999999997 
878   0.8790000000000007   0.9999999999999997 
879   0.8800000000000007   0.9999999999999997 
880   0.8810000000000007   0.9999999999999997 
881   0.8820000000000007   0.9999999999999997 
882   0.8830000000000007   0.9999999999999997 
883   0.8840000000000007   0.9999999999999997 
884   0.8850000000000007   0.9999999999999997 
885   0.8860000000000007   0.9999999999999997 
886   0.8870000000000007   0.9999999999999997 
887   0.8880000000000007   0.9999999999999997 
888   0.8890000000000007   0.9999999999999997 
889   0.8900000000000007   0.9999999999999997 
890   0.8910000000000007   0.9999999999999997 
891   0.8920000000000007   0.9999999999999997 
892   0.8930000000000007   0.9999999999999997 
893   0.8940000000000007   0.9999999999999997 
894   0.8950000000000007   0.9999999999999997 
895   0.8960000000000007   0.9999999999999997 
896   0.8970000000000007   0.9999999999999997 
897   0.8980000000000007   0.9999999999999997 
898   0.8990000000000007   0.9999999999999997 
899   0.9000000000000007   0.9999999999999997 
900   0.9010000000000007   0.9999999999999997 
901   0.9020000000000007   0.9999999999999997 
902   0.9030000000000007   0.9999999999999997 
903   0.9040000000000007   0.9999999999999997 
904   0.9050000000000007   0.9999999999999997 
905   0.9060000000000007   0.9999999999999997 
906   0.9070000000000007   0.9999999999999997 
907   0.9080000000000007   0.9999999999999997 
908   0.9090000000000007   0.9999999999999997 
909   0.9100000000000007   0.9999999999999997 
910   0.9110000000000007   0.9999999999999997 
911   0.9120000000000007   0.9999999999999997 
912   0.9130000000000007   0.9999999999999997 
913   0.9140000000000007   0.9999999999999997 
914   0.9150000000000007   0.9999999999999997 
915   0.9160000000000007   0.9999999999999997 
916   0.9170000000000007   0.9999999999999997 
917   0.9180000000000007   0.9999999999999997 
918   0.9190000000000007   0.9999999999999997 
919   0.9200000000000007   0.9999999999999997 
920   0.9210000000000007   0.9999999999999997 
921   0.9220000000000007   0.9999999999999997 
922   0.9230000000000007   0.9999999999999997 
923   0.9240000000000007   0.9999999999999997 
924   0.9250000000000007   0.9999999999999997 
925   0.9260000000000007   0.9999999999999997 
926   0.9270000000000007   0.9999999999999997 
927   0.9280000000000007   0.9999999999999997 
928   0.9290000000000007   0.9999999999999997 
929   0.9300000000000007   0.9999999999999997 
930   0.9310000000000007   0.9999999999999997 
931   0.9320000000000007   0.9999999999999997 
932   0.9330000000000007   0.9999999999999997 
933   0.9340000000000007   0.9999999999999997 
934   0.9350000000000007   0.9999999999999997 
935   0.9360000000000007   0.9999999999999997 
936   0.9370000000000007   0.9999999999999997 
937   0.9380000000000007   0.9999999999999997 
938   0.9390000000000007   0.9999999999999997 
939   0.9400000000000007   0.9999999999999997 
940   0.9410000000000007   0.9999999999999997 
941   0.9420000000000007   0.9999999999999997 
942   0.9430000000000007   0.9999999999999997 
943   0.9440000000000007   0.9999999999999997 
944   0.9450000000000007   0.9999999999999997 
945   0.9460000000000007   0.9999999999999997 
946   0.9470000000000007   0.9999999999999997 
947   0.9480000000000007   0.9999999999999997 
948   0.9490000000000007   0.9999999999999997 
949   0.9500000000000007   0.9999999999999997 
950   0.9510000000000007   0.9999999999999997 
951   0.9520000000000007   0.9999999999999997 
952   0.9530000000000007   0.9999999999999997 
953   0.9540000000000007   0.9999999999999997 
954   0.9550000000000007   0.9999999999999997 
955   0.9560000000000007   0.9999999999999997 
956   0.9570000000000007   0.9999999999999997 
957   0.9580000000000007   0.9999999999999997 
958   0.9590000000000007   0.9999999999999997 
959   0.9600000000000007   0.9999999999999997 
960   0.9610000000000007   0.9999999999999997 
961   0.9620000000000007   0.9999999999999997 
962   0.9630000000000007   0.9999999999999997 
963   0.9640000000000007   0.9999999999999997 
964   0.9650000000000007   0.9999999999999997 
965   0.9660000000000007   0.9999999999999997 
966   0.9670000000000007   0.9999999999999997 
967   0.9680000000000007   0.9999999999999997 
968   0.9690000000000007   0.9999999999999997 
969   0.9700000000000008   0.9999999999999997 
970   0.9710000000000008   0.9999999999999997 
971   0.9720000000000008   0.9999999999999997 
972   0.9730000000000008   0.9999999999999997 
973   0.9740000000000008   0.9999999999999997 
974   0.9750000000000008   0.9999999999999997 
975   0.9760000000000008   0.9999999999999997 
976   0.9770000000000008   0.9999999999999997 
977   0.9780000000000008   0.9999999999999997 
978   0.9790000000000008   0.9999999999999997 
979   0.9800000000000008   0.9999999999999997 
980   0.9810000000000008   0.9999999999999997 
981   0.9820000000000008   0.9999999999999997 
982   0.9830000000000008   0.9999999999999997 
983   0.9840000000000008   0.9999999999999997 
984   0.9850000000000008   0.9999999999999997 
985   0.9860000000000008   0.9999999999999997 
986   0.9870000000000008   0.9999999999999997 
987   0.9880000000000008   0.9999999999999997 
988   0.9890000000000008   0.9999999999999997 
989   0.9900000000000008   0.9999999999999997 
990   0.9910000000000008   0.9999999999999997 
991   0.9920000000000008   0.9999999999999997 
992   0.9930000000000008   0.9999999999999997 
993   0.9940000000000008   0.9999999999999997 
994   0.9950000000000008   0.9999999999999997 
995   0.9960000000000008   0.9999999999999997 
996   0.9970000000000008   0.9999999999999997 
997   0.9980000000000008   0.9999999999999997 
998   0.9990000000000008   0.9999999999999997 
999   1.0000000000000007   0.9999999999999997 
