0   0.001   0 
1   0.001   0.09090909090909091 
2   0.003   0.09090909090909091 
3   0.004   0.09090909090909091 
4   0.005   0.09090909090909091 
5   0.006   0.09090909090909091 
6   0.007   0.09090909090909091 
7   0.007   0.18181818181818182 
8   0.009000000000000001   0.18181818181818182 
9   0.010000000000000002   0.18181818181818182 
10   0.011000000000000003   0.18181818181818182 
11   0.011000000000000003   0.36363636363636365 
12   0.012000000000000004   0.4545454545454546 
13   0.014000000000000005   0.4545454545454546 
14   0.015000000000000006   0.4545454545454546 
15   0.016000000000000007   0.4545454545454546 
16   0.017000000000000008   0.4545454545454546 
17   0.01800000000000001   0.4545454545454546 
18   0.01900000000000001   0.4545454545454546 
19   0.02000000000000001   0.4545454545454546 
20   0.02100000000000001   0.4545454545454546 
21   0.022000000000000013   0.4545454545454546 
22   0.023000000000000013   0.4545454545454546 
23   0.024000000000000014   0.4545454545454546 
24   0.025000000000000015   0.4545454545454546 
25   0.026000000000000016   0.4545454545454546 
26   0.027000000000000017   0.4545454545454546 
27   0.028000000000000018   0.4545454545454546 
28   0.02900000000000002   0.4545454545454546 
29   0.03000000000000002   0.4545454545454546 
30   0.03100000000000002   0.4545454545454546 
31   0.03200000000000002   0.4545454545454546 
32   0.03300000000000002   0.4545454545454546 
33   0.03400000000000002   0.4545454545454546 
34   0.035000000000000024   0.4545454545454546 
35   0.036000000000000025   0.4545454545454546 
36   0.037000000000000026   0.4545454545454546 
37   0.03800000000000003   0.4545454545454546 
38   0.03900000000000003   0.4545454545454546 
39   0.04000000000000003   0.4545454545454546 
40   0.04100000000000003   0.4545454545454546 
41   0.04200000000000003   0.4545454545454546 
42   0.04300000000000003   0.4545454545454546 
43   0.04400000000000003   0.4545454545454546 
44   0.04500000000000003   0.4545454545454546 
45   0.046000000000000034   0.4545454545454546 
46   0.047000000000000035   0.4545454545454546 
47   0.048000000000000036   0.4545454545454546 
48   0.04900000000000004   0.4545454545454546 
49   0.05000000000000004   0.4545454545454546 
50   0.05100000000000004   0.4545454545454546 
51   0.05200000000000004   0.4545454545454546 
52   0.05300000000000004   0.4545454545454546 
53   0.05400000000000004   0.4545454545454546 
54   0.05500000000000004   0.4545454545454546 
55   0.05600000000000004   0.4545454545454546 
56   0.057000000000000044   0.4545454545454546 
57   0.058000000000000045   0.4545454545454546 
58   0.059000000000000045   0.4545454545454546 
59   0.060000000000000046   0.4545454545454546 
60   0.06100000000000005   0.4545454545454546 
61   0.06200000000000005   0.4545454545454546 
62   0.06300000000000004   0.4545454545454546 
63   0.06400000000000004   0.4545454545454546 
64   0.06500000000000004   0.4545454545454546 
65   0.06600000000000004   0.4545454545454546 
66   0.06700000000000005   0.4545454545454546 
67   0.06800000000000005   0.4545454545454546 
68   0.06900000000000005   0.4545454545454546 
69   0.07000000000000005   0.4545454545454546 
70   0.07100000000000005   0.4545454545454546 
71   0.07200000000000005   0.4545454545454546 
72   0.07300000000000005   0.4545454545454546 
73   0.07400000000000005   0.4545454545454546 
74   0.07500000000000005   0.4545454545454546 
75   0.07600000000000005   0.4545454545454546 
76   0.07700000000000005   0.4545454545454546 
77   0.07800000000000006   0.4545454545454546 
78   0.07900000000000006   0.4545454545454546 
79   0.08000000000000006   0.4545454545454546 
80   0.08100000000000006   0.4545454545454546 
81   0.08200000000000006   0.4545454545454546 
82   0.08300000000000006   0.4545454545454546 
83   0.08400000000000006   0.4545454545454546 
84   0.08500000000000006   0.4545454545454546 
85   0.08600000000000006   0.4545454545454546 
86   0.08700000000000006   0.4545454545454546 
87   0.08800000000000006   0.4545454545454546 
88   0.08900000000000007   0.4545454545454546 
89   0.09000000000000007   0.4545454545454546 
90   0.09100000000000007   0.4545454545454546 
91   0.09200000000000007   0.4545454545454546 
92   0.09300000000000007   0.4545454545454546 
93   0.09400000000000007   0.4545454545454546 
94   0.09500000000000007   0.4545454545454546 
95   0.09600000000000007   0.4545454545454546 
96   0.09700000000000007   0.4545454545454546 
97   0.09800000000000007   0.4545454545454546 
98   0.09900000000000007   0.4545454545454546 
99   0.10000000000000007   0.4545454545454546 
100   0.10100000000000008   0.4545454545454546 
101   0.10200000000000008   0.4545454545454546 
102   0.10300000000000008   0.4545454545454546 
103   0.10400000000000008   0.4545454545454546 
104   0.10500000000000008   0.4545454545454546 
105   0.10600000000000008   0.4545454545454546 
106   0.10700000000000008   0.4545454545454546 
107   0.10800000000000008   0.4545454545454546 
108   0.10900000000000008   0.4545454545454546 
109   0.11000000000000008   0.4545454545454546 
110   0.11100000000000008   0.4545454545454546 
111   0.11200000000000009   0.4545454545454546 
112   0.11300000000000009   0.4545454545454546 
113   0.11400000000000009   0.4545454545454546 
114   0.11500000000000009   0.4545454545454546 
115   0.11600000000000009   0.4545454545454546 
116   0.11700000000000009   0.4545454545454546 
117   0.11800000000000009   0.4545454545454546 
118   0.11900000000000009   0.4545454545454546 
119   0.12000000000000009   0.4545454545454546 
120   0.1210000000000001   0.4545454545454546 
121   0.1220000000000001   0.4545454545454546 
122   0.1230000000000001   0.4545454545454546 
123   0.1240000000000001   0.4545454545454546 
124   0.12500000000000008   0.4545454545454546 
125   0.12600000000000008   0.4545454545454546 
126   0.12700000000000009   0.4545454545454546 
127   0.12800000000000009   0.4545454545454546 
128   0.1290000000000001   0.4545454545454546 
129   0.1300000000000001   0.4545454545454546 
130   0.1310000000000001   0.4545454545454546 
131   0.1320000000000001   0.4545454545454546 
132   0.1330000000000001   0.4545454545454546 
133   0.1340000000000001   0.4545454545454546 
134   0.1350000000000001   0.4545454545454546 
135   0.1360000000000001   0.4545454545454546 
136   0.1370000000000001   0.4545454545454546 
137   0.1380000000000001   0.4545454545454546 
138   0.1390000000000001   0.4545454545454546 
139   0.1400000000000001   0.4545454545454546 
140   0.1410000000000001   0.4545454545454546 
141   0.1420000000000001   0.4545454545454546 
142   0.1430000000000001   0.4545454545454546 
143   0.1440000000000001   0.4545454545454546 
144   0.1450000000000001   0.4545454545454546 
145   0.1460000000000001   0.4545454545454546 
146   0.1470000000000001   0.4545454545454546 
147   0.1480000000000001   0.4545454545454546 
148   0.1490000000000001   0.4545454545454546 
149   0.1500000000000001   0.4545454545454546 
150   0.1510000000000001   0.4545454545454546 
151   0.1520000000000001   0.4545454545454546 
152   0.1530000000000001   0.4545454545454546 
153   0.1540000000000001   0.4545454545454546 
154   0.1550000000000001   0.4545454545454546 
155   0.1560000000000001   0.4545454545454546 
156   0.1570000000000001   0.4545454545454546 
157   0.1580000000000001   0.4545454545454546 
158   0.1590000000000001   0.4545454545454546 
159   0.16000000000000011   0.4545454545454546 
160   0.16100000000000012   0.4545454545454546 
161   0.16200000000000012   0.4545454545454546 
162   0.16300000000000012   0.4545454545454546 
163   0.16400000000000012   0.4545454545454546 
164   0.16500000000000012   0.4545454545454546 
165   0.16600000000000012   0.4545454545454546 
166   0.16700000000000012   0.4545454545454546 
167   0.16800000000000012   0.4545454545454546 
168   0.16900000000000012   0.4545454545454546 
169   0.17000000000000012   0.4545454545454546 
170   0.17100000000000012   0.4545454545454546 
171   0.17200000000000013   0.4545454545454546 
172   0.17300000000000013   0.4545454545454546 
173   0.17400000000000013   0.4545454545454546 
174   0.17500000000000013   0.4545454545454546 
175   0.17600000000000013   0.4545454545454546 
176   0.17700000000000013   0.4545454545454546 
177   0.17800000000000013   0.4545454545454546 
178   0.17900000000000013   0.4545454545454546 
179   0.18000000000000013   0.4545454545454546 
180   0.18100000000000013   0.4545454545454546 
181   0.18200000000000013   0.4545454545454546 
182   0.18300000000000013   0.4545454545454546 
183   0.18400000000000014   0.4545454545454546 
184   0.18500000000000014   0.4545454545454546 
185   0.18600000000000014   0.4545454545454546 
186   0.18700000000000014   0.4545454545454546 
187   0.18800000000000014   0.4545454545454546 
188   0.18900000000000014   0.4545454545454546 
189   0.19000000000000014   0.4545454545454546 
190   0.19100000000000014   0.4545454545454546 
191   0.19200000000000014   0.4545454545454546 
192   0.19300000000000014   0.4545454545454546 
193   0.19400000000000014   0.4545454545454546 
194   0.19500000000000015   0.4545454545454546 
195   0.19600000000000015   0.4545454545454546 
196   0.19700000000000015   0.4545454545454546 
197   0.19800000000000015   0.4545454545454546 
198   0.19900000000000015   0.4545454545454546 
199   0.20000000000000015   0.4545454545454546 
200   0.20100000000000015   0.4545454545454546 
201   0.20200000000000015   0.4545454545454546 
202   0.20300000000000015   0.4545454545454546 
203   0.20400000000000015   0.4545454545454546 
204   0.20500000000000015   0.4545454545454546 
205   0.20600000000000016   0.4545454545454546 
206   0.20700000000000016   0.4545454545454546 
207   0.20800000000000016   0.4545454545454546 
208   0.20900000000000016   0.4545454545454546 
209   0.21000000000000016   0.4545454545454546 
210   0.21100000000000016   0.4545454545454546 
211   0.21200000000000016   0.4545454545454546 
212   0.21300000000000016   0.4545454545454546 
213   0.21400000000000016   0.4545454545454546 
214   0.21500000000000016   0.4545454545454546 
215   0.21600000000000016   0.4545454545454546 
216   0.21700000000000016   0.4545454545454546 
217   0.21800000000000017   0.4545454545454546 
218   0.21900000000000017   0.4545454545454546 
219   0.22000000000000017   0.4545454545454546 
220   0.22100000000000017   0.4545454545454546 
221   0.22200000000000017   0.4545454545454546 
222   0.22300000000000017   0.4545454545454546 
223   0.22400000000000017   0.4545454545454546 
224   0.22500000000000017   0.4545454545454546 
225   0.22600000000000017   0.4545454545454546 
226   0.22700000000000017   0.4545454545454546 
227   0.22800000000000017   0.4545454545454546 
228   0.22900000000000018   0.4545454545454546 
229   0.23000000000000018   0.4545454545454546 
230   0.23100000000000018   0.4545454545454546 
231   0.23200000000000018   0.4545454545454546 
232   0.23300000000000018   0.4545454545454546 
233   0.23400000000000018   0.4545454545454546 
234   0.23500000000000018   0.4545454545454546 
235   0.23600000000000018   0.4545454545454546 
236   0.23700000000000018   0.4545454545454546 
237   0.23800000000000018   0.4545454545454546 
238   0.23900000000000018   0.4545454545454546 
239   0.24000000000000019   0.4545454545454546 
240   0.2410000000000002   0.4545454545454546 
241   0.2420000000000002   0.4545454545454546 
242   0.2430000000000002   0.4545454545454546 
243   0.2440000000000002   0.4545454545454546 
244   0.2450000000000002   0.4545454545454546 
245   0.2460000000000002   0.4545454545454546 
246   0.2470000000000002   0.4545454545454546 
247   0.2480000000000002   0.4545454545454546 
248   0.2490000000000002   0.4545454545454546 
249   0.25000000000000017   0.4545454545454546 
250   0.25100000000000017   0.4545454545454546 
251   0.25200000000000017   0.4545454545454546 
252   0.25300000000000017   0.4545454545454546 
253   0.25400000000000017   0.4545454545454546 
254   0.25500000000000017   0.4545454545454546 
255   0.25600000000000017   0.4545454545454546 
256   0.2570000000000002   0.4545454545454546 
257   0.2580000000000002   0.4545454545454546 
258   0.2590000000000002   0.4545454545454546 
259   0.2600000000000002   0.4545454545454546 
260   0.2610000000000002   0.4545454545454546 
261   0.2620000000000002   0.4545454545454546 
262   0.2630000000000002   0.4545454545454546 
263   0.2640000000000002   0.4545454545454546 
264   0.2650000000000002   0.4545454545454546 
265   0.2660000000000002   0.4545454545454546 
266   0.2670000000000002   0.4545454545454546 
267   0.2680000000000002   0.4545454545454546 
268   0.2690000000000002   0.4545454545454546 
269   0.2700000000000002   0.4545454545454546 
270   0.2710000000000002   0.4545454545454546 
271   0.2720000000000002   0.4545454545454546 
272   0.2730000000000002   0.4545454545454546 
273   0.2740000000000002   0.4545454545454546 
274   0.2750000000000002   0.4545454545454546 
275   0.2760000000000002   0.4545454545454546 
276   0.2770000000000002   0.4545454545454546 
277   0.2780000000000002   0.4545454545454546 
278   0.2790000000000002   0.4545454545454546 
279   0.2800000000000002   0.4545454545454546 
280   0.2810000000000002   0.4545454545454546 
281   0.2820000000000002   0.4545454545454546 
282   0.2830000000000002   0.4545454545454546 
283   0.2840000000000002   0.4545454545454546 
284   0.2850000000000002   0.4545454545454546 
285   0.2860000000000002   0.4545454545454546 
286   0.2870000000000002   0.4545454545454546 
287   0.2880000000000002   0.4545454545454546 
288   0.2890000000000002   0.4545454545454546 
289   0.2900000000000002   0.4545454545454546 
290   0.2910000000000002   0.4545454545454546 
291   0.2920000000000002   0.4545454545454546 
292   0.2930000000000002   0.4545454545454546 
293   0.2940000000000002   0.4545454545454546 
294   0.2950000000000002   0.4545454545454546 
295   0.2960000000000002   0.4545454545454546 
296   0.2970000000000002   0.4545454545454546 
297   0.2980000000000002   0.4545454545454546 
298   0.2990000000000002   0.4545454545454546 
299   0.3000000000000002   0.4545454545454546 
300   0.3010000000000002   0.4545454545454546 
301   0.3020000000000002   0.4545454545454546 
302   0.3030000000000002   0.4545454545454546 
303   0.3040000000000002   0.4545454545454546 
304   0.3050000000000002   0.4545454545454546 
305   0.3060000000000002   0.4545454545454546 
306   0.3070000000000002   0.4545454545454546 
307   0.3080000000000002   0.4545454545454546 
308   0.3090000000000002   0.4545454545454546 
309   0.3100000000000002   0.4545454545454546 
310   0.3110000000000002   0.4545454545454546 
311   0.3120000000000002   0.4545454545454546 
312   0.3130000000000002   0.4545454545454546 
313   0.3140000000000002   0.4545454545454546 
314   0.3150000000000002   0.4545454545454546 
315   0.3160000000000002   0.4545454545454546 
316   0.3170000000000002   0.4545454545454546 
317   0.3180000000000002   0.4545454545454546 
318   0.31900000000000023   0.4545454545454546 
319   0.32000000000000023   0.4545454545454546 
320   0.32100000000000023   0.4545454545454546 
321   0.32200000000000023   0.4545454545454546 
322   0.32300000000000023   0.4545454545454546 
323   0.32400000000000023   0.4545454545454546 
324   0.32500000000000023   0.4545454545454546 
325   0.32600000000000023   0.4545454545454546 
326   0.32700000000000023   0.4545454545454546 
327   0.32800000000000024   0.4545454545454546 
328   0.32900000000000024   0.4545454545454546 
329   0.33000000000000024   0.4545454545454546 
330   0.33100000000000024   0.4545454545454546 
331   0.33200000000000024   0.4545454545454546 
332   0.33300000000000024   0.4545454545454546 
333   0.33400000000000024   0.4545454545454546 
334   0.33500000000000024   0.4545454545454546 
335   0.33600000000000024   0.4545454545454546 
336   0.33700000000000024   0.4545454545454546 
337   0.33800000000000024   0.4545454545454546 
338   0.33900000000000025   0.4545454545454546 
339   0.34000000000000025   0.4545454545454546 
340   0.34100000000000025   0.4545454545454546 
341   0.34200000000000025   0.4545454545454546 
342   0.34300000000000025   0.4545454545454546 
343   0.34400000000000025   0.4545454545454546 
344   0.34500000000000025   0.4545454545454546 
345   0.34600000000000025   0.4545454545454546 
346   0.34700000000000025   0.4545454545454546 
347   0.34800000000000025   0.4545454545454546 
348   0.34900000000000025   0.4545454545454546 
349   0.35000000000000026   0.4545454545454546 
350   0.35100000000000026   0.4545454545454546 
351   0.35200000000000026   0.4545454545454546 
352   0.35300000000000026   0.4545454545454546 
353   0.35400000000000026   0.4545454545454546 
354   0.35500000000000026   0.4545454545454546 
355   0.35600000000000026   0.4545454545454546 
356   0.35700000000000026   0.4545454545454546 
357   0.35800000000000026   0.4545454545454546 
358   0.35900000000000026   0.4545454545454546 
359   0.36000000000000026   0.4545454545454546 
360   0.36100000000000027   0.4545454545454546 
361   0.36200000000000027   0.4545454545454546 
362   0.36300000000000027   0.4545454545454546 
363   0.36400000000000027   0.4545454545454546 
364   0.36500000000000027   0.4545454545454546 
365   0.36600000000000027   0.4545454545454546 
366   0.36700000000000027   0.4545454545454546 
367   0.36800000000000027   0.4545454545454546 
368   0.36900000000000027   0.4545454545454546 
369   0.3700000000000003   0.4545454545454546 
370   0.3710000000000003   0.4545454545454546 
371   0.3720000000000003   0.4545454545454546 
372   0.3730000000000003   0.4545454545454546 
373   0.3740000000000003   0.4545454545454546 
374   0.3750000000000003   0.4545454545454546 
375   0.3760000000000003   0.4545454545454546 
376   0.3770000000000003   0.4545454545454546 
377   0.3780000000000003   0.4545454545454546 
378   0.3790000000000003   0.4545454545454546 
379   0.3800000000000003   0.4545454545454546 
380   0.3810000000000003   0.4545454545454546 
381   0.3820000000000003   0.4545454545454546 
382   0.3830000000000003   0.4545454545454546 
383   0.3840000000000003   0.4545454545454546 
384   0.3850000000000003   0.4545454545454546 
385   0.3860000000000003   0.4545454545454546 
386   0.3870000000000003   0.4545454545454546 
387   0.3880000000000003   0.4545454545454546 
388   0.3890000000000003   0.4545454545454546 
389   0.3900000000000003   0.4545454545454546 
390   0.3910000000000003   0.4545454545454546 
391   0.3920000000000003   0.4545454545454546 
392   0.3930000000000003   0.4545454545454546 
393   0.3940000000000003   0.4545454545454546 
394   0.3950000000000003   0.4545454545454546 
395   0.3960000000000003   0.4545454545454546 
396   0.3970000000000003   0.4545454545454546 
397   0.3980000000000003   0.4545454545454546 
398   0.3990000000000003   0.4545454545454546 
399   0.4000000000000003   0.4545454545454546 
400   0.4010000000000003   0.4545454545454546 
401   0.4020000000000003   0.4545454545454546 
402   0.4030000000000003   0.4545454545454546 
403   0.4040000000000003   0.4545454545454546 
404   0.4050000000000003   0.4545454545454546 
405   0.4060000000000003   0.4545454545454546 
406   0.4070000000000003   0.4545454545454546 
407   0.4080000000000003   0.4545454545454546 
408   0.4090000000000003   0.4545454545454546 
409   0.4100000000000003   0.4545454545454546 
410   0.4110000000000003   0.4545454545454546 
411   0.4120000000000003   0.4545454545454546 
412   0.4130000000000003   0.4545454545454546 
413   0.4140000000000003   0.4545454545454546 
414   0.4150000000000003   0.4545454545454546 
415   0.4160000000000003   0.4545454545454546 
416   0.4170000000000003   0.4545454545454546 
417   0.4180000000000003   0.4545454545454546 
418   0.4190000000000003   0.4545454545454546 
419   0.4200000000000003   0.4545454545454546 
420   0.4210000000000003   0.4545454545454546 
421   0.4220000000000003   0.4545454545454546 
422   0.4230000000000003   0.4545454545454546 
423   0.4240000000000003   0.4545454545454546 
424   0.4250000000000003   0.4545454545454546 
425   0.4260000000000003   0.4545454545454546 
426   0.4270000000000003   0.4545454545454546 
427   0.4280000000000003   0.4545454545454546 
428   0.4290000000000003   0.4545454545454546 
429   0.4300000000000003   0.4545454545454546 
430   0.4310000000000003   0.4545454545454546 
431   0.43200000000000033   0.4545454545454546 
432   0.43300000000000033   0.4545454545454546 
433   0.43400000000000033   0.4545454545454546 
434   0.43500000000000033   0.4545454545454546 
435   0.43600000000000033   0.4545454545454546 
436   0.43700000000000033   0.4545454545454546 
437   0.43800000000000033   0.4545454545454546 
438   0.43900000000000033   0.4545454545454546 
439   0.44000000000000034   0.4545454545454546 
440   0.44100000000000034   0.4545454545454546 
441   0.44200000000000034   0.4545454545454546 
442   0.44300000000000034   0.4545454545454546 
443   0.44400000000000034   0.4545454545454546 
444   0.44500000000000034   0.4545454545454546 
445   0.44600000000000034   0.4545454545454546 
446   0.44700000000000034   0.4545454545454546 
447   0.44800000000000034   0.4545454545454546 
448   0.44900000000000034   0.4545454545454546 
449   0.45000000000000034   0.4545454545454546 
450   0.45100000000000035   0.4545454545454546 
451   0.45200000000000035   0.4545454545454546 
452   0.45300000000000035   0.4545454545454546 
453   0.45400000000000035   0.4545454545454546 
454   0.45500000000000035   0.4545454545454546 
455   0.45600000000000035   0.4545454545454546 
456   0.45700000000000035   0.4545454545454546 
457   0.45800000000000035   0.4545454545454546 
458   0.45900000000000035   0.4545454545454546 
459   0.46000000000000035   0.4545454545454546 
460   0.46100000000000035   0.4545454545454546 
461   0.46200000000000035   0.4545454545454546 
462   0.46300000000000036   0.4545454545454546 
463   0.46400000000000036   0.4545454545454546 
464   0.46500000000000036   0.4545454545454546 
465   0.46600000000000036   0.4545454545454546 
466   0.46700000000000036   0.4545454545454546 
467   0.46800000000000036   0.4545454545454546 
468   0.46900000000000036   0.4545454545454546 
469   0.47000000000000036   0.4545454545454546 
470   0.47100000000000036   0.4545454545454546 
471   0.47200000000000036   0.4545454545454546 
472   0.47300000000000036   0.4545454545454546 
473   0.47400000000000037   0.4545454545454546 
474   0.47500000000000037   0.4545454545454546 
475   0.47600000000000037   0.4545454545454546 
476   0.47700000000000037   0.4545454545454546 
477   0.47800000000000037   0.4545454545454546 
478   0.47900000000000037   0.4545454545454546 
479   0.48000000000000037   0.4545454545454546 
480   0.48100000000000037   0.4545454545454546 
481   0.4820000000000004   0.4545454545454546 
482   0.4830000000000004   0.4545454545454546 
483   0.4840000000000004   0.4545454545454546 
484   0.4850000000000004   0.4545454545454546 
485   0.4860000000000004   0.4545454545454546 
486   0.4870000000000004   0.4545454545454546 
487   0.4880000000000004   0.4545454545454546 
488   0.4890000000000004   0.4545454545454546 
489   0.4900000000000004   0.4545454545454546 
490   0.4910000000000004   0.4545454545454546 
491   0.4920000000000004   0.4545454545454546 
492   0.4930000000000004   0.4545454545454546 
493   0.4940000000000004   0.4545454545454546 
494   0.4950000000000004   0.4545454545454546 
495   0.4960000000000004   0.4545454545454546 
496   0.4970000000000004   0.4545454545454546 
497   0.4980000000000004   0.4545454545454546 
498   0.4990000000000004   0.4545454545454546 
499   0.5000000000000003   0.4545454545454546 
500   0.5010000000000003   0.4545454545454546 
501   0.5020000000000003   0.4545454545454546 
502   0.5030000000000003   0.4545454545454546 
503   0.5040000000000003   0.4545454545454546 
504   0.5050000000000003   0.4545454545454546 
505   0.5060000000000003   0.4545454545454546 
506   0.5070000000000003   0.4545454545454546 
507   0.5080000000000003   0.4545454545454546 
508   0.5090000000000003   0.4545454545454546 
509   0.5100000000000003   0.4545454545454546 
510   0.5110000000000003   0.4545454545454546 
511   0.5120000000000003   0.4545454545454546 
512   0.5130000000000003   0.4545454545454546 
513   0.5140000000000003   0.4545454545454546 
514   0.5150000000000003   0.4545454545454546 
515   0.5160000000000003   0.4545454545454546 
516   0.5170000000000003   0.4545454545454546 
517   0.5180000000000003   0.4545454545454546 
518   0.5190000000000003   0.4545454545454546 
519   0.5200000000000004   0.4545454545454546 
520   0.5210000000000004   0.4545454545454546 
521   0.5220000000000004   0.4545454545454546 
522   0.5230000000000004   0.4545454545454546 
523   0.5240000000000004   0.4545454545454546 
524   0.5250000000000004   0.4545454545454546 
525   0.5260000000000004   0.4545454545454546 
526   0.5270000000000004   0.4545454545454546 
527   0.5280000000000004   0.4545454545454546 
528   0.5290000000000004   0.4545454545454546 
529   0.5300000000000004   0.4545454545454546 
530   0.5310000000000004   0.4545454545454546 
531   0.5320000000000004   0.4545454545454546 
532   0.5330000000000004   0.4545454545454546 
533   0.5340000000000004   0.4545454545454546 
534   0.5350000000000004   0.4545454545454546 
535   0.5360000000000004   0.4545454545454546 
536   0.5370000000000004   0.4545454545454546 
537   0.5380000000000004   0.4545454545454546 
538   0.5390000000000004   0.4545454545454546 
539   0.5400000000000004   0.4545454545454546 
540   0.5410000000000004   0.4545454545454546 
541   0.5420000000000004   0.4545454545454546 
542   0.5430000000000004   0.4545454545454546 
543   0.5440000000000004   0.4545454545454546 
544   0.5450000000000004   0.4545454545454546 
545   0.5460000000000004   0.4545454545454546 
546   0.5470000000000004   0.4545454545454546 
547   0.5480000000000004   0.4545454545454546 
548   0.5490000000000004   0.4545454545454546 
549   0.5500000000000004   0.4545454545454546 
550   0.5510000000000004   0.4545454545454546 
551   0.5520000000000004   0.4545454545454546 
552   0.5530000000000004   0.4545454545454546 
553   0.5540000000000004   0.4545454545454546 
554   0.5550000000000004   0.4545454545454546 
555   0.5560000000000004   0.4545454545454546 
556   0.5570000000000004   0.4545454545454546 
557   0.5580000000000004   0.4545454545454546 
558   0.5590000000000004   0.4545454545454546 
559   0.5600000000000004   0.4545454545454546 
560   0.5610000000000004   0.4545454545454546 
561   0.5620000000000004   0.4545454545454546 
562   0.5630000000000004   0.4545454545454546 
563   0.5640000000000004   0.4545454545454546 
564   0.5650000000000004   0.4545454545454546 
565   0.5660000000000004   0.4545454545454546 
566   0.5670000000000004   0.4545454545454546 
567   0.5680000000000004   0.4545454545454546 
568   0.5690000000000004   0.4545454545454546 
569   0.5700000000000004   0.4545454545454546 
570   0.5710000000000004   0.4545454545454546 
571   0.5720000000000004   0.4545454545454546 
572   0.5730000000000004   0.4545454545454546 
573   0.5740000000000004   0.4545454545454546 
574   0.5750000000000004   0.4545454545454546 
575   0.5760000000000004   0.4545454545454546 
576   0.5770000000000004   0.4545454545454546 
577   0.5780000000000004   0.4545454545454546 
578   0.5790000000000004   0.4545454545454546 
579   0.5800000000000004   0.4545454545454546 
580   0.5810000000000004   0.4545454545454546 
581   0.5820000000000004   0.4545454545454546 
582   0.5830000000000004   0.4545454545454546 
583   0.5840000000000004   0.4545454545454546 
584   0.5850000000000004   0.4545454545454546 
585   0.5860000000000004   0.4545454545454546 
586   0.5870000000000004   0.4545454545454546 
587   0.5880000000000004   0.4545454545454546 
588   0.5890000000000004   0.4545454545454546 
589   0.5900000000000004   0.4545454545454546 
590   0.5910000000000004   0.4545454545454546 
591   0.5920000000000004   0.4545454545454546 
592   0.5930000000000004   0.4545454545454546 
593   0.5940000000000004   0.4545454545454546 
594   0.5950000000000004   0.4545454545454546 
595   0.5960000000000004   0.4545454545454546 
596   0.5970000000000004   0.4545454545454546 
597   0.5980000000000004   0.4545454545454546 
598   0.5990000000000004   0.4545454545454546 
599   0.6000000000000004   0.4545454545454546 
600   0.6010000000000004   0.4545454545454546 
601   0.6020000000000004   0.4545454545454546 
602   0.6030000000000004   0.4545454545454546 
603   0.6040000000000004   0.4545454545454546 
604   0.6050000000000004   0.4545454545454546 
605   0.6060000000000004   0.4545454545454546 
606   0.6070000000000004   0.4545454545454546 
607   0.6080000000000004   0.4545454545454546 
608   0.6090000000000004   0.4545454545454546 
609   0.6100000000000004   0.4545454545454546 
610   0.6110000000000004   0.4545454545454546 
611   0.6120000000000004   0.4545454545454546 
612   0.6130000000000004   0.4545454545454546 
613   0.6140000000000004   0.4545454545454546 
614   0.6150000000000004   0.4545454545454546 
615   0.6160000000000004   0.4545454545454546 
616   0.6170000000000004   0.4545454545454546 
617   0.6180000000000004   0.4545454545454546 
618   0.6190000000000004   0.4545454545454546 
619   0.6200000000000004   0.4545454545454546 
620   0.6210000000000004   0.4545454545454546 
621   0.6220000000000004   0.4545454545454546 
622   0.6230000000000004   0.4545454545454546 
623   0.6240000000000004   0.4545454545454546 
624   0.6250000000000004   0.4545454545454546 
625   0.6260000000000004   0.4545454545454546 
626   0.6270000000000004   0.4545454545454546 
627   0.6280000000000004   0.4545454545454546 
628   0.6290000000000004   0.4545454545454546 
629   0.6300000000000004   0.4545454545454546 
630   0.6310000000000004   0.4545454545454546 
631   0.6320000000000005   0.4545454545454546 
632   0.6330000000000005   0.4545454545454546 
633   0.6340000000000005   0.4545454545454546 
634   0.6350000000000005   0.4545454545454546 
635   0.6360000000000005   0.4545454545454546 
636   0.6370000000000005   0.4545454545454546 
637   0.6380000000000005   0.4545454545454546 
638   0.6390000000000005   0.4545454545454546 
639   0.6400000000000005   0.4545454545454546 
640   0.6410000000000005   0.4545454545454546 
641   0.6420000000000005   0.4545454545454546 
642   0.6430000000000005   0.4545454545454546 
643   0.6440000000000005   0.4545454545454546 
644   0.6450000000000005   0.4545454545454546 
645   0.6460000000000005   0.4545454545454546 
646   0.6470000000000005   0.4545454545454546 
647   0.6480000000000005   0.4545454545454546 
648   0.6490000000000005   0.4545454545454546 
649   0.6500000000000005   0.4545454545454546 
650   0.6510000000000005   0.4545454545454546 
651   0.6520000000000005   0.4545454545454546 
652   0.6530000000000005   0.4545454545454546 
653   0.6540000000000005   0.4545454545454546 
654   0.6550000000000005   0.4545454545454546 
655   0.6560000000000005   0.4545454545454546 
656   0.6570000000000005   0.4545454545454546 
657   0.6580000000000005   0.4545454545454546 
658   0.6590000000000005   0.4545454545454546 
659   0.6600000000000005   0.4545454545454546 
660   0.6610000000000005   0.4545454545454546 
661   0.6620000000000005   0.4545454545454546 
662   0.6630000000000005   0.4545454545454546 
663   0.6640000000000005   0.4545454545454546 
664   0.6650000000000005   0.4545454545454546 
665   0.6660000000000005   0.4545454545454546 
666   0.6670000000000005   0.4545454545454546 
667   0.6680000000000005   0.4545454545454546 
668   0.6690000000000005   0.4545454545454546 
669   0.6700000000000005   0.4545454545454546 
670   0.6710000000000005   0.4545454545454546 
671   0.6720000000000005   0.4545454545454546 
672   0.6730000000000005   0.4545454545454546 
673   0.6740000000000005   0.4545454545454546 
674   0.6750000000000005   0.4545454545454546 
675   0.6760000000000005   0.4545454545454546 
676   0.6770000000000005   0.4545454545454546 
677   0.6780000000000005   0.4545454545454546 
678   0.6790000000000005   0.4545454545454546 
679   0.6800000000000005   0.4545454545454546 
680   0.6810000000000005   0.4545454545454546 
681   0.6820000000000005   0.4545454545454546 
682   0.6830000000000005   0.4545454545454546 
683   0.6840000000000005   0.4545454545454546 
684   0.6850000000000005   0.4545454545454546 
685   0.6860000000000005   0.4545454545454546 
686   0.6870000000000005   0.4545454545454546 
687   0.6880000000000005   0.4545454545454546 
688   0.6890000000000005   0.4545454545454546 
689   0.6900000000000005   0.4545454545454546 
690   0.6910000000000005   0.4545454545454546 
691   0.6920000000000005   0.4545454545454546 
692   0.6930000000000005   0.4545454545454546 
693   0.6940000000000005   0.4545454545454546 
694   0.6950000000000005   0.4545454545454546 
695   0.6960000000000005   0.4545454545454546 
696   0.6970000000000005   0.4545454545454546 
697   0.6980000000000005   0.4545454545454546 
698   0.6990000000000005   0.4545454545454546 
699   0.7000000000000005   0.4545454545454546 
700   0.7010000000000005   0.4545454545454546 
701   0.7020000000000005   0.4545454545454546 
702   0.7030000000000005   0.4545454545454546 
703   0.7040000000000005   0.4545454545454546 
704   0.7050000000000005   0.4545454545454546 
705   0.7060000000000005   0.4545454545454546 
706   0.7070000000000005   0.4545454545454546 
707   0.7080000000000005   0.4545454545454546 
708   0.7090000000000005   0.4545454545454546 
709   0.7100000000000005   0.4545454545454546 
710   0.7110000000000005   0.4545454545454546 
711   0.7120000000000005   0.4545454545454546 
712   0.7130000000000005   0.4545454545454546 
713   0.7140000000000005   0.4545454545454546 
714   0.7150000000000005   0.4545454545454546 
715   0.7160000000000005   0.4545454545454546 
716   0.7170000000000005   0.4545454545454546 
717   0.7180000000000005   0.4545454545454546 
718   0.7190000000000005   0.4545454545454546 
719   0.7200000000000005   0.4545454545454546 
720   0.7210000000000005   0.4545454545454546 
721   0.7220000000000005   0.4545454545454546 
722   0.7230000000000005   0.4545454545454546 
723   0.7240000000000005   0.4545454545454546 
724   0.7250000000000005   0.4545454545454546 
725   0.7250000000000005   0.5454545454545455 
726   0.7270000000000005   0.5454545454545455 
727   0.7270000000000005   0.6363636363636365 
728   0.7280000000000005   0.7272727272727274 
729   0.7290000000000005   0.8181818181818183 
730   0.7310000000000005   0.8181818181818183 
731   0.7310000000000005   0.9090909090909093 
732   0.7330000000000005   0.9090909090909093 
733   0.7340000000000005   0.9090909090909093 
734   0.7350000000000005   0.9090909090909093 
735   0.7360000000000005   0.9090909090909093 
736   0.7370000000000005   0.9090909090909093 
737   0.7380000000000005   0.9090909090909093 
738   0.7390000000000005   0.9090909090909093 
739   0.7400000000000005   0.9090909090909093 
740   0.7410000000000005   0.9090909090909093 
741   0.7420000000000005   0.9090909090909093 
742   0.7430000000000005   0.9090909090909093 
743   0.7440000000000005   0.9090909090909093 
744   0.7450000000000006   0.9090909090909093 
745   0.7460000000000006   0.9090909090909093 
746   0.7470000000000006   0.9090909090909093 
747   0.7480000000000006   0.9090909090909093 
748   0.7490000000000006   0.9090909090909093 
749   0.7500000000000006   0.9090909090909093 
750   0.7510000000000006   0.9090909090909093 
751   0.7520000000000006   0.9090909090909093 
752   0.7530000000000006   0.9090909090909093 
753   0.7540000000000006   0.9090909090909093 
754   0.7550000000000006   0.9090909090909093 
755   0.7560000000000006   0.9090909090909093 
756   0.7570000000000006   0.9090909090909093 
757   0.7580000000000006   0.9090909090909093 
758   0.7590000000000006   0.9090909090909093 
759   0.7600000000000006   0.9090909090909093 
760   0.7610000000000006   0.9090909090909093 
761   0.7620000000000006   0.9090909090909093 
762   0.7630000000000006   0.9090909090909093 
763   0.7640000000000006   0.9090909090909093 
764   0.7650000000000006   0.9090909090909093 
765   0.7660000000000006   0.9090909090909093 
766   0.7670000000000006   0.9090909090909093 
767   0.7680000000000006   0.9090909090909093 
768   0.7690000000000006   0.9090909090909093 
769   0.7700000000000006   0.9090909090909093 
770   0.7710000000000006   0.9090909090909093 
771   0.7720000000000006   0.9090909090909093 
772   0.7730000000000006   0.9090909090909093 
773   0.7730000000000006   1.0000000000000002 
774   0.7750000000000006   1.0000000000000002 
775   0.7760000000000006   1.0000000000000002 
776   0.7770000000000006   1.0000000000000002 
777   0.7780000000000006   1.0000000000000002 
778   0.7790000000000006   1.0000000000000002 
779   0.7800000000000006   1.0000000000000002 
780   0.7810000000000006   1.0000000000000002 
781   0.7820000000000006   1.0000000000000002 
782   0.7830000000000006   1.0000000000000002 
783   0.7840000000000006   1.0000000000000002 
784   0.7850000000000006   1.0000000000000002 
785   0.7860000000000006   1.0000000000000002 
786   0.7870000000000006   1.0000000000000002 
787   0.7880000000000006   1.0000000000000002 
788   0.7890000000000006   1.0000000000000002 
789   0.7900000000000006   1.0000000000000002 
790   0.7910000000000006   1.0000000000000002 
791   0.7920000000000006   1.0000000000000002 
792   0.7930000000000006   1.0000000000000002 
793   0.7940000000000006   1.0000000000000002 
794   0.7950000000000006   1.0000000000000002 
795   0.7960000000000006   1.0000000000000002 
796   0.7970000000000006   1.0000000000000002 
797   0.7980000000000006   1.0000000000000002 
798   0.7990000000000006   1.0000000000000002 
799   0.8000000000000006   1.0000000000000002 
800   0.8010000000000006   1.0000000000000002 
801   0.8020000000000006   1.0000000000000002 
802   0.8030000000000006   1.0000000000000002 
803   0.8040000000000006   1.0000000000000002 
804   0.8050000000000006   1.0000000000000002 
805   0.8060000000000006   1.0000000000000002 
806   0.8070000000000006   1.0000000000000002 
807   0.8080000000000006   1.0000000000000002 
808   0.8090000000000006   1.0000000000000002 
809   0.8100000000000006   1.0000000000000002 
810   0.8110000000000006   1.0000000000000002 
811   0.8120000000000006   1.0000000000000002 
812   0.8130000000000006   1.0000000000000002 
813   0.8140000000000006   1.0000000000000002 
814   0.8150000000000006   1.0000000000000002 
815   0.8160000000000006   1.0000000000000002 
816   0.8170000000000006   1.0000000000000002 
817   0.8180000000000006   1.0000000000000002 
818   0.8190000000000006   1.0000000000000002 
819   0.8200000000000006   1.0000000000000002 
820   0.8210000000000006   1.0000000000000002 
821   0.8220000000000006   1.0000000000000002 
822   0.8230000000000006   1.0000000000000002 
823   0.8240000000000006   1.0000000000000002 
824   0.8250000000000006   1.0000000000000002 
825   0.8260000000000006   1.0000000000000002 
826   0.8270000000000006   1.0000000000000002 
827   0.8280000000000006   1.0000000000000002 
828   0.8290000000000006   1.0000000000000002 
829   0.8300000000000006   1.0000000000000002 
830   0.8310000000000006   1.0000000000000002 
831   0.8320000000000006   1.0000000000000002 
832   0.8330000000000006   1.0000000000000002 
833   0.8340000000000006   1.0000000000000002 
834   0.8350000000000006   1.0000000000000002 
835   0.8360000000000006   1.0000000000000002 
836   0.8370000000000006   1.0000000000000002 
837   0.8380000000000006   1.0000000000000002 
838   0.8390000000000006   1.0000000000000002 
839   0.8400000000000006   1.0000000000000002 
840   0.8410000000000006   1.0000000000000002 
841   0.8420000000000006   1.0000000000000002 
842   0.8430000000000006   1.0000000000000002 
843   0.8440000000000006   1.0000000000000002 
844   0.8450000000000006   1.0000000000000002 
845   0.8460000000000006   1.0000000000000002 
846   0.8470000000000006   1.0000000000000002 
847   0.8480000000000006   1.0000000000000002 
848   0.8490000000000006   1.0000000000000002 
849   0.8500000000000006   1.0000000000000002 
850   0.8510000000000006   1.0000000000000002 
851   0.8520000000000006   1.0000000000000002 
852   0.8530000000000006   1.0000000000000002 
853   0.8540000000000006   1.0000000000000002 
854   0.8550000000000006   1.0000000000000002 
855   0.8560000000000006   1.0000000000000002 
856   0.8570000000000007   1.0000000000000002 
857   0.8580000000000007   1.0000000000000002 
858   0.8590000000000007   1.0000000000000002 
859   0.8600000000000007   1.0000000000000002 
860   0.8610000000000007   1.0000000000000002 
861   0.8620000000000007   1.0000000000000002 
862   0.8630000000000007   1.0000000000000002 
863   0.8640000000000007   1.0000000000000002 
864   0.8650000000000007   1.0000000000000002 
865   0.8660000000000007   1.0000000000000002 
866   0.8670000000000007   1.0000000000000002 
867   0.8680000000000007   1.0000000000000002 
868   0.8690000000000007   1.0000000000000002 
869   0.8700000000000007   1.0000000000000002 
870   0.8710000000000007   1.0000000000000002 
871   0.8720000000000007   1.0000000000000002 
872   0.8730000000000007   1.0000000000000002 
873   0.8740000000000007   1.0000000000000002 
874   0.8750000000000007   1.0000000000000002 
875   0.8760000000000007   1.0000000000000002 
876   0.8770000000000007   1.0000000000000002 
877   0.8780000000000007   1.0000000000000002 
878   0.8790000000000007   1.0000000000000002 
879   0.8800000000000007   1.0000000000000002 
880   0.8810000000000007   1.0000000000000002 
881   0.8820000000000007   1.0000000000000002 
882   0.8830000000000007   1.0000000000000002 
883   0.8840000000000007   1.0000000000000002 
884   0.8850000000000007   1.0000000000000002 
885   0.8860000000000007   1.0000000000000002 
886   0.8870000000000007   1.0000000000000002 
887   0.8880000000000007   1.0000000000000002 
888   0.8890000000000007   1.0000000000000002 
889   0.8900000000000007   1.0000000000000002 
890   0.8910000000000007   1.0000000000000002 
891   0.8920000000000007   1.0000000000000002 
892   0.8930000000000007   1.0000000000000002 
893   0.8940000000000007   1.0000000000000002 
894   0.8950000000000007   1.0000000000000002 
895   0.8960000000000007   1.0000000000000002 
896   0.8970000000000007   1.0000000000000002 
897   0.8980000000000007   1.0000000000000002 
898   0.8990000000000007   1.0000000000000002 
899   0.9000000000000007   1.0000000000000002 
900   0.9010000000000007   1.0000000000000002 
901   0.9020000000000007   1.0000000000000002 
902   0.9030000000000007   1.0000000000000002 
903   0.9040000000000007   1.0000000000000002 
904   0.9050000000000007   1.0000000000000002 
905   0.9060000000000007   1.0000000000000002 
906   0.9070000000000007   1.0000000000000002 
907   0.9080000000000007   1.0000000000000002 
908   0.9090000000000007   1.0000000000000002 
909   0.9100000000000007   1.0000000000000002 
910   0.9110000000000007   1.0000000000000002 
911   0.9120000000000007   1.0000000000000002 
912   0.9130000000000007   1.0000000000000002 
913   0.9140000000000007   1.0000000000000002 
914   0.9150000000000007   1.0000000000000002 
915   0.9160000000000007   1.0000000000000002 
916   0.9170000000000007   1.0000000000000002 
917   0.9180000000000007   1.0000000000000002 
918   0.9190000000000007   1.0000000000000002 
919   0.9200000000000007   1.0000000000000002 
920   0.9210000000000007   1.0000000000000002 
921   0.9220000000000007   1.0000000000000002 
922   0.9230000000000007   1.0000000000000002 
923   0.9240000000000007   1.0000000000000002 
924   0.9250000000000007   1.0000000000000002 
925   0.9260000000000007   1.0000000000000002 
926   0.9270000000000007   1.0000000000000002 
927   0.9280000000000007   1.0000000000000002 
928   0.9290000000000007   1.0000000000000002 
929   0.9300000000000007   1.0000000000000002 
930   0.9310000000000007   1.0000000000000002 
931   0.9320000000000007   1.0000000000000002 
932   0.9330000000000007   1.0000000000000002 
933   0.9340000000000007   1.0000000000000002 
934   0.9350000000000007   1.0000000000000002 
935   0.9360000000000007   1.0000000000000002 
936   0.9370000000000007   1.0000000000000002 
937   0.9380000000000007   1.0000000000000002 
938   0.9390000000000007   1.0000000000000002 
939   0.9400000000000007   1.0000000000000002 
940   0.9410000000000007   1.0000000000000002 
941   0.9420000000000007   1.0000000000000002 
942   0.9430000000000007   1.0000000000000002 
943   0.9440000000000007   1.0000000000000002 
944   0.9450000000000007   1.0000000000000002 
945   0.9460000000000007   1.0000000000000002 
946   0.9470000000000007   1.0000000000000002 
947   0.9480000000000007   1.0000000000000002 
948   0.9490000000000007   1.0000000000000002 
949   0.9500000000000007   1.0000000000000002 
950   0.9510000000000007   1.0000000000000002 
951   0.9520000000000007   1.0000000000000002 
952   0.9530000000000007   1.0000000000000002 
953   0.9540000000000007   1.0000000000000002 
954   0.9550000000000007   1.0000000000000002 
955   0.9560000000000007   1.0000000000000002 
956   0.9570000000000007   1.0000000000000002 
957   0.9580000000000007   1.0000000000000002 
958   0.9590000000000007   1.0000000000000002 
959   0.9600000000000007   1.0000000000000002 
960   0.9610000000000007   1.0000000000000002 
961   0.9620000000000007   1.0000000000000002 
962   0.9630000000000007   1.0000000000000002 
963   0.9640000000000007   1.0000000000000002 
964   0.9650000000000007   1.0000000000000002 
965   0.9660000000000007   1.0000000000000002 
966   0.9670000000000007   1.0000000000000002 
967   0.9680000000000007   1.0000000000000002 
968   0.9690000000000007   1.0000000000000002 
969   0.9700000000000008   1.0000000000000002 
970   0.9710000000000008   1.0000000000000002 
971   0.9720000000000008   1.0000000000000002 
972   0.9730000000000008   1.0000000000000002 
973   0.9740000000000008   1.0000000000000002 
974   0.9750000000000008   1.0000000000000002 
975   0.9760000000000008   1.0000000000000002 
976   0.9770000000000008   1.0000000000000002 
977   0.9780000000000008   1.0000000000000002 
978   0.9790000000000008   1.0000000000000002 
979   0.9800000000000008   1.0000000000000002 
980   0.9810000000000008   1.0000000000000002 
981   0.9820000000000008   1.0000000000000002 
982   0.9830000000000008   1.0000000000000002 
983   0.9840000000000008   1.0000000000000002 
984   0.9850000000000008   1.0000000000000002 
985   0.9860000000000008   1.0000000000000002 
986   0.9870000000000008   1.0000000000000002 
987   0.9880000000000008   1.0000000000000002 
988   0.9890000000000008   1.0000000000000002 
989   0.9900000000000008   1.0000000000000002 
990   0.9910000000000008   1.0000000000000002 
991   0.9920000000000008   1.0000000000000002 
992   0.9930000000000008   1.0000000000000002 
993   0.9940000000000008   1.0000000000000002 
994   0.9950000000000008   1.0000000000000002 
995   0.9960000000000008   1.0000000000000002 
996   0.9970000000000008   1.0000000000000002 
997   0.9980000000000008   1.0000000000000002 
998   0.9990000000000008   1.0000000000000002 
999   1.0000000000000007   1.0000000000000002 
