0   0.001   0 
1   0.002   0 
2   0.003   0 
3   0.004   0 
4   0.005   0 
5   0.006   0 
6   0.007   0 
7   0.008   0 
8   0.008   0.09090909090909091 
9   0.009000000000000001   0.18181818181818182 
10   0.011000000000000003   0.18181818181818182 
11   0.012000000000000004   0.18181818181818182 
12   0.013000000000000005   0.18181818181818182 
13   0.014000000000000005   0.18181818181818182 
14   0.015000000000000006   0.18181818181818182 
15   0.016000000000000007   0.18181818181818182 
16   0.017000000000000008   0.18181818181818182 
17   0.01800000000000001   0.18181818181818182 
18   0.01900000000000001   0.18181818181818182 
19   0.02000000000000001   0.18181818181818182 
20   0.02100000000000001   0.18181818181818182 
21   0.022000000000000013   0.18181818181818182 
22   0.023000000000000013   0.18181818181818182 
23   0.024000000000000014   0.18181818181818182 
24   0.025000000000000015   0.18181818181818182 
25   0.026000000000000016   0.18181818181818182 
26   0.027000000000000017   0.18181818181818182 
27   0.028000000000000018   0.18181818181818182 
28   0.02900000000000002   0.18181818181818182 
29   0.03000000000000002   0.18181818181818182 
30   0.03100000000000002   0.18181818181818182 
31   0.03200000000000002   0.18181818181818182 
32   0.03300000000000002   0.18181818181818182 
33   0.03400000000000002   0.18181818181818182 
34   0.035000000000000024   0.18181818181818182 
35   0.036000000000000025   0.18181818181818182 
36   0.037000000000000026   0.18181818181818182 
37   0.03800000000000003   0.18181818181818182 
38   0.03900000000000003   0.18181818181818182 
39   0.04000000000000003   0.18181818181818182 
40   0.04100000000000003   0.18181818181818182 
41   0.04200000000000003   0.18181818181818182 
42   0.04300000000000003   0.18181818181818182 
43   0.04400000000000003   0.18181818181818182 
44   0.04500000000000003   0.18181818181818182 
45   0.046000000000000034   0.18181818181818182 
46   0.047000000000000035   0.18181818181818182 
47   0.047000000000000035   0.2727272727272727 
48   0.04900000000000004   0.2727272727272727 
49   0.05000000000000004   0.2727272727272727 
50   0.05100000000000004   0.2727272727272727 
51   0.05200000000000004   0.2727272727272727 
52   0.05300000000000004   0.2727272727272727 
53   0.05400000000000004   0.2727272727272727 
54   0.05500000000000004   0.2727272727272727 
55   0.05600000000000004   0.2727272727272727 
56   0.057000000000000044   0.2727272727272727 
57   0.058000000000000045   0.2727272727272727 
58   0.059000000000000045   0.2727272727272727 
59   0.060000000000000046   0.2727272727272727 
60   0.060000000000000046   0.36363636363636365 
61   0.06200000000000005   0.36363636363636365 
62   0.06300000000000004   0.36363636363636365 
63   0.06400000000000004   0.36363636363636365 
64   0.06500000000000004   0.36363636363636365 
65   0.06600000000000004   0.36363636363636365 
66   0.06700000000000005   0.36363636363636365 
67   0.06800000000000005   0.36363636363636365 
68   0.06900000000000005   0.36363636363636365 
69   0.07000000000000005   0.36363636363636365 
70   0.07100000000000005   0.36363636363636365 
71   0.07200000000000005   0.36363636363636365 
72   0.07300000000000005   0.36363636363636365 
73   0.07400000000000005   0.36363636363636365 
74   0.07500000000000005   0.36363636363636365 
75   0.07600000000000005   0.36363636363636365 
76   0.07700000000000005   0.36363636363636365 
77   0.07800000000000006   0.36363636363636365 
78   0.07900000000000006   0.36363636363636365 
79   0.08000000000000006   0.36363636363636365 
80   0.08100000000000006   0.36363636363636365 
81   0.08200000000000006   0.36363636363636365 
82   0.08300000000000006   0.36363636363636365 
83   0.08400000000000006   0.36363636363636365 
84   0.08500000000000006   0.36363636363636365 
85   0.08600000000000006   0.36363636363636365 
86   0.08700000000000006   0.36363636363636365 
87   0.08800000000000006   0.36363636363636365 
88   0.08900000000000007   0.36363636363636365 
89   0.09000000000000007   0.36363636363636365 
90   0.09100000000000007   0.36363636363636365 
91   0.09200000000000007   0.36363636363636365 
92   0.09300000000000007   0.36363636363636365 
93   0.09400000000000007   0.36363636363636365 
94   0.09500000000000007   0.36363636363636365 
95   0.09600000000000007   0.36363636363636365 
96   0.09700000000000007   0.36363636363636365 
97   0.09800000000000007   0.36363636363636365 
98   0.09900000000000007   0.36363636363636365 
99   0.10000000000000007   0.36363636363636365 
100   0.10100000000000008   0.36363636363636365 
101   0.10200000000000008   0.36363636363636365 
102   0.10300000000000008   0.36363636363636365 
103   0.10400000000000008   0.36363636363636365 
104   0.10500000000000008   0.36363636363636365 
105   0.10600000000000008   0.36363636363636365 
106   0.10700000000000008   0.36363636363636365 
107   0.10800000000000008   0.36363636363636365 
108   0.10900000000000008   0.36363636363636365 
109   0.11000000000000008   0.36363636363636365 
110   0.11100000000000008   0.36363636363636365 
111   0.11200000000000009   0.36363636363636365 
112   0.11300000000000009   0.36363636363636365 
113   0.11400000000000009   0.36363636363636365 
114   0.11500000000000009   0.36363636363636365 
115   0.11600000000000009   0.36363636363636365 
116   0.11700000000000009   0.36363636363636365 
117   0.11800000000000009   0.36363636363636365 
118   0.11900000000000009   0.36363636363636365 
119   0.12000000000000009   0.36363636363636365 
120   0.1210000000000001   0.36363636363636365 
121   0.1220000000000001   0.36363636363636365 
122   0.1230000000000001   0.36363636363636365 
123   0.1240000000000001   0.36363636363636365 
124   0.12500000000000008   0.36363636363636365 
125   0.12600000000000008   0.36363636363636365 
126   0.12700000000000009   0.36363636363636365 
127   0.12800000000000009   0.36363636363636365 
128   0.1290000000000001   0.36363636363636365 
129   0.1300000000000001   0.36363636363636365 
130   0.1310000000000001   0.36363636363636365 
131   0.1320000000000001   0.36363636363636365 
132   0.1330000000000001   0.36363636363636365 
133   0.1340000000000001   0.36363636363636365 
134   0.1350000000000001   0.36363636363636365 
135   0.1360000000000001   0.36363636363636365 
136   0.1370000000000001   0.36363636363636365 
137   0.1380000000000001   0.36363636363636365 
138   0.1390000000000001   0.36363636363636365 
139   0.1400000000000001   0.36363636363636365 
140   0.1410000000000001   0.36363636363636365 
141   0.1420000000000001   0.36363636363636365 
142   0.1430000000000001   0.36363636363636365 
143   0.1440000000000001   0.36363636363636365 
144   0.1450000000000001   0.36363636363636365 
145   0.1460000000000001   0.36363636363636365 
146   0.1470000000000001   0.36363636363636365 
147   0.1480000000000001   0.36363636363636365 
148   0.1490000000000001   0.36363636363636365 
149   0.1500000000000001   0.36363636363636365 
150   0.1510000000000001   0.36363636363636365 
151   0.1520000000000001   0.36363636363636365 
152   0.1530000000000001   0.36363636363636365 
153   0.1540000000000001   0.36363636363636365 
154   0.1550000000000001   0.36363636363636365 
155   0.1560000000000001   0.36363636363636365 
156   0.1570000000000001   0.36363636363636365 
157   0.1580000000000001   0.36363636363636365 
158   0.1590000000000001   0.36363636363636365 
159   0.16000000000000011   0.36363636363636365 
160   0.16100000000000012   0.36363636363636365 
161   0.16200000000000012   0.36363636363636365 
162   0.16300000000000012   0.36363636363636365 
163   0.16400000000000012   0.36363636363636365 
164   0.16500000000000012   0.36363636363636365 
165   0.16600000000000012   0.36363636363636365 
166   0.16700000000000012   0.36363636363636365 
167   0.16800000000000012   0.36363636363636365 
168   0.16900000000000012   0.36363636363636365 
169   0.17000000000000012   0.36363636363636365 
170   0.17100000000000012   0.36363636363636365 
171   0.17200000000000013   0.36363636363636365 
172   0.17300000000000013   0.36363636363636365 
173   0.17400000000000013   0.36363636363636365 
174   0.17500000000000013   0.36363636363636365 
175   0.17600000000000013   0.36363636363636365 
176   0.17700000000000013   0.36363636363636365 
177   0.17800000000000013   0.36363636363636365 
178   0.17900000000000013   0.36363636363636365 
179   0.18000000000000013   0.36363636363636365 
180   0.18100000000000013   0.36363636363636365 
181   0.18200000000000013   0.36363636363636365 
182   0.18300000000000013   0.36363636363636365 
183   0.18400000000000014   0.36363636363636365 
184   0.18500000000000014   0.36363636363636365 
185   0.18600000000000014   0.36363636363636365 
186   0.18700000000000014   0.36363636363636365 
187   0.18800000000000014   0.36363636363636365 
188   0.18900000000000014   0.36363636363636365 
189   0.19000000000000014   0.36363636363636365 
190   0.19100000000000014   0.36363636363636365 
191   0.19200000000000014   0.36363636363636365 
192   0.19300000000000014   0.36363636363636365 
193   0.19400000000000014   0.36363636363636365 
194   0.19500000000000015   0.36363636363636365 
195   0.19600000000000015   0.36363636363636365 
196   0.19700000000000015   0.36363636363636365 
197   0.19800000000000015   0.36363636363636365 
198   0.19900000000000015   0.36363636363636365 
199   0.20000000000000015   0.36363636363636365 
200   0.20100000000000015   0.36363636363636365 
201   0.20200000000000015   0.36363636363636365 
202   0.20300000000000015   0.36363636363636365 
203   0.20400000000000015   0.36363636363636365 
204   0.20500000000000015   0.36363636363636365 
205   0.20600000000000016   0.36363636363636365 
206   0.20700000000000016   0.36363636363636365 
207   0.20800000000000016   0.36363636363636365 
208   0.20900000000000016   0.36363636363636365 
209   0.21000000000000016   0.36363636363636365 
210   0.21100000000000016   0.36363636363636365 
211   0.21200000000000016   0.36363636363636365 
212   0.21300000000000016   0.36363636363636365 
213   0.21400000000000016   0.36363636363636365 
214   0.21500000000000016   0.36363636363636365 
215   0.21600000000000016   0.36363636363636365 
216   0.21700000000000016   0.36363636363636365 
217   0.21800000000000017   0.36363636363636365 
218   0.21900000000000017   0.36363636363636365 
219   0.22000000000000017   0.36363636363636365 
220   0.22100000000000017   0.36363636363636365 
221   0.22200000000000017   0.36363636363636365 
222   0.22300000000000017   0.36363636363636365 
223   0.22400000000000017   0.36363636363636365 
224   0.22500000000000017   0.36363636363636365 
225   0.22600000000000017   0.36363636363636365 
226   0.22700000000000017   0.36363636363636365 
227   0.22800000000000017   0.36363636363636365 
228   0.22900000000000018   0.36363636363636365 
229   0.23000000000000018   0.36363636363636365 
230   0.23100000000000018   0.36363636363636365 
231   0.23200000000000018   0.36363636363636365 
232   0.23300000000000018   0.36363636363636365 
233   0.23400000000000018   0.36363636363636365 
234   0.23500000000000018   0.36363636363636365 
235   0.23600000000000018   0.36363636363636365 
236   0.23700000000000018   0.36363636363636365 
237   0.23800000000000018   0.36363636363636365 
238   0.23900000000000018   0.36363636363636365 
239   0.24000000000000019   0.36363636363636365 
240   0.2410000000000002   0.36363636363636365 
241   0.2420000000000002   0.36363636363636365 
242   0.2430000000000002   0.36363636363636365 
243   0.2440000000000002   0.36363636363636365 
244   0.2450000000000002   0.36363636363636365 
245   0.2460000000000002   0.36363636363636365 
246   0.2470000000000002   0.36363636363636365 
247   0.2480000000000002   0.36363636363636365 
248   0.2490000000000002   0.36363636363636365 
249   0.25000000000000017   0.36363636363636365 
250   0.25100000000000017   0.36363636363636365 
251   0.25200000000000017   0.36363636363636365 
252   0.25300000000000017   0.36363636363636365 
253   0.25400000000000017   0.36363636363636365 
254   0.25500000000000017   0.36363636363636365 
255   0.25600000000000017   0.36363636363636365 
256   0.2570000000000002   0.36363636363636365 
257   0.2580000000000002   0.36363636363636365 
258   0.2590000000000002   0.36363636363636365 
259   0.2600000000000002   0.36363636363636365 
260   0.2610000000000002   0.36363636363636365 
261   0.2620000000000002   0.36363636363636365 
262   0.2630000000000002   0.36363636363636365 
263   0.2640000000000002   0.36363636363636365 
264   0.2650000000000002   0.36363636363636365 
265   0.2660000000000002   0.36363636363636365 
266   0.2670000000000002   0.36363636363636365 
267   0.2680000000000002   0.36363636363636365 
268   0.2690000000000002   0.36363636363636365 
269   0.2700000000000002   0.36363636363636365 
270   0.2710000000000002   0.36363636363636365 
271   0.2720000000000002   0.36363636363636365 
272   0.2730000000000002   0.36363636363636365 
273   0.2740000000000002   0.36363636363636365 
274   0.2750000000000002   0.36363636363636365 
275   0.2760000000000002   0.36363636363636365 
276   0.2770000000000002   0.36363636363636365 
277   0.2780000000000002   0.36363636363636365 
278   0.2790000000000002   0.36363636363636365 
279   0.2800000000000002   0.36363636363636365 
280   0.2810000000000002   0.36363636363636365 
281   0.2820000000000002   0.36363636363636365 
282   0.2830000000000002   0.36363636363636365 
283   0.2840000000000002   0.36363636363636365 
284   0.2850000000000002   0.36363636363636365 
285   0.2860000000000002   0.36363636363636365 
286   0.2870000000000002   0.36363636363636365 
287   0.2880000000000002   0.36363636363636365 
288   0.2890000000000002   0.36363636363636365 
289   0.2900000000000002   0.36363636363636365 
290   0.2910000000000002   0.36363636363636365 
291   0.2920000000000002   0.36363636363636365 
292   0.2930000000000002   0.36363636363636365 
293   0.2940000000000002   0.36363636363636365 
294   0.2950000000000002   0.36363636363636365 
295   0.2960000000000002   0.36363636363636365 
296   0.2970000000000002   0.36363636363636365 
297   0.2980000000000002   0.36363636363636365 
298   0.2990000000000002   0.36363636363636365 
299   0.3000000000000002   0.36363636363636365 
300   0.3010000000000002   0.36363636363636365 
301   0.3020000000000002   0.36363636363636365 
302   0.3030000000000002   0.36363636363636365 
303   0.3040000000000002   0.36363636363636365 
304   0.3050000000000002   0.36363636363636365 
305   0.3060000000000002   0.36363636363636365 
306   0.3070000000000002   0.36363636363636365 
307   0.3080000000000002   0.36363636363636365 
308   0.3090000000000002   0.36363636363636365 
309   0.3100000000000002   0.36363636363636365 
310   0.3110000000000002   0.36363636363636365 
311   0.3120000000000002   0.36363636363636365 
312   0.3130000000000002   0.36363636363636365 
313   0.3140000000000002   0.36363636363636365 
314   0.3150000000000002   0.36363636363636365 
315   0.3160000000000002   0.36363636363636365 
316   0.3170000000000002   0.36363636363636365 
317   0.3180000000000002   0.36363636363636365 
318   0.31900000000000023   0.36363636363636365 
319   0.32000000000000023   0.36363636363636365 
320   0.32100000000000023   0.36363636363636365 
321   0.32200000000000023   0.36363636363636365 
322   0.32300000000000023   0.36363636363636365 
323   0.32400000000000023   0.36363636363636365 
324   0.32500000000000023   0.36363636363636365 
325   0.32600000000000023   0.36363636363636365 
326   0.32700000000000023   0.36363636363636365 
327   0.32800000000000024   0.36363636363636365 
328   0.32900000000000024   0.36363636363636365 
329   0.33000000000000024   0.36363636363636365 
330   0.33100000000000024   0.36363636363636365 
331   0.33200000000000024   0.36363636363636365 
332   0.33300000000000024   0.36363636363636365 
333   0.33400000000000024   0.36363636363636365 
334   0.33500000000000024   0.36363636363636365 
335   0.33600000000000024   0.36363636363636365 
336   0.33700000000000024   0.36363636363636365 
337   0.33800000000000024   0.36363636363636365 
338   0.33900000000000025   0.36363636363636365 
339   0.34000000000000025   0.36363636363636365 
340   0.34100000000000025   0.36363636363636365 
341   0.34200000000000025   0.36363636363636365 
342   0.34300000000000025   0.36363636363636365 
343   0.34400000000000025   0.36363636363636365 
344   0.34500000000000025   0.36363636363636365 
345   0.34600000000000025   0.36363636363636365 
346   0.34700000000000025   0.36363636363636365 
347   0.34800000000000025   0.36363636363636365 
348   0.34900000000000025   0.36363636363636365 
349   0.35000000000000026   0.36363636363636365 
350   0.35100000000000026   0.36363636363636365 
351   0.35200000000000026   0.36363636363636365 
352   0.35300000000000026   0.36363636363636365 
353   0.35400000000000026   0.36363636363636365 
354   0.35500000000000026   0.36363636363636365 
355   0.35600000000000026   0.36363636363636365 
356   0.35700000000000026   0.36363636363636365 
357   0.35800000000000026   0.36363636363636365 
358   0.35900000000000026   0.36363636363636365 
359   0.36000000000000026   0.36363636363636365 
360   0.36100000000000027   0.36363636363636365 
361   0.36200000000000027   0.36363636363636365 
362   0.36300000000000027   0.36363636363636365 
363   0.36400000000000027   0.36363636363636365 
364   0.36500000000000027   0.36363636363636365 
365   0.36600000000000027   0.36363636363636365 
366   0.36700000000000027   0.36363636363636365 
367   0.36800000000000027   0.36363636363636365 
368   0.36900000000000027   0.36363636363636365 
369   0.3700000000000003   0.36363636363636365 
370   0.3710000000000003   0.36363636363636365 
371   0.3720000000000003   0.36363636363636365 
372   0.3730000000000003   0.36363636363636365 
373   0.3740000000000003   0.36363636363636365 
374   0.3750000000000003   0.36363636363636365 
375   0.3760000000000003   0.36363636363636365 
376   0.3770000000000003   0.36363636363636365 
377   0.3780000000000003   0.36363636363636365 
378   0.3790000000000003   0.36363636363636365 
379   0.3800000000000003   0.36363636363636365 
380   0.3810000000000003   0.36363636363636365 
381   0.3820000000000003   0.36363636363636365 
382   0.3830000000000003   0.36363636363636365 
383   0.3840000000000003   0.36363636363636365 
384   0.3850000000000003   0.36363636363636365 
385   0.3860000000000003   0.36363636363636365 
386   0.3870000000000003   0.36363636363636365 
387   0.3880000000000003   0.36363636363636365 
388   0.3890000000000003   0.36363636363636365 
389   0.3900000000000003   0.36363636363636365 
390   0.3910000000000003   0.36363636363636365 
391   0.3920000000000003   0.36363636363636365 
392   0.3930000000000003   0.36363636363636365 
393   0.3940000000000003   0.36363636363636365 
394   0.3950000000000003   0.36363636363636365 
395   0.3960000000000003   0.36363636363636365 
396   0.3970000000000003   0.36363636363636365 
397   0.3980000000000003   0.36363636363636365 
398   0.3990000000000003   0.36363636363636365 
399   0.4000000000000003   0.36363636363636365 
400   0.4010000000000003   0.36363636363636365 
401   0.4020000000000003   0.36363636363636365 
402   0.4030000000000003   0.36363636363636365 
403   0.4040000000000003   0.36363636363636365 
404   0.4050000000000003   0.36363636363636365 
405   0.4060000000000003   0.36363636363636365 
406   0.4070000000000003   0.36363636363636365 
407   0.4080000000000003   0.36363636363636365 
408   0.4090000000000003   0.36363636363636365 
409   0.4100000000000003   0.36363636363636365 
410   0.4110000000000003   0.36363636363636365 
411   0.4120000000000003   0.36363636363636365 
412   0.4130000000000003   0.36363636363636365 
413   0.4140000000000003   0.36363636363636365 
414   0.4150000000000003   0.36363636363636365 
415   0.4160000000000003   0.36363636363636365 
416   0.4170000000000003   0.36363636363636365 
417   0.4180000000000003   0.36363636363636365 
418   0.4190000000000003   0.36363636363636365 
419   0.4200000000000003   0.36363636363636365 
420   0.4210000000000003   0.36363636363636365 
421   0.4220000000000003   0.36363636363636365 
422   0.4230000000000003   0.36363636363636365 
423   0.4240000000000003   0.36363636363636365 
424   0.4250000000000003   0.36363636363636365 
425   0.4260000000000003   0.36363636363636365 
426   0.4270000000000003   0.36363636363636365 
427   0.4280000000000003   0.36363636363636365 
428   0.4290000000000003   0.36363636363636365 
429   0.4300000000000003   0.36363636363636365 
430   0.4310000000000003   0.36363636363636365 
431   0.43200000000000033   0.36363636363636365 
432   0.43300000000000033   0.36363636363636365 
433   0.43400000000000033   0.36363636363636365 
434   0.43500000000000033   0.36363636363636365 
435   0.43600000000000033   0.36363636363636365 
436   0.43700000000000033   0.36363636363636365 
437   0.43800000000000033   0.36363636363636365 
438   0.43900000000000033   0.36363636363636365 
439   0.44000000000000034   0.36363636363636365 
440   0.44100000000000034   0.36363636363636365 
441   0.44200000000000034   0.36363636363636365 
442   0.44300000000000034   0.36363636363636365 
443   0.44400000000000034   0.36363636363636365 
444   0.44500000000000034   0.36363636363636365 
445   0.44600000000000034   0.36363636363636365 
446   0.44700000000000034   0.36363636363636365 
447   0.44800000000000034   0.36363636363636365 
448   0.44900000000000034   0.36363636363636365 
449   0.45000000000000034   0.36363636363636365 
450   0.45100000000000035   0.36363636363636365 
451   0.45200000000000035   0.36363636363636365 
452   0.45300000000000035   0.36363636363636365 
453   0.45400000000000035   0.36363636363636365 
454   0.45500000000000035   0.36363636363636365 
455   0.45600000000000035   0.36363636363636365 
456   0.45700000000000035   0.36363636363636365 
457   0.45800000000000035   0.36363636363636365 
458   0.45900000000000035   0.36363636363636365 
459   0.46000000000000035   0.36363636363636365 
460   0.46100000000000035   0.36363636363636365 
461   0.46200000000000035   0.36363636363636365 
462   0.46300000000000036   0.36363636363636365 
463   0.46400000000000036   0.36363636363636365 
464   0.46500000000000036   0.36363636363636365 
465   0.46600000000000036   0.36363636363636365 
466   0.46700000000000036   0.36363636363636365 
467   0.46800000000000036   0.36363636363636365 
468   0.46900000000000036   0.36363636363636365 
469   0.47000000000000036   0.36363636363636365 
470   0.47100000000000036   0.36363636363636365 
471   0.47200000000000036   0.36363636363636365 
472   0.47300000000000036   0.36363636363636365 
473   0.47400000000000037   0.36363636363636365 
474   0.47500000000000037   0.36363636363636365 
475   0.47600000000000037   0.36363636363636365 
476   0.47700000000000037   0.36363636363636365 
477   0.47800000000000037   0.36363636363636365 
478   0.47900000000000037   0.36363636363636365 
479   0.48000000000000037   0.36363636363636365 
480   0.48100000000000037   0.36363636363636365 
481   0.4820000000000004   0.36363636363636365 
482   0.4830000000000004   0.36363636363636365 
483   0.4840000000000004   0.36363636363636365 
484   0.4850000000000004   0.36363636363636365 
485   0.4860000000000004   0.36363636363636365 
486   0.4870000000000004   0.36363636363636365 
487   0.4880000000000004   0.36363636363636365 
488   0.4890000000000004   0.36363636363636365 
489   0.4900000000000004   0.36363636363636365 
490   0.4910000000000004   0.36363636363636365 
491   0.4920000000000004   0.36363636363636365 
492   0.4930000000000004   0.36363636363636365 
493   0.4940000000000004   0.36363636363636365 
494   0.4950000000000004   0.36363636363636365 
495   0.4960000000000004   0.36363636363636365 
496   0.4970000000000004   0.36363636363636365 
497   0.4980000000000004   0.36363636363636365 
498   0.4990000000000004   0.36363636363636365 
499   0.5000000000000003   0.36363636363636365 
500   0.5010000000000003   0.36363636363636365 
501   0.5020000000000003   0.36363636363636365 
502   0.5030000000000003   0.36363636363636365 
503   0.5040000000000003   0.36363636363636365 
504   0.5050000000000003   0.36363636363636365 
505   0.5060000000000003   0.36363636363636365 
506   0.5070000000000003   0.36363636363636365 
507   0.5080000000000003   0.36363636363636365 
508   0.5090000000000003   0.36363636363636365 
509   0.5100000000000003   0.36363636363636365 
510   0.5110000000000003   0.36363636363636365 
511   0.5120000000000003   0.36363636363636365 
512   0.5130000000000003   0.36363636363636365 
513   0.5140000000000003   0.36363636363636365 
514   0.5150000000000003   0.36363636363636365 
515   0.5160000000000003   0.36363636363636365 
516   0.5170000000000003   0.36363636363636365 
517   0.5180000000000003   0.36363636363636365 
518   0.5190000000000003   0.36363636363636365 
519   0.5200000000000004   0.36363636363636365 
520   0.5210000000000004   0.36363636363636365 
521   0.5220000000000004   0.36363636363636365 
522   0.5230000000000004   0.36363636363636365 
523   0.5240000000000004   0.36363636363636365 
524   0.5250000000000004   0.36363636363636365 
525   0.5260000000000004   0.36363636363636365 
526   0.5270000000000004   0.36363636363636365 
527   0.5280000000000004   0.36363636363636365 
528   0.5290000000000004   0.36363636363636365 
529   0.5300000000000004   0.36363636363636365 
530   0.5310000000000004   0.36363636363636365 
531   0.5320000000000004   0.36363636363636365 
532   0.5330000000000004   0.36363636363636365 
533   0.5340000000000004   0.36363636363636365 
534   0.5350000000000004   0.36363636363636365 
535   0.5360000000000004   0.36363636363636365 
536   0.5370000000000004   0.36363636363636365 
537   0.5380000000000004   0.36363636363636365 
538   0.5390000000000004   0.36363636363636365 
539   0.5400000000000004   0.36363636363636365 
540   0.5410000000000004   0.36363636363636365 
541   0.5420000000000004   0.36363636363636365 
542   0.5430000000000004   0.36363636363636365 
543   0.5440000000000004   0.36363636363636365 
544   0.5450000000000004   0.36363636363636365 
545   0.5460000000000004   0.36363636363636365 
546   0.5470000000000004   0.36363636363636365 
547   0.5480000000000004   0.36363636363636365 
548   0.5490000000000004   0.36363636363636365 
549   0.5500000000000004   0.36363636363636365 
550   0.5510000000000004   0.36363636363636365 
551   0.5520000000000004   0.36363636363636365 
552   0.5530000000000004   0.36363636363636365 
553   0.5540000000000004   0.36363636363636365 
554   0.5550000000000004   0.36363636363636365 
555   0.5560000000000004   0.36363636363636365 
556   0.5570000000000004   0.36363636363636365 
557   0.5580000000000004   0.36363636363636365 
558   0.5590000000000004   0.36363636363636365 
559   0.5600000000000004   0.36363636363636365 
560   0.5610000000000004   0.36363636363636365 
561   0.5620000000000004   0.36363636363636365 
562   0.5630000000000004   0.36363636363636365 
563   0.5640000000000004   0.36363636363636365 
564   0.5650000000000004   0.36363636363636365 
565   0.5660000000000004   0.36363636363636365 
566   0.5670000000000004   0.36363636363636365 
567   0.5680000000000004   0.36363636363636365 
568   0.5690000000000004   0.36363636363636365 
569   0.5700000000000004   0.36363636363636365 
570   0.5710000000000004   0.36363636363636365 
571   0.5720000000000004   0.36363636363636365 
572   0.5730000000000004   0.36363636363636365 
573   0.5740000000000004   0.36363636363636365 
574   0.5750000000000004   0.36363636363636365 
575   0.5760000000000004   0.36363636363636365 
576   0.5770000000000004   0.36363636363636365 
577   0.5780000000000004   0.36363636363636365 
578   0.5790000000000004   0.36363636363636365 
579   0.5800000000000004   0.36363636363636365 
580   0.5810000000000004   0.36363636363636365 
581   0.5820000000000004   0.36363636363636365 
582   0.5830000000000004   0.36363636363636365 
583   0.5840000000000004   0.36363636363636365 
584   0.5850000000000004   0.36363636363636365 
585   0.5860000000000004   0.36363636363636365 
586   0.5870000000000004   0.36363636363636365 
587   0.5880000000000004   0.36363636363636365 
588   0.5890000000000004   0.36363636363636365 
589   0.5900000000000004   0.36363636363636365 
590   0.5910000000000004   0.36363636363636365 
591   0.5920000000000004   0.36363636363636365 
592   0.5930000000000004   0.36363636363636365 
593   0.5940000000000004   0.36363636363636365 
594   0.5950000000000004   0.36363636363636365 
595   0.5960000000000004   0.36363636363636365 
596   0.5970000000000004   0.36363636363636365 
597   0.5980000000000004   0.36363636363636365 
598   0.5990000000000004   0.36363636363636365 
599   0.6000000000000004   0.36363636363636365 
600   0.6010000000000004   0.36363636363636365 
601   0.6020000000000004   0.36363636363636365 
602   0.6030000000000004   0.36363636363636365 
603   0.6040000000000004   0.36363636363636365 
604   0.6050000000000004   0.36363636363636365 
605   0.6060000000000004   0.36363636363636365 
606   0.6070000000000004   0.36363636363636365 
607   0.6080000000000004   0.36363636363636365 
608   0.6090000000000004   0.36363636363636365 
609   0.6100000000000004   0.36363636363636365 
610   0.6110000000000004   0.36363636363636365 
611   0.6120000000000004   0.36363636363636365 
612   0.6130000000000004   0.36363636363636365 
613   0.6140000000000004   0.36363636363636365 
614   0.6150000000000004   0.36363636363636365 
615   0.6160000000000004   0.36363636363636365 
616   0.6170000000000004   0.36363636363636365 
617   0.6180000000000004   0.36363636363636365 
618   0.6190000000000004   0.36363636363636365 
619   0.6200000000000004   0.36363636363636365 
620   0.6210000000000004   0.36363636363636365 
621   0.6220000000000004   0.36363636363636365 
622   0.6230000000000004   0.36363636363636365 
623   0.6240000000000004   0.36363636363636365 
624   0.6250000000000004   0.36363636363636365 
625   0.6260000000000004   0.36363636363636365 
626   0.6270000000000004   0.36363636363636365 
627   0.6280000000000004   0.36363636363636365 
628   0.6290000000000004   0.36363636363636365 
629   0.6300000000000004   0.36363636363636365 
630   0.6310000000000004   0.36363636363636365 
631   0.6320000000000005   0.36363636363636365 
632   0.6330000000000005   0.36363636363636365 
633   0.6340000000000005   0.36363636363636365 
634   0.6350000000000005   0.36363636363636365 
635   0.6360000000000005   0.36363636363636365 
636   0.6370000000000005   0.36363636363636365 
637   0.6380000000000005   0.36363636363636365 
638   0.6390000000000005   0.36363636363636365 
639   0.6400000000000005   0.36363636363636365 
640   0.6410000000000005   0.36363636363636365 
641   0.6420000000000005   0.36363636363636365 
642   0.6430000000000005   0.36363636363636365 
643   0.6440000000000005   0.36363636363636365 
644   0.6450000000000005   0.36363636363636365 
645   0.6460000000000005   0.36363636363636365 
646   0.6470000000000005   0.36363636363636365 
647   0.6480000000000005   0.36363636363636365 
648   0.6490000000000005   0.36363636363636365 
649   0.6500000000000005   0.36363636363636365 
650   0.6510000000000005   0.36363636363636365 
651   0.6520000000000005   0.36363636363636365 
652   0.6530000000000005   0.36363636363636365 
653   0.6540000000000005   0.36363636363636365 
654   0.6550000000000005   0.36363636363636365 
655   0.6560000000000005   0.36363636363636365 
656   0.6570000000000005   0.36363636363636365 
657   0.6580000000000005   0.36363636363636365 
658   0.6590000000000005   0.36363636363636365 
659   0.6600000000000005   0.36363636363636365 
660   0.6610000000000005   0.36363636363636365 
661   0.6620000000000005   0.36363636363636365 
662   0.6630000000000005   0.36363636363636365 
663   0.6640000000000005   0.36363636363636365 
664   0.6650000000000005   0.36363636363636365 
665   0.6660000000000005   0.36363636363636365 
666   0.6670000000000005   0.36363636363636365 
667   0.6680000000000005   0.36363636363636365 
668   0.6690000000000005   0.36363636363636365 
669   0.6700000000000005   0.36363636363636365 
670   0.6710000000000005   0.36363636363636365 
671   0.6720000000000005   0.36363636363636365 
672   0.6730000000000005   0.36363636363636365 
673   0.6740000000000005   0.36363636363636365 
674   0.6750000000000005   0.36363636363636365 
675   0.6760000000000005   0.36363636363636365 
676   0.6770000000000005   0.36363636363636365 
677   0.6780000000000005   0.36363636363636365 
678   0.6790000000000005   0.36363636363636365 
679   0.6800000000000005   0.36363636363636365 
680   0.6810000000000005   0.36363636363636365 
681   0.6820000000000005   0.36363636363636365 
682   0.6830000000000005   0.36363636363636365 
683   0.6840000000000005   0.36363636363636365 
684   0.6850000000000005   0.36363636363636365 
685   0.6860000000000005   0.36363636363636365 
686   0.6870000000000005   0.36363636363636365 
687   0.6880000000000005   0.36363636363636365 
688   0.6890000000000005   0.36363636363636365 
689   0.6900000000000005   0.36363636363636365 
690   0.6910000000000005   0.36363636363636365 
691   0.6920000000000005   0.36363636363636365 
692   0.6930000000000005   0.36363636363636365 
693   0.6940000000000005   0.36363636363636365 
694   0.6950000000000005   0.36363636363636365 
695   0.6960000000000005   0.36363636363636365 
696   0.6970000000000005   0.36363636363636365 
697   0.6980000000000005   0.36363636363636365 
698   0.6990000000000005   0.36363636363636365 
699   0.7000000000000005   0.36363636363636365 
700   0.7010000000000005   0.36363636363636365 
701   0.7020000000000005   0.36363636363636365 
702   0.7030000000000005   0.36363636363636365 
703   0.7040000000000005   0.36363636363636365 
704   0.7050000000000005   0.36363636363636365 
705   0.7060000000000005   0.36363636363636365 
706   0.7070000000000005   0.36363636363636365 
707   0.7080000000000005   0.36363636363636365 
708   0.7090000000000005   0.36363636363636365 
709   0.7100000000000005   0.36363636363636365 
710   0.7110000000000005   0.36363636363636365 
711   0.7120000000000005   0.36363636363636365 
712   0.7130000000000005   0.36363636363636365 
713   0.7140000000000005   0.36363636363636365 
714   0.7150000000000005   0.36363636363636365 
715   0.7160000000000005   0.36363636363636365 
716   0.7170000000000005   0.36363636363636365 
717   0.7180000000000005   0.36363636363636365 
718   0.7190000000000005   0.36363636363636365 
719   0.7200000000000005   0.36363636363636365 
720   0.7210000000000005   0.36363636363636365 
721   0.7220000000000005   0.36363636363636365 
722   0.7230000000000005   0.36363636363636365 
723   0.7240000000000005   0.36363636363636365 
724   0.7250000000000005   0.36363636363636365 
725   0.7260000000000005   0.36363636363636365 
726   0.7270000000000005   0.36363636363636365 
727   0.7280000000000005   0.36363636363636365 
728   0.7290000000000005   0.36363636363636365 
729   0.7300000000000005   0.36363636363636365 
730   0.7310000000000005   0.36363636363636365 
731   0.7320000000000005   0.36363636363636365 
732   0.7330000000000005   0.36363636363636365 
733   0.7340000000000005   0.36363636363636365 
734   0.7350000000000005   0.36363636363636365 
735   0.7360000000000005   0.36363636363636365 
736   0.7370000000000005   0.36363636363636365 
737   0.7380000000000005   0.36363636363636365 
738   0.7390000000000005   0.36363636363636365 
739   0.7400000000000005   0.36363636363636365 
740   0.7410000000000005   0.36363636363636365 
741   0.7420000000000005   0.36363636363636365 
742   0.7430000000000005   0.36363636363636365 
743   0.7440000000000005   0.36363636363636365 
744   0.7450000000000006   0.36363636363636365 
745   0.7460000000000006   0.36363636363636365 
746   0.7470000000000006   0.36363636363636365 
747   0.7470000000000006   0.6363636363636364 
748   0.7490000000000006   0.6363636363636364 
749   0.7500000000000006   0.6363636363636364 
750   0.7510000000000006   0.6363636363636364 
751   0.7520000000000006   0.6363636363636364 
752   0.7530000000000006   0.6363636363636364 
753   0.7540000000000006   0.6363636363636364 
754   0.7550000000000006   0.6363636363636364 
755   0.7560000000000006   0.6363636363636364 
756   0.7570000000000006   0.6363636363636364 
757   0.7580000000000006   0.6363636363636364 
758   0.7590000000000006   0.6363636363636364 
759   0.7600000000000006   0.6363636363636364 
760   0.7610000000000006   0.6363636363636364 
761   0.7620000000000006   0.6363636363636364 
762   0.7630000000000006   0.6363636363636364 
763   0.7640000000000006   0.6363636363636364 
764   0.7650000000000006   0.6363636363636364 
765   0.7660000000000006   0.6363636363636364 
766   0.7670000000000006   0.6363636363636364 
767   0.7680000000000006   0.6363636363636364 
768   0.7690000000000006   0.6363636363636364 
769   0.7700000000000006   0.6363636363636364 
770   0.7710000000000006   0.6363636363636364 
771   0.7720000000000006   0.6363636363636364 
772   0.7730000000000006   0.6363636363636364 
773   0.7740000000000006   0.6363636363636364 
774   0.7750000000000006   0.6363636363636364 
775   0.7760000000000006   0.6363636363636364 
776   0.7770000000000006   0.6363636363636364 
777   0.7780000000000006   0.6363636363636364 
778   0.7790000000000006   0.6363636363636364 
779   0.7800000000000006   0.6363636363636364 
780   0.7810000000000006   0.6363636363636364 
781   0.7820000000000006   0.6363636363636364 
782   0.7830000000000006   0.6363636363636364 
783   0.7840000000000006   0.6363636363636364 
784   0.7850000000000006   0.6363636363636364 
785   0.7860000000000006   0.6363636363636364 
786   0.7870000000000006   0.6363636363636364 
787   0.7880000000000006   0.6363636363636364 
788   0.7890000000000006   0.6363636363636364 
789   0.7900000000000006   0.6363636363636364 
790   0.7910000000000006   0.6363636363636364 
791   0.7920000000000006   0.6363636363636364 
792   0.7930000000000006   0.6363636363636364 
793   0.7940000000000006   0.6363636363636364 
794   0.7950000000000006   0.6363636363636364 
795   0.7960000000000006   0.6363636363636364 
796   0.7970000000000006   0.6363636363636364 
797   0.7980000000000006   0.6363636363636364 
798   0.7990000000000006   0.6363636363636364 
799   0.8000000000000006   0.6363636363636364 
800   0.8010000000000006   0.6363636363636364 
801   0.8020000000000006   0.6363636363636364 
802   0.8030000000000006   0.6363636363636364 
803   0.8040000000000006   0.6363636363636364 
804   0.8050000000000006   0.6363636363636364 
805   0.8060000000000006   0.6363636363636364 
806   0.8070000000000006   0.6363636363636364 
807   0.8080000000000006   0.6363636363636364 
808   0.8090000000000006   0.6363636363636364 
809   0.8100000000000006   0.6363636363636364 
810   0.8100000000000006   0.7272727272727273 
811   0.8110000000000006   0.8181818181818182 
812   0.8130000000000006   0.8181818181818182 
813   0.8140000000000006   0.8181818181818182 
814   0.8150000000000006   0.8181818181818182 
815   0.8160000000000006   0.8181818181818182 
816   0.8170000000000006   0.8181818181818182 
817   0.8180000000000006   0.8181818181818182 
818   0.8190000000000006   0.8181818181818182 
819   0.8200000000000006   0.8181818181818182 
820   0.8210000000000006   0.8181818181818182 
821   0.8210000000000006   0.9090909090909092 
822   0.8230000000000006   0.9090909090909092 
823   0.8240000000000006   0.9090909090909092 
824   0.8250000000000006   0.9090909090909092 
825   0.8260000000000006   0.9090909090909092 
826   0.8270000000000006   0.9090909090909092 
827   0.8280000000000006   0.9090909090909092 
828   0.8290000000000006   0.9090909090909092 
829   0.8300000000000006   0.9090909090909092 
830   0.8310000000000006   0.9090909090909092 
831   0.8320000000000006   0.9090909090909092 
832   0.8330000000000006   0.9090909090909092 
833   0.8340000000000006   0.9090909090909092 
834   0.8350000000000006   0.9090909090909092 
835   0.8360000000000006   0.9090909090909092 
836   0.8370000000000006   0.9090909090909092 
837   0.8380000000000006   0.9090909090909092 
838   0.8390000000000006   0.9090909090909092 
839   0.8400000000000006   0.9090909090909092 
840   0.8410000000000006   0.9090909090909092 
841   0.8420000000000006   0.9090909090909092 
842   0.8430000000000006   0.9090909090909092 
843   0.8440000000000006   0.9090909090909092 
844   0.8450000000000006   0.9090909090909092 
845   0.8460000000000006   0.9090909090909092 
846   0.8470000000000006   0.9090909090909092 
847   0.8480000000000006   0.9090909090909092 
848   0.8490000000000006   0.9090909090909092 
849   0.8500000000000006   0.9090909090909092 
850   0.8510000000000006   0.9090909090909092 
851   0.8520000000000006   0.9090909090909092 
852   0.8530000000000006   0.9090909090909092 
853   0.8540000000000006   0.9090909090909092 
854   0.8550000000000006   0.9090909090909092 
855   0.8560000000000006   0.9090909090909092 
856   0.8570000000000007   0.9090909090909092 
857   0.8580000000000007   0.9090909090909092 
858   0.8580000000000007   1 
859   0.8600000000000007   1 
860   0.8610000000000007   1 
861   0.8620000000000007   1 
862   0.8630000000000007   1 
863   0.8640000000000007   1 
864   0.8650000000000007   1 
865   0.8660000000000007   1 
866   0.8670000000000007   1 
867   0.8680000000000007   1 
868   0.8690000000000007   1 
869   0.8700000000000007   1 
870   0.8710000000000007   1 
871   0.8720000000000007   1 
872   0.8730000000000007   1 
873   0.8740000000000007   1 
874   0.8750000000000007   1 
875   0.8760000000000007   1 
876   0.8770000000000007   1 
877   0.8780000000000007   1 
878   0.8790000000000007   1 
879   0.8800000000000007   1 
880   0.8810000000000007   1 
881   0.8820000000000007   1 
882   0.8830000000000007   1 
883   0.8840000000000007   1 
884   0.8850000000000007   1 
885   0.8860000000000007   1 
886   0.8870000000000007   1 
887   0.8880000000000007   1 
888   0.8890000000000007   1 
889   0.8900000000000007   1 
890   0.8910000000000007   1 
891   0.8920000000000007   1 
892   0.8930000000000007   1 
893   0.8940000000000007   1 
894   0.8950000000000007   1 
895   0.8960000000000007   1 
896   0.8970000000000007   1 
897   0.8980000000000007   1 
898   0.8990000000000007   1 
899   0.9000000000000007   1 
900   0.9010000000000007   1 
901   0.9020000000000007   1 
902   0.9030000000000007   1 
903   0.9040000000000007   1 
904   0.9050000000000007   1 
905   0.9060000000000007   1 
906   0.9070000000000007   1 
907   0.9080000000000007   1 
908   0.9090000000000007   1 
909   0.9100000000000007   1 
910   0.9110000000000007   1 
911   0.9120000000000007   1 
912   0.9130000000000007   1 
913   0.9140000000000007   1 
914   0.9150000000000007   1 
915   0.9160000000000007   1 
916   0.9170000000000007   1 
917   0.9180000000000007   1 
918   0.9190000000000007   1 
919   0.9200000000000007   1 
920   0.9210000000000007   1 
921   0.9220000000000007   1 
922   0.9230000000000007   1 
923   0.9240000000000007   1 
924   0.9250000000000007   1 
925   0.9260000000000007   1 
926   0.9270000000000007   1 
927   0.9280000000000007   1 
928   0.9290000000000007   1 
929   0.9300000000000007   1 
930   0.9310000000000007   1 
931   0.9320000000000007   1 
932   0.9330000000000007   1 
933   0.9340000000000007   1 
934   0.9350000000000007   1 
935   0.9360000000000007   1 
936   0.9370000000000007   1 
937   0.9380000000000007   1 
938   0.9390000000000007   1 
939   0.9400000000000007   1 
940   0.9410000000000007   1 
941   0.9420000000000007   1 
942   0.9430000000000007   1 
943   0.9440000000000007   1 
944   0.9450000000000007   1 
945   0.9460000000000007   1 
946   0.9470000000000007   1 
947   0.9480000000000007   1 
948   0.9490000000000007   1 
949   0.9500000000000007   1 
950   0.9510000000000007   1 
951   0.9520000000000007   1 
952   0.9530000000000007   1 
953   0.9540000000000007   1 
954   0.9550000000000007   1 
955   0.9560000000000007   1 
956   0.9570000000000007   1 
957   0.9580000000000007   1 
958   0.9590000000000007   1 
959   0.9600000000000007   1 
960   0.9610000000000007   1 
961   0.9620000000000007   1 
962   0.9630000000000007   1 
963   0.9640000000000007   1 
964   0.9650000000000007   1 
965   0.9660000000000007   1 
966   0.9670000000000007   1 
967   0.9680000000000007   1 
968   0.9690000000000007   1 
969   0.9700000000000008   1 
970   0.9710000000000008   1 
971   0.9720000000000008   1 
972   0.9730000000000008   1 
973   0.9740000000000008   1 
974   0.9750000000000008   1 
975   0.9760000000000008   1 
976   0.9770000000000008   1 
977   0.9780000000000008   1 
978   0.9790000000000008   1 
979   0.9800000000000008   1 
980   0.9810000000000008   1 
981   0.9820000000000008   1 
982   0.9830000000000008   1 
983   0.9840000000000008   1 
984   0.9850000000000008   1 
985   0.9860000000000008   1 
986   0.9870000000000008   1 
987   0.9880000000000008   1 
988   0.9890000000000008   1 
989   0.9900000000000008   1 
990   0.9910000000000008   1 
991   0.9920000000000008   1 
992   0.9930000000000008   1 
993   0.9940000000000008   1 
994   0.9950000000000008   1 
995   0.9960000000000008   1 
996   0.9970000000000008   1 
997   0.9980000000000008   1 
998   0.9990000000000008   1 
999   1.0000000000000007   1 
