0   0.001   0 
1   0.002   0 
2   0.003   0 
3   0.004   0 
4   0.005   0 
5   0.006   0 
6   0.007   0 
7   0.008   0 
8   0.008   0.3695652173913043 
9   0.010000000000000002   0.3695652173913043 
10   0.010000000000000002   0.4130434782608695 
11   0.012000000000000004   0.4130434782608695 
12   0.012000000000000004   0.5434782608695652 
13   0.014000000000000005   0.5434782608695652 
14   0.015000000000000006   0.5434782608695652 
15   0.016000000000000007   0.5434782608695652 
16   0.017000000000000008   0.5434782608695652 
17   0.01800000000000001   0.5434782608695652 
18   0.01900000000000001   0.5434782608695652 
19   0.02000000000000001   0.5434782608695652 
20   0.02100000000000001   0.5434782608695652 
21   0.022000000000000013   0.5434782608695652 
22   0.023000000000000013   0.5434782608695652 
23   0.024000000000000014   0.5434782608695652 
24   0.025000000000000015   0.5434782608695652 
25   0.026000000000000016   0.5434782608695652 
26   0.027000000000000017   0.5434782608695652 
27   0.028000000000000018   0.5434782608695652 
28   0.02900000000000002   0.5434782608695652 
29   0.03000000000000002   0.5434782608695652 
30   0.03100000000000002   0.5434782608695652 
31   0.03200000000000002   0.5434782608695652 
32   0.03300000000000002   0.5434782608695652 
33   0.03400000000000002   0.5434782608695652 
34   0.035000000000000024   0.5434782608695652 
35   0.036000000000000025   0.5434782608695652 
36   0.037000000000000026   0.5434782608695652 
37   0.03800000000000003   0.5434782608695652 
38   0.03900000000000003   0.5434782608695652 
39   0.04000000000000003   0.5434782608695652 
40   0.04100000000000003   0.5434782608695652 
41   0.04200000000000003   0.5434782608695652 
42   0.04300000000000003   0.5434782608695652 
43   0.04400000000000003   0.5434782608695652 
44   0.04500000000000003   0.5434782608695652 
45   0.046000000000000034   0.5434782608695652 
46   0.047000000000000035   0.5434782608695652 
47   0.048000000000000036   0.5434782608695652 
48   0.04900000000000004   0.5434782608695652 
49   0.05000000000000004   0.5434782608695652 
50   0.05100000000000004   0.5434782608695652 
51   0.05200000000000004   0.5434782608695652 
52   0.05300000000000004   0.5434782608695652 
53   0.05400000000000004   0.5434782608695652 
54   0.05400000000000004   0.5869565217391304 
55   0.05600000000000004   0.5869565217391304 
56   0.057000000000000044   0.5869565217391304 
57   0.058000000000000045   0.5869565217391304 
58   0.059000000000000045   0.5869565217391304 
59   0.060000000000000046   0.5869565217391304 
60   0.060000000000000046   0.6304347826086956 
61   0.06200000000000005   0.6304347826086956 
62   0.06300000000000004   0.6304347826086956 
63   0.06400000000000004   0.6304347826086956 
64   0.06500000000000004   0.6304347826086956 
65   0.06600000000000004   0.6304347826086956 
66   0.06700000000000005   0.6304347826086956 
67   0.06800000000000005   0.6304347826086956 
68   0.06900000000000005   0.6304347826086956 
69   0.07000000000000005   0.6304347826086956 
70   0.07100000000000005   0.6304347826086956 
71   0.07200000000000005   0.6304347826086956 
72   0.07300000000000005   0.6304347826086956 
73   0.07400000000000005   0.6304347826086956 
74   0.07500000000000005   0.6304347826086956 
75   0.07600000000000005   0.6304347826086956 
76   0.07700000000000005   0.6304347826086956 
77   0.07800000000000006   0.6304347826086956 
78   0.07900000000000006   0.6304347826086956 
79   0.08000000000000006   0.6304347826086956 
80   0.08100000000000006   0.6304347826086956 
81   0.08200000000000006   0.6304347826086956 
82   0.08300000000000006   0.6304347826086956 
83   0.08400000000000006   0.6304347826086956 
84   0.08500000000000006   0.6304347826086956 
85   0.08600000000000006   0.6304347826086956 
86   0.08700000000000006   0.6304347826086956 
87   0.08800000000000006   0.6304347826086956 
88   0.08900000000000007   0.6304347826086956 
89   0.09000000000000007   0.6304347826086956 
90   0.09100000000000007   0.6304347826086956 
91   0.09200000000000007   0.6304347826086956 
92   0.09300000000000007   0.6304347826086956 
93   0.09400000000000007   0.6304347826086956 
94   0.09500000000000007   0.6304347826086956 
95   0.09600000000000007   0.6304347826086956 
96   0.09700000000000007   0.6304347826086956 
97   0.09800000000000007   0.6304347826086956 
98   0.09900000000000007   0.6304347826086956 
99   0.10000000000000007   0.6304347826086956 
100   0.10100000000000008   0.6304347826086956 
101   0.10200000000000008   0.6304347826086956 
102   0.10300000000000008   0.6304347826086956 
103   0.10400000000000008   0.6304347826086956 
104   0.10500000000000008   0.6304347826086956 
105   0.10600000000000008   0.6304347826086956 
106   0.10700000000000008   0.6304347826086956 
107   0.10800000000000008   0.6304347826086956 
108   0.10900000000000008   0.6304347826086956 
109   0.11000000000000008   0.6304347826086956 
110   0.11100000000000008   0.6304347826086956 
111   0.11200000000000009   0.6304347826086956 
112   0.11300000000000009   0.6304347826086956 
113   0.11400000000000009   0.6304347826086956 
114   0.11500000000000009   0.6304347826086956 
115   0.11600000000000009   0.6304347826086956 
116   0.11700000000000009   0.6304347826086956 
117   0.11800000000000009   0.6304347826086956 
118   0.11900000000000009   0.6304347826086956 
119   0.12000000000000009   0.6304347826086956 
120   0.1210000000000001   0.6304347826086956 
121   0.1220000000000001   0.6304347826086956 
122   0.1230000000000001   0.6304347826086956 
123   0.1240000000000001   0.6304347826086956 
124   0.12500000000000008   0.6304347826086956 
125   0.12600000000000008   0.6304347826086956 
126   0.12700000000000009   0.6304347826086956 
127   0.12800000000000009   0.6304347826086956 
128   0.1290000000000001   0.6304347826086956 
129   0.1300000000000001   0.6304347826086956 
130   0.1310000000000001   0.6304347826086956 
131   0.1320000000000001   0.6304347826086956 
132   0.1330000000000001   0.6304347826086956 
133   0.1340000000000001   0.6304347826086956 
134   0.1350000000000001   0.6304347826086956 
135   0.1360000000000001   0.6304347826086956 
136   0.1370000000000001   0.6304347826086956 
137   0.1380000000000001   0.6304347826086956 
138   0.1390000000000001   0.6304347826086956 
139   0.1400000000000001   0.6304347826086956 
140   0.1410000000000001   0.6304347826086956 
141   0.1420000000000001   0.6304347826086956 
142   0.1430000000000001   0.6304347826086956 
143   0.1440000000000001   0.6304347826086956 
144   0.1450000000000001   0.6304347826086956 
145   0.1460000000000001   0.6304347826086956 
146   0.1470000000000001   0.6304347826086956 
147   0.1480000000000001   0.6304347826086956 
148   0.1490000000000001   0.6304347826086956 
149   0.1500000000000001   0.6304347826086956 
150   0.1510000000000001   0.6304347826086956 
151   0.1520000000000001   0.6304347826086956 
152   0.1530000000000001   0.6304347826086956 
153   0.1540000000000001   0.6304347826086956 
154   0.1550000000000001   0.6304347826086956 
155   0.1560000000000001   0.6304347826086956 
156   0.1570000000000001   0.6304347826086956 
157   0.1580000000000001   0.6304347826086956 
158   0.1590000000000001   0.6304347826086956 
159   0.16000000000000011   0.6304347826086956 
160   0.16100000000000012   0.6304347826086956 
161   0.16200000000000012   0.6304347826086956 
162   0.16300000000000012   0.6304347826086956 
163   0.16400000000000012   0.6304347826086956 
164   0.16500000000000012   0.6304347826086956 
165   0.16600000000000012   0.6304347826086956 
166   0.16700000000000012   0.6304347826086956 
167   0.16800000000000012   0.6304347826086956 
168   0.16900000000000012   0.6304347826086956 
169   0.17000000000000012   0.6304347826086956 
170   0.17100000000000012   0.6304347826086956 
171   0.17200000000000013   0.6304347826086956 
172   0.17300000000000013   0.6304347826086956 
173   0.17400000000000013   0.6304347826086956 
174   0.17500000000000013   0.6304347826086956 
175   0.17600000000000013   0.6304347826086956 
176   0.17700000000000013   0.6304347826086956 
177   0.17800000000000013   0.6304347826086956 
178   0.17900000000000013   0.6304347826086956 
179   0.18000000000000013   0.6304347826086956 
180   0.18100000000000013   0.6304347826086956 
181   0.18200000000000013   0.6304347826086956 
182   0.18300000000000013   0.6304347826086956 
183   0.18400000000000014   0.6304347826086956 
184   0.18500000000000014   0.6304347826086956 
185   0.18600000000000014   0.6304347826086956 
186   0.18700000000000014   0.6304347826086956 
187   0.18800000000000014   0.6304347826086956 
188   0.18900000000000014   0.6304347826086956 
189   0.19000000000000014   0.6304347826086956 
190   0.19100000000000014   0.6304347826086956 
191   0.19200000000000014   0.6304347826086956 
192   0.19300000000000014   0.6304347826086956 
193   0.19400000000000014   0.6304347826086956 
194   0.19500000000000015   0.6304347826086956 
195   0.19600000000000015   0.6304347826086956 
196   0.19700000000000015   0.6304347826086956 
197   0.19800000000000015   0.6304347826086956 
198   0.19900000000000015   0.6304347826086956 
199   0.20000000000000015   0.6304347826086956 
200   0.20100000000000015   0.6304347826086956 
201   0.20200000000000015   0.6304347826086956 
202   0.20300000000000015   0.6304347826086956 
203   0.20400000000000015   0.6304347826086956 
204   0.20500000000000015   0.6304347826086956 
205   0.20600000000000016   0.6304347826086956 
206   0.20700000000000016   0.6304347826086956 
207   0.20800000000000016   0.6304347826086956 
208   0.20900000000000016   0.6304347826086956 
209   0.21000000000000016   0.6304347826086956 
210   0.21100000000000016   0.6304347826086956 
211   0.21200000000000016   0.6304347826086956 
212   0.21300000000000016   0.6304347826086956 
213   0.21400000000000016   0.6304347826086956 
214   0.21500000000000016   0.6304347826086956 
215   0.21600000000000016   0.6304347826086956 
216   0.21700000000000016   0.6304347826086956 
217   0.21800000000000017   0.6304347826086956 
218   0.21900000000000017   0.6304347826086956 
219   0.22000000000000017   0.6304347826086956 
220   0.22100000000000017   0.6304347826086956 
221   0.22200000000000017   0.6304347826086956 
222   0.22300000000000017   0.6304347826086956 
223   0.22400000000000017   0.6304347826086956 
224   0.22500000000000017   0.6304347826086956 
225   0.22600000000000017   0.6304347826086956 
226   0.22700000000000017   0.6304347826086956 
227   0.22800000000000017   0.6304347826086956 
228   0.22900000000000018   0.6304347826086956 
229   0.23000000000000018   0.6304347826086956 
230   0.23100000000000018   0.6304347826086956 
231   0.23200000000000018   0.6304347826086956 
232   0.23300000000000018   0.6304347826086956 
233   0.23400000000000018   0.6304347826086956 
234   0.23500000000000018   0.6304347826086956 
235   0.23600000000000018   0.6304347826086956 
236   0.23700000000000018   0.6304347826086956 
237   0.23800000000000018   0.6304347826086956 
238   0.23900000000000018   0.6304347826086956 
239   0.24000000000000019   0.6304347826086956 
240   0.2410000000000002   0.6304347826086956 
241   0.2420000000000002   0.6304347826086956 
242   0.2430000000000002   0.6304347826086956 
243   0.2440000000000002   0.6304347826086956 
244   0.2450000000000002   0.6304347826086956 
245   0.2460000000000002   0.6304347826086956 
246   0.2470000000000002   0.6304347826086956 
247   0.2480000000000002   0.6304347826086956 
248   0.2490000000000002   0.6304347826086956 
249   0.25000000000000017   0.6304347826086956 
250   0.25100000000000017   0.6304347826086956 
251   0.25200000000000017   0.6304347826086956 
252   0.25300000000000017   0.6304347826086956 
253   0.25400000000000017   0.6304347826086956 
254   0.25500000000000017   0.6304347826086956 
255   0.25600000000000017   0.6304347826086956 
256   0.2570000000000002   0.6304347826086956 
257   0.2580000000000002   0.6304347826086956 
258   0.2590000000000002   0.6304347826086956 
259   0.2600000000000002   0.6304347826086956 
260   0.2610000000000002   0.6304347826086956 
261   0.2620000000000002   0.6304347826086956 
262   0.2630000000000002   0.6304347826086956 
263   0.2640000000000002   0.6304347826086956 
264   0.2650000000000002   0.6304347826086956 
265   0.2660000000000002   0.6304347826086956 
266   0.2670000000000002   0.6304347826086956 
267   0.2680000000000002   0.6304347826086956 
268   0.2690000000000002   0.6304347826086956 
269   0.2700000000000002   0.6304347826086956 
270   0.2710000000000002   0.6304347826086956 
271   0.2720000000000002   0.6304347826086956 
272   0.2730000000000002   0.6304347826086956 
273   0.2740000000000002   0.6304347826086956 
274   0.2750000000000002   0.6304347826086956 
275   0.2760000000000002   0.6304347826086956 
276   0.2770000000000002   0.6304347826086956 
277   0.2780000000000002   0.6304347826086956 
278   0.2790000000000002   0.6304347826086956 
279   0.2800000000000002   0.6304347826086956 
280   0.2810000000000002   0.6304347826086956 
281   0.2820000000000002   0.6304347826086956 
282   0.2830000000000002   0.6304347826086956 
283   0.2840000000000002   0.6304347826086956 
284   0.2850000000000002   0.6304347826086956 
285   0.2860000000000002   0.6304347826086956 
286   0.2870000000000002   0.6304347826086956 
287   0.2880000000000002   0.6304347826086956 
288   0.2890000000000002   0.6304347826086956 
289   0.2900000000000002   0.6304347826086956 
290   0.2910000000000002   0.6304347826086956 
291   0.2920000000000002   0.6304347826086956 
292   0.2930000000000002   0.6304347826086956 
293   0.2940000000000002   0.6304347826086956 
294   0.2950000000000002   0.6304347826086956 
295   0.2960000000000002   0.6304347826086956 
296   0.2970000000000002   0.6304347826086956 
297   0.2980000000000002   0.6304347826086956 
298   0.2990000000000002   0.6304347826086956 
299   0.3000000000000002   0.6304347826086956 
300   0.3010000000000002   0.6304347826086956 
301   0.3020000000000002   0.6304347826086956 
302   0.3030000000000002   0.6304347826086956 
303   0.3040000000000002   0.6304347826086956 
304   0.3050000000000002   0.6304347826086956 
305   0.3060000000000002   0.6304347826086956 
306   0.3070000000000002   0.6304347826086956 
307   0.3080000000000002   0.6304347826086956 
308   0.3090000000000002   0.6304347826086956 
309   0.3100000000000002   0.6304347826086956 
310   0.3110000000000002   0.6304347826086956 
311   0.3120000000000002   0.6304347826086956 
312   0.3130000000000002   0.6304347826086956 
313   0.3140000000000002   0.6304347826086956 
314   0.3150000000000002   0.6304347826086956 
315   0.3160000000000002   0.6304347826086956 
316   0.3170000000000002   0.6304347826086956 
317   0.3180000000000002   0.6304347826086956 
318   0.31900000000000023   0.6304347826086956 
319   0.32000000000000023   0.6304347826086956 
320   0.32100000000000023   0.6304347826086956 
321   0.32200000000000023   0.6304347826086956 
322   0.32300000000000023   0.6304347826086956 
323   0.32400000000000023   0.6304347826086956 
324   0.32500000000000023   0.6304347826086956 
325   0.32600000000000023   0.6304347826086956 
326   0.32700000000000023   0.6304347826086956 
327   0.32800000000000024   0.6304347826086956 
328   0.32900000000000024   0.6304347826086956 
329   0.33000000000000024   0.6304347826086956 
330   0.33100000000000024   0.6304347826086956 
331   0.33200000000000024   0.6304347826086956 
332   0.33300000000000024   0.6304347826086956 
333   0.33400000000000024   0.6304347826086956 
334   0.33500000000000024   0.6304347826086956 
335   0.33600000000000024   0.6304347826086956 
336   0.33700000000000024   0.6304347826086956 
337   0.33800000000000024   0.6304347826086956 
338   0.33900000000000025   0.6304347826086956 
339   0.34000000000000025   0.6304347826086956 
340   0.34100000000000025   0.6304347826086956 
341   0.34200000000000025   0.6304347826086956 
342   0.34300000000000025   0.6304347826086956 
343   0.34400000000000025   0.6304347826086956 
344   0.34500000000000025   0.6304347826086956 
345   0.34600000000000025   0.6304347826086956 
346   0.34700000000000025   0.6304347826086956 
347   0.34800000000000025   0.6304347826086956 
348   0.34900000000000025   0.6304347826086956 
349   0.35000000000000026   0.6304347826086956 
350   0.35100000000000026   0.6304347826086956 
351   0.35200000000000026   0.6304347826086956 
352   0.35300000000000026   0.6304347826086956 
353   0.35400000000000026   0.6304347826086956 
354   0.35500000000000026   0.6304347826086956 
355   0.35600000000000026   0.6304347826086956 
356   0.35700000000000026   0.6304347826086956 
357   0.35800000000000026   0.6304347826086956 
358   0.35900000000000026   0.6304347826086956 
359   0.36000000000000026   0.6304347826086956 
360   0.36100000000000027   0.6304347826086956 
361   0.36200000000000027   0.6304347826086956 
362   0.36300000000000027   0.6304347826086956 
363   0.36400000000000027   0.6304347826086956 
364   0.36500000000000027   0.6304347826086956 
365   0.36600000000000027   0.6304347826086956 
366   0.36700000000000027   0.6304347826086956 
367   0.36800000000000027   0.6304347826086956 
368   0.36900000000000027   0.6304347826086956 
369   0.3700000000000003   0.6304347826086956 
370   0.3710000000000003   0.6304347826086956 
371   0.3720000000000003   0.6304347826086956 
372   0.3730000000000003   0.6304347826086956 
373   0.3740000000000003   0.6304347826086956 
374   0.3750000000000003   0.6304347826086956 
375   0.3760000000000003   0.6304347826086956 
376   0.3770000000000003   0.6304347826086956 
377   0.3780000000000003   0.6304347826086956 
378   0.3790000000000003   0.6304347826086956 
379   0.3800000000000003   0.6304347826086956 
380   0.3810000000000003   0.6304347826086956 
381   0.3820000000000003   0.6304347826086956 
382   0.3830000000000003   0.6304347826086956 
383   0.3840000000000003   0.6304347826086956 
384   0.3850000000000003   0.6304347826086956 
385   0.3860000000000003   0.6304347826086956 
386   0.3870000000000003   0.6304347826086956 
387   0.3880000000000003   0.6304347826086956 
388   0.3890000000000003   0.6304347826086956 
389   0.3900000000000003   0.6304347826086956 
390   0.3910000000000003   0.6304347826086956 
391   0.3920000000000003   0.6304347826086956 
392   0.3930000000000003   0.6304347826086956 
393   0.3940000000000003   0.6304347826086956 
394   0.3950000000000003   0.6304347826086956 
395   0.3960000000000003   0.6304347826086956 
396   0.3970000000000003   0.6304347826086956 
397   0.3980000000000003   0.6304347826086956 
398   0.3990000000000003   0.6304347826086956 
399   0.4000000000000003   0.6304347826086956 
400   0.4010000000000003   0.6304347826086956 
401   0.4020000000000003   0.6304347826086956 
402   0.4030000000000003   0.6304347826086956 
403   0.4040000000000003   0.6304347826086956 
404   0.4050000000000003   0.6304347826086956 
405   0.4060000000000003   0.6304347826086956 
406   0.4070000000000003   0.6304347826086956 
407   0.4080000000000003   0.6304347826086956 
408   0.4090000000000003   0.6304347826086956 
409   0.4100000000000003   0.6304347826086956 
410   0.4110000000000003   0.6304347826086956 
411   0.4120000000000003   0.6304347826086956 
412   0.4130000000000003   0.6304347826086956 
413   0.4140000000000003   0.6304347826086956 
414   0.4150000000000003   0.6304347826086956 
415   0.4160000000000003   0.6304347826086956 
416   0.4170000000000003   0.6304347826086956 
417   0.4180000000000003   0.6304347826086956 
418   0.4190000000000003   0.6304347826086956 
419   0.4200000000000003   0.6304347826086956 
420   0.4210000000000003   0.6304347826086956 
421   0.4220000000000003   0.6304347826086956 
422   0.4230000000000003   0.6304347826086956 
423   0.4240000000000003   0.6304347826086956 
424   0.4250000000000003   0.6304347826086956 
425   0.4260000000000003   0.6304347826086956 
426   0.4270000000000003   0.6304347826086956 
427   0.4280000000000003   0.6304347826086956 
428   0.4290000000000003   0.6304347826086956 
429   0.4300000000000003   0.6304347826086956 
430   0.4310000000000003   0.6304347826086956 
431   0.43200000000000033   0.6304347826086956 
432   0.43300000000000033   0.6304347826086956 
433   0.43400000000000033   0.6304347826086956 
434   0.43500000000000033   0.6304347826086956 
435   0.43600000000000033   0.6304347826086956 
436   0.43700000000000033   0.6304347826086956 
437   0.43800000000000033   0.6304347826086956 
438   0.43900000000000033   0.6304347826086956 
439   0.44000000000000034   0.6304347826086956 
440   0.44100000000000034   0.6304347826086956 
441   0.44200000000000034   0.6304347826086956 
442   0.44300000000000034   0.6304347826086956 
443   0.44400000000000034   0.6304347826086956 
444   0.44500000000000034   0.6304347826086956 
445   0.44600000000000034   0.6304347826086956 
446   0.44700000000000034   0.6304347826086956 
447   0.44800000000000034   0.6304347826086956 
448   0.44900000000000034   0.6304347826086956 
449   0.45000000000000034   0.6304347826086956 
450   0.45100000000000035   0.6304347826086956 
451   0.45200000000000035   0.6304347826086956 
452   0.45300000000000035   0.6304347826086956 
453   0.45400000000000035   0.6304347826086956 
454   0.45500000000000035   0.6304347826086956 
455   0.45600000000000035   0.6304347826086956 
456   0.45700000000000035   0.6304347826086956 
457   0.45800000000000035   0.6304347826086956 
458   0.45900000000000035   0.6304347826086956 
459   0.46000000000000035   0.6304347826086956 
460   0.46100000000000035   0.6304347826086956 
461   0.46200000000000035   0.6304347826086956 
462   0.46300000000000036   0.6304347826086956 
463   0.46400000000000036   0.6304347826086956 
464   0.46500000000000036   0.6304347826086956 
465   0.46600000000000036   0.6304347826086956 
466   0.46700000000000036   0.6304347826086956 
467   0.46800000000000036   0.6304347826086956 
468   0.46900000000000036   0.6304347826086956 
469   0.47000000000000036   0.6304347826086956 
470   0.47100000000000036   0.6304347826086956 
471   0.47200000000000036   0.6304347826086956 
472   0.47300000000000036   0.6304347826086956 
473   0.47400000000000037   0.6304347826086956 
474   0.47500000000000037   0.6304347826086956 
475   0.47600000000000037   0.6304347826086956 
476   0.47700000000000037   0.6304347826086956 
477   0.47800000000000037   0.6304347826086956 
478   0.47900000000000037   0.6304347826086956 
479   0.48000000000000037   0.6304347826086956 
480   0.48100000000000037   0.6304347826086956 
481   0.4820000000000004   0.6304347826086956 
482   0.4830000000000004   0.6304347826086956 
483   0.4840000000000004   0.6304347826086956 
484   0.4850000000000004   0.6304347826086956 
485   0.4860000000000004   0.6304347826086956 
486   0.4870000000000004   0.6304347826086956 
487   0.4880000000000004   0.6304347826086956 
488   0.4890000000000004   0.6304347826086956 
489   0.4900000000000004   0.6304347826086956 
490   0.4910000000000004   0.6304347826086956 
491   0.4920000000000004   0.6304347826086956 
492   0.4930000000000004   0.6304347826086956 
493   0.4940000000000004   0.6304347826086956 
494   0.4950000000000004   0.6304347826086956 
495   0.4960000000000004   0.6304347826086956 
496   0.4970000000000004   0.6304347826086956 
497   0.4980000000000004   0.6304347826086956 
498   0.4990000000000004   0.6304347826086956 
499   0.5000000000000003   0.6304347826086956 
500   0.5010000000000003   0.6304347826086956 
501   0.5020000000000003   0.6304347826086956 
502   0.5030000000000003   0.6304347826086956 
503   0.5040000000000003   0.6304347826086956 
504   0.5050000000000003   0.6304347826086956 
505   0.5060000000000003   0.6304347826086956 
506   0.5070000000000003   0.6304347826086956 
507   0.5080000000000003   0.6304347826086956 
508   0.5090000000000003   0.6304347826086956 
509   0.5100000000000003   0.6304347826086956 
510   0.5110000000000003   0.6304347826086956 
511   0.5120000000000003   0.6304347826086956 
512   0.5130000000000003   0.6304347826086956 
513   0.5140000000000003   0.6304347826086956 
514   0.5150000000000003   0.6304347826086956 
515   0.5160000000000003   0.6304347826086956 
516   0.5170000000000003   0.6304347826086956 
517   0.5180000000000003   0.6304347826086956 
518   0.5190000000000003   0.6304347826086956 
519   0.5200000000000004   0.6304347826086956 
520   0.5210000000000004   0.6304347826086956 
521   0.5220000000000004   0.6304347826086956 
522   0.5230000000000004   0.6304347826086956 
523   0.5240000000000004   0.6304347826086956 
524   0.5250000000000004   0.6304347826086956 
525   0.5260000000000004   0.6304347826086956 
526   0.5270000000000004   0.6304347826086956 
527   0.5280000000000004   0.6304347826086956 
528   0.5290000000000004   0.6304347826086956 
529   0.5300000000000004   0.6304347826086956 
530   0.5310000000000004   0.6304347826086956 
531   0.5320000000000004   0.6304347826086956 
532   0.5330000000000004   0.6304347826086956 
533   0.5340000000000004   0.6304347826086956 
534   0.5350000000000004   0.6304347826086956 
535   0.5360000000000004   0.6304347826086956 
536   0.5370000000000004   0.6304347826086956 
537   0.5380000000000004   0.6304347826086956 
538   0.5390000000000004   0.6304347826086956 
539   0.5400000000000004   0.6304347826086956 
540   0.5410000000000004   0.6304347826086956 
541   0.5420000000000004   0.6304347826086956 
542   0.5430000000000004   0.6304347826086956 
543   0.5440000000000004   0.6304347826086956 
544   0.5450000000000004   0.6304347826086956 
545   0.5460000000000004   0.6304347826086956 
546   0.5470000000000004   0.6304347826086956 
547   0.5480000000000004   0.6304347826086956 
548   0.5490000000000004   0.6304347826086956 
549   0.5500000000000004   0.6304347826086956 
550   0.5510000000000004   0.6304347826086956 
551   0.5520000000000004   0.6304347826086956 
552   0.5530000000000004   0.6304347826086956 
553   0.5540000000000004   0.6304347826086956 
554   0.5550000000000004   0.6304347826086956 
555   0.5560000000000004   0.6304347826086956 
556   0.5570000000000004   0.6304347826086956 
557   0.5580000000000004   0.6304347826086956 
558   0.5590000000000004   0.6304347826086956 
559   0.5600000000000004   0.6304347826086956 
560   0.5610000000000004   0.6304347826086956 
561   0.5620000000000004   0.6304347826086956 
562   0.5630000000000004   0.6304347826086956 
563   0.5640000000000004   0.6304347826086956 
564   0.5650000000000004   0.6304347826086956 
565   0.5660000000000004   0.6304347826086956 
566   0.5670000000000004   0.6304347826086956 
567   0.5680000000000004   0.6304347826086956 
568   0.5690000000000004   0.6304347826086956 
569   0.5700000000000004   0.6304347826086956 
570   0.5710000000000004   0.6304347826086956 
571   0.5720000000000004   0.6304347826086956 
572   0.5730000000000004   0.6304347826086956 
573   0.5740000000000004   0.6304347826086956 
574   0.5750000000000004   0.6304347826086956 
575   0.5760000000000004   0.6304347826086956 
576   0.5770000000000004   0.6304347826086956 
577   0.5780000000000004   0.6304347826086956 
578   0.5790000000000004   0.6304347826086956 
579   0.5800000000000004   0.6304347826086956 
580   0.5810000000000004   0.6304347826086956 
581   0.5820000000000004   0.6304347826086956 
582   0.5830000000000004   0.6304347826086956 
583   0.5840000000000004   0.6304347826086956 
584   0.5850000000000004   0.6304347826086956 
585   0.5860000000000004   0.6304347826086956 
586   0.5870000000000004   0.6304347826086956 
587   0.5880000000000004   0.6304347826086956 
588   0.5890000000000004   0.6304347826086956 
589   0.5900000000000004   0.6304347826086956 
590   0.5910000000000004   0.6304347826086956 
591   0.5920000000000004   0.6304347826086956 
592   0.5930000000000004   0.6304347826086956 
593   0.5940000000000004   0.6304347826086956 
594   0.5950000000000004   0.6304347826086956 
595   0.5960000000000004   0.6304347826086956 
596   0.5970000000000004   0.6304347826086956 
597   0.5980000000000004   0.6304347826086956 
598   0.5990000000000004   0.6304347826086956 
599   0.6000000000000004   0.6304347826086956 
600   0.6010000000000004   0.6304347826086956 
601   0.6020000000000004   0.6304347826086956 
602   0.6030000000000004   0.6304347826086956 
603   0.6040000000000004   0.6304347826086956 
604   0.6050000000000004   0.6304347826086956 
605   0.6060000000000004   0.6304347826086956 
606   0.6070000000000004   0.6304347826086956 
607   0.6080000000000004   0.6304347826086956 
608   0.6090000000000004   0.6304347826086956 
609   0.6100000000000004   0.6304347826086956 
610   0.6110000000000004   0.6304347826086956 
611   0.6120000000000004   0.6304347826086956 
612   0.6130000000000004   0.6304347826086956 
613   0.6140000000000004   0.6304347826086956 
614   0.6150000000000004   0.6304347826086956 
615   0.6160000000000004   0.6304347826086956 
616   0.6170000000000004   0.6304347826086956 
617   0.6180000000000004   0.6304347826086956 
618   0.6190000000000004   0.6304347826086956 
619   0.6200000000000004   0.6304347826086956 
620   0.6210000000000004   0.6304347826086956 
621   0.6220000000000004   0.6304347826086956 
622   0.6230000000000004   0.6304347826086956 
623   0.6240000000000004   0.6304347826086956 
624   0.6250000000000004   0.6304347826086956 
625   0.6260000000000004   0.6304347826086956 
626   0.6270000000000004   0.6304347826086956 
627   0.6280000000000004   0.6304347826086956 
628   0.6290000000000004   0.6304347826086956 
629   0.6300000000000004   0.6304347826086956 
630   0.6310000000000004   0.6304347826086956 
631   0.6320000000000005   0.6304347826086956 
632   0.6330000000000005   0.6304347826086956 
633   0.6340000000000005   0.6304347826086956 
634   0.6350000000000005   0.6304347826086956 
635   0.6360000000000005   0.6304347826086956 
636   0.6370000000000005   0.6304347826086956 
637   0.6380000000000005   0.6304347826086956 
638   0.6390000000000005   0.6304347826086956 
639   0.6400000000000005   0.6304347826086956 
640   0.6410000000000005   0.6304347826086956 
641   0.6420000000000005   0.6304347826086956 
642   0.6430000000000005   0.6304347826086956 
643   0.6440000000000005   0.6304347826086956 
644   0.6450000000000005   0.6304347826086956 
645   0.6460000000000005   0.6304347826086956 
646   0.6470000000000005   0.6304347826086956 
647   0.6480000000000005   0.6304347826086956 
648   0.6490000000000005   0.6304347826086956 
649   0.6500000000000005   0.6304347826086956 
650   0.6510000000000005   0.6304347826086956 
651   0.6520000000000005   0.6304347826086956 
652   0.6530000000000005   0.6304347826086956 
653   0.6540000000000005   0.6304347826086956 
654   0.6550000000000005   0.6304347826086956 
655   0.6560000000000005   0.6304347826086956 
656   0.6570000000000005   0.6304347826086956 
657   0.6580000000000005   0.6304347826086956 
658   0.6590000000000005   0.6304347826086956 
659   0.6600000000000005   0.6304347826086956 
660   0.6610000000000005   0.6304347826086956 
661   0.6620000000000005   0.6304347826086956 
662   0.6630000000000005   0.6304347826086956 
663   0.6640000000000005   0.6304347826086956 
664   0.6650000000000005   0.6304347826086956 
665   0.6660000000000005   0.6304347826086956 
666   0.6670000000000005   0.6304347826086956 
667   0.6680000000000005   0.6304347826086956 
668   0.6690000000000005   0.6304347826086956 
669   0.6700000000000005   0.6304347826086956 
670   0.6710000000000005   0.6304347826086956 
671   0.6720000000000005   0.6304347826086956 
672   0.6730000000000005   0.6304347826086956 
673   0.6740000000000005   0.6304347826086956 
674   0.6750000000000005   0.6304347826086956 
675   0.6760000000000005   0.6304347826086956 
676   0.6770000000000005   0.6304347826086956 
677   0.6780000000000005   0.6304347826086956 
678   0.6790000000000005   0.6304347826086956 
679   0.6800000000000005   0.6304347826086956 
680   0.6810000000000005   0.6304347826086956 
681   0.6820000000000005   0.6304347826086956 
682   0.6830000000000005   0.6304347826086956 
683   0.6840000000000005   0.6304347826086956 
684   0.6850000000000005   0.6304347826086956 
685   0.6860000000000005   0.6304347826086956 
686   0.6870000000000005   0.6304347826086956 
687   0.6880000000000005   0.6304347826086956 
688   0.6890000000000005   0.6304347826086956 
689   0.6900000000000005   0.6304347826086956 
690   0.6910000000000005   0.6304347826086956 
691   0.6920000000000005   0.6304347826086956 
692   0.6930000000000005   0.6304347826086956 
693   0.6940000000000005   0.6304347826086956 
694   0.6950000000000005   0.6304347826086956 
695   0.6960000000000005   0.6304347826086956 
696   0.6970000000000005   0.6304347826086956 
697   0.6980000000000005   0.6304347826086956 
698   0.6990000000000005   0.6304347826086956 
699   0.7000000000000005   0.6304347826086956 
700   0.7010000000000005   0.6304347826086956 
701   0.7020000000000005   0.6304347826086956 
702   0.7030000000000005   0.6304347826086956 
703   0.7040000000000005   0.6304347826086956 
704   0.7050000000000005   0.6304347826086956 
705   0.7060000000000005   0.6304347826086956 
706   0.7070000000000005   0.6304347826086956 
707   0.7080000000000005   0.6304347826086956 
708   0.7090000000000005   0.6304347826086956 
709   0.7100000000000005   0.6304347826086956 
710   0.7110000000000005   0.6304347826086956 
711   0.7120000000000005   0.6304347826086956 
712   0.7130000000000005   0.6304347826086956 
713   0.7140000000000005   0.6304347826086956 
714   0.7150000000000005   0.6304347826086956 
715   0.7160000000000005   0.6304347826086956 
716   0.7170000000000005   0.6304347826086956 
717   0.7180000000000005   0.6304347826086956 
718   0.7190000000000005   0.6304347826086956 
719   0.7200000000000005   0.6304347826086956 
720   0.7210000000000005   0.6304347826086956 
721   0.7220000000000005   0.6304347826086956 
722   0.7230000000000005   0.6304347826086956 
723   0.7240000000000005   0.6304347826086956 
724   0.7250000000000005   0.6304347826086956 
725   0.7250000000000005   0.6521739130434782 
726   0.7270000000000005   0.6521739130434782 
727   0.7280000000000005   0.6521739130434782 
728   0.7290000000000005   0.6521739130434782 
729   0.7300000000000005   0.6521739130434782 
730   0.7310000000000005   0.6521739130434782 
731   0.7320000000000005   0.6521739130434782 
732   0.7330000000000005   0.6521739130434782 
733   0.7340000000000005   0.6521739130434782 
734   0.7340000000000005   0.6739130434782608 
735   0.7350000000000005   0.7608695652173911 
736   0.7370000000000005   0.7608695652173911 
737   0.7370000000000005   0.7826086956521737 
738   0.7390000000000005   0.7826086956521737 
739   0.7400000000000005   0.7826086956521737 
740   0.7410000000000005   0.7826086956521737 
741   0.7420000000000005   0.7826086956521737 
742   0.7430000000000005   0.7826086956521737 
743   0.7440000000000005   0.7826086956521737 
744   0.7450000000000006   0.7826086956521737 
745   0.7460000000000006   0.7826086956521737 
746   0.7470000000000006   0.7826086956521737 
747   0.7480000000000006   0.7826086956521737 
748   0.7490000000000006   0.7826086956521737 
749   0.7500000000000006   0.7826086956521737 
750   0.7510000000000006   0.7826086956521737 
751   0.7520000000000006   0.7826086956521737 
752   0.7530000000000006   0.7826086956521737 
753   0.7540000000000006   0.7826086956521737 
754   0.7550000000000006   0.7826086956521737 
755   0.7560000000000006   0.7826086956521737 
756   0.7570000000000006   0.7826086956521737 
757   0.7580000000000006   0.7826086956521737 
758   0.7590000000000006   0.7826086956521737 
759   0.7600000000000006   0.7826086956521737 
760   0.7610000000000006   0.7826086956521737 
761   0.7620000000000006   0.7826086956521737 
762   0.7630000000000006   0.7826086956521737 
763   0.7640000000000006   0.7826086956521737 
764   0.7650000000000006   0.7826086956521737 
765   0.7660000000000006   0.7826086956521737 
766   0.7670000000000006   0.7826086956521737 
767   0.7680000000000006   0.7826086956521737 
768   0.7690000000000006   0.7826086956521737 
769   0.7700000000000006   0.7826086956521737 
770   0.7710000000000006   0.7826086956521737 
771   0.7720000000000006   0.7826086956521737 
772   0.7730000000000006   0.7826086956521737 
773   0.7740000000000006   0.7826086956521737 
774   0.7750000000000006   0.7826086956521737 
775   0.7760000000000006   0.7826086956521737 
776   0.7770000000000006   0.7826086956521737 
777   0.7780000000000006   0.7826086956521737 
778   0.7790000000000006   0.7826086956521737 
779   0.7800000000000006   0.7826086956521737 
780   0.7810000000000006   0.7826086956521737 
781   0.7820000000000006   0.7826086956521737 
782   0.7830000000000006   0.7826086956521737 
783   0.7840000000000006   0.7826086956521737 
784   0.7850000000000006   0.7826086956521737 
785   0.7860000000000006   0.7826086956521737 
786   0.7870000000000006   0.7826086956521737 
787   0.7870000000000006   0.8043478260869563 
788   0.7890000000000006   0.8043478260869563 
789   0.7900000000000006   0.8043478260869563 
790   0.7910000000000006   0.8043478260869563 
791   0.7920000000000006   0.8043478260869563 
792   0.7930000000000006   0.8043478260869563 
793   0.7940000000000006   0.8043478260869563 
794   0.7950000000000006   0.8043478260869563 
795   0.7960000000000006   0.8043478260869563 
796   0.7970000000000006   0.8043478260869563 
797   0.7980000000000006   0.8043478260869563 
798   0.7990000000000006   0.8043478260869563 
799   0.8000000000000006   0.8043478260869563 
800   0.8010000000000006   0.8043478260869563 
801   0.8020000000000006   0.8043478260869563 
802   0.8020000000000006   0.8260869565217389 
803   0.8040000000000006   0.8260869565217389 
804   0.8050000000000006   0.8260869565217389 
805   0.8050000000000006   0.8478260869565215 
806   0.8070000000000006   0.8478260869565215 
807   0.8080000000000006   0.8478260869565215 
808   0.8090000000000006   0.8478260869565215 
809   0.8100000000000006   0.8478260869565215 
810   0.8110000000000006   0.8478260869565215 
811   0.8120000000000006   0.8478260869565215 
812   0.8130000000000006   0.8478260869565215 
813   0.8140000000000006   0.8478260869565215 
814   0.8150000000000006   0.8478260869565215 
815   0.8160000000000006   0.8478260869565215 
816   0.8170000000000006   0.8478260869565215 
817   0.8180000000000006   0.8478260869565215 
818   0.8190000000000006   0.8478260869565215 
819   0.8200000000000006   0.8478260869565215 
820   0.8210000000000006   0.8478260869565215 
821   0.8210000000000006   0.8695652173913041 
822   0.8230000000000006   0.8695652173913041 
823   0.8240000000000006   0.8695652173913041 
824   0.8250000000000006   0.8695652173913041 
825   0.8260000000000006   0.8695652173913041 
826   0.8260000000000006   0.8913043478260867 
827   0.8280000000000006   0.8913043478260867 
828   0.8290000000000006   0.8913043478260867 
829   0.8300000000000006   0.8913043478260867 
830   0.8310000000000006   0.8913043478260867 
831   0.8310000000000006   0.9565217391304345 
832   0.8330000000000006   0.9565217391304345 
833   0.8330000000000006   0.9782608695652171 
834   0.8350000000000006   0.9782608695652171 
835   0.8360000000000006   0.9782608695652171 
836   0.8370000000000006   0.9782608695652171 
837   0.8380000000000006   0.9782608695652171 
838   0.8390000000000006   0.9782608695652171 
839   0.8400000000000006   0.9782608695652171 
840   0.8410000000000006   0.9782608695652171 
841   0.8420000000000006   0.9782608695652171 
842   0.8430000000000006   0.9782608695652171 
843   0.8440000000000006   0.9782608695652171 
844   0.8450000000000006   0.9782608695652171 
845   0.8460000000000006   0.9782608695652171 
846   0.8470000000000006   0.9782608695652171 
847   0.8480000000000006   0.9782608695652171 
848   0.8490000000000006   0.9782608695652171 
849   0.8500000000000006   0.9782608695652171 
850   0.8510000000000006   0.9782608695652171 
851   0.8520000000000006   0.9782608695652171 
852   0.8530000000000006   0.9782608695652171 
853   0.8540000000000006   0.9782608695652171 
854   0.8550000000000006   0.9782608695652171 
855   0.8560000000000006   0.9782608695652171 
856   0.8570000000000007   0.9782608695652171 
857   0.8580000000000007   0.9782608695652171 
858   0.8580000000000007   0.9999999999999997 
859   0.8600000000000007   0.9999999999999997 
860   0.8610000000000007   0.9999999999999997 
861   0.8620000000000007   0.9999999999999997 
862   0.8630000000000007   0.9999999999999997 
863   0.8640000000000007   0.9999999999999997 
864   0.8650000000000007   0.9999999999999997 
865   0.8660000000000007   0.9999999999999997 
866   0.8670000000000007   0.9999999999999997 
867   0.8680000000000007   0.9999999999999997 
868   0.8690000000000007   0.9999999999999997 
869   0.8700000000000007   0.9999999999999997 
870   0.8710000000000007   0.9999999999999997 
871   0.8720000000000007   0.9999999999999997 
872   0.8730000000000007   0.9999999999999997 
873   0.8740000000000007   0.9999999999999997 
874   0.8750000000000007   0.9999999999999997 
875   0.8760000000000007   0.9999999999999997 
876   0.8770000000000007   0.9999999999999997 
877   0.8780000000000007   0.9999999999999997 
878   0.8790000000000007   0.9999999999999997 
879   0.8800000000000007   0.9999999999999997 
880   0.8810000000000007   0.9999999999999997 
881   0.8820000000000007   0.9999999999999997 
882   0.8830000000000007   0.9999999999999997 
883   0.8840000000000007   0.9999999999999997 
884   0.8850000000000007   0.9999999999999997 
885   0.8860000000000007   0.9999999999999997 
886   0.8870000000000007   0.9999999999999997 
887   0.8880000000000007   0.9999999999999997 
888   0.8890000000000007   0.9999999999999997 
889   0.8900000000000007   0.9999999999999997 
890   0.8910000000000007   0.9999999999999997 
891   0.8920000000000007   0.9999999999999997 
892   0.8930000000000007   0.9999999999999997 
893   0.8940000000000007   0.9999999999999997 
894   0.8950000000000007   0.9999999999999997 
895   0.8960000000000007   0.9999999999999997 
896   0.8970000000000007   0.9999999999999997 
897   0.8980000000000007   0.9999999999999997 
898   0.8990000000000007   0.9999999999999997 
899   0.9000000000000007   0.9999999999999997 
900   0.9010000000000007   0.9999999999999997 
901   0.9020000000000007   0.9999999999999997 
902   0.9030000000000007   0.9999999999999997 
903   0.9040000000000007   0.9999999999999997 
904   0.9050000000000007   0.9999999999999997 
905   0.9060000000000007   0.9999999999999997 
906   0.9070000000000007   0.9999999999999997 
907   0.9080000000000007   0.9999999999999997 
908   0.9090000000000007   0.9999999999999997 
909   0.9100000000000007   0.9999999999999997 
910   0.9110000000000007   0.9999999999999997 
911   0.9120000000000007   0.9999999999999997 
912   0.9130000000000007   0.9999999999999997 
913   0.9140000000000007   0.9999999999999997 
914   0.9150000000000007   0.9999999999999997 
915   0.9160000000000007   0.9999999999999997 
916   0.9170000000000007   0.9999999999999997 
917   0.9180000000000007   0.9999999999999997 
918   0.9190000000000007   0.9999999999999997 
919   0.9200000000000007   0.9999999999999997 
920   0.9210000000000007   0.9999999999999997 
921   0.9220000000000007   0.9999999999999997 
922   0.9230000000000007   0.9999999999999997 
923   0.9240000000000007   0.9999999999999997 
924   0.9250000000000007   0.9999999999999997 
925   0.9260000000000007   0.9999999999999997 
926   0.9270000000000007   0.9999999999999997 
927   0.9280000000000007   0.9999999999999997 
928   0.9290000000000007   0.9999999999999997 
929   0.9300000000000007   0.9999999999999997 
930   0.9310000000000007   0.9999999999999997 
931   0.9320000000000007   0.9999999999999997 
932   0.9330000000000007   0.9999999999999997 
933   0.9340000000000007   0.9999999999999997 
934   0.9350000000000007   0.9999999999999997 
935   0.9360000000000007   0.9999999999999997 
936   0.9370000000000007   0.9999999999999997 
937   0.9380000000000007   0.9999999999999997 
938   0.9390000000000007   0.9999999999999997 
939   0.9400000000000007   0.9999999999999997 
940   0.9410000000000007   0.9999999999999997 
941   0.9420000000000007   0.9999999999999997 
942   0.9430000000000007   0.9999999999999997 
943   0.9440000000000007   0.9999999999999997 
944   0.9450000000000007   0.9999999999999997 
945   0.9460000000000007   0.9999999999999997 
946   0.9470000000000007   0.9999999999999997 
947   0.9480000000000007   0.9999999999999997 
948   0.9490000000000007   0.9999999999999997 
949   0.9500000000000007   0.9999999999999997 
950   0.9510000000000007   0.9999999999999997 
951   0.9520000000000007   0.9999999999999997 
952   0.9530000000000007   0.9999999999999997 
953   0.9540000000000007   0.9999999999999997 
954   0.9550000000000007   0.9999999999999997 
955   0.9560000000000007   0.9999999999999997 
956   0.9570000000000007   0.9999999999999997 
957   0.9580000000000007   0.9999999999999997 
958   0.9590000000000007   0.9999999999999997 
959   0.9600000000000007   0.9999999999999997 
960   0.9610000000000007   0.9999999999999997 
961   0.9620000000000007   0.9999999999999997 
962   0.9630000000000007   0.9999999999999997 
963   0.9640000000000007   0.9999999999999997 
964   0.9650000000000007   0.9999999999999997 
965   0.9660000000000007   0.9999999999999997 
966   0.9670000000000007   0.9999999999999997 
967   0.9680000000000007   0.9999999999999997 
968   0.9690000000000007   0.9999999999999997 
969   0.9700000000000008   0.9999999999999997 
970   0.9710000000000008   0.9999999999999997 
971   0.9720000000000008   0.9999999999999997 
972   0.9730000000000008   0.9999999999999997 
973   0.9740000000000008   0.9999999999999997 
974   0.9750000000000008   0.9999999999999997 
975   0.9760000000000008   0.9999999999999997 
976   0.9770000000000008   0.9999999999999997 
977   0.9780000000000008   0.9999999999999997 
978   0.9790000000000008   0.9999999999999997 
979   0.9800000000000008   0.9999999999999997 
980   0.9810000000000008   0.9999999999999997 
981   0.9820000000000008   0.9999999999999997 
982   0.9830000000000008   0.9999999999999997 
983   0.9840000000000008   0.9999999999999997 
984   0.9850000000000008   0.9999999999999997 
985   0.9860000000000008   0.9999999999999997 
986   0.9870000000000008   0.9999999999999997 
987   0.9880000000000008   0.9999999999999997 
988   0.9890000000000008   0.9999999999999997 
989   0.9900000000000008   0.9999999999999997 
990   0.9910000000000008   0.9999999999999997 
991   0.9920000000000008   0.9999999999999997 
992   0.9930000000000008   0.9999999999999997 
993   0.9940000000000008   0.9999999999999997 
994   0.9950000000000008   0.9999999999999997 
995   0.9960000000000008   0.9999999999999997 
996   0.9970000000000008   0.9999999999999997 
997   0.9980000000000008   0.9999999999999997 
998   0.9990000000000008   0.9999999999999997 
999   1.0000000000000007   0.9999999999999997 
